Generation	PopulationID	SampleSize	UniqueMutations	PopulationSize	totalLoad	RelzLoad	RelzLoadHomo	RelzLoadHetero	MskLoad	MeanFitness	SdFitness	MeanFitnessCached	SdFitnessCached	Heterozygosity	
10001	1	100	60	500	0.0454537	0.0317884	0.00443169	0.0273567	0.0136653	0.965842	0.0290727	1.02274	0.0280677	2.85179e-05
10002	1	100	41	500	0.0437539	0.0310909	0.00342591	0.027665	0.012663	0.969651	0.0269616	1.02402	0.0274709	2.63495e-05
10003	1	100	35	500	0.0367977	0.0277128	0.00252689	0.0251859	0.00908484	0.972875	0.0241744	1.02243	0.0233233	2.66466e-05
10004	1	100	35	500	0.0355618	0.0278567	0.00341808	0.0244387	0.00770509	0.972593	0.0221256	1.0234	0.0228862	2.84419e-05
10005	1	100	35	500	0.0417636	0.0325653	0.00510792	0.0274574	0.00919828	0.967949	0.0187473	1.02701	0.0186333	2.98347e-05
10006	1	100	28	500	0.0395281	0.0309308	0.00496414	0.0259667	0.00859726	0.969019	0.018555	1.0251	0.0223495	2.9415e-05
10007	1	100	27	500	0.038429	0.0315795	0.00597997	0.0255995	0.0068495	0.968977	0.0178981	1.02696	0.0179952	3.01142e-05
10008	1	100	26	500	0.0429936	0.0347222	0.00604831	0.0286739	0.00827142	0.965742	0.0202417	1.02928	0.0228392	3.02099e-05
10009	1	100	23	500	0.041274	0.0330979	0.00545126	0.0276466	0.00817615	0.96692	0.018523	1.02708	0.0228202	3.03726e-05
10010	1	100	22	500	0.0424025	0.034482	0.00516925	0.0293127	0.00792049	0.96621	0.0210245	1.0294	0.0225348	2.88872e-05
10011	1	100	25	500	0.0450524	0.0361257	0.0057231	0.0304027	0.00892661	0.964412	0.0227582	1.03059	0.024563	2.88975e-05
10012	1	100	23	500	0.0440525	0.0338999	0.00504112	0.0288588	0.0101526	0.966814	0.0180545	1.02773	0.0204392	3.0037e-05
10013	1	100	24	500	0.0504278	0.0356934	0.00647277	0.0292206	0.0147343	0.965147	0.0201064	1.02575	0.0235743	3.12426e-05
10014	1	100	26	500	0.0554918	0.0359783	0.00625064	0.0297277	0.0195135	0.96548	0.0198823	1.02369	0.0217841	3.13264e-05
10015	1	100	23	500	0.0589444	0.038917	0.00748421	0.0314327	0.0200274	0.962234	0.0224715	1.0265	0.0231458	3.15455e-05
10016	1	100	21	500	0.0477893	0.0347632	0.00670136	0.0280618	0.013026	0.96578	0.0207011	1.02644	0.0200532	3.21655e-05
10017	1	100	29	500	0.0534194	0.0402399	0.00765645	0.0325835	0.0131795	0.960068	0.0210042	1.03103	0.0211271	3.28612e-05
10018	1	100	28	500	0.0765543	0.047823	0.00825357	0.0395694	0.0287313	0.953969	0.0313034	1.03124	0.028768	3.24728e-05
10019	1	100	28	500	0.064981	0.0486083	0.0104099	0.0381984	0.0163727	0.952494	0.0211064	1.03923	0.0217941	3.26705e-05
10020	1	100	28	500	0.0668569	0.0489674	0.0100633	0.0389042	0.0178895	0.951929	0.021962	1.0378	0.0202911	3.19816e-05
10021	1	100	25	500	0.067594	0.0504644	0.0107408	0.0397236	0.0171296	0.951029	0.024004	1.04008	0.020145	3.14028e-05
10022	1	100	26	500	0.0605987	0.0460235	0.00995936	0.0360642	0.0145752	0.955135	0.022064	1.03754	0.0198893	3.22219e-05
10023	1	100	26	500	0.0658319	0.0485103	0.0108046	0.0377057	0.0173216	0.95272	0.0253151	1.03849	0.022801	3.11983e-05
10024	1	100	27	500	0.0677675	0.0494832	0.011121	0.0383622	0.0182843	0.95215	0.0253331	1.03891	0.024141	3.02193e-05
10025	1	100	27	500	0.0691497	0.0530085	0.0133793	0.0396292	0.0161412	0.9476	0.0260043	1.04314	0.024137	3.02144e-05
10026	1	100	30	500	0.0900915	0.0552973	0.0124503	0.042847	0.0347942	0.946896	0.0312854	1.03552	0.0290554	2.9603e-05
10027	1	100	31	500	0.0980064	0.0569541	0.0118116	0.0451425	0.0410523	0.945452	0.03341	1.03438	0.034204	3.00877e-05
10028	1	100	30	500	0.0996528	0.0605491	0.017783	0.0427661	0.0391037	0.941872	0.0321612	1.0383	0.0301695	2.96609e-05
10029	1	100	29	500	0.100038	0.0587834	0.0151866	0.0435968	0.041255	0.942865	0.0300437	1.03474	0.0340629	3.04041e-05
10030	1	100	26	500	0.105334	0.0618831	0.0153706	0.0465126	0.0434507	0.940619	0.0300239	1.03718	0.0279076	3.16139e-05
10031	1	100	25	500	0.111431	0.0619728	0.014993	0.0469799	0.0494579	0.940652	0.0313308	1.03321	0.0333654	3.26688e-05
10032	1	100	26	500	0.105721	0.0610177	0.014725	0.0462928	0.0447029	0.941524	0.0287546	1.03568	0.0349817	3.25765e-05
10033	1	100	28	500	0.0999849	0.0634889	0.0168978	0.0465911	0.036496	0.93909	0.0272693	1.04267	0.034105	3.34045e-05
10034	1	100	29	500	0.108088	0.0644561	0.0174873	0.0469687	0.043632	0.93829	0.0311873	1.03849	0.0322299	3.29339e-05
10035	1	100	28	500	0.138052	0.0740755	0.0220179	0.0520576	0.0639766	0.931378	0.0346922	1.03499	0.0384291	3.29963e-05
10036	1	100	24	500	0.14667	0.0747813	0.0213868	0.0533945	0.0718883	0.932185	0.0334245	1.03009	0.0457731	3.3066e-05
10037	1	100	24	500	0.154021	0.0763676	0.0230481	0.0533194	0.0776537	0.926775	0.0787778	1.02026	0.0926456	3.30321e-05
10038	1	100	22	500	0.180126	0.0919852	0.0358818	0.0561034	0.0881404	0.922774	0.0352926	1.02746	0.0538893	3.02268e-05
10039	1	100	21	500	0.187916	0.0948864	0.0380895	0.0567969	0.0930298	0.913786	0.0840459	1.0199	0.105782	2.99931e-05
10040	1	100	19	500	0.13365	0.0778985	0.0281923	0.0497062	0.055751	0.920934	0.0832663	1.03611	0.101251	3.07319e-05
10041	1	100	20	500	0.178237	0.0925677	0.0371365	0.0554312	0.0856697	0.920925	0.0275453	1.03091	0.0578423	3.05932e-05
10042	1	100	23	500	0.187044	0.0937889	0.0375057	0.0562832	0.0932554	0.920547	0.0307739	1.02695	0.0559657	2.95854e-05
10043	1	100	21	500	0.179489	0.0894639	0.0332465	0.0562174	0.0900255	0.923651	0.0291356	1.02651	0.0547447	3.02435e-05
10044	1	100	21	500	0.166002	0.0846693	0.029306	0.0553632	0.0813326	0.925837	0.0304913	1.02972	0.0509158	3.09741e-05
10045	1	100	21	500	0.182356	0.0904822	0.0342731	0.0562091	0.0918741	0.911903	0.102944	1.01552	0.125607	2.95212e-05
10046	1	100	20	500	0.136914	0.0749307	0.024877	0.0500537	0.0619834	0.931074	0.0272659	1.03666	0.0482143	3.04845e-05
10047	1	100	22	500	0.15325	0.0836525	0.0329055	0.050747	0.0695978	0.915301	0.0958398	1.02596	0.119899	3.04019e-05
10048	1	100	20	500	0.17049	0.0890601	0.036572	0.0524881	0.0814298	0.919133	0.0573557	1.02891	0.0817515	2.96889e-05
10049	1	100	23	500	0.220103	0.108493	0.0491326	0.0593602	0.11161	0.896276	0.12681	1.00252	0.151892	3.01258e-05
10050	1	100	22	500	0.206419	0.0998136	0.0414779	0.0583357	0.106605	0.904258	0.112367	1.00782	0.13723	3.08548e-05
10051	1	100	21	500	0.269293	0.126112	0.0604031	0.0657086	0.143181	0.902669	0.0891977	0.992646	0.114102	3.12914e-05
10052	1	100	23	500	0.281596	0.130451	0.0634095	0.0670412	0.151146	0.905164	0.0843844	0.984775	0.10323	3.23979e-05
10053	1	100	23	500	0.250516	0.113592	0.0491533	0.0644385	0.136925	0.905661	0.0969013	0.993915	0.116455	3.2164e-05
10054	1	100	23	500	0.24784	0.1119	0.0489306	0.0629697	0.13594	0.917452	0.036589	1.00151	0.060875	3.17149e-05
10055	1	100	23	500	0.245821	0.109772	0.0473813	0.0623909	0.136049	0.913048	0.0865405	0.99174	0.102477	3.2345e-05
10056	1	100	24	500	0.211296	0.0967508	0.038445	0.0583058	0.114545	0.922275	0.0326204	1.01243	0.0556574	3.19912e-05
10057	1	100	20	500	0.17552	0.0826706	0.0289724	0.0536982	0.0928491	0.928577	0.0324742	1.02093	0.0531807	3.23992e-05
10058	1	100	18	500	0.190966	0.0889393	0.0320532	0.0568861	0.102026	0.9248	0.0309557	1.01857	0.0502209	3.38175e-05
10059	1	100	24	500	0.173686	0.0827953	0.0271334	0.0556619	0.0908905	0.928175	0.0295326	1.02227	0.0523793	3.54374e-05
10060	1	100	26	500	0.172629	0.0823434	0.0261169	0.0562266	0.0902858	0.927863	0.0298105	1.02367	0.0500895	3.59802e-05
10061	1	100	26	500	0.160546	0.0797338	0.0241979	0.0555359	0.0808126	0.929136	0.0279136	1.02792	0.047095	3.68422e-05
10062	1	100	26	500	0.141397	0.0761084	0.023154	0.0529544	0.0652888	0.927702	0.0406218	1.03428	0.0525351	3.59875e-05
10063	1	100	29	500	0.134122	0.0779999	0.024186	0.0538139	0.0561224	0.926807	0.0314159	1.04485	0.0486523	3.60828e-05
10064	1	100	29	500	0.138833	0.0792	0.0238875	0.0553125	0.0596329	0.926004	0.0369356	1.04374	0.041925	3.67344e-05
10065	1	100	28	500	0.124247	0.0758166	0.0217618	0.0540548	0.0484299	0.928204	0.0342836	1.04794	0.0417736	3.75727e-05
10066	1	100	30	500	0.121762	0.0807743	0.0245882	0.0561861	0.0409882	0.923489	0.0377489	1.0576	0.0486111	3.74706e-05
10067	1	100	31	500	0.150501	0.0950659	0.0319345	0.0631314	0.0554353	0.90665	0.0551826	1.05821	0.0664819	3.61085e-05
10068	1	100	30	500	0.151585	0.102422	0.0357766	0.0666455	0.0491631	0.90335	0.0468831	1.07497	0.0538233	3.49479e-05
10069	1	100	24	500	0.168946	0.110225	0.0398269	0.0703986	0.0587208	0.892342	0.093667	1.06649	0.103435	3.54196e-05
10070	1	100	24	500	0.200874	0.119602	0.046257	0.0733449	0.081272	0.894192	0.0529065	1.0648	0.0446719	3.56262e-05
10071	1	100	20	500	0.216027	0.125179	0.0498303	0.0753483	0.090848	0.891355	0.0547069	1.06078	0.0450881	3.47862e-05
10072	1	100	21	500	0.225531	0.129637	0.0549939	0.0746429	0.0958942	0.888896	0.0522742	1.0599	0.0523024	3.34124e-05
10073	1	100	22	500	0.238411	0.132108	0.0573038	0.0748038	0.106304	0.882399	0.0921776	1.04623	0.102234	3.4172e-05
10074	1	100	24	500	0.281972	0.150961	0.0725609	0.0784	0.131011	0.857102	0.160199	1.00834	0.186685	3.3115e-05
10075	1	100	22	500	0.295261	0.165609	0.0786198	0.0869896	0.129652	0.868911	0.0882585	1.04341	0.0975684	3.22109e-05
10076	1	100	23	500	0.268708	0.146732	0.0702816	0.0764503	0.121976	0.868927	0.129881	1.02695	0.14612	3.12184e-05
10077	1	100	22	500	0.283779	0.159779	0.0795539	0.0802253	0.124	0.855755	0.151944	1.02125	0.172454	2.96205e-05
10078	1	100	22	500	0.27313	0.156352	0.0734245	0.0829277	0.116778	0.861592	0.129092	1.03827	0.146744	3.06013e-05
10079	1	100	20	500	0.247037	0.142862	0.0688768	0.0739849	0.104175	0.873644	0.124632	1.03936	0.130505	2.93176e-05
10080	1	100	20	500	0.212438	0.124853	0.0565089	0.0683444	0.0875843	0.887658	0.105533	1.04808	0.104561	2.98781e-05
10081	1	100	22	500	0.207361	0.123511	0.0568745	0.0666367	0.0838501	0.893902	0.0589341	1.06127	0.0383582	2.94788e-05
10082	1	100	25	500	0.19099	0.117766	0.0589006	0.0588659	0.0732234	0.885158	0.116791	1.05221	0.12543	2.71822e-05
10083	1	100	20	500	0.181459	0.110919	0.0623899	0.0485295	0.0705392	0.900887	0.0521771	1.06178	0.0253682	2.56666e-05
10084	1	100	16	500	0.190055	0.113991	0.0619223	0.0520687	0.0760643	0.895174	0.0883383	1.0525	0.0832427	2.70523e-05
10085	1	100	24	500	0.237254	0.135579	0.0711434	0.0644351	0.101676	0.887466	0.0580677	1.05596	0.0282316	2.78014e-05
10086	1	100	18	500	0.252153	0.142199	0.07281	0.0693886	0.109954	0.884309	0.0605987	1.05301	0.030202	2.82162e-05
10087	1	100	19	500	0.214419	0.121831	0.0623981	0.0594326	0.0925887	0.882026	0.125335	1.03652	0.134031	2.78857e-05
10088	1	100	20	500	0.23935	0.130756	0.0624777	0.0682779	0.108595	0.866924	0.168933	1.01135	0.184669	2.96577e-05
10089	1	100	21	500	0.310547	0.170639	0.0846698	0.0859691	0.139908	0.85905	0.141663	1.01654	0.148181	3.17017e-05
10090	1	100	21	500	0.251925	0.138267	0.0648133	0.0734537	0.113658	0.875835	0.132008	1.0259	0.138941	3.10775e-05
10091	1	100	23	500	0.267461	0.146135	0.0684414	0.0776941	0.121326	0.883815	0.0801334	1.04036	0.0635774	3.15294e-05
10092	1	100	26	500	0.323989	0.179399	0.0899563	0.089443	0.14459	0.854244	0.147879	1.01091	0.157157	3.24926e-05
10093	1	100	22	500	0.277364	0.154217	0.0744759	0.0797412	0.123147	0.869282	0.134151	1.02447	0.137479	3.12847e-05
10094	1	100	20	500	0.270777	0.147248	0.0669934	0.0802543	0.123529	0.882587	0.0950436	1.03287	0.0849048	3.21897e-05
10095	1	100	19	500	0.238568	0.126928	0.0516941	0.0752339	0.11164	0.892013	0.105201	1.02785	0.100145	3.33573e-05
10096	1	100	19	500	0.2233	0.122513	0.0516844	0.0708285	0.100787	0.89303	0.105363	1.03336	0.101222	3.27992e-05
10097	1	100	21	500	0.219848	0.121925	0.0537465	0.0681783	0.0979232	0.898274	0.0640379	1.0474	0.0315496	3.21398e-05
10098	1	100	18	500	0.194053	0.108886	0.0465402	0.0623458	0.0851674	0.898823	0.101118	1.03832	0.101288	3.23177e-05
10099	1	100	17	500	0.149641	0.0916931	0.0405186	0.0511745	0.0579476	0.915653	0.0515524	1.05511	0.0297081	3.12801e-05
10100	1	100	16	500	0.130269	0.0854721	0.0399851	0.0454871	0.0447965	0.919157	0.0444187	1.05864	0.0278661	3.05463e-05
10101	1	100	14	500	0.0933044	0.0702803	0.0375123	0.0327679	0.0230241	0.931256	0.0311806	1.05755	0.0294041	2.84258e-05
