Generation	PopulationID	SampleSize	UniqueMutations	PopulationSize	totalLoad	RelzLoad	RelzLoadHomo	RelzLoadHetero	MskLoad	MeanFitness	SdFitness	MeanFitnessCached	SdFitnessCached	Heterozygosity	
10001	1	100	60	500	0.274331	0.23877	0.100891	0.137879	0.0355615	0.779221	0.0542337	1.23341	0.0787715	3.93837e-05
10002	1	100	52	500	0.267329	0.235705	0.101708	0.133997	0.0316247	0.783165	0.0483439	1.23403	0.0665784	3.93069e-05
10003	1	100	47	500	0.26481	0.237438	0.105091	0.132347	0.0273718	0.781091	0.04723	1.23833	0.0667428	3.90406e-05
10004	1	100	34	500	0.260921	0.23101	0.100861	0.130148	0.029911	0.786006	0.0477026	1.22868	0.0638891	3.95143e-05
10005	1	100	39	500	0.259311	0.224346	0.0915335	0.132812	0.0349649	0.792932	0.0448024	1.21775	0.0586972	4.02452e-05
10006	1	100	33	500	0.271498	0.233009	0.10377	0.129239	0.0384884	0.786359	0.0471272	1.22503	0.0619618	3.9302e-05
10007	1	100	35	500	0.27845	0.243101	0.109751	0.13335	0.0353494	0.778162	0.0421024	1.23758	0.0550138	3.90725e-05
10008	1	100	32	500	0.270755	0.244926	0.111008	0.133918	0.025829	0.775884	0.0443678	1.24561	0.0557181	3.89904e-05
10009	1	100	29	500	0.271583	0.24308	0.108132	0.134948	0.0285026	0.778497	0.0467733	1.24033	0.0496877	4.06988e-05
10010	1	100	29	500	0.291801	0.255075	0.117612	0.137464	0.0367256	0.768515	0.0446115	1.24729	0.0555162	3.99894e-05
10011	1	100	33	500	0.292618	0.250418	0.114334	0.136084	0.0421998	0.770074	0.0579582	1.22872	0.0557521	4.05603e-05
10012	1	100	30	500	0.298989	0.255088	0.11916	0.135927	0.043901	0.769338	0.0540335	1.23716	0.0591722	4.03932e-05
10013	1	100	24	500	0.281858	0.24853	0.115263	0.133267	0.0333275	0.772809	0.0465327	1.24251	0.0604698	3.93498e-05
10014	1	100	26	500	0.270739	0.239685	0.103735	0.13595	0.0310542	0.78	0.044293	1.23631	0.0576936	4.12657e-05
10015	1	100	21	500	0.267323	0.234689	0.098969	0.13572	0.0326348	0.784204	0.0489703	1.22976	0.063932	4.08425e-05
10016	1	100	21	500	0.263355	0.234473	0.0988322	0.135641	0.0288811	0.784151	0.043786	1.2305	0.0579985	4.05344e-05
10017	1	100	20	500	0.287758	0.251387	0.114291	0.137096	0.0363711	0.772761	0.0497501	1.24356	0.0618343	3.98093e-05
10018	1	100	21	500	0.277274	0.242224	0.101556	0.140668	0.0350498	0.779803	0.0542082	1.23527	0.0716833	4.06891e-05
10019	1	100	21	500	0.287717	0.248955	0.107587	0.141367	0.0387624	0.773821	0.0463972	1.237	0.0621842	4.02323e-05
10020	1	100	22	500	0.285258	0.241168	0.101553	0.139616	0.0440898	0.780573	0.0580687	1.22048	0.0771236	4.09906e-05
10021	1	100	22	500	0.261265	0.222567	0.0853669	0.1372	0.0386978	0.79591	0.0482881	1.21018	0.0693033	4.17703e-05
10022	1	100	25	500	0.272884	0.231818	0.0941966	0.137622	0.041066	0.785986	0.0526755	1.21305	0.0817909	4.12035e-05
10023	1	100	25	500	0.298199	0.236381	0.0952496	0.141131	0.0618184	0.785395	0.0493823	1.2011	0.0804128	4.18555e-05
10024	1	100	22	500	0.30244	0.238866	0.0987971	0.140069	0.063574	0.785847	0.0406853	1.20369	0.0680814	4.09645e-05
10025	1	100	22	500	0.284173	0.225273	0.0876202	0.137653	0.0589001	0.796328	0.0453054	1.19084	0.0707316	4.22103e-05
10026	1	100	21	500	0.287049	0.230172	0.0967715	0.133401	0.056877	0.793111	0.0434122	1.19483	0.0642265	4.13191e-05
10027	1	100	23	500	0.301644	0.2414	0.107847	0.133553	0.0602443	0.786049	0.0428636	1.19192	0.0672857	4.04433e-05
10028	1	100	25	500	0.304836	0.239289	0.105776	0.133513	0.0655469	0.788167	0.0482697	1.18614	0.0763791	4.0976e-05
10029	1	100	21	500	0.299756	0.235605	0.10003	0.135575	0.0641508	0.788623	0.0472867	1.18443	0.0759383	4.19785e-05
10030	1	100	21	500	0.301155	0.238655	0.101689	0.136965	0.0625	0.790224	0.0352784	1.2	0.0583428	4.17006e-05
10031	1	100	22	500	0.31077	0.237393	0.0962338	0.141159	0.0733777	0.792916	0.0339146	1.18934	0.0660253	4.32671e-05
10032	1	100	23	500	0.288809	0.225601	0.0848904	0.140711	0.0632081	0.797048	0.0342403	1.19108	0.0590506	4.44353e-05
10033	1	100	21	500	0.284055	0.224153	0.082365	0.141788	0.0599025	0.797055	0.03412	1.19548	0.0602331	4.46731e-05
10034	1	100	23	500	0.273179	0.217856	0.0756119	0.142244	0.0553232	0.798238	0.0455221	1.18952	0.0734469	4.55117e-05
10035	1	100	26	500	0.263631	0.213938	0.0723196	0.141619	0.0496929	0.803468	0.0379535	1.19222	0.0542031	4.53014e-05
10036	1	100	23	500	0.287119	0.230061	0.083168	0.146893	0.0570586	0.791524	0.036882	1.20181	0.0501536	4.62012e-05
10037	1	100	23	500	0.286798	0.226789	0.0807013	0.146088	0.0600085	0.79261	0.0416211	1.19256	0.0568808	4.59591e-05
10038	1	100	23	500	0.299222	0.229399	0.0836662	0.145733	0.0698229	0.790637	0.0559133	1.18263	0.0624862	4.59898e-05
10039	1	100	24	500	0.274063	0.21631	0.0741938	0.142116	0.0577534	0.80216	0.0493105	1.18741	0.0542718	4.57318e-05
10040	1	100	22	500	0.270737	0.211712	0.0725873	0.139125	0.0590248	0.804463	0.0546193	1.1784	0.0667073	4.56656e-05
10041	1	100	25	500	0.272274	0.212845	0.0752103	0.137635	0.0594291	0.805891	0.0498899	1.18016	0.0595032	4.5778e-05
10042	1	100	27	500	0.281471	0.219276	0.0799986	0.139277	0.0621957	0.799918	0.0462559	1.1857	0.0461948	4.55106e-05
10043	1	100	25	500	0.273671	0.213361	0.0785997	0.134762	0.0603093	0.806352	0.0549514	1.1794	0.0540654	4.43997e-05
10044	1	100	24	500	0.271939	0.21198	0.0758919	0.136089	0.0599582	0.805478	0.0588589	1.17734	0.0609251	4.55717e-05
10045	1	100	22	500	0.274842	0.21276	0.0758302	0.13693	0.0620821	0.807355	0.0534961	1.18092	0.0595305	4.57394e-05
10046	1	100	26	500	0.268497	0.205999	0.0691911	0.136808	0.0624979	0.811466	0.0560053	1.17172	0.0541197	4.60303e-05
10047	1	100	26	500	0.27387	0.20641	0.0704521	0.135958	0.0674604	0.808166	0.0590375	1.16294	0.0611113	4.62959e-05
10048	1	100	22	500	0.27081	0.214005	0.0767921	0.137213	0.0568047	0.805407	0.0411904	1.1867	0.0493739	4.63559e-05
10049	1	100	26	500	0.252939	0.209427	0.0748447	0.134582	0.0435125	0.804696	0.0465044	1.18627	0.0598474	4.57685e-05
10050	1	100	22	500	0.258238	0.212908	0.0787795	0.134129	0.0453298	0.803577	0.0298048	1.19037	0.0373445	4.55988e-05
10051	1	100	24	500	0.243271	0.206005	0.0764057	0.1296	0.0372656	0.809603	0.0253829	1.19168	0.031237	4.55704e-05
10052	1	100	27	500	0.23846	0.204714	0.0815235	0.12319	0.0337461	0.809737	0.0191187	1.19389	0.024062	4.36247e-05
10053	1	100	23	500	0.243797	0.20499	0.0762171	0.128773	0.0388061	0.810913	0.0183724	1.18979	0.0270754	4.51437e-05
10054	1	100	23	500	0.248104	0.205431	0.0741486	0.131283	0.0426725	0.81043	0.0182488	1.18537	0.026067	4.57901e-05
10055	1	100	22	500	0.253791	0.210375	0.0770369	0.133338	0.0434157	0.806416	0.0206958	1.18819	0.0266983	4.50171e-05
10056	1	100	21	500	0.246069	0.208704	0.0788788	0.129826	0.0373643	0.803744	0.0344144	1.18955	0.0456364	4.4469e-05
10057	1	100	23	500	0.243123	0.208479	0.0748187	0.133661	0.0346438	0.803574	0.0374746	1.19148	0.0557251	4.58634e-05
10058	1	100	20	500	0.246908	0.20943	0.0735738	0.135856	0.0374784	0.806858	0.0242334	1.19468	0.0314832	4.62916e-05
10059	1	100	22	500	0.240994	0.209245	0.0745291	0.134716	0.031749	0.806243	0.0217307	1.19684	0.028482	4.56878e-05
10060	1	100	20	500	0.241464	0.207848	0.0726489	0.135199	0.0336168	0.804582	0.0385708	1.19243	0.0539273	4.62021e-05
10061	1	100	24	500	0.248183	0.208666	0.0730316	0.135635	0.0395162	0.806788	0.0285783	1.19233	0.0410363	4.62522e-05
10062	1	100	23	500	0.264807	0.21248	0.0733297	0.13915	0.0523276	0.804308	0.0215425	1.18474	0.0405203	4.77619e-05
10063	1	100	22	500	0.260105	0.209792	0.0746354	0.135156	0.0503128	0.800512	0.0472877	1.17584	0.0665122	4.69962e-05
10064	1	100	19	500	0.26173	0.210395	0.0734202	0.136975	0.0513349	0.807411	0.0242862	1.18428	0.0315119	4.75371e-05
10065	1	100	19	500	0.28501	0.218028	0.0771946	0.140834	0.0669814	0.799749	0.0448984	1.1714	0.0612311	4.7813e-05
10066	1	100	19	500	0.298461	0.221516	0.0825788	0.138937	0.0769451	0.796346	0.0603426	1.15445	0.0816502	4.73532e-05
10067	1	100	22	500	0.300793	0.222542	0.0846126	0.137929	0.0782508	0.797496	0.0357239	1.16649	0.0650666	4.83683e-05
10068	1	100	24	500	0.283237	0.217009	0.0833969	0.133612	0.0662279	0.8012	0.0386994	1.1718	0.0528949	4.75003e-05
10069	1	100	24	500	0.269858	0.215157	0.0859792	0.129177	0.0547011	0.797001	0.0524366	1.17446	0.0785935	4.63387e-05
10070	1	100	22	500	0.272205	0.214968	0.0814013	0.133567	0.0572367	0.798393	0.0465917	1.17287	0.0672397	4.74454e-05
10071	1	100	25	500	0.293117	0.22401	0.0919409	0.132069	0.069107	0.79129	0.0567271	1.16933	0.0772573	4.70852e-05
10072	1	100	28	500	0.302525	0.227658	0.0955118	0.132146	0.0748674	0.789723	0.0523405	1.16856	0.0717566	4.69354e-05
10073	1	100	28	500	0.316524	0.231269	0.0950455	0.136223	0.0852553	0.780693	0.0826442	1.15336	0.116361	4.73094e-05
10074	1	100	24	500	0.267036	0.214802	0.0883815	0.12642	0.0522339	0.795657	0.0509879	1.17589	0.0690946	4.68903e-05
10075	1	100	31	500	0.275425	0.217192	0.0828438	0.134348	0.0582333	0.793408	0.0630134	1.16988	0.0875481	4.87098e-05
10076	1	100	27	500	0.278263	0.217833	0.0825783	0.135255	0.0604294	0.795326	0.0695997	1.17326	0.0986363	4.87113e-05
10077	1	100	27	500	0.257876	0.210418	0.0788269	0.131591	0.0474588	0.805177	0.023358	1.18653	0.0319205	4.86917e-05
10078	1	100	27	500	0.245432	0.203975	0.0735237	0.130452	0.041457	0.810172	0.021699	1.18588	0.0337156	5.00379e-05
10079	1	100	27	500	0.245668	0.205633	0.072376	0.133257	0.0400343	0.808144	0.0290539	1.18604	0.0451352	5.10758e-05
10080	1	100	25	500	0.235947	0.202906	0.0708469	0.132059	0.0330415	0.808774	0.023736	1.18558	0.02781	5.21214e-05
10081	1	100	26	500	0.264194	0.21105	0.0755106	0.135539	0.0531442	0.801478	0.0470707	1.17579	0.0643584	5.15466e-05
10082	1	100	27	500	0.288993	0.220282	0.0825253	0.137756	0.0687116	0.801573	0.0322335	1.1768	0.0441797	5.11182e-05
10083	1	100	27	500	0.30656	0.225682	0.0911642	0.134518	0.0808775	0.799145	0.028853	1.17026	0.038314	4.95509e-05
10084	1	100	27	500	0.311224	0.228398	0.0938827	0.134515	0.0828255	0.791713	0.058488	1.15819	0.0785004	4.92193e-05
10085	1	100	26	500	0.271806	0.210876	0.0906452	0.12023	0.0609303	0.803629	0.0503264	1.16769	0.0671733	4.69651e-05
10086	1	100	27	500	0.292569	0.218025	0.0955425	0.122482	0.0745445	0.804913	0.042047	1.16408	0.0500421	4.75783e-05
10087	1	100	29	500	0.294964	0.217345	0.100074	0.117271	0.0776191	0.800735	0.0527305	1.15557	0.075224	4.55956e-05
10088	1	100	28	500	0.313767	0.228283	0.103458	0.124825	0.0854844	0.796682	0.047506	1.15714	0.0665905	4.71785e-05
10089	1	100	24	500	0.320387	0.230442	0.106529	0.123913	0.0899455	0.787052	0.0723227	1.14422	0.104395	4.70385e-05
10090	1	100	23	500	0.334196	0.237066	0.115086	0.12198	0.0971305	0.786656	0.0652509	1.14493	0.0893049	4.47685e-05
10091	1	100	23	500	0.350472	0.241916	0.120469	0.121448	0.108555	0.785822	0.0661784	1.13767	0.0935549	4.33043e-05
10092	1	100	22	500	0.307509	0.226276	0.108438	0.117839	0.0812326	0.801108	0.0432743	1.15894	0.0589856	4.55968e-05
10093	1	100	22	500	0.32403	0.231921	0.108214	0.123708	0.0921088	0.793638	0.0539032	1.15231	0.0751308	4.74055e-05
10094	1	100	23	500	0.34898	0.241389	0.111192	0.130197	0.107591	0.794305	0.0379464	1.15867	0.0471875	4.79416e-05
10095	1	100	23	500	0.362214	0.24933	0.1187	0.13063	0.112884	0.783582	0.0616087	1.14538	0.0880141	4.6821e-05
10096	1	100	24	500	0.379647	0.254809	0.122567	0.132243	0.124838	0.77622	0.0891549	1.13316	0.127395	4.65006e-05
10097	1	100	21	500	0.330124	0.234994	0.115011	0.119984	0.0951295	0.7917	0.0550318	1.15854	0.0759279	4.40803e-05
10098	1	100	24	500	0.310124	0.225628	0.108747	0.116881	0.0844964	0.794628	0.0551074	1.16304	0.0783858	4.46507e-05
10099	1	100	25	500	0.321868	0.230397	0.111809	0.118589	0.0914704	0.797755	0.035627	1.16889	0.0421694	4.44477e-05
10100	1	100	23	500	0.321682	0.229376	0.117418	0.111959	0.0923055	0.796712	0.0456737	1.16651	0.0599207	4.21069e-05
10101	1	100	25	500	0.314758	0.225208	0.114721	0.110487	0.0895493	0.794659	0.0620975	1.15841	0.0840942	4.2931e-05
