Generation	PopulationID	SampleSize	UniqueMutations	PopulationSize	totalLoad	RelzLoad	RelzLoadHomo	RelzLoadHetero	MskLoad	MeanFitness	SdFitness	MeanFitnessCached	SdFitnessCached	Heterozygosity	
10001	1	100	56	500	0.362797	0.332803	0.298193	0.03461	0.0299941	0.692664	0.0610914	1.13119	0.0272528	2.80013e-05
10002	1	100	34	500	0.392408	0.346381	0.315928	0.0304531	0.0460273	0.68269	0.0522788	1.12512	0.0266225	2.65687e-05
10003	1	100	30	500	0.411789	0.353167	0.318257	0.0349094	0.0586227	0.68039	0.0476583	1.12536	0.0309741	2.69346e-05
10004	1	100	32	500	0.416128	0.354172	0.317969	0.0362031	0.0619557	0.679686	0.0482159	1.12422	0.0278655	2.71574e-05
10005	1	100	32	500	0.411736	0.35951	0.333178	0.0263326	0.0522252	0.673367	0.0312879	1.12608	0.0270609	2.53177e-05
10006	1	100	35	500	0.419824	0.362939	0.335886	0.0270535	0.0568845	0.667491	0.0418623	1.11995	0.0633514	2.56386e-05
10007	1	100	30	500	0.430116	0.36319	0.328392	0.034798	0.0669261	0.671841	0.0367209	1.12564	0.0339875	2.80711e-05
10008	1	100	31	500	0.441097	0.372822	0.339466	0.0333558	0.0682745	0.664987	0.0341244	1.12412	0.033063	2.85949e-05
10009	1	100	30	500	0.460135	0.378101	0.340488	0.0376129	0.0820341	0.664454	0.035464	1.12331	0.0376821	2.90979e-05
10010	1	100	28	500	0.473271	0.373352	0.324442	0.04891	0.0999183	0.670007	0.0535295	1.11548	0.0377704	3.08154e-05
10011	1	100	23	500	0.479919	0.379422	0.326914	0.0525083	0.100497	0.664841	0.0640585	1.1154	0.0575627	3.2301e-05
10012	1	100	27	500	0.505648	0.39341	0.342402	0.0510079	0.112238	0.658765	0.0405405	1.11759	0.0360381	3.06212e-05
10013	1	100	26	500	0.512462	0.396753	0.347464	0.0492886	0.11571	0.654252	0.048193	1.1086	0.0690288	2.97449e-05
10014	1	100	19	500	0.187395	0.0734248	0.0274987	0.0459261	0.11397	0.939322	0.0447599	0.985667	0.0485218	3.01719e-05
10015	1	100	21	500	0.210757	0.0756258	0.0271452	0.0484806	0.135131	0.934604	0.058591	0.97146	0.0662246	3.01008e-05
10016	1	100	18	500	0.200167	0.0745706	0.0268108	0.0477598	0.125597	0.936415	0.0537481	0.980173	0.0608276	3.12893e-05
10017	1	100	21	500	0.170392	0.0621739	0.0213325	0.0408414	0.108218	0.93732	0.0750312	0.971084	0.080622	3.00291e-05
10018	1	100	22	500	0.145517	0.0559155	0.0189166	0.0369989	0.0896011	0.955683	0.0282996	0.99211	0.0300331	3.00167e-05
10019	1	100	22	500	0.171501	0.0652718	0.0250844	0.0401874	0.106229	0.930101	0.0885376	0.964192	0.0986004	2.98981e-05
10020	1	100	20	500	0.15682	0.0636794	0.024627	0.0390523	0.0931407	0.935905	0.0706865	0.977691	0.0738684	3.12298e-05
10021	1	100	20	500	0.152623	0.0597186	0.0216984	0.0380202	0.0929047	0.95131	0.0239325	0.992181	0.0302836	3.11919e-05
10022	1	100	19	500	0.150446	0.0622743	0.0239289	0.0383455	0.0881717	0.946778	0.0381828	0.994566	0.0342715	3.27633e-05
10023	1	100	22	500	0.151543	0.0672296	0.0289346	0.038295	0.0843139	0.945114	0.0336626	0.999777	0.0301374	3.3468e-05
10024	1	100	23	500	0.136982	0.0611918	0.0250696	0.0361223	0.0757904	0.949012	0.0313763	1.00353	0.0300651	3.30317e-05
10025	1	100	21	500	0.154362	0.0709798	0.03289	0.0380898	0.0833823	0.936691	0.0539928	0.994117	0.0628003	3.39213e-05
10026	1	100	22	500	0.155513	0.0743981	0.0360107	0.0383874	0.0811153	0.936805	0.0464205	0.999011	0.038294	3.41666e-05
10027	1	100	19	500	0.143855	0.0674827	0.0308594	0.0366233	0.0763722	0.936429	0.0520687	0.994944	0.0538456	3.40981e-05
10028	1	100	18	500	0.122863	0.0609413	0.0282978	0.0326435	0.0619221	0.945296	0.0457483	1.00635	0.0534992	3.34634e-05
10029	1	100	19	500	0.118914	0.0600656	0.0279901	0.0320755	0.0588479	0.944305	0.036927	1.00816	0.0293029	3.32088e-05
10030	1	100	19	500	0.12407	0.0623948	0.0293846	0.0330102	0.0616748	0.943655	0.0403031	1.00766	0.0355099	3.33683e-05
10031	1	100	20	500	0.136255	0.0646836	0.0292302	0.0354535	0.0715712	0.936237	0.0618461	0.99283	0.0680584	3.38161e-05
10032	1	100	22	500	0.139767	0.0672026	0.0311012	0.0361014	0.0725641	0.942038	0.0425432	1.00031	0.0333936	3.39993e-05
10033	1	100	20	500	0.142879	0.0697208	0.0336274	0.0360934	0.0731582	0.944328	0.0293561	1.00552	0.0352573	3.39265e-05
10034	1	100	16	500	0.14508	0.0703419	0.0348414	0.0355005	0.074738	0.933198	0.0663283	0.986301	0.076576	3.35974e-05
10035	1	100	17	500	0.129886	0.0624974	0.0290284	0.033469	0.0673887	0.94341	0.0473379	0.995311	0.0580111	3.33162e-05
10036	1	100	17	500	0.134227	0.0610591	0.0279765	0.0330826	0.0731682	0.944671	0.0573214	0.988408	0.0666797	3.31301e-05
10037	1	100	15	500	0.152976	0.0693262	0.0353839	0.0339423	0.0836499	0.94031	0.061612	0.977394	0.0723435	3.2835e-05
10038	1	100	18	500	0.148172	0.0671027	0.0327971	0.0343056	0.0810692	0.923489	0.0961875	0.963992	0.109851	3.34474e-05
10039	1	100	18	500	0.164787	0.0769024	0.0401912	0.0367112	0.0878842	0.92703	0.0732943	0.967514	0.083135	3.35188e-05
10040	1	100	18	500	0.179109	0.0864677	0.0472165	0.0392511	0.092641	0.923404	0.08177	0.9713	0.0924945	3.5047e-05
10041	1	100	19	500	0.207847	0.0982132	0.0552221	0.042991	0.109634	0.903437	0.0963558	0.951193	0.114581	3.45915e-05
10042	1	100	15	500	0.163235	0.0779188	0.0403898	0.037529	0.0853167	0.930861	0.0652789	0.98452	0.0805192	3.51371e-05
10043	1	100	17	500	0.182739	0.0840797	0.0434365	0.0406432	0.098659	0.919562	0.0827904	0.97146	0.0972066	3.48288e-05
10044	1	100	16	500	0.168962	0.0794171	0.0415444	0.0378727	0.0895446	0.93433	0.0569498	0.98255	0.0654285	3.59226e-05
10045	1	100	15	500	0.184738	0.0840175	0.0448392	0.0391782	0.10072	0.921481	0.0871949	0.964726	0.103683	3.49947e-05
10046	1	100	18	500	0.210798	0.0984477	0.0558208	0.0426269	0.11235	0.909773	0.0915701	0.950801	0.103649	3.55498e-05
10047	1	100	15	500	0.184438	0.0818202	0.0413075	0.0405127	0.102618	0.930987	0.064176	0.976542	0.0742912	3.60585e-05
10048	1	100	17	500	0.213973	0.0905598	0.0447958	0.045764	0.123413	0.931337	0.0529137	0.975587	0.0565643	3.62337e-05
10049	1	100	18	500	0.189748	0.0797558	0.0384918	0.041264	0.109992	0.933757	0.0608729	0.976892	0.0708263	3.54826e-05
10050	1	100	16	500	0.203377	0.0844594	0.0416019	0.0428576	0.118917	0.928598	0.0787956	0.967648	0.0905095	3.51949e-05
10051	1	100	16	500	0.219742	0.0917412	0.0462014	0.0455398	0.128	0.914505	0.104685	0.958003	0.116674	3.59858e-05
10052	1	100	16	500	0.218315	0.0909543	0.047404	0.0435503	0.12736	0.928589	0.084493	0.96545	0.095104	3.42544e-05
10053	1	100	16	500	0.220995	0.0940269	0.050279	0.0437479	0.126968	0.91525	0.106891	0.952117	0.119148	3.46262e-05
10054	1	100	16	500	0.210254	0.0893648	0.0477448	0.04162	0.120889	0.908142	0.117403	0.945024	0.132227	3.50064e-05
10055	1	100	13	500	0.199157	0.087497	0.047966	0.039531	0.11166	0.926354	0.0811533	0.965092	0.0961902	3.55688e-05
10056	1	100	12	500	0.18486	0.0812064	0.0426967	0.0385097	0.103654	0.928993	0.076017	0.976048	0.0907872	3.58127e-05
10057	1	100	11	500	0.167402	0.0727692	0.0362993	0.0364698	0.0946325	0.934349	0.0669605	0.985369	0.0811769	3.52975e-05
10058	1	100	15	500	0.204169	0.0874649	0.0452909	0.0421741	0.116704	0.922195	0.0877928	0.972264	0.102638	3.58483e-05
10059	1	100	13	500	0.202288	0.0851889	0.0438614	0.0413275	0.117099	0.924254	0.0695536	0.977922	0.0850194	3.50688e-05
10060	1	100	11	500	0.220229	0.0941573	0.0503728	0.0437845	0.126071	0.912562	0.0913995	0.96798	0.107844	3.51652e-05
10061	1	100	14	500	0.246512	0.106179	0.0584032	0.0477756	0.140333	0.921673	0.0664449	0.972923	0.076897	3.53422e-05
10062	1	100	14	500	0.210342	0.0991177	0.0596477	0.03947	0.111224	0.903663	0.1045	0.959773	0.126396	3.38372e-05
10063	1	100	16	500	0.209743	0.100958	0.0621345	0.0388231	0.108785	0.915009	0.0928062	0.970416	0.110592	3.31343e-05
10064	1	100	19	500	0.248526	0.126967	0.0846408	0.042326	0.121559	0.876538	0.138275	0.924944	0.163414	3.3159e-05
10065	1	100	19	500	0.271829	0.147023	0.103401	0.0436221	0.124806	0.85392	0.152452	0.897101	0.174456	3.417e-05
10066	1	100	21	500	0.271625	0.142164	0.0971687	0.0449952	0.129461	0.872532	0.131399	0.919424	0.153561	3.45615e-05
10067	1	100	21	500	0.286216	0.154064	0.107937	0.0461274	0.132152	0.857549	0.145632	0.904164	0.165747	3.46868e-05
10068	1	100	16	500	0.29	0.154606	0.107967	0.0466386	0.135394	0.844103	0.162245	0.89659	0.18876	3.47848e-05
10069	1	100	16	500	0.269901	0.141596	0.0965455	0.0450509	0.128305	0.885735	0.114383	0.940357	0.132961	3.50084e-05
10070	1	100	16	500	0.270409	0.137369	0.0900996	0.0472698	0.13304	0.881097	0.114635	0.940956	0.13379	3.58476e-05
10071	1	100	14	500	0.268133	0.139138	0.0939606	0.045177	0.128995	0.87791	0.114058	0.937453	0.136306	3.59693e-05
10072	1	100	17	500	0.252707	0.125886	0.0809823	0.0449038	0.126821	0.891602	0.102344	0.955735	0.123888	3.6486e-05
10073	1	100	14	500	0.23676	0.116923	0.0740132	0.0429099	0.119837	0.892584	0.0984176	0.958268	0.11795	3.61332e-05
10074	1	100	17	500	0.232004	0.115632	0.0748029	0.0408294	0.116371	0.897483	0.0944712	0.965324	0.116257	3.52664e-05
10075	1	100	16	500	0.218954	0.106124	0.0667009	0.0394236	0.112829	0.904868	0.0868535	0.976324	0.101063	3.53917e-05
10076	1	100	15	500	0.241518	0.120617	0.0780286	0.0425883	0.120901	0.877196	0.120552	0.943533	0.135414	3.71685e-05
10077	1	100	16	500	0.221837	0.106276	0.0669492	0.0393267	0.115561	0.905331	0.0841355	0.978821	0.0986818	3.504e-05
10078	1	100	21	500	0.20918	0.0986743	0.0624958	0.0361785	0.110506	0.907745	0.0858217	0.982332	0.0951656	3.41267e-05
10079	1	100	15	500	0.200459	0.0917134	0.0539359	0.0377775	0.108745	0.909715	0.0827383	0.981282	0.0991083	3.52638e-05
10080	1	100	19	500	0.18631	0.0871737	0.0518958	0.0352779	0.099136	0.917799	0.074198	0.993225	0.0927397	3.53656e-05
10081	1	100	19	500	0.198944	0.0942364	0.0568948	0.0373415	0.104708	0.919133	0.0633762	0.995542	0.0809454	3.62729e-05
10082	1	100	23	500	0.205042	0.0990442	0.060871	0.0381733	0.105998	0.924535	0.0412113	1.00538	0.0490174	3.71115e-05
10083	1	100	23	500	0.200894	0.0963422	0.0588986	0.0374436	0.104552	0.908231	0.0846607	0.986651	0.10001	3.72222e-05
10084	1	100	21	500	0.230019	0.107984	0.064905	0.0430788	0.122035	0.901063	0.0869551	0.984022	0.0974313	3.80546e-05
10085	1	100	19	500	0.200505	0.0994079	0.0625874	0.0368205	0.101097	0.919216	0.0479328	1.00953	0.0579877	3.71136e-05
10086	1	100	21	500	0.219564	0.109713	0.0707159	0.038997	0.109851	0.905448	0.0748391	0.998098	0.0837654	3.6923e-05
10087	1	100	17	500	0.198894	0.102973	0.068703	0.0342702	0.0959208	0.914644	0.0604226	1.0091	0.0612358	3.5576e-05
10088	1	100	19	500	0.227249	0.11132	0.0701999	0.0411196	0.11593	0.895062	0.0985666	0.981828	0.0980164	3.78336e-05
10089	1	100	19	500	0.255429	0.12512	0.0789424	0.046178	0.130308	0.903298	0.0638122	0.99247	0.0783242	3.89875e-05
10090	1	100	16	500	0.20414	0.103538	0.0669289	0.0366096	0.100602	0.902775	0.0873118	0.995391	0.093188	3.52113e-05
10091	1	100	18	500	0.212586	0.109335	0.0702357	0.039099	0.103251	0.901817	0.0851484	0.993462	0.0886543	3.75509e-05
10092	1	100	15	500	0.214132	0.110178	0.0707696	0.0394087	0.103954	0.90621	0.07282	0.997813	0.0810051	3.79308e-05
10093	1	100	17	500	0.218241	0.112079	0.0717116	0.040367	0.106162	0.907687	0.0739449	0.996333	0.0715045	3.8313e-05
10094	1	100	19	500	0.230861	0.11632	0.0717119	0.0446081	0.114541	0.907603	0.067005	0.994873	0.0727697	3.99925e-05
10095	1	100	19	500	0.231148	0.115795	0.0719705	0.0438245	0.115353	0.910842	0.0671195	0.993817	0.0654582	4.048e-05
10096	1	100	21	500	0.249554	0.124753	0.0781087	0.0466447	0.1248	0.893439	0.0856151	0.974567	0.104551	4.19708e-05
10097	1	100	22	500	0.235262	0.116464	0.0713508	0.0451134	0.118798	0.903874	0.0756561	0.984899	0.0905438	4.10975e-05
10098	1	100	24	500	0.226176	0.110851	0.0669322	0.0439185	0.115326	0.906606	0.0731858	0.988064	0.0866221	4.07948e-05
10099	1	100	20	500	0.191601	0.0942366	0.0572676	0.036969	0.0973647	0.921087	0.0553481	1.00621	0.0574273	3.63682e-05
10100	1	100	21	500	0.202137	0.10127	0.0602962	0.0409742	0.100866	0.91716	0.0439135	1.01228	0.0489248	3.69424e-05
10101	1	100	27	500	0.174247	0.0870931	0.051825	0.035268	0.0871539	0.922629	0.0478124	1.016	0.0599171	3.34971e-05
