Generation	PopulationID	SampleSize	UniqueMutations	PopulationSize	totalLoad	RelzLoad	RelzLoadHomo	RelzLoadHetero	MskLoad	MeanFitness	SdFitness	MeanFitnessCached	SdFitnessCached	Heterozygosity	
10001	1	100	56	500	0.191975	0.180487	0.106194	0.0742926	0.0114884	0.828412	0.0210361	1.18101	0.0301228	4.74533e-05
10002	1	100	38	500	0.198361	0.182454	0.116599	0.0658544	0.0159074	0.828253	0.0212463	1.18153	0.0318353	4.55232e-05
10003	1	100	35	500	0.197894	0.18148	0.120103	0.0613772	0.016414	0.829426	0.021143	1.18067	0.0294328	4.48651e-05
10004	1	100	30	500	0.0991772	0.0840023	0.0270498	0.0569525	0.015175	0.918418	0.019657	1.07583	0.0261726	4.43072e-05
10005	1	100	29	500	0.0987089	0.0829706	0.0266673	0.0563033	0.0157383	0.918792	0.0228765	1.07447	0.0307064	4.35889e-05
10006	1	100	28	500	0.109292	0.0880074	0.027719	0.0602884	0.0212845	0.91434	0.0223209	1.07631	0.0299212	4.3908e-05
10007	1	100	30	500	0.115596	0.0904655	0.0281374	0.0623282	0.0251304	0.912529	0.0265355	1.07661	0.0327159	4.37001e-05
10008	1	100	30	500	0.123607	0.0944727	0.0250855	0.0693871	0.0291341	0.908972	0.0265834	1.07792	0.0378242	4.62255e-05
10009	1	100	24	500	0.12531	0.100366	0.0283142	0.072052	0.0249441	0.903664	0.03045	1.08672	0.0386453	4.67848e-05
10010	1	100	23	500	0.131395	0.10148	0.0283874	0.0730922	0.0299155	0.903355	0.0268838	1.08329	0.0351769	4.63613e-05
10011	1	100	21	500	0.122707	0.0987081	0.0315524	0.0671557	0.0239994	0.903032	0.0370725	1.08176	0.0477394	4.52992e-05
10012	1	100	20	500	0.130677	0.102282	0.0349674	0.0673146	0.0283952	0.902298	0.0250499	1.0848	0.0351684	4.40445e-05
10013	1	100	25	500	0.129974	0.100197	0.0321908	0.0680061	0.0297771	0.904234	0.0277614	1.0822	0.0300479	4.50105e-05
10014	1	100	17	500	0.121782	0.0993639	0.0330634	0.0663005	0.0224181	0.905355	0.0267415	1.08492	0.0353175	4.46463e-05
10015	1	100	15	500	0.12806	0.101029	0.0356466	0.0653828	0.0270302	0.904298	0.0257585	1.08334	0.035433	4.45052e-05
10016	1	100	12	500	0.119351	0.0987429	0.037069	0.0616738	0.0206077	0.905237	0.0240763	1.08529	0.0328931	4.30986e-05
10017	1	100	14	500	0.109967	0.0952622	0.0391699	0.0560924	0.0147043	0.907639	0.0264878	1.08528	0.0329905	4.19588e-05
10018	1	100	13	500	0.112474	0.0957721	0.0380458	0.0577263	0.016702	0.907318	0.0255171	1.08483	0.030471	4.25396e-05
10019	1	100	17	500	0.115709	0.0950451	0.0396051	0.05544	0.0206636	0.90868	0.0248933	1.08032	0.0311485	4.24115e-05
10020	1	100	15	500	0.117472	0.0972757	0.0381797	0.059096	0.0201962	0.905335	0.0303457	1.08148	0.0422494	4.33731e-05
10021	1	100	17	500	0.117509	0.1011	0.0402797	0.06082	0.0164095	0.902401	0.0261288	1.09096	0.0351316	4.26801e-05
10022	1	100	17	500	0.116114	0.0991193	0.0390893	0.06003	0.0169949	0.904035	0.0282414	1.08866	0.0392639	4.28228e-05
10023	1	100	16	500	0.119583	0.0977825	0.041237	0.0565455	0.0218006	0.905313	0.0260297	1.08323	0.0379671	4.14927e-05
10024	1	100	17	500	0.125607	0.100767	0.0418567	0.0589102	0.0248403	0.902921	0.0276956	1.08479	0.0360862	4.16597e-05
10025	1	100	15	500	0.10764	0.0906589	0.0378318	0.0528272	0.0169807	0.911092	0.0214886	1.07833	0.0291645	4.17708e-05
10026	1	100	16	500	0.0979995	0.0836592	0.0375607	0.0460985	0.0143404	0.917815	0.0150297	1.06903	0.0209847	3.98227e-05
10027	1	100	12	500	0.104577	0.0849398	0.036024	0.0489158	0.0196368	0.918388	0.0122222	1.06748	0.0164174	4.09036e-05
10028	1	100	15	500	0.0966054	0.0830361	0.0390508	0.0439854	0.0135693	0.918735	0.0156727	1.0696	0.0215327	3.86758e-05
10029	1	100	12	500	0.091644	0.081079	0.0378461	0.0432329	0.010565	0.919773	0.0122873	1.06936	0.0161667	3.88214e-05
10030	1	100	13	500	0.091542	0.080684	0.0362273	0.0444568	0.0108579	0.920717	0.0104345	1.0692	0.0133063	3.96891e-05
10031	1	100	15	500	0.0932667	0.080755	0.0360321	0.0447229	0.0125117	0.920568	0.0111229	1.06874	0.0131725	3.99908e-05
10032	1	100	17	500	0.104103	0.0831169	0.0347364	0.0483805	0.020986	0.918664	0.0132086	1.06673	0.0204692	4.09042e-05
10033	1	100	15	500	0.102175	0.0818141	0.0378055	0.0440085	0.0203608	0.920142	0.0165861	1.06354	0.0155164	3.86683e-05
10034	1	100	15	500	0.103363	0.0807503	0.0377727	0.0429776	0.0226122	0.921553	0.0149775	1.06147	0.0169584	3.77466e-05
10035	1	100	17	500	0.10107	0.0803757	0.0365282	0.0438475	0.0206947	0.922086	0.0144826	1.06229	0.0164667	3.89352e-05
10036	1	100	17	500	0.116142	0.0847377	0.0390065	0.0457312	0.031404	0.918288	0.0165182	1.05856	0.0188363	3.87176e-05
10037	1	100	17	500	0.109093	0.0830406	0.0382516	0.0447889	0.026052	0.919329	0.0153585	1.06092	0.0183579	3.89922e-05
10038	1	100	18	500	0.117149	0.0856623	0.037929	0.0477333	0.031487	0.916947	0.0141391	1.06173	0.0164417	3.96962e-05
10039	1	100	17	500	0.128745	0.0886286	0.0398315	0.0487971	0.0401166	0.915535	0.0165424	1.05906	0.0200917	3.85095e-05
10040	1	100	17	500	0.13306	0.0895228	0.0366623	0.0528605	0.0435377	0.914339	0.0145586	1.0582	0.0178463	4.05203e-05
10041	1	100	17	500	0.147224	0.0932402	0.0365966	0.0566436	0.0539839	0.911678	0.0199036	1.05672	0.0234607	4.17842e-05
10042	1	100	15	500	0.156355	0.0957846	0.035902	0.0598827	0.0605703	0.911187	0.0174211	1.05492	0.0238027	4.28449e-05
10043	1	100	17	500	0.144654	0.0928877	0.0350869	0.0578008	0.0517667	0.911673	0.0259281	1.0535	0.0324584	4.39332e-05
10044	1	100	16	500	0.145503	0.0927084	0.0347449	0.0579635	0.0527946	0.913959	0.0160893	1.05688	0.0242784	4.38177e-05
10045	1	100	15	500	0.132958	0.0885983	0.0344999	0.0540984	0.0443593	0.915956	0.0159562	1.05985	0.0237339	4.24713e-05
10046	1	100	16	500	0.156126	0.0954124	0.0363228	0.0590895	0.0607133	0.909778	0.0269338	1.05116	0.0359492	4.33912e-05
10047	1	100	19	500	0.16125	0.0974226	0.0379723	0.0594503	0.0638272	0.91043	0.0195954	1.0526	0.0278832	4.3024e-05
10048	1	100	17	500	0.146292	0.0944925	0.0374403	0.0570522	0.0517995	0.910994	0.023985	1.05856	0.0291471	4.1932e-05
10049	1	100	18	500	0.156857	0.0968489	0.0376903	0.0591585	0.0600082	0.900766	0.0715277	1.0447	0.0873791	4.19478e-05
10050	1	100	19	500	0.18188	0.107548	0.0458954	0.0616524	0.074332	0.90586	0.024779	1.0486	0.0382512	4.14524e-05
10051	1	100	17	500	0.195047	0.114986	0.0555476	0.0594388	0.0800602	0.904797	0.0255713	1.04413	0.0354307	3.98657e-05
10052	1	100	17	500	0.214991	0.125927	0.0657897	0.0601369	0.0890649	0.876318	0.112941	1.00811	0.142217	3.97635e-05
10053	1	100	13	500	0.227883	0.13606	0.0742252	0.0618349	0.0918227	0.882806	0.0994526	1.01359	0.116662	4.05141e-05
10054	1	100	13	500	0.236578	0.141794	0.0781176	0.0636763	0.0947845	0.877419	0.106071	1.00644	0.128252	4.18382e-05
10055	1	100	16	500	0.22191	0.13189	0.0706346	0.061255	0.0900208	0.882079	0.10234	1.0144	0.12295	4.08709e-05
10056	1	100	17	500	0.247429	0.149269	0.0856636	0.0636057	0.0981596	0.85736	0.137956	0.986633	0.16451	4.12437e-05
10057	1	100	20	500	0.264156	0.15899	0.0932354	0.0657545	0.105166	0.855013	0.138431	0.982927	0.162325	4.1626e-05
10058	1	100	18	500	0.253025	0.150899	0.0862535	0.0646452	0.102126	0.864841	0.125714	0.996326	0.146033	4.0818e-05
10059	1	100	16	500	0.223456	0.129467	0.0645583	0.0649083	0.0939894	0.892101	0.0763793	1.02051	0.0930514	4.30538e-05
10060	1	100	15	500	0.200784	0.119533	0.0575475	0.0619859	0.081251	0.903721	0.0454991	1.03384	0.0613721	4.29132e-05
10061	1	100	16	500	0.177636	0.106991	0.0484864	0.0585047	0.070645	0.898747	0.0805219	1.02953	0.103036	4.26306e-05
10062	1	100	16	500	0.158761	0.100175	0.043078	0.0570967	0.058586	0.906346	0.0569898	1.04469	0.0721862	4.40111e-05
10063	1	100	12	500	0.172936	0.105957	0.0485903	0.0573668	0.0669785	0.90343	0.0621951	1.03672	0.082552	4.37291e-05
10064	1	100	12	500	0.187169	0.114327	0.0545131	0.0598135	0.0728419	0.897807	0.0718775	1.03691	0.0858455	4.35806e-05
10065	1	100	13	500	0.162056	0.101813	0.0427231	0.0590902	0.060243	0.910402	0.0231938	1.052	0.0313265	4.60798e-05
10066	1	100	15	500	0.194751	0.11429	0.0525793	0.0617104	0.0804609	0.895836	0.0783878	1.03336	0.0931929	4.40308e-05
10067	1	100	13	500	0.211903	0.122837	0.0583757	0.0644614	0.0890662	0.892243	0.0783121	1.03076	0.094344	4.47726e-05
10068	1	100	12	500	0.194872	0.111928	0.048885	0.0630432	0.0829441	0.8918	0.0931949	1.02692	0.111874	4.54533e-05
10069	1	100	11	500	0.231972	0.129456	0.062202	0.0672545	0.102515	0.872256	0.123799	1.00266	0.147704	4.55089e-05
10070	1	100	15	500	0.189116	0.110151	0.0480795	0.0620719	0.0789646	0.902818	0.0488542	1.04201	0.0605592	4.61942e-05
10071	1	100	16	500	0.186706	0.112171	0.0509411	0.0612302	0.0745346	0.888334	0.0994418	1.02718	0.114435	4.61924e-05
10072	1	100	17	500	0.200232	0.119486	0.0568846	0.0626018	0.0807456	0.902957	0.025737	1.04677	0.0315144	4.585e-05
10073	1	100	11	500	0.203279	0.123259	0.0614026	0.0618562	0.0800204	0.889568	0.0857642	1.03182	0.0991305	4.49148e-05
10074	1	100	12	500	0.196018	0.119262	0.061052	0.0582101	0.076756	0.902358	0.0335882	1.04897	0.0367145	4.25017e-05
10075	1	100	12	500	0.16189	0.102803	0.0475639	0.0552395	0.0590865	0.90067	0.073097	1.04657	0.0839854	4.37949e-05
10076	1	100	16	500	0.157918	0.100998	0.0441378	0.0568599	0.0569206	0.907649	0.0480083	1.05394	0.0549754	4.58e-05
10077	1	100	16	500	0.153753	0.0994196	0.0450694	0.0543501	0.0543334	0.910841	0.0234141	1.05837	0.0247836	4.42675e-05
10078	1	100	16	500	0.163654	0.103875	0.0485729	0.0553025	0.0597782	0.902784	0.0635867	1.04881	0.0729781	4.3956e-05
10079	1	100	20	500	0.164495	0.103921	0.0459207	0.0580005	0.0605736	0.902766	0.0636719	1.04825	0.0726002	4.64479e-05
10080	1	100	19	500	0.13736	0.0925842	0.037289	0.0552952	0.0447754	0.913904	0.0224115	1.06116	0.0238777	4.78453e-05
10081	1	100	19	500	0.165844	0.10294	0.0418587	0.0610811	0.0629046	0.895664	0.0910707	1.039	0.104482	4.966e-05
10082	1	100	21	500	0.125853	0.0886319	0.0364304	0.0522015	0.0372207	0.906793	0.0766071	1.05293	0.0881591	4.74096e-05
10083	1	100	16	500	0.126944	0.0891027	0.0382189	0.0508838	0.0378411	0.915531	0.020205	1.06403	0.0227118	4.64248e-05
10084	1	100	17	500	0.121261	0.0873237	0.0367445	0.0505792	0.0339373	0.9165	0.0200044	1.06499	0.0218051	4.70618e-05
10085	1	100	16	500	0.104414	0.0827494	0.0341865	0.0485629	0.0216642	0.919293	0.0160484	1.06759	0.0179815	4.72741e-05
10086	1	100	16	500	0.111622	0.0849177	0.0393872	0.0455305	0.0267041	0.917763	0.0186265	1.06724	0.02002	4.45034e-05
10087	1	100	16	500	0.111788	0.0853367	0.040758	0.0445787	0.0264516	0.917381	0.0175192	1.0669	0.01935	4.40337e-05
10088	1	100	14	500	0.118818	0.0876877	0.0444984	0.0431893	0.03113	0.916084	0.0195438	1.06606	0.0211442	4.26151e-05
10089	1	100	20	500	0.128664	0.090695	0.0498804	0.0408146	0.0379691	0.91388	0.0199963	1.06451	0.0232569	3.99592e-05
10090	1	100	20	500	0.115997	0.0873506	0.0472432	0.0401074	0.0286465	0.915777	0.0192645	1.0683	0.0192758	4.12907e-05
10091	1	100	17	500	0.119521	0.0877806	0.0484244	0.0393562	0.0317404	0.914861	0.0198772	1.06628	0.0222825	4.13288e-05
10092	1	100	13	500	0.1226	0.0894019	0.0432524	0.0461494	0.0331982	0.914478	0.0201155	1.06676	0.0233303	4.53172e-05
10093	1	100	10	500	0.115264	0.08748	0.0458032	0.0416768	0.0277845	0.915758	0.0177103	1.06895	0.0213097	4.31777e-05
10094	1	100	11	500	0.103124	0.084822	0.0452827	0.0395393	0.0183022	0.917035	0.0148508	1.07221	0.0177773	4.26908e-05
10095	1	100	15	500	0.116765	0.0880477	0.0459254	0.0421223	0.028717	0.915413	0.0186334	1.06803	0.0213	4.36649e-05
10096	1	100	16	500	0.122037	0.091111	0.051667	0.039444	0.0309259	0.913	0.0201543	1.06937	0.0227805	4.08142e-05
10097	1	100	16	500	0.126744	0.0929673	0.0535939	0.0393734	0.0337765	0.911412	0.0196494	1.06771	0.0244066	4.02929e-05
10098	1	100	12	500	0.121605	0.0906721	0.0524766	0.0381955	0.0309326	0.91327	0.0185781	1.06792	0.0213279	4.10491e-05
10099	1	100	14	500	0.143175	0.0981269	0.0587833	0.0393437	0.0450477	0.908777	0.0218983	1.06404	0.0265488	3.98273e-05
10100	1	100	16	500	0.132967	0.0960048	0.0577591	0.0382457	0.0369621	0.909428	0.0204793	1.0693	0.0245395	3.94016e-05
10101	1	100	17	500	0.151937	0.103077	0.0601815	0.0428954	0.0488601	0.902033	0.0470285	1.06104	0.0574953	4.07568e-05
