Generation	PopulationID	SampleSize	UniqueMutations	PopulationSize	totalLoad	RelzLoad	RelzLoadHomo	RelzLoadHetero	MskLoad	MeanFitness	SdFitness	MeanFitnessCached	SdFitnessCached	Heterozygosity	
10001	1	100	59	500	0.211152	0.196443	0.133159	0.0632839	0.0147089	0.811972	0.0519062	1.09095	0.0487235	3.58666e-05
10002	1	100	36	500	0.197762	0.182511	0.11621	0.0663008	0.015251	0.826505	0.0473613	1.08286	0.0417441	4.08588e-05
10003	1	100	36	500	0.202274	0.188804	0.123455	0.0653485	0.0134708	0.82074	0.0514579	1.08475	0.0444684	4.00517e-05
10004	1	100	32	500	0.184666	0.173379	0.105453	0.0679256	0.0112873	0.834976	0.0602774	1.07384	0.0571101	4.24255e-05
10005	1	100	29	500	0.183702	0.170818	0.10003	0.0707883	0.012884	0.837773	0.0568578	1.07606	0.0540729	4.33078e-05
10006	1	100	25	500	0.186348	0.174976	0.10656	0.0684163	0.0113722	0.833842	0.0628147	1.07719	0.0589683	4.34556e-05
10007	1	100	29	500	0.198535	0.178018	0.106333	0.0716852	0.0205162	0.831335	0.057956	1.07378	0.0535281	4.17872e-05
10008	1	100	25	500	0.182427	0.170968	0.10505	0.0659182	0.0114589	0.837644	0.0645734	1.07478	0.0608016	4.30421e-05
10009	1	100	30	500	0.188226	0.175264	0.106206	0.0690571	0.0129628	0.831984	0.0509624	1.07575	0.0550067	4.25617e-05
10010	1	100	30	500	0.200988	0.185894	0.114461	0.071433	0.0150943	0.823062	0.0581347	1.08157	0.0597933	4.15044e-05
10011	1	100	29	500	0.181192	0.168557	0.0972871	0.0712695	0.0126358	0.840238	0.0600307	1.06947	0.0507387	4.37447e-05
10012	1	100	27	500	0.181782	0.169026	0.100233	0.0687932	0.0127559	0.84011	0.0595006	1.07423	0.0513698	4.3745e-05
10013	1	100	29	500	0.178231	0.167028	0.10426	0.0627678	0.011203	0.840737	0.0638783	1.06777	0.058809	4.38387e-05
10014	1	100	30	500	0.166336	0.152314	0.0876496	0.0646645	0.0140223	0.855639	0.0727045	1.06201	0.0553068	4.64022e-05
10015	1	100	29	500	0.158736	0.145576	0.0808852	0.0646908	0.0131601	0.859889	0.0685419	1.0605	0.0653362	4.6583e-05
10016	1	100	30	500	0.164137	0.149611	0.0810655	0.0685457	0.0145257	0.858529	0.0712519	1.06528	0.0616738	4.74028e-05
10017	1	100	31	500	0.158817	0.144188	0.0770199	0.0671678	0.0146298	0.863596	0.066565	1.05665	0.057697	4.80009e-05
10018	1	100	31	500	0.149563	0.13414	0.0678155	0.0663249	0.0154227	0.873878	0.0652537	1.05212	0.0579371	4.9318e-05
10019	1	100	29	500	0.144122	0.131433	0.0673951	0.0640384	0.0126885	0.875455	0.0674742	1.04476	0.0601884	4.85574e-05
10020	1	100	28	500	0.127553	0.112103	0.055739	0.0563635	0.0154502	0.893433	0.0591463	1.02922	0.0519306	5.05419e-05
10021	1	100	32	500	0.130801	0.112461	0.0549243	0.0575365	0.0183406	0.893385	0.0611496	1.02626	0.0579648	5.04067e-05
10022	1	100	35	500	0.133365	0.115347	0.0560334	0.0593133	0.0180185	0.891204	0.063344	1.03086	0.0606828	5.02028e-05
10023	1	100	32	500	0.126502	0.111703	0.0544461	0.0572568	0.0147992	0.893949	0.0646643	1.02661	0.0572179	4.98385e-05
10024	1	100	33	500	0.121383	0.102622	0.0482595	0.0543621	0.0187609	0.902874	0.0673841	1.02306	0.0618034	5.06746e-05
10025	1	100	30	500	0.15182	0.133625	0.0644338	0.0691909	0.0181958	0.873763	0.0720954	1.04421	0.0669068	4.87541e-05
10026	1	100	34	500	0.154816	0.13157	0.0626912	0.0688788	0.0232455	0.876517	0.0705692	1.04187	0.0647616	4.94073e-05
10027	1	100	33	500	0.156216	0.132016	0.0621086	0.0699074	0.0241998	0.876169	0.0710562	1.04353	0.0656793	4.89068e-05
10028	1	100	32	500	0.15067	0.126682	0.0581628	0.068519	0.0239884	0.881307	0.064613	1.04043	0.057029	4.85536e-05
10029	1	100	28	500	0.145388	0.125371	0.0600981	0.0652729	0.0200169	0.88146	0.069326	1.03436	0.0629483	4.84263e-05
10030	1	100	29	500	0.14374	0.123466	0.0570669	0.0663992	0.0202737	0.883426	0.0745676	1.03452	0.0651963	4.88293e-05
10031	1	100	30	500	0.137202	0.121094	0.058176	0.0629184	0.0161074	0.885927	0.0540347	1.03128	0.0542236	4.82439e-05
10032	1	100	28	500	0.132476	0.112072	0.0529587	0.0591131	0.0204039	0.893202	0.0617261	1.02041	0.0528314	4.90204e-05
10033	1	100	30	500	0.13437	0.111099	0.0521924	0.0589071	0.0232701	0.894043	0.0587036	1.02084	0.0567809	4.92361e-05
10034	1	100	30	500	0.150225	0.118001	0.0541153	0.0638855	0.0322245	0.889859	0.0672156	1.02697	0.0580235	4.79451e-05
10035	1	100	31	500	0.174116	0.129553	0.0582049	0.0713484	0.0445626	0.880583	0.0695035	1.02883	0.0619087	4.82367e-05
10036	1	100	31	500	0.169968	0.126632	0.0552233	0.0714087	0.0433359	0.883759	0.0705655	1.03289	0.0604772	4.83959e-05
10037	1	100	33	500	0.189177	0.13654	0.0581731	0.0783666	0.0526373	0.875834	0.0748083	1.03726	0.0705762	4.92936e-05
10038	1	100	28	500	0.168978	0.123471	0.0535518	0.0699197	0.0455067	0.886465	0.0712036	1.02699	0.0591986	4.93542e-05
10039	1	100	26	500	0.152019	0.107229	0.0483175	0.0589113	0.0447903	0.899393	0.0686925	1.0113	0.0572771	4.83024e-05
10040	1	100	26	500	0.120977	0.0942595	0.043561	0.0506985	0.0267171	0.911419	0.0600065	1.01351	0.0492631	4.75218e-05
10041	1	100	27	500	0.107673	0.0827653	0.038186	0.0445793	0.0249081	0.922086	0.0659961	1.00598	0.0552783	4.69215e-05
10042	1	100	26	500	0.109864	0.092746	0.0416066	0.0511394	0.0171176	0.912831	0.0566807	1.02138	0.0531113	4.86637e-05
10043	1	100	26	500	0.101786	0.0821655	0.037349	0.0448164	0.0196201	0.92258	0.0645145	1.01203	0.0568098	4.78346e-05
10044	1	100	23	500	0.107281	0.0838342	0.0394561	0.0443781	0.0234464	0.920786	0.0584135	1.00706	0.0595005	4.8047e-05
10045	1	100	25	500	0.112018	0.0844095	0.0399349	0.0444746	0.0276086	0.92044	0.0618459	1.00409	0.0507928	4.59408e-05
10046	1	100	28	500	0.0954844	0.0752154	0.0373342	0.0378812	0.020269	0.928112	0.0572707	1.0002	0.0509787	4.53277e-05
10047	1	100	23	500	0.092665	0.0717333	0.0412051	0.0305282	0.0209317	0.933409	0.0508574	0.986443	0.0478288	3.9141e-05
10048	1	100	25	500	0.0912756	0.0715364	0.0431568	0.0283796	0.0197391	0.933345	0.0493911	0.981808	0.0456826	3.59969e-05
10049	1	100	23	500	0.0879772	0.0726631	0.0452425	0.0274206	0.0153142	0.929887	0.0493792	0.979195	0.0487604	3.25137e-05
10050	1	100	23	500	0.0845898	0.0683617	0.0413975	0.0269642	0.0162282	0.935253	0.0481887	0.982712	0.0389735	3.76986e-05
10051	1	100	25	500	0.0955124	0.0733039	0.0434444	0.0298595	0.0222085	0.931395	0.0501718	0.981381	0.0503177	3.78689e-05
10052	1	100	20	500	0.0927855	0.070953	0.045604	0.025349	0.0218325	0.932157	0.0443431	0.973966	0.0455224	3.51984e-05
10053	1	100	20	500	0.0841462	0.0638963	0.0388859	0.0250105	0.0202498	0.938142	0.044155	0.979139	0.0479367	3.33941e-05
10054	1	100	17	500	0.0770882	0.0570704	0.0364916	0.0205788	0.0200178	0.941354	0.0432331	0.973339	0.0458822	3.39758e-05
10055	1	100	17	500	0.0876037	0.0635222	0.0371852	0.026337	0.0240816	0.940425	0.0424486	0.983427	0.0430007	3.54206e-05
10056	1	100	21	500	0.0877752	0.0622613	0.0345533	0.027708	0.0255139	0.941249	0.0445471	0.986732	0.0411106	3.80704e-05
10057	1	100	19	500	0.079626	0.0543361	0.03393	0.0204061	0.0252899	0.94822	0.0373756	0.976887	0.0359785	3.60268e-05
10058	1	100	20	500	0.0782564	0.0586864	0.0374804	0.021206	0.0195699	0.939612	0.0409339	0.973041	0.0419003	3.32269e-05
10059	1	100	21	500	0.096803	0.066537	0.0397783	0.0267587	0.030266	0.937191	0.0390222	0.977213	0.0417422	3.52874e-05
10060	1	100	17	500	0.108934	0.0739676	0.0403742	0.0335935	0.034966	0.929292	0.0505293	0.982993	0.0505292	3.89456e-05
10061	1	100	20	500	0.111111	0.0794527	0.0473629	0.0320898	0.0316583	0.925416	0.0456837	0.977711	0.0501445	3.34237e-05
10062	1	100	20	500	0.119245	0.0744884	0.046621	0.0278674	0.0447568	0.931449	0.0424617	0.96631	0.0459624	3.17435e-05
10063	1	100	16	500	0.102532	0.0651521	0.0401103	0.0250418	0.03738	0.939377	0.045079	0.972516	0.0438153	3.18235e-05
10064	1	100	17	500	0.110964	0.0748601	0.0455368	0.0293233	0.0361041	0.928937	0.0441033	0.973668	0.0549994	3.34509e-05
10065	1	100	17	500	0.113178	0.0706666	0.0453986	0.0252679	0.042511	0.934017	0.0473372	0.96462	0.0504758	3.30838e-05
10066	1	100	19	500	0.113777	0.0628576	0.0420393	0.0208182	0.0509194	0.942536	0.0467173	0.958871	0.0454733	3.36314e-05
10067	1	100	19	500	0.119404	0.068917	0.043352	0.0255649	0.0504869	0.936213	0.0489562	0.962937	0.0513229	3.54225e-05
10068	1	100	18	500	0.140052	0.0807215	0.0527896	0.0279319	0.0593305	0.922889	0.0509209	0.949996	0.0601007	3.35246e-05
10069	1	100	16	500	0.149566	0.0862397	0.0508049	0.0354348	0.0633259	0.920964	0.0499971	0.963625	0.0588572	3.74032e-05
10070	1	100	17	500	0.140068	0.0800765	0.0530798	0.0269967	0.0599918	0.927907	0.0516275	0.952017	0.0493406	2.99549e-05
10071	1	100	18	500	0.158384	0.0906866	0.0589701	0.0317166	0.0676973	0.913701	0.0537286	0.94464	0.0667956	3.15865e-05
10072	1	100	18	500	0.183173	0.101135	0.0675268	0.0336086	0.0820373	0.91037	0.0535527	0.937128	0.0578797	3.00675e-05
10073	1	100	17	500	0.164565	0.095009	0.0623739	0.0326351	0.0695557	0.910944	0.0589391	0.942352	0.0647901	2.95352e-05
10074	1	100	21	500	0.15742	0.0916437	0.064277	0.0273666	0.0657761	0.912376	0.0551389	0.934179	0.0599072	2.67181e-05
10075	1	100	21	500	0.14626	0.0873758	0.0650031	0.0223728	0.0588842	0.912846	0.0565181	0.927853	0.0613722	2.35494e-05
10076	1	100	17	500	0.153191	0.101964	0.0798846	0.0220789	0.0512278	0.901196	0.0570054	0.919413	0.0632137	1.87421e-05
10077	1	100	16	500	0.156413	0.1061	0.0839418	0.022158	0.0503132	0.90208	0.0595392	0.920572	0.0598808	1.81748e-05
10078	1	100	15	500	0.186312	0.121012	0.0894415	0.031571	0.0652991	0.886814	0.0581305	0.917305	0.0621221	2.16417e-05
10079	1	100	25	500	0.2148	0.12471	0.0929372	0.0317733	0.0900898	0.88445	0.0623074	0.901532	0.0584129	1.89648e-05
10080	1	100	20	500	0.197276	0.124707	0.0961699	0.0285374	0.0725687	0.87865	0.0668295	0.899114	0.0745165	1.85943e-05
10081	1	100	21	500	0.200283	0.127704	0.0964496	0.0312546	0.072579	0.879611	0.0621104	0.905555	0.0708887	2.08094e-05
10082	1	100	19	500	0.234259	0.143174	0.107616	0.0355578	0.0910844	0.864954	0.0587031	0.889696	0.0656747	1.88141e-05
10083	1	100	18	500	0.250187	0.148243	0.104569	0.0436739	0.101944	0.861158	0.0640815	0.897587	0.0711799	2.05377e-05
10084	1	100	18	500	0.211418	0.137757	0.105776	0.0319808	0.0736612	0.872304	0.0529068	0.898836	0.0599333	1.73388e-05
10085	1	100	16	500	0.204875	0.134124	0.107515	0.0266085	0.0707516	0.875533	0.0545882	0.892027	0.0527381	1.48645e-05
10086	1	100	16	500	0.229486	0.147859	0.116896	0.0309639	0.0816265	0.863862	0.0522558	0.883559	0.0532266	1.49943e-05
10087	1	100	20	500	0.222902	0.14638	0.11653	0.0298495	0.0765223	0.863421	0.0589537	0.883817	0.0604515	1.49927e-05
10088	1	100	17	500	0.179652	0.106282	0.0773822	0.0288998	0.0733702	0.90149	0.0497603	0.922385	0.0520551	1.37783e-05
10089	1	100	11	500	0.155859	0.102312	0.0818482	0.0204642	0.0535461	0.901354	0.0425364	0.914942	0.0466124	1.16533e-05
10090	1	100	14	500	0.155261	0.0997229	0.0794418	0.0202811	0.0555386	0.895302	0.0854923	0.907484	0.0878653	1.18228e-05
10091	1	100	13	500	0.135246	0.0940945	0.0786165	0.015478	0.0411518	0.903386	0.0800133	0.910946	0.0696745	1.06937e-05
10092	1	100	14	500	0.160735	0.101449	0.0746292	0.0268202	0.0592855	0.90343	0.060908	0.926143	0.0472423	1.29559e-05
10093	1	100	13	500	0.159724	0.102422	0.0768946	0.0255272	0.0573024	0.904246	0.0576515	0.925555	0.0481254	1.28527e-05
10094	1	100	9	500	0.142811	0.0971668	0.07667	0.0204968	0.0456437	0.907455	0.0635418	0.923754	0.0438328	9.97269e-06
10095	1	100	15	500	0.144718	0.0917372	0.069903	0.0218341	0.0529813	0.91082	0.0607961	0.926553	0.0475546	1.12482e-05
10096	1	100	12	500	0.111092	0.0728524	0.0587999	0.0140525	0.0382395	0.93184	0.0615157	0.939537	0.0473402	1.03822e-05
10097	1	100	9	500	0.130866	0.0847501	0.0641351	0.020615	0.0461164	0.919983	0.0638479	0.936761	0.0477349	1.07304e-05
10098	1	100	10	500	0.121827	0.0807989	0.0631258	0.017673	0.0410281	0.924035	0.0630675	0.937457	0.0465195	1.09217e-05
10099	1	100	12	500	0.0880937	0.0618216	0.0552536	0.00656802	0.0262721	0.939083	0.0480421	0.939083	0.0480422	1.02467e-05
10100	1	100	8	500	0.0843991	0.0634953	0.0582694	0.00522594	0.0209038	0.937293	0.0473377	0.93732	0.0473143	1.00998e-05
10101	1	100	9	500	0.0750094	0.0556933	0.0508642	0.00482903	0.0193161	0.946183	0.0471881	0.946183	0.0471881	1.0495e-05
