Generation	PopulationID	SampleSize	UniqueMutations	PopulationSize	totalLoad	RelzLoad	RelzLoadHomo	RelzLoadHetero	MskLoad	MeanFitness	SdFitness	MeanFitnessCached	SdFitnessCached	Heterozygosity	
10001	1	100	50	500	0.0819019	0.0717697	0.0158086	0.0559611	0.0101322	0.928155	0.0606812	1.06385	0.0666861	3.66652e-05
10002	1	100	29	500	0.0827759	0.0773071	0.0170746	0.0602325	0.00546877	0.924782	0.0596702	1.07288	0.0649891	3.69445e-05
10003	1	100	29	500	0.0782226	0.0727402	0.0158186	0.0569216	0.00548243	0.929078	0.0625909	1.06796	0.0683759	3.77303e-05
10004	1	100	28	500	0.0705983	0.0655278	0.01709	0.0484377	0.00507046	0.936224	0.0578808	1.06116	0.0640412	3.75187e-05
10005	1	100	22	500	0.076248	0.0719476	0.0188146	0.053133	0.00430044	0.92962	0.0530697	1.06757	0.0559812	3.76312e-05
10006	1	100	24	500	0.0808805	0.0750772	0.0186918	0.0563854	0.0058033	0.926393	0.0544458	1.06941	0.0598439	3.71483e-05
10007	1	100	27	500	0.0952888	0.0832881	0.0212013	0.0620868	0.0120007	0.919173	0.0599164	1.07521	0.067845	3.78538e-05
10008	1	100	22	500	0.0688523	0.0634357	0.0166003	0.0468354	0.00541658	0.937135	0.0533094	1.05757	0.0567213	3.75964e-05
10009	1	100	20	500	0.067391	0.06236	0.0179447	0.0444152	0.00503103	0.938711	0.0576148	1.05744	0.0598663	3.74316e-05
10010	1	100	19	500	0.0641315	0.057559	0.0166358	0.0409232	0.00657258	0.943381	0.0550344	1.05151	0.0586968	3.68934e-05
10011	1	100	17	500	0.0694253	0.060785	0.017367	0.0434181	0.00864027	0.940365	0.0518257	1.05355	0.0537225	3.73246e-05
10012	1	100	19	500	0.0664804	0.0596579	0.0166136	0.0430442	0.00682254	0.941312	0.0534296	1.05346	0.055133	3.78123e-05
10013	1	100	20	500	0.080999	0.070331	0.0203005	0.0500305	0.0106679	0.931004	0.0571812	1.06193	0.0605034	3.73489e-05
10014	1	100	22	500	0.0736362	0.0641743	0.017494	0.0466804	0.00946182	0.936665	0.0502802	1.05591	0.0525232	3.73366e-05
10015	1	100	25	500	0.0808059	0.0687762	0.0203929	0.0483833	0.0120297	0.932743	0.0508763	1.05981	0.0501134	3.78832e-05
10016	1	100	26	500	0.0854566	0.0695366	0.0204395	0.0490971	0.01592	0.932329	0.0480189	1.05768	0.0536607	3.88103e-05
10017	1	100	26	500	0.0855715	0.0672273	0.0193529	0.0478745	0.0183442	0.934941	0.0454033	1.05383	0.0504641	3.82818e-05
10018	1	100	30	500	0.0882713	0.0693596	0.0208316	0.048528	0.0189117	0.932829	0.0503396	1.05547	0.0533932	3.85351e-05
10019	1	100	24	500	0.0811675	0.0628863	0.0182295	0.0446568	0.0182812	0.939399	0.0503403	1.04894	0.0513674	3.82927e-05
10020	1	100	24	500	0.0920693	0.0705211	0.0206994	0.0498216	0.0215482	0.932398	0.0516873	1.05463	0.0556933	3.89042e-05
10021	1	100	24	500	0.0911756	0.0641351	0.0187033	0.0454318	0.0270405	0.937929	0.0542881	1.04037	0.0583277	3.85501e-05
10022	1	100	23	500	0.0948815	0.0627133	0.0213482	0.0413651	0.0321682	0.943574	0.0462643	1.03618	0.0468137	3.89157e-05
10023	1	100	25	500	0.0888994	0.0617803	0.0200543	0.0417259	0.0271191	0.942792	0.0484942	1.04056	0.0511399	3.94323e-05
10024	1	100	28	500	0.0878306	0.0568691	0.0203439	0.0365252	0.0309615	0.946742	0.0521981	1.02845	0.050998	3.81227e-05
10025	1	100	24	500	0.0649037	0.0411286	0.0155131	0.0256155	0.0237751	0.961633	0.0330404	1.02282	0.0327493	3.66089e-05
10026	1	100	25	500	0.0511326	0.0336255	0.0123089	0.0213166	0.0175071	0.967789	0.028861	1.01999	0.0265386	3.66945e-05
10027	1	100	26	500	0.0390942	0.0266627	0.0123496	0.014313	0.0124315	0.973889	0.0230572	1.01635	0.0232769	3.50621e-05
10028	1	100	22	500	0.0376285	0.0292453	0.0132739	0.0159714	0.00838316	0.971506	0.0282364	1.02089	0.0281295	3.34517e-05
10029	1	100	23	500	0.0274985	0.0221747	0.0130247	0.00915001	0.00532376	0.978034	0.015738	1.01477	0.0167839	3.22584e-05
10030	1	100	20	500	0.0254993	0.0212482	0.0136249	0.00762325	0.00425115	0.979043	0.0153458	1.01392	0.0159607	2.98352e-05
10031	1	100	13	500	0.0232675	0.0189172	0.013324	0.0055932	0.00435033	0.980357	0.0134789	1.01197	0.0135797	3.06725e-05
10032	1	100	19	500	0.0249406	0.019007	0.0129695	0.00603752	0.00593358	0.981466	0.00780154	1.01129	0.00618231	3.14696e-05
10033	1	100	21	500	0.0244855	0.0202157	0.0148734	0.0053423	0.00426976	0.980023	0.00782523	1.01194	0.00634466	2.85549e-05
10034	1	100	20	500	0.0268835	0.0215685	0.0154371	0.00613133	0.00531498	0.978556	0.00985645	1.01328	0.0105033	2.8689e-05
10035	1	100	18	500	0.0299499	0.0223691	0.0165909	0.0057782	0.00758076	0.977894	0.00974407	1.01231	0.00767089	2.7062e-05
10036	1	100	21	500	0.0335571	0.0225102	0.0170604	0.0054498	0.0110469	0.97766	0.00812558	1.01075	0.00714192	2.67909e-05
10037	1	100	16	500	0.0310013	0.0218613	0.0165824	0.00527887	0.00914001	0.978572	0.00825478	1.01134	0.0070123	2.72315e-05
10038	1	100	17	500	0.035457	0.0233339	0.0168601	0.00647373	0.0121232	0.976856	0.0109772	1.01046	0.0109163	2.6566e-05
10039	1	100	15	500	0.037103	0.0239549	0.0176487	0.00630622	0.0131481	0.976707	0.00843185	1.01092	0.00832341	2.62367e-05
10040	1	100	16	500	0.0369481	0.0250963	0.0205548	0.00454152	0.0118518	0.975496	0.00819453	1.01122	0.00786662	2.06541e-05
10041	1	100	18	500	0.0403247	0.0257962	0.0201589	0.00563729	0.0145285	0.974127	0.0197504	1.00942	0.0199036	2.2456e-05
10042	1	100	17	500	0.0357797	0.0241642	0.0188035	0.00536074	0.0116155	0.976464	0.00808269	1.01072	0.00697168	2.40023e-05
10043	1	100	16	500	0.0378816	0.02495	0.0199329	0.0050171	0.0129316	0.973491	0.0268358	1.00849	0.0270911	2.29014e-05
10044	1	100	17	500	0.0363258	0.0246321	0.0202361	0.00439594	0.0116937	0.976293	0.00798293	1.01161	0.00761147	2.26583e-05
10045	1	100	14	500	0.0386178	0.0266861	0.0229866	0.00369956	0.0119317	0.974156	0.00686701	1.01063	0.00745693	1.56157e-05
10046	1	100	14	500	0.040873	0.0266437	0.0220585	0.00458512	0.0142294	0.974447	0.00812855	1.01027	0.00814714	1.92026e-05
10047	1	100	16	500	0.0488722	0.0293431	0.023587	0.00575605	0.0195292	0.972847	0.00927169	1.00911	0.00938301	1.81316e-05
10048	1	100	17	500	0.0483956	0.0287545	0.0225502	0.00620425	0.0196412	0.973446	0.00898625	1.00858	0.00901404	1.96123e-05
10049	1	100	17	500	0.0517432	0.0298702	0.0225899	0.00728026	0.021873	0.969592	0.0305683	1.0033	0.0311257	1.81494e-05
10050	1	100	18	500	0.0459607	0.0280117	0.0215784	0.00643329	0.0179489	0.973005	0.00949161	1.00652	0.0111896	1.63744e-05
10051	1	100	17	500	0.0386135	0.0261898	0.0209354	0.00525438	0.0124238	0.974657	0.00788205	1.00805	0.00891027	1.65381e-05
10052	1	100	16	500	0.0366477	0.0253713	0.0200215	0.00534982	0.0112765	0.974953	0.00841037	1.0071	0.0102029	1.70575e-05
10053	1	100	14	500	0.0350619	0.0250292	0.0200698	0.00495948	0.0100326	0.97566	0.0066826	1.00786	0.0068324	1.70367e-05
10054	1	100	11	500	0.0311961	0.0244779	0.0204687	0.00400919	0.00671818	0.975527	0.00588601	1.00812	0.00976973	1.61542e-05
10055	1	100	15	500	0.0268279	0.0236299	0.0203999	0.00323005	0.00319797	0.976758	0.00444598	1.00979	0.00736984	1.64316e-05
10056	1	100	11	500	0.0264485	0.0236769	0.0211419	0.00253497	0.00277165	0.976697	0.00384477	1.01068	0.00568985	1.6436e-05
10057	1	100	13	500	0.0264849	0.0241768	0.0225045	0.00167228	0.00230814	0.975821	0.00505895	1.01151	0.00664098	1.56941e-05
10058	1	100	15	500	0.0302688	0.0238504	0.0201259	0.00372457	0.00641833	0.97652	0.0104916	1.0098	0.0120367	2.0173e-05
10059	1	100	12	500	0.0265627	0.0230355	0.0199208	0.00311468	0.00352719	0.977168	0.00637977	1.01005	0.008301	2.01761e-05
10060	1	100	11	500	0.0273869	0.0230929	0.0196353	0.00345761	0.00429403	0.977055	0.00564791	1.00959	0.00875836	2.00597e-05
10061	1	100	14	500	0.0277368	0.0229867	0.0199872	0.00299953	0.00475013	0.977434	0.00656463	1.01144	0.00816233	2.16311e-05
10062	1	100	12	500	0.0262443	0.022537	0.0195909	0.00294604	0.00370737	0.977546	0.00688299	1.01161	0.00872948	2.28937e-05
10063	1	100	12	500	0.0263509	0.0225413	0.0190669	0.00347443	0.00380961	0.977709	0.0051012	1.01035	0.00924149	2.27414e-05
10064	1	100	11	500	0.0270244	0.0225018	0.0187239	0.00377787	0.00452261	0.977725	0.00617901	1.00963	0.0102427	2.25662e-05
10065	1	100	14	500	0.0366179	0.0246052	0.0188809	0.00572431	0.0120127	0.976329	0.0130986	1.008	0.0132777	2.24285e-05
10066	1	100	11	500	0.0367571	0.0246252	0.0185443	0.00608089	0.012132	0.976242	0.0126543	1.00667	0.013931	2.20419e-05
10067	1	100	13	500	0.0362319	0.0245771	0.0186014	0.00597574	0.0116548	0.976009	0.0132421	1.00645	0.0143327	2.21995e-05
10068	1	100	12	500	0.0331429	0.024082	0.0186224	0.00545955	0.00906098	0.976666	0.0102093	1.00656	0.0117642	2.12517e-05
10069	1	100	9	500	0.0268859	0.0224863	0.0180945	0.00439178	0.00439957	0.978455	0.00437534	1.00807	0.00828373	2.27386e-05
10070	1	100	9	500	0.0265224	0.0229715	0.0195009	0.00347059	0.00355087	0.9773	0.00453195	1.00934	0.00843024	2.11309e-05
10071	1	100	13	500	0.0267455	0.0229135	0.0196396	0.00327392	0.00383194	0.977598	0.00441017	1.01027	0.0071213	2.14333e-05
10072	1	100	11	500	0.0291353	0.023495	0.0198381	0.00365688	0.00564026	0.976459	0.0057042	1.00937	0.00841994	2.14209e-05
10073	1	100	11	500	0.0299919	0.0240033	0.0202594	0.00374396	0.00598856	0.976217	0.00660855	1.00903	0.00877478	1.95859e-05
10074	1	100	14	500	0.0296037	0.0248601	0.0226634	0.00219671	0.00474353	0.975251	0.00708679	1.01111	0.0082778	1.69807e-05
10075	1	100	9	500	0.0262299	0.0247515	0.0234565	0.00129504	0.00147836	0.975419	0.00336333	1.01153	0.00373254	1.42553e-05
10076	1	100	12	500	0.0263008	0.0247211	0.0235919	0.00112918	0.00157971	0.975254	0.00347652	1.01185	0.00452842	1.49676e-05
10077	1	100	12	500	0.0260752	0.0249619	0.0241994	0.000762551	0.0011133	0.974276	0.00849086	1.01126	0.00901358	1.41515e-05
10078	1	100	16	500	0.0285689	0.0257618	0.0246303	0.00113146	0.00280717	0.974394	0.00375222	1.01153	0.00418993	1.26129e-05
10079	1	100	15	500	0.0265544	0.0249415	0.0238925	0.00104904	0.00161291	0.975252	0.00337303	1.01192	0.00412501	1.45067e-05
10080	1	100	15	500	0.0263276	0.0251077	0.0240464	0.00106123	0.00121996	0.974818	0.00500825	1.01125	0.00565353	1.2691e-05
10081	1	100	15	500	0.0263033	0.0251403	0.0240994	0.00104084	0.00116299	0.974797	0.00489771	1.01129	0.00578711	1.2512e-05
10082	1	100	17	500	0.0389271	0.0281597	0.0248398	0.00331987	0.0107674	0.972143	0.0152429	1.00873	0.0158208	1.14757e-05
10083	1	100	13	500	0.0403371	0.0286155	0.0251383	0.00347713	0.0117217	0.97173	0.0161942	1.00851	0.0167947	1.05923e-05
10084	1	100	13	500	0.0385352	0.0281938	0.025052	0.00314177	0.0103414	0.97203	0.0151935	1.009	0.0158127	1.06906e-05
10085	1	100	12	500	0.0287796	0.0257579	0.0239916	0.00176626	0.00302175	0.974365	0.00438119	1.01019	0.005287	1.14138e-05
10086	1	100	12	500	0.0293345	0.0261504	0.024852	0.00129837	0.00318415	0.973518	0.00929689	1.01043	0.0098041	1.05085e-05
10087	1	100	10	500	0.026255	0.0255608	0.0250493	0.000511543	0.000694226	0.974192	0.00543108	1.01154	0.00591422	1.03424e-05
10088	1	100	10	500	0.0263647	0.0258736	0.0254313	0.000442296	0.000491049	0.973982	0.0027253	1.01144	0.00329633	1.02394e-05
10089	1	100	9	500	0.0199238	0.0190754	0.0185807	0.00049462	0.000848417	0.980919	0.00272408	1.01864	0.00324299	1.04484e-05
10090	1	100	10	500	0.0196596	0.0188625	0.018179	0.00068351	0.000797139	0.98085	0.00240091	1.01822	0.00522198	1.11595e-05
10091	1	100	10	500	0.019392	0.0189647	0.0185754	0.000389335	0.00042728	0.980904	0.0024626	1.01864	0.0030089	1.05412e-05
10092	1	100	9	500	0.0195433	0.0188171	0.0181151	0.000701967	0.000726257	0.981055	0.00242112	1.01834	0.00333352	1.12646e-05
10093	1	100	7	500	0.0194415	0.019065	0.0187816	0.000283417	0.00037647	0.980777	0.00221423	1.01874	0.00261547	1.02885e-05
10094	1	100	9	500	0.0194671	0.0189019	0.0183675	0.000534396	0.000565133	0.981065	0.0015666	1.0185	0.00252589	1.11343e-05
10095	1	100	10	500	0.0203531	0.0191487	0.0185465	0.000602155	0.00120445	0.980588	0.00512832	1.01851	0.0055716	1.06984e-05
10096	1	100	9	500	0.0254517	0.0211162	0.018664	0.00245223	0.00433544	0.978708	0.0112077	1.0189	0.0121688	1.1363e-05
10097	1	100	12	500	0.0274554	0.0219404	0.0179595	0.0039809	0.00551507	0.978104	0.0116372	1.01895	0.0126687	1.24504e-05
10098	1	100	14	500	0.0296687	0.0216319	0.0177325	0.00389938	0.00803686	0.978602	0.0110785	1.01728	0.011944	1.29877e-05
10099	1	100	13	500	0.0325148	0.0214903	0.0179299	0.00356043	0.0110245	0.978618	0.0103554	1.01507	0.0114669	1.31571e-05
10100	1	100	14	500	0.0342652	0.0218355	0.0178716	0.00396389	0.0124297	0.978267	0.012223	1.01458	0.0127977	1.34493e-05
10101	1	100	11	500	0.039938	0.0234366	0.018507	0.00492965	0.0165013	0.977404	0.0123313	1.0138	0.0125264	1.36165e-05
