Generation	PopulationID	SampleSize	UniqueMutations	PopulationSize	totalLoad	RelzLoad	RelzLoadHomo	RelzLoadHetero	MskLoad	MeanFitness	SdFitness	MeanFitnessCached	SdFitnessCached	Heterozygosity	
10001	1	100	61	500	0.230087	0.192355	0.111645	0.0807095	0.0377324	0.820941	0.074846	1.06157	0.0428945	7.4892e-05
10002	1	100	40	500	0.21742	0.182481	0.1027	0.079781	0.0349388	0.836678	0.0678439	1.07111	0.039673	7.59159e-05
10003	1	100	33	500	0.227628	0.1908	0.11082	0.0799801	0.0368279	0.824684	0.0748535	1.06616	0.0418247	7.50036e-05
10004	1	100	31	500	0.239649	0.205427	0.125543	0.0798842	0.0342215	0.812215	0.0738516	1.07342	0.043746	7.2538e-05
10005	1	100	30	500	0.238007	0.198453	0.110891	0.0875622	0.0395536	0.816274	0.0671384	1.07387	0.0397761	7.44434e-05
10006	1	100	25	500	0.216689	0.183025	0.0923787	0.0906466	0.0336641	0.831263	0.0693888	1.07715	0.0459993	7.81373e-05
10007	1	100	24	500	0.184068	0.152928	0.0694402	0.0834874	0.0311407	0.858704	0.0681352	1.06553	0.0397905	8.18892e-05
10008	1	100	22	500	0.173243	0.147601	0.0644137	0.0831877	0.0256413	0.868439	0.0631781	1.07567	0.0485686	8.14233e-05
10009	1	100	21	500	0.151381	0.127311	0.0507925	0.0765183	0.0240704	0.884635	0.0586214	1.06702	0.0450998	8.34431e-05
10010	1	100	18	500	0.178425	0.151569	0.0658036	0.0857653	0.0268559	0.863756	0.0667382	1.08385	0.0471073	8.16745e-05
10011	1	100	18	500	0.160637	0.134437	0.0549075	0.0795296	0.0261995	0.875693	0.0694008	1.06809	0.0458764	8.39696e-05
10012	1	100	18	500	0.16444	0.139217	0.0578403	0.0813765	0.0252232	0.87147	0.0774611	1.07113	0.0518986	8.30033e-05
10013	1	100	18	500	0.171577	0.145979	0.0623078	0.083671	0.025598	0.86691	0.0698608	1.07668	0.0498837	8.30393e-05
10014	1	100	19	500	0.151168	0.126902	0.0499659	0.0769361	0.0242659	0.883622	0.072819	1.06638	0.0524093	8.47713e-05
10015	1	100	24	500	0.151171	0.12727	0.0503621	0.0769077	0.0239013	0.883962	0.0596451	1.06901	0.0466966	8.31537e-05
10016	1	100	20	500	0.163523	0.138609	0.0574958	0.0811133	0.0249135	0.87339	0.0730432	1.07494	0.0530017	8.13619e-05
10017	1	100	24	500	0.157577	0.133417	0.0544011	0.0790157	0.0241605	0.878083	0.0666193	1.07401	0.0478122	8.12553e-05
10018	1	100	19	500	0.143846	0.122251	0.0488149	0.0734357	0.0215949	0.888407	0.0714972	1.06744	0.0541003	7.92717e-05
10019	1	100	20	500	0.137016	0.1162	0.0454052	0.0707944	0.020816	0.892743	0.0659208	1.0637	0.0499074	7.88386e-05
10020	1	100	21	500	0.120179	0.0990177	0.0357116	0.063306	0.0211612	0.907466	0.0703425	1.04657	0.0534656	7.9618e-05
10021	1	100	21	500	0.12539	0.105031	0.0401529	0.0648782	0.0203588	0.901858	0.072039	1.04578	0.0558718	7.57763e-05
10022	1	100	18	500	0.120663	0.101493	0.0391828	0.0623103	0.0191696	0.905479	0.0668805	1.04246	0.0531688	7.67748e-05
10023	1	100	19	500	0.106351	0.0884571	0.03237	0.0560872	0.0178939	0.917436	0.0610186	1.03786	0.0510182	7.389e-05
10024	1	100	19	500	0.122393	0.10325	0.0400856	0.0631642	0.0191428	0.903846	0.0624861	1.04781	0.0496626	7.3745e-05
10025	1	100	23	500	0.122683	0.101293	0.0384762	0.0628168	0.0213901	0.906707	0.0577846	1.04448	0.0511728	7.27315e-05
10026	1	100	21	500	0.121879	0.0988572	0.0366593	0.0621979	0.0230218	0.908811	0.059732	1.04347	0.0514651	7.51373e-05
10027	1	100	22	500	0.104081	0.0844668	0.0310897	0.0533772	0.0196139	0.921483	0.0586197	1.03438	0.0531102	7.13639e-05
10028	1	100	22	500	0.110362	0.0890061	0.0338209	0.0551852	0.021356	0.915838	0.0566834	1.03062	0.0430979	6.86087e-05
10029	1	100	20	500	0.119336	0.0964476	0.0370297	0.0594179	0.0228884	0.910686	0.065178	1.0374	0.0580452	6.69415e-05
10030	1	100	21	500	0.111817	0.089088	0.0337178	0.0553702	0.0227289	0.916469	0.0546809	1.03077	0.0463327	6.4182e-05
10031	1	100	24	500	0.0953247	0.0764989	0.0292259	0.0472729	0.0188259	0.92806	0.0540311	1.02439	0.0503375	5.80802e-05
10032	1	100	22	500	0.103441	0.0782491	0.0287677	0.0494814	0.0251922	0.926324	0.0548775	1.0216	0.0475033	6.18233e-05
10033	1	100	24	500	0.101294	0.0790423	0.0290686	0.0499738	0.0222515	0.925684	0.0521285	1.02469	0.0480431	6.29312e-05
10034	1	100	25	500	0.11709	0.0886895	0.0336166	0.0550729	0.0284003	0.916514	0.0566085	1.02639	0.0529544	5.89101e-05
10035	1	100	28	500	0.106192	0.0782701	0.0281423	0.0501279	0.0279216	0.926422	0.0581988	1.02251	0.0506601	6.04975e-05
10036	1	100	27	500	0.114435	0.0800346	0.0285345	0.0515001	0.0344003	0.925747	0.0553227	1.02306	0.0511002	6.27404e-05
10037	1	100	27	500	0.0991966	0.0656373	0.0232756	0.0423616	0.0335593	0.938416	0.0549854	1.01127	0.0432621	5.80048e-05
10038	1	100	25	500	0.0939258	0.0670132	0.0258319	0.0411814	0.0269126	0.935847	0.0587027	1.00937	0.0458	5.24657e-05
10039	1	100	26	500	0.0963718	0.0679615	0.0251966	0.042765	0.0284103	0.93549	0.0489034	1.01133	0.0380694	5.75057e-05
10040	1	100	29	500	0.113216	0.0771157	0.0267463	0.0503694	0.0360999	0.926784	0.0576482	1.0164	0.0449895	6.41504e-05
10041	1	100	23	500	0.105261	0.0754681	0.0275046	0.0479636	0.0297929	0.929791	0.0528652	1.01751	0.0472118	6.52755e-05
10042	1	100	25	500	0.101333	0.0729964	0.0284694	0.044527	0.0283364	0.931831	0.0493079	1.01218	0.0469843	6.36973e-05
10043	1	100	23	500	0.0983495	0.0681082	0.0261616	0.0419466	0.0302413	0.935529	0.0501112	1.00827	0.042724	6.45011e-05
10044	1	100	23	500	0.101222	0.0743276	0.0279765	0.0463511	0.0268944	0.928282	0.0591787	1.01289	0.0417471	6.61533e-05
10045	1	100	25	500	0.101217	0.0740325	0.0272594	0.0467731	0.0271847	0.930449	0.0527167	1.01731	0.0497759	6.62165e-05
10046	1	100	26	500	0.109435	0.0799505	0.0293826	0.0505679	0.0294849	0.925513	0.0577492	1.02198	0.0533636	6.71201e-05
10047	1	100	25	500	0.126632	0.10034	0.0383526	0.0619873	0.0262924	0.906647	0.0567287	1.03991	0.0540213	7.2657e-05
10048	1	100	24	500	0.132946	0.102925	0.0407924	0.0621325	0.0300207	0.903329	0.0568731	1.03597	0.05048	6.8299e-05
10049	1	100	27	500	0.128474	0.0999923	0.0394076	0.0605847	0.0284816	0.90671	0.0480055	1.03369	0.0535943	6.78337e-05
10050	1	100	25	500	0.133778	0.103933	0.0418326	0.0621005	0.0298452	0.902049	0.0555699	1.03076	0.057934	6.45983e-05
10051	1	100	28	500	0.138	0.111623	0.0451567	0.0664663	0.0263771	0.896316	0.0538409	1.03784	0.0592527	6.7221e-05
10052	1	100	23	500	0.13686	0.113357	0.0460497	0.0673073	0.0235032	0.892172	0.0517415	1.0405	0.0563455	7.03394e-05
10053	1	100	25	500	0.134559	0.111865	0.0470783	0.0647863	0.0226947	0.894605	0.0527	1.03898	0.0547876	6.86637e-05
10054	1	100	23	500	0.117492	0.0946985	0.026783	0.0679155	0.0227937	0.911152	0.0525796	1.0709	0.0545878	7.06905e-05
10055	1	100	23	500	0.112654	0.0888698	0.0226752	0.0661947	0.0237846	0.915485	0.0505276	1.06338	0.0546441	6.9313e-05
10056	1	100	24	500	0.0979029	0.0768176	0.0177404	0.0590772	0.0210853	0.926944	0.0521908	1.05463	0.0573562	6.46743e-05
10057	1	100	20	500	0.0823089	0.0644039	0.0137286	0.0506752	0.017905	0.936985	0.0519684	1.04464	0.0578535	6.33418e-05
10058	1	100	21	500	0.080563	0.0620564	0.0131305	0.0489259	0.0185066	0.940919	0.0514954	1.0433	0.0529581	6.13436e-05
10059	1	100	21	500	0.0788554	0.0601323	0.0127579	0.0473744	0.0187232	0.943401	0.0504657	1.04218	0.0510175	6.06887e-05
10060	1	100	22	500	0.079613	0.0599124	0.0131397	0.0467727	0.0197006	0.941987	0.0411348	1.03912	0.0503353	5.93443e-05
10061	1	100	23	500	0.107228	0.0674551	0.0137494	0.0537057	0.0397726	0.935958	0.0549515	1.03913	0.0541531	6.50627e-05
10062	1	100	18	500	0.0915408	0.0698663	0.0165266	0.0533397	0.0216745	0.930758	0.0554371	1.04636	0.0548187	6.57293e-05
10063	1	100	19	500	0.0823719	0.0625481	0.0150242	0.047524	0.0198238	0.937612	0.0522122	1.0401	0.0501738	6.53783e-05
10064	1	100	20	500	0.0742921	0.0556646	0.0115138	0.0441508	0.0186275	0.946645	0.0475022	1.03813	0.0465389	6.14851e-05
10065	1	100	16	500	0.0763368	0.0590477	0.0112722	0.0477755	0.0172891	0.941195	0.0480396	1.04184	0.049731	6.28209e-05
10066	1	100	18	500	0.0709643	0.0558157	0.0107215	0.0450942	0.0151486	0.947531	0.0450229	1.04487	0.0433416	6.39131e-05
10067	1	100	16	500	0.0553012	0.04475	0.00890707	0.0358429	0.0105512	0.956931	0.0395552	1.03756	0.0401787	6.24862e-05
10068	1	100	20	500	0.0516448	0.0395124	0.00921269	0.0302997	0.0121323	0.96197	0.0375199	1.02973	0.0353541	5.98566e-05
10069	1	100	18	500	0.0519373	0.0395671	0.00933914	0.0302279	0.0123702	0.960604	0.0320922	1.02736	0.03839	5.88801e-05
10070	1	100	20	500	0.0482532	0.0343295	0.00753823	0.0267913	0.0139237	0.967483	0.0361949	1.01985	0.0400686	4.95205e-05
10071	1	100	19	500	0.0463517	0.0309326	0.00766866	0.023264	0.0154191	0.971073	0.0306976	1.01625	0.0280832	4.97762e-05
10072	1	100	21	500	0.0429032	0.0288534	0.00642395	0.0224295	0.0140498	0.970953	0.0316522	1.01585	0.0308902	5.07333e-05
10073	1	100	18	500	0.0544339	0.033543	0.00699024	0.0265528	0.0208908	0.967414	0.0324015	1.01763	0.0350417	5.39735e-05
10074	1	100	19	500	0.0496827	0.0317245	0.0078076	0.0239169	0.0179583	0.96998	0.0317668	1.01562	0.0307453	5.25484e-05
10075	1	100	18	500	0.0542702	0.0387407	0.0118893	0.0268514	0.0155295	0.962704	0.0303431	1.02331	0.03567	6.11034e-05
10076	1	100	18	500	0.0528881	0.0386105	0.0134595	0.025151	0.0142776	0.960459	0.0282532	1.02144	0.0377717	6.25935e-05
10077	1	100	17	500	0.046789	0.0326966	0.0113002	0.0213965	0.0140924	0.967595	0.0259032	1.01528	0.0352829	5.68552e-05
10078	1	100	21	500	0.052243	0.034406	0.011375	0.023031	0.017837	0.967195	0.023821	1.01612	0.0313592	5.82761e-05
10079	1	100	12	500	0.0541254	0.034296	0.0131499	0.0211461	0.0198294	0.966743	0.0245274	1.01087	0.0350386	5.7672e-05
10080	1	100	14	500	0.0448858	0.023459	0.00898255	0.0144765	0.0214268	0.978845	0.0211238	0.999901	0.0267289	4.20092e-05
10081	1	100	20	500	0.0490113	0.0230716	0.00859317	0.0144784	0.0259397	0.978097	0.0218622	0.996241	0.0278961	4.00133e-05
10082	1	100	16	500	0.0609345	0.0255866	0.00964041	0.0159462	0.0353479	0.977576	0.021928	0.993473	0.0246766	3.70556e-05
10083	1	100	16	500	0.069279	0.0299776	0.0125966	0.0173811	0.0393013	0.972454	0.02456	0.9896	0.0275469	3.82758e-05
10084	1	100	16	500	0.0671973	0.0270292	0.0101423	0.0168869	0.0401682	0.971375	0.0270759	0.986563	0.0319069	3.66916e-05
10085	1	100	16	500	0.0885459	0.0334239	0.01207	0.0213539	0.055122	0.970476	0.0260867	0.987128	0.0283771	3.67008e-05
10086	1	100	18	500	0.0911923	0.0344066	0.0115501	0.0228565	0.0567857	0.963508	0.0614613	0.983	0.0635616	3.9971e-05
10087	1	100	16	500	0.0729351	0.029757	0.0101316	0.0196254	0.0431781	0.970605	0.028268	0.991092	0.0305415	4.25362e-05
10088	1	100	17	500	0.077396	0.0330981	0.011774	0.0213241	0.0442979	0.969131	0.0259224	0.994035	0.0301792	4.7936e-05
10089	1	100	16	500	0.0751877	0.0296454	0.00933115	0.0203143	0.0455423	0.972839	0.0264238	0.993784	0.0274455	4.55521e-05
10090	1	100	17	500	0.0664654	0.0279721	0.0090131	0.018959	0.0384933	0.9714	0.0284286	0.993471	0.0296229	4.64624e-05
10091	1	100	17	500	0.0625891	0.0262852	0.00919849	0.0170867	0.0363039	0.973735	0.0286272	0.992983	0.027118	4.44008e-05
10092	1	100	19	500	0.0595399	0.0265018	0.0101053	0.0163965	0.0330382	0.974684	0.0261391	0.994102	0.0264384	4.41167e-05
10093	1	100	20	500	0.0659697	0.0264253	0.0103398	0.0160855	0.0395444	0.97477	0.0297539	0.988727	0.0246545	3.94028e-05
10094	1	100	18	500	0.0584533	0.0233824	0.00867835	0.014704	0.0350709	0.974765	0.0289005	0.988481	0.0270749	3.9954e-05
10095	1	100	20	500	0.0556646	0.0216663	0.00954687	0.0121195	0.0339982	0.97981	0.0258047	0.987761	0.0203881	3.32729e-05
10096	1	100	16	500	0.0650481	0.0239334	0.00844305	0.0154904	0.0411147	0.97737	0.0290379	0.988746	0.0187184	3.68657e-05
10097	1	100	19	500	0.056972	0.0214157	0.00824726	0.0131685	0.0355563	0.979687	0.0258537	0.98936	0.0192525	3.5638e-05
10098	1	100	14	500	0.0471181	0.0182523	0.00799366	0.0102586	0.0288658	0.983332	0.0209268	0.990605	0.018151	3.38492e-05
10099	1	100	15	500	0.0458594	0.0176686	0.00726479	0.0104038	0.0281908	0.984528	0.0201281	0.992832	0.0152112	3.54073e-05
10100	1	100	14	500	0.0432025	0.0165541	0.00668594	0.00986814	0.0266484	0.985634	0.0200046	0.993854	0.0166796	3.56622e-05
10101	1	100	12	500	0.0396774	0.0159986	0.00821429	0.00778432	0.0236788	0.986062	0.0158968	0.9913	0.0176645	3.15876e-05
