Generation	PopulationID	SampleSize	UniqueMutations	PopulationSize	totalLoad	RelzLoad	RelzLoadHomo	RelzLoadHetero	MskLoad	MeanFitness	SdFitness	MeanFitnessCached	SdFitnessCached	Heterozygosity	
10001	1	100	39	500	0.361905	0.327448	0.173899	0.153549	0.034457	0.697571	0.0469073	1.32554	0.0844657	2.97279e-05
10002	1	100	28	500	0.360036	0.325633	0.16103	0.164603	0.0344031	0.697163	0.0472958	1.31907	0.0966845	3.06957e-05
10003	1	100	27	500	0.363228	0.327516	0.167935	0.159581	0.0357127	0.698847	0.0432383	1.32598	0.0767433	3.08209e-05
10004	1	100	24	500	0.364333	0.328067	0.162459	0.165608	0.0362664	0.698234	0.0436676	1.32445	0.0894229	3.14413e-05
10005	1	100	24	500	0.380858	0.332552	0.167429	0.165123	0.0483059	0.698081	0.0421695	1.3246	0.0798581	3.15704e-05
10006	1	100	27	500	0.373877	0.326308	0.171216	0.155092	0.0475688	0.700599	0.0364506	1.31486	0.0678502	3.10802e-05
10007	1	100	23	500	0.395534	0.32976	0.181818	0.147941	0.0657746	0.695454	0.0409204	1.29517	0.0786802	3.06205e-05
10008	1	100	23	500	0.380984	0.319184	0.179363	0.139821	0.0617999	0.706747	0.028951	1.28853	0.0606498	2.98949e-05
10009	1	100	24	500	0.394623	0.329217	0.191231	0.137986	0.0654053	0.698838	0.0319972	1.2953	0.0665827	2.99689e-05
10010	1	100	21	500	0.400116	0.334555	0.196789	0.137766	0.0655613	0.69484	0.0386138	1.30139	0.079984	3.11332e-05
10011	1	100	21	500	0.389211	0.335883	0.192831	0.143051	0.0533281	0.691374	0.0421442	1.31268	0.0799589	3.25298e-05
10012	1	100	21	500	0.407164	0.340866	0.195124	0.145742	0.0662978	0.688143	0.0448675	1.30258	0.0841413	3.17412e-05
10013	1	100	21	500	0.395159	0.336553	0.190277	0.146275	0.0586061	0.690628	0.0445663	1.30748	0.0926391	3.20618e-05
10014	1	100	23	500	0.394375	0.331246	0.176748	0.154498	0.0631289	0.69672	0.0513726	1.30101	0.0951096	3.2828e-05
10015	1	100	24	500	0.393765	0.324817	0.174092	0.150725	0.0689481	0.70452	0.0470155	1.29089	0.0772912	3.31134e-05
10016	1	100	20	500	0.383857	0.320626	0.17445	0.146176	0.0632306	0.706119	0.0520201	1.28232	0.0834002	3.30356e-05
10017	1	100	20	500	0.365513	0.316551	0.170689	0.145862	0.0489612	0.709389	0.0406709	1.29594	0.0697202	3.36857e-05
10018	1	100	18	500	0.370913	0.320615	0.181294	0.139321	0.0502977	0.706216	0.0336058	1.29722	0.055978	3.28526e-05
10019	1	100	20	500	0.374602	0.322981	0.183768	0.139213	0.0516203	0.704023	0.0407023	1.29664	0.0705085	3.29902e-05
10020	1	100	19	500	0.353264	0.311244	0.166645	0.144599	0.0420197	0.711855	0.0346663	1.29625	0.0627329	3.2995e-05
10021	1	100	16	500	0.358178	0.315128	0.18369	0.131438	0.0430506	0.706596	0.0450189	1.29041	0.0729076	3.15407e-05
10022	1	100	15	500	0.357511	0.319441	0.199155	0.120286	0.0380702	0.703889	0.0426388	1.30454	0.0692769	3.12897e-05
10023	1	100	15	500	0.349801	0.3169	0.209801	0.107098	0.0329018	0.703694	0.0414264	1.30372	0.0660023	3.04587e-05
10024	1	100	15	500	0.357856	0.323215	0.241146	0.0820697	0.0346409	0.694389	0.041886	1.30065	0.0774974	2.87824e-05
10025	1	100	16	500	0.353926	0.32777	0.236334	0.0914354	0.0261562	0.693204	0.0476164	1.31862	0.0761535	3.06654e-05
10026	1	100	17	500	0.356468	0.33367	0.243192	0.0904777	0.022798	0.688111	0.0442551	1.3308	0.0783931	3.00938e-05
10027	1	100	14	500	0.337945	0.321518	0.242265	0.0792527	0.0164274	0.690771	0.0401605	1.32632	0.0694418	3.05176e-05
10028	1	100	17	500	0.346799	0.331186	0.243538	0.0876481	0.0156134	0.690351	0.0451979	1.33303	0.0720123	3.12952e-05
10029	1	100	14	500	0.356024	0.337403	0.250291	0.0871113	0.0186211	0.685318	0.0464225	1.33099	0.0748401	3.2141e-05
10030	1	100	15	500	0.340309	0.323999	0.23402	0.0899785	0.0163097	0.695502	0.053059	1.32147	0.0823867	3.22884e-05
10031	1	100	21	500	0.328474	0.313411	0.221096	0.0923147	0.0150628	0.705242	0.0523058	1.31479	0.0779096	3.27627e-05
10032	1	100	17	500	0.329978	0.316045	0.215654	0.100392	0.013933	0.703603	0.0572593	1.32007	0.0857548	3.37407e-05
10033	1	100	18	500	0.342473	0.319036	0.204861	0.114176	0.0234365	0.702954	0.0555286	1.31821	0.088346	3.50573e-05
10034	1	100	18	500	0.34676	0.324186	0.224024	0.100162	0.0225734	0.697262	0.0495675	1.32147	0.0743691	3.54909e-05
10035	1	100	20	500	0.337895	0.314857	0.211367	0.10349	0.0230379	0.704187	0.0498417	1.31009	0.0767474	3.50021e-05
10036	1	100	17	500	0.3449	0.316594	0.211531	0.105063	0.028306	0.705075	0.049742	1.30756	0.0687997	3.4232e-05
10037	1	100	20	500	0.321923	0.305028	0.193467	0.111562	0.0168949	0.714727	0.0535646	1.30373	0.0718971	3.49093e-05
10038	1	100	23	500	0.333407	0.310888	0.203674	0.107214	0.022519	0.709362	0.0559034	1.30676	0.0777924	3.51469e-05
10039	1	100	20	500	0.35237	0.319514	0.214502	0.105012	0.0328563	0.703028	0.0570472	1.30593	0.0789557	3.47215e-05
10040	1	100	19	500	0.336593	0.310848	0.19469	0.116159	0.0257449	0.709285	0.05383	1.29784	0.0758397	3.53916e-05
10041	1	100	22	500	0.374503	0.336783	0.235709	0.101074	0.0377199	0.691294	0.0576581	1.30897	0.0840262	3.45527e-05
10042	1	100	18	500	0.369133	0.334818	0.234764	0.100054	0.0343155	0.6919	0.0612269	1.31643	0.0836748	3.47394e-05
10043	1	100	21	500	0.358522	0.327834	0.232264	0.0955698	0.0306874	0.692509	0.0540671	1.30479	0.0836738	3.35871e-05
10044	1	100	20	500	0.354807	0.321804	0.222235	0.0995692	0.0330034	0.700789	0.0497072	1.30679	0.0749701	3.29564e-05
10045	1	100	18	500	0.343378	0.315843	0.216365	0.0994778	0.0275353	0.70506	0.0538972	1.30513	0.074619	3.33158e-05
10046	1	100	23	500	0.341327	0.311623	0.216794	0.0948289	0.0297039	0.707576	0.0489167	1.29362	0.0638485	3.14385e-05
10047	1	100	22	500	0.35693	0.317201	0.203428	0.113772	0.0397293	0.706428	0.051616	1.29848	0.0782495	3.43782e-05
10048	1	100	20	500	0.342488	0.313307	0.200524	0.112783	0.0291817	0.707917	0.0535605	1.3066	0.0743178	3.47667e-05
10049	1	100	17	500	0.341304	0.316189	0.217917	0.0982719	0.0251154	0.701949	0.0544085	1.30786	0.0786138	3.31407e-05
10050	1	100	19	500	0.350387	0.326328	0.234601	0.091727	0.0240591	0.695575	0.0516927	1.32187	0.0701539	3.32895e-05
10051	1	100	17	500	0.348743	0.322807	0.217241	0.105566	0.0259364	0.697571	0.0588674	1.31335	0.0879243	3.48436e-05
10052	1	100	17	500	0.348765	0.319154	0.206425	0.112729	0.0296108	0.703927	0.051006	1.30846	0.0783174	3.52814e-05
10053	1	100	16	500	0.333436	0.308218	0.193568	0.11465	0.0252179	0.711648	0.0597135	1.30128	0.0865913	3.49986e-05
10054	1	100	15	500	0.342918	0.318289	0.204683	0.113606	0.0246289	0.70579	0.0642732	1.31127	0.0754868	3.54256e-05
10055	1	100	14	500	0.345011	0.325682	0.217258	0.108424	0.019329	0.698881	0.0650518	1.32337	0.0870562	3.54326e-05
10056	1	100	19	500	0.327762	0.3081	0.189759	0.118341	0.0196614	0.713915	0.0577043	1.30515	0.0789815	3.46593e-05
10057	1	100	18	500	0.310444	0.291109	0.171607	0.119502	0.0193347	0.726662	0.0515922	1.28794	0.0639768	3.39138e-05
10058	1	100	18	500	0.307631	0.288876	0.17087	0.118005	0.0187548	0.727786	0.0545996	1.2856	0.0649472	3.37508e-05
10059	1	100	19	500	0.305474	0.293742	0.180296	0.113447	0.0117313	0.723162	0.055051	1.29988	0.0711749	3.42135e-05
10060	1	100	19	500	0.310354	0.294564	0.186921	0.107643	0.0157898	0.72163	0.0530292	1.29691	0.0679967	3.33272e-05
10061	1	100	19	500	0.314219	0.294971	0.192371	0.102599	0.0192485	0.719533	0.0469351	1.29222	0.0634354	3.25003e-05
10062	1	100	16	500	0.325679	0.30778	0.206959	0.100822	0.0178987	0.709441	0.0532749	1.30696	0.0684279	3.34389e-05
10063	1	100	17	500	0.337358	0.317553	0.217066	0.100487	0.0198043	0.703274	0.058309	1.31749	0.0755406	3.39644e-05
10064	1	100	18	500	0.342111	0.32368	0.235928	0.0877527	0.0184308	0.695939	0.0594015	1.32376	0.0850132	3.28569e-05
10065	1	100	18	500	0.324656	0.308146	0.214971	0.0931743	0.0165104	0.708524	0.0583532	1.30941	0.0791732	3.25145e-05
10066	1	100	16	500	0.325252	0.303609	0.20907	0.0945392	0.0216424	0.713595	0.0571924	1.30022	0.0773928	3.14682e-05
10067	1	100	15	500	0.328188	0.303462	0.208576	0.0948858	0.0247266	0.710911	0.0494003	1.29029	0.0718615	3.11665e-05
10068	1	100	18	500	0.335524	0.307009	0.219056	0.0879528	0.0285151	0.71114	0.0500423	1.29555	0.0659577	3.07833e-05
10069	1	100	17	500	0.338497	0.305391	0.239894	0.0654968	0.0331062	0.70732	0.0429575	1.28115	0.0675382	2.67408e-05
10070	1	100	17	500	0.345353	0.310166	0.234689	0.0754762	0.035187	0.703206	0.0476373	1.27834	0.0773745	2.88374e-05
10071	1	100	14	500	0.329747	0.297037	0.212827	0.0842091	0.0327108	0.715871	0.048511	1.26878	0.0718773	2.86026e-05
10072	1	100	15	500	0.34357	0.306514	0.243884	0.0626305	0.0370553	0.706571	0.044696	1.26645	0.07347	2.51956e-05
10073	1	100	16	500	0.343025	0.307211	0.258979	0.048232	0.0358139	0.705792	0.039973	1.26585	0.0684575	2.31249e-05
10074	1	100	15	500	0.343713	0.308732	0.269487	0.0392446	0.0349807	0.702528	0.0389349	1.26273	0.0721579	2.17348e-05
10075	1	100	17	500	0.342638	0.307421	0.270537	0.0368841	0.0352169	0.705214	0.0381584	1.26135	0.0677518	2.12453e-05
10076	1	100	15	500	0.34133	0.306013	0.267682	0.0383308	0.0353171	0.702738	0.045235	1.25248	0.0786612	2.16969e-05
10077	1	100	16	500	0.344652	0.309338	0.269089	0.0402488	0.0353144	0.700842	0.0417578	1.2601	0.078594	2.31984e-05
10078	1	100	11	500	0.351868	0.316174	0.287751	0.0284237	0.0356939	0.695652	0.0459088	1.24684	0.0857114	2.04301e-05
10079	1	100	17	500	0.36535	0.326823	0.29329	0.0335325	0.038527	0.68786	0.0504011	1.24423	0.0984508	2.12503e-05
10080	1	100	17	500	0.373111	0.333105	0.289363	0.0437415	0.0400057	0.691819	0.0502016	1.23765	0.0910479	2.21996e-05
10081	1	100	11	500	0.369248	0.330342	0.296029	0.0343129	0.038906	0.689641	0.052666	1.22816	0.094266	2.02078e-05
10082	1	100	10	500	0.372917	0.335761	0.296936	0.0388255	0.0371553	0.683071	0.050583	1.25626	0.1074	2.39363e-05
10083	1	100	12	500	0.369973	0.332349	0.298512	0.0338365	0.0376247	0.683404	0.0540547	1.23047	0.105657	2.09382e-05
10084	1	100	10	500	0.375734	0.33719	0.299628	0.0375624	0.0385434	0.685062	0.0489702	1.24924	0.100762	2.18503e-05
10085	1	100	11	500	0.372072	0.332274	0.290412	0.0418619	0.0397982	0.68567	0.0542019	1.23031	0.101337	2.24996e-05
10086	1	100	15	500	0.363988	0.325234	0.276654	0.04858	0.0387545	0.693824	0.0487975	1.25743	0.0919732	2.51771e-05
10087	1	100	13	500	0.371302	0.333203	0.292354	0.0408485	0.038099	0.682951	0.0501556	1.25421	0.105891	2.40056e-05
10088	1	100	15	500	0.378662	0.338455	0.304378	0.0340773	0.0402071	0.676774	0.0532508	1.2292	0.111374	2.14771e-05
10089	1	100	15	500	0.386584	0.34559	0.310541	0.0350489	0.0409943	0.673538	0.0567383	1.22302	0.118473	2.14043e-05
10090	1	100	14	500	0.392815	0.349641	0.320879	0.0287615	0.0431739	0.674684	0.0530239	1.22403	0.110399	1.99485e-05
10091	1	100	18	500	0.392356	0.34518	0.307235	0.0379441	0.047176	0.678241	0.0543034	1.22	0.106396	2.19098e-05
10092	1	100	17	500	0.406505	0.348792	0.317896	0.030896	0.0577122	0.673066	0.0583137	1.21528	0.110462	2.10791e-05
10093	1	100	17	500	0.406201	0.347144	0.314959	0.0321851	0.059057	0.671099	0.0590197	1.21334	0.113788	2.14476e-05
10094	1	100	11	500	0.0969881	0.0574259	0.0397764	0.0176495	0.0395622	0.940696	0.0717442	0.956791	0.0817174	2.01547e-05
10095	1	100	11	500	0.101938	0.0608517	0.04514	0.0157118	0.0410866	0.938146	0.0745872	0.949419	0.0825542	1.96081e-05
10096	1	100	14	500	0.102745	0.0601459	0.0420047	0.0181412	0.0425986	0.950088	0.0640648	0.965397	0.0696049	2.08462e-05
10097	1	100	10	500	0.0938821	0.0522287	0.0337727	0.018456	0.0416534	0.951322	0.0644179	0.967932	0.0716741	2.14222e-05
10098	1	100	14	500	0.097102	0.0551261	0.0311056	0.0240205	0.0419759	0.955403	0.0556283	0.984297	0.0651644	2.20568e-05
10099	1	100	12	500	0.104884	0.0620701	0.041334	0.0207361	0.0428141	0.938058	0.0704907	0.959097	0.082737	2.12297e-05
10100	1	100	15	500	0.1046	0.0592606	0.0405608	0.0186997	0.0453398	0.944341	0.0675302	0.959456	0.0751094	2.06262e-05
10101	1	100	16	500	0.100183	0.0566049	0.0349738	0.021631	0.043578	0.94174	0.068622	0.964141	0.0804397	2.0952e-05
