Generation	PopulationID	SampleSize	UniqueMutations	PopulationSize	totalLoad	RelzLoad	RelzLoadHomo	RelzLoadHetero	MskLoad	MeanFitness	SdFitness	MeanFitnessCached	SdFitnessCached	Heterozygosity	
10001	1	100	30	500	0.0353882	0.0218527	0.00165007	0.0202027	0.0135355	0.975745	0.0388486	1.0149	0.0422225	1.58422e-05
10002	1	100	18	500	0.020482	0.0165354	0.00126532	0.0152701	0.00394661	0.980616	0.0328557	1.01605	0.0324338	1.60763e-05
10003	1	100	16	500	0.0333012	0.0229947	0.00261501	0.0203797	0.0103065	0.9771	0.0317262	1.01736	0.0348757	1.58105e-05
10004	1	100	13	500	0.037458	0.0222842	0.00263471	0.0196494	0.0151739	0.977793	0.0330927	1.0143	0.0350695	1.59523e-05
10005	1	100	14	500	0.0481577	0.0278649	0.00387984	0.0239851	0.0202928	0.967111	0.0578938	1.01039	0.0645987	1.63325e-05
10006	1	100	16	500	0.0384829	0.0200653	0.00208781	0.0179775	0.0184176	0.980661	0.0311238	1.00978	0.0335105	1.61753e-05
10007	1	100	11	500	0.0374549	0.0229374	0.00262955	0.0203079	0.0145175	0.977625	0.0310814	1.01477	0.0314947	1.61565e-05
10008	1	100	8	500	0.0363061	0.0285137	0.00454101	0.0239727	0.00779235	0.971589	0.0335466	1.02412	0.0357345	1.6348e-05
10009	1	100	10	500	0.0315199	0.0213931	0.00270209	0.018691	0.0101268	0.979129	0.0313146	1.01507	0.0302445	1.62402e-05
10010	1	100	10	500	0.0299554	0.0177177	0.00274101	0.0149767	0.0122377	0.981422	0.0279024	1.00791	0.0311883	1.62519e-05
10011	1	100	10	500	0.0291336	0.0194347	0.0023522	0.0170825	0.00969889	0.981013	0.028649	1.0138	0.0286814	1.6412e-05
10012	1	100	13	500	0.0388411	0.023148	0.00324968	0.0198983	0.0156931	0.976161	0.0371882	1.01196	0.0397683	1.70579e-05
10013	1	100	9	500	0.0342041	0.0228507	0.00298437	0.0198663	0.0113534	0.977557	0.0335314	1.01616	0.0367953	1.73101e-05
10014	1	100	11	500	0.0375303	0.0210077	0.00296865	0.018039	0.0165226	0.977863	0.0340416	1.00912	0.0385161	1.62052e-05
10015	1	100	10	500	0.0412006	0.0231509	0.00325733	0.0198936	0.0180496	0.977267	0.029716	1.01127	0.03477	1.62777e-05
10016	1	100	12	500	0.0440997	0.0277773	0.0042567	0.0235206	0.0163224	0.971498	0.0341334	1.01555	0.0386552	1.67991e-05
10017	1	100	12	500	0.0571022	0.0350866	0.00645953	0.0286271	0.0220155	0.964171	0.0395258	1.01984	0.043417	1.70649e-05
10018	1	100	13	500	0.0567043	0.0396145	0.00780699	0.0318075	0.0170899	0.960966	0.0356143	1.02902	0.0417304	1.68857e-05
10019	1	100	14	500	0.0602805	0.0425696	0.00810131	0.0344683	0.0177109	0.958209	0.0440617	1.03258	0.0470179	1.68802e-05
10020	1	100	15	500	0.0615875	0.0430835	0.00785	0.0352335	0.018504	0.957415	0.0450119	1.03255	0.0456645	1.68479e-05
10021	1	100	12	500	0.0602894	0.0502782	0.0112986	0.0389795	0.0100112	0.949755	0.0505942	1.04494	0.0531097	1.67828e-05
10022	1	100	13	500	0.0604427	0.0478735	0.0093953	0.0384782	0.0125692	0.952568	0.0421425	1.04105	0.0436289	1.68695e-05
10023	1	100	13	500	0.0519146	0.0414698	0.00750483	0.033965	0.0104447	0.958766	0.0407623	1.03568	0.0439206	1.72354e-05
10024	1	100	15	500	0.0459722	0.0362362	0.00595157	0.0302847	0.00973599	0.96381	0.0392767	1.03087	0.0422291	1.71757e-05
10025	1	100	13	500	0.0468876	0.0399528	0.00783418	0.0321186	0.00693486	0.96015	0.0388364	1.03615	0.0402668	1.76274e-05
10026	1	100	13	500	0.0511658	0.0408596	0.00829332	0.0325662	0.0103063	0.959188	0.0414082	1.03498	0.0451949	1.76204e-05
10027	1	100	16	500	0.0455287	0.0325209	0.00520311	0.0273178	0.0130078	0.96753	0.0359293	1.02544	0.039933	1.74243e-05
10028	1	100	14	500	0.0435521	0.0354217	0.00726176	0.0281599	0.00813039	0.96478	0.0422796	1.03101	0.0442947	1.76454e-05
10029	1	100	17	500	0.0472658	0.0361026	0.00700293	0.0290996	0.0111632	0.963884	0.0397097	1.02979	0.0412985	1.83234e-05
10030	1	100	15	500	0.0491938	0.0384869	0.00817287	0.030314	0.0107069	0.961286	0.0460367	1.03199	0.0492622	1.86265e-05
10031	1	100	13	500	0.0552152	0.0377525	0.00764413	0.0301084	0.0174627	0.962936	0.0381839	1.02747	0.042571	1.90778e-05
10032	1	100	16	500	0.0561288	0.0358415	0.00701741	0.0288241	0.0202873	0.965387	0.0418451	1.02397	0.044611	1.90179e-05
10033	1	100	17	500	0.0395954	0.0259053	0.00447501	0.0214303	0.0136902	0.974656	0.0298194	1.01829	0.034096	1.89201e-05
10034	1	100	14	500	0.0527374	0.0305593	0.00523854	0.0253207	0.0221781	0.96971	0.0321346	1.01762	0.0375888	1.8687e-05
10035	1	100	14	500	0.0462511	0.0277992	0.0047362	0.023063	0.0184519	0.972338	0.033053	1.01686	0.0339935	1.84268e-05
10036	1	100	11	500	0.0510947	0.0342396	0.00631671	0.0279229	0.0168551	0.966131	0.0397103	1.02484	0.0424347	1.91873e-05
10037	1	100	15	500	0.046603	0.0395384	0.0089125	0.0306259	0.00706453	0.960587	0.0445138	1.03534	0.0470142	1.98151e-05
10038	1	100	10	500	0.0497472	0.0372258	0.00785088	0.0293749	0.0125214	0.962893	0.0397611	1.02926	0.0455506	1.90372e-05
10039	1	100	13	500	0.0601081	0.0459317	0.0113129	0.0346188	0.0141763	0.954422	0.0460014	1.0371	0.0507068	2.03916e-05
10040	1	100	11	500	0.0375047	0.0334527	0.00688632	0.0265664	0.00405194	0.966192	0.0409366	1.02972	0.0433359	1.92581e-05
10041	1	100	17	500	0.0412443	0.0369227	0.00819404	0.0287287	0.00432158	0.962761	0.0356365	1.03309	0.0383801	1.93363e-05
10042	1	100	15	500	0.050594	0.0446116	0.0115287	0.0330828	0.00598239	0.955346	0.0406258	1.04054	0.0436078	2.00339e-05
10043	1	100	14	500	0.0466535	0.0438128	0.011553	0.0322598	0.00284069	0.956145	0.0438347	1.0412	0.0459995	1.9308e-05
10044	1	100	12	500	0.0541513	0.0490889	0.0140564	0.0350325	0.00506234	0.951085	0.0452977	1.04591	0.0468846	2.02859e-05
10045	1	100	11	500	0.0473557	0.0419189	0.0102082	0.0317107	0.00543678	0.957809	0.0424798	1.03821	0.0458336	2.00733e-05
10046	1	100	11	500	0.0486869	0.0438274	0.0111981	0.0326293	0.00485948	0.955499	0.0413853	1.04032	0.0429299	2.05841e-05
10047	1	100	13	500	0.0510975	0.0464657	0.0125254	0.0339403	0.00463178	0.953653	0.0457915	1.04389	0.0474461	2.10294e-05
10048	1	100	12	500	0.0513968	0.0474024	0.0131403	0.0342621	0.00399435	0.952469	0.0433626	1.04496	0.044522	2.08787e-05
10049	1	100	11	500	0.0417866	0.0395989	0.00941493	0.0301839	0.00218775	0.959998	0.0384733	1.03792	0.0391938	2.11231e-05
10050	1	100	8	500	0.0501816	0.0490504	0.0144562	0.0345943	0.00113117	0.95098	0.04534	1.04837	0.0456159	2.09756e-05
10051	1	100	10	500	0.0631019	0.0619087	0.0230533	0.0388554	0.00119317	0.938144	0.045711	1.06125	0.046306	2.07351e-05
10052	1	100	11	500	0.0578699	0.055582	0.0183732	0.0372088	0.00228782	0.94423	0.0480596	1.05408	0.0493107	2.12484e-05
10053	1	100	11	500	0.0700203	0.066904	0.0267367	0.0401673	0.00311628	0.932928	0.0515002	1.06488	0.0532907	2.1353e-05
10054	1	100	12	500	0.0713073	0.0676073	0.0271421	0.0404652	0.00369996	0.932423	0.0503995	1.0656	0.0512167	2.10796e-05
10055	1	100	10	500	0.0712498	0.0675062	0.0270076	0.0404986	0.00374365	0.932492	0.0446732	1.06538	0.0458786	2.08776e-05
10056	1	100	9	500	0.0659611	0.0617216	0.022396	0.0393256	0.00423944	0.938483	0.0438858	1.05953	0.0447068	2.14763e-05
10057	1	100	10	500	0.0624681	0.0585783	0.0201953	0.038383	0.00388985	0.941078	0.0486421	1.0559	0.0511099	2.19563e-05
10058	1	100	14	500	0.0747575	0.0709966	0.0300918	0.0409048	0.00376096	0.929302	0.0529541	1.06903	0.0542365	2.15824e-05
10059	1	100	9	500	0.0732407	0.0675443	0.0268928	0.0406514	0.00569644	0.931414	0.0526887	1.06253	0.0571759	2.26921e-05
10060	1	100	9	500	0.0734622	0.0672395	0.0264738	0.0407657	0.00622264	0.932457	0.0477015	1.06284	0.0520365	2.25905e-05
10061	1	100	12	500	0.0747859	0.0694331	0.0284525	0.0409806	0.00535281	0.930462	0.0454422	1.06595	0.0484577	2.26055e-05
10062	1	100	12	500	0.0801975	0.0713977	0.0295592	0.0418385	0.00879981	0.929014	0.0518677	1.06651	0.0549741	2.305e-05
10063	1	100	13	500	0.0822661	0.0730611	0.0309934	0.0420677	0.00920493	0.927505	0.051028	1.06777	0.0514541	2.28049e-05
10064	1	100	13	500	0.0824462	0.0702311	0.0277409	0.0424902	0.0122151	0.930687	0.0471015	1.06297	0.0459109	2.2502e-05
10065	1	100	13	500	0.0896816	0.0806432	0.0379784	0.0426648	0.00903838	0.919782	0.0536655	1.07529	0.0529479	2.18095e-05
10066	1	100	13	500	0.0928869	0.0842947	0.0419439	0.0423508	0.00859217	0.915194	0.0521641	1.07834	0.0561807	2.13286e-05
10067	1	100	14	500	0.0963627	0.0873568	0.0448498	0.042507	0.00900595	0.91309	0.0530922	1.08243	0.0516549	2.12264e-05
10068	1	100	12	500	0.0970266	0.0874082	0.0443826	0.0430257	0.00961831	0.913011	0.0529304	1.08196	0.0521395	2.07361e-05
10069	1	100	11	500	0.0971067	0.0943602	0.0548191	0.039541	0.00274655	0.904926	0.0467161	1.09159	0.0452766	2.017e-05
10070	1	100	12	500	0.100801	0.0929144	0.0514664	0.041448	0.00788664	0.907585	0.0498824	1.08861	0.0507101	2.09829e-05
10071	1	100	10	500	0.11785	0.105884	0.0665254	0.0393587	0.0119659	0.894917	0.0510335	1.09915	0.0481316	1.88518e-05
10072	1	100	15	500	0.112814	0.104285	0.0648756	0.0394098	0.00852891	0.896273	0.0461741	1.09973	0.0473796	1.86305e-05
10073	1	100	12	500	0.118114	0.104953	0.0635501	0.0414031	0.0131607	0.895775	0.0473031	1.09758	0.0480938	1.83263e-05
10074	1	100	14	500	0.138361	0.109153	0.062388	0.0467652	0.0292075	0.893317	0.0485347	1.09195	0.045164	1.85158e-05
10075	1	100	15	500	0.153622	0.118814	0.0739223	0.0448919	0.0348077	0.884797	0.0528203	1.0972	0.0468979	1.7851e-05
10076	1	100	10	500	0.144397	0.107899	0.0595895	0.0483099	0.0364973	0.896491	0.0568784	1.08361	0.0494481	1.95217e-05
10077	1	100	12	500	0.135687	0.109116	0.0643962	0.0447198	0.0265715	0.89328	0.0502035	1.09277	0.0501457	1.93034e-05
10078	1	100	11	500	0.139583	0.104282	0.0551717	0.0491101	0.0353007	0.900156	0.0544422	1.08102	0.0490646	2.02817e-05
10079	1	100	9	500	0.131248	0.0988465	0.0507193	0.0481271	0.0324011	0.902408	0.0647321	1.07496	0.0625335	2.09018e-05
10080	1	100	10	500	0.13913	0.101254	0.0515329	0.0497207	0.0378764	0.90097	0.0679699	1.07369	0.0634899	2.11209e-05
10081	1	100	13	500	0.145259	0.104405	0.0552428	0.0491624	0.0408543	0.900302	0.0491924	1.07755	0.0446288	2.1009e-05
10082	1	100	12	500	0.162382	0.112646	0.0623436	0.0503024	0.0497357	0.89135	0.0678216	1.07398	0.0676202	2.05022e-05
10083	1	100	13	500	0.154577	0.105114	0.0530473	0.0520662	0.0494632	0.900631	0.0581216	1.06849	0.0582898	2.11609e-05
10084	1	100	12	500	0.180087	0.118699	0.0654108	0.0532882	0.0613879	0.889775	0.0551206	1.07014	0.0564485	2.03886e-05
10085	1	100	17	500	0.174747	0.11414	0.0594773	0.0546629	0.0606071	0.889098	0.0930264	1.05732	0.0921819	2.1411e-05
10086	1	100	14	500	0.175427	0.113888	0.0589581	0.05493	0.0615389	0.889755	0.088492	1.0581	0.0877812	2.15203e-05
10087	1	100	14	500	0.176021	0.117175	0.0632056	0.0539698	0.0588455	0.886817	0.0832837	1.06319	0.0849157	2.15317e-05
10088	1	100	10	500	0.177714	0.118077	0.0639819	0.054095	0.059637	0.892104	0.0554781	1.07197	0.0510888	2.16055e-05
10089	1	100	11	500	0.167331	0.114798	0.0632925	0.0515052	0.0525333	0.892816	0.0530007	1.07829	0.0415546	2.12328e-05
10090	1	100	10	500	0.214872	0.138659	0.082153	0.0565064	0.0762131	0.875789	0.0785795	1.06793	0.0774989	2.05558e-05
10091	1	100	10	500	0.211492	0.141817	0.0910722	0.0507448	0.0696752	0.86359	0.0882737	1.07483	0.0977395	1.89697e-05
10092	1	100	10	500	0.222433	0.146508	0.094389	0.0521191	0.0759245	0.870096	0.0520003	1.08206	0.0480878	1.92627e-05
10093	1	100	14	500	0.218094	0.144321	0.0925502	0.0517705	0.0737737	0.86307	0.0820757	1.07055	0.0939693	1.8954e-05
10094	1	100	9	500	0.202169	0.13476	0.0828406	0.0519199	0.0674085	0.874812	0.0515469	1.07588	0.0652153	1.97546e-05
10095	1	100	11	500	0.173839	0.118905	0.0676534	0.0512512	0.0549345	0.888393	0.0580797	1.07425	0.0574685	2.05632e-05
10096	1	100	13	500	0.181145	0.12302	0.0719725	0.0510474	0.0581255	0.882716	0.0666996	1.07124	0.0735671	1.97914e-05
10097	1	100	13	500	0.188817	0.126437	0.0755511	0.050886	0.0623798	0.881735	0.0477102	1.07772	0.0560125	1.92435e-05
10098	1	100	16	500	0.20678	0.135704	0.0829303	0.0527742	0.071076	0.869116	0.0835973	1.06746	0.0945407	2.00214e-05
10099	1	100	15	500	0.17217	0.125471	0.0808786	0.0445926	0.0466986	0.879938	0.0441874	1.09127	0.0524903	1.87872e-05
10100	1	100	15	500	0.1611	0.121311	0.077955	0.0433556	0.0397898	0.883564	0.0485641	1.09448	0.0458068	1.92678e-05
10101	1	100	17	500	0.138854	0.110842	0.0679911	0.0428511	0.0280115	0.88677	0.0711301	1.08509	0.081205	1.9934e-05
