Generation	PopulationID	SampleSize	UniqueMutations	PopulationSize	totalLoad	RelzLoad	RelzLoadHomo	RelzLoadHetero	MskLoad	MeanFitness	SdFitness	MeanFitnessCached	SdFitnessCached	Heterozygosity	
10001	1	100	47	500	0.764628	0.75205	0.594132	0.157918	0.0125775	0.445271	0.0527267	1.844	0.186117	2.58395e-05
10002	1	100	27	500	0.280398	0.26359	0.10003	0.163559	0.0168084	0.760728	0.0655206	1.27825	0.0998262	2.59242e-05
10003	1	100	28	500	0.266337	0.260302	0.111167	0.149135	0.00603524	0.763703	0.0837563	1.28217	0.120809	2.35441e-05
10004	1	100	24	500	0.246928	0.236128	0.097448	0.13868	0.0107998	0.784096	0.0814853	1.25047	0.12156	2.48282e-05
10005	1	100	22	500	0.258334	0.247096	0.115325	0.131771	0.0112379	0.775438	0.0860024	1.26345	0.126898	2.3395e-05
10006	1	100	23	500	0.249024	0.235818	0.104022	0.131796	0.0132067	0.784725	0.0860283	1.24848	0.128874	2.34471e-05
10007	1	100	23	500	0.243001	0.234018	0.100592	0.133426	0.00898323	0.78607	0.0846988	1.24969	0.122449	2.4823e-05
10008	1	100	22	500	0.240327	0.229026	0.0954936	0.133533	0.0113006	0.788265	0.0869307	1.24153	0.130136	2.53012e-05
10009	1	100	24	500	0.231838	0.21656	0.0826867	0.133873	0.0152776	0.801739	0.0893241	1.22548	0.123182	2.69832e-05
10010	1	100	24	500	0.240913	0.226047	0.0907198	0.135328	0.014866	0.793807	0.0920171	1.2374	0.128748	2.61229e-05
10011	1	100	25	500	0.233933	0.2127	0.0863321	0.126368	0.0212324	0.804504	0.0834285	1.21607	0.116764	2.6311e-05
10012	1	100	23	500	0.229425	0.205002	0.0849685	0.120034	0.0244224	0.812222	0.0862915	1.20524	0.115598	2.60077e-05
10013	1	100	25	500	0.251846	0.222527	0.0903941	0.132133	0.0293194	0.796129	0.0727857	1.2196	0.103159	2.60462e-05
10014	1	100	24	500	0.235553	0.203353	0.0815518	0.121801	0.0322007	0.813755	0.0807409	1.19846	0.118936	2.50348e-05
10015	1	100	21	500	0.240745	0.212613	0.0873975	0.125215	0.028132	0.804308	0.0833745	1.21279	0.123307	2.5122e-05
10016	1	100	25	500	0.230264	0.207231	0.0815548	0.125676	0.023033	0.809816	0.0872906	1.20843	0.119798	2.55504e-05
10017	1	100	22	500	0.233506	0.204317	0.0818523	0.122465	0.0291893	0.810634	0.0770412	1.19966	0.108218	2.54039e-05
10018	1	100	23	500	0.20165	0.187925	0.0753467	0.112578	0.013725	0.824776	0.0784424	1.18946	0.109591	2.67131e-05
10019	1	100	20	500	0.185514	0.173593	0.0775374	0.0960557	0.0119213	0.837002	0.0749263	1.17477	0.100806	2.62568e-05
10020	1	100	23	500	0.199177	0.185442	0.0730058	0.112436	0.0137346	0.828795	0.0901551	1.18915	0.125709	2.69053e-05
10021	1	100	21	500	0.194743	0.183051	0.0835676	0.099483	0.0116925	0.830635	0.0779917	1.18619	0.10267	2.49437e-05
10022	1	100	21	500	0.202456	0.185565	0.0815759	0.103989	0.0168909	0.829441	0.0829304	1.18477	0.109394	2.51121e-05
10023	1	100	22	500	0.220972	0.201785	0.0848938	0.116891	0.0191874	0.814058	0.0740518	1.20153	0.103696	2.43348e-05
10024	1	100	19	500	0.237016	0.217649	0.0855431	0.132106	0.0193668	0.800301	0.0799583	1.21636	0.111331	2.62674e-05
10025	1	100	20	500	0.213737	0.193038	0.0709062	0.122132	0.0206994	0.823008	0.0833048	1.18923	0.111412	2.69977e-05
10026	1	100	21	500	0.238944	0.213346	0.0727672	0.140579	0.0255975	0.804193	0.101592	1.20328	0.12836	2.83687e-05
10027	1	100	19	500	0.253963	0.227631	0.0800686	0.147563	0.0263323	0.795606	0.0882452	1.22286	0.119734	2.89095e-05
10028	1	100	22	500	0.252785	0.23056	0.0872732	0.143287	0.022225	0.792222	0.0924024	1.22869	0.134195	2.83672e-05
10029	1	100	23	500	0.243597	0.216626	0.0731875	0.143438	0.0269713	0.804379	0.0912732	1.20823	0.125631	2.96789e-05
10030	1	100	19	500	0.235831	0.207761	0.0655934	0.142168	0.0280703	0.808982	0.0776387	1.19098	0.0895863	3.02927e-05
10031	1	100	21	500	0.246325	0.216237	0.0665924	0.149645	0.0300875	0.804173	0.100016	1.20149	0.128001	3.09966e-05
10032	1	100	21	500	0.239766	0.206774	0.0586745	0.148099	0.0329925	0.813147	0.0795389	1.19132	0.110328	3.10095e-05
10033	1	100	19	500	0.234099	0.199091	0.0534031	0.145688	0.0350079	0.821896	0.0958191	1.18393	0.126865	3.11413e-05
10034	1	100	20	500	0.230318	0.1934	0.0513208	0.142079	0.0369179	0.825002	0.103007	1.17172	0.131794	3.05556e-05
10035	1	100	18	500	0.196772	0.165979	0.0427331	0.123246	0.0307928	0.849894	0.0944424	1.15334	0.12258	3.0387e-05
10036	1	100	22	500	0.189426	0.157851	0.0433234	0.114528	0.031575	0.853988	0.0925545	1.14086	0.121548	2.98892e-05
10037	1	100	20	500	0.177156	0.145021	0.0366628	0.108358	0.0321349	0.867613	0.0917871	1.13139	0.11249	3.04322e-05
10038	1	100	19	500	0.175247	0.143735	0.0362366	0.107499	0.0315114	0.868751	0.0883327	1.12957	0.107525	3.09244e-05
10039	1	100	20	500	0.191988	0.150096	0.0394583	0.110637	0.0418926	0.865123	0.0883645	1.12453	0.107985	3.17382e-05
10040	1	100	20	500	0.193622	0.149329	0.0408212	0.108508	0.0442928	0.862218	0.0996915	1.11612	0.118943	3.19231e-05
10041	1	100	22	500	0.193712	0.143824	0.0367667	0.107057	0.0498886	0.870217	0.0795762	1.10808	0.0958396	3.15677e-05
10042	1	100	24	500	0.186091	0.139269	0.0389565	0.100313	0.046822	0.872901	0.092766	1.10855	0.103376	3.08506e-05
10043	1	100	27	500	0.186517	0.147764	0.0360699	0.111694	0.038753	0.864003	0.0916557	1.12544	0.105774	3.01733e-05
10044	1	100	24	500	0.175204	0.146093	0.0345482	0.111545	0.0291108	0.867817	0.102493	1.13448	0.123816	3.10083e-05
10045	1	100	28	500	0.188638	0.158541	0.0417662	0.116774	0.030097	0.854325	0.0938708	1.13646	0.106442	3.15747e-05
10046	1	100	24	500	0.148016	0.125599	0.0276096	0.0979899	0.0224169	0.881138	0.0944697	1.11171	0.103252	3.0365e-05
10047	1	100	25	500	0.147375	0.123344	0.0238027	0.0995417	0.0240311	0.885622	0.0977673	1.1101	0.11387	3.01453e-05
10048	1	100	29	500	0.137445	0.117429	0.0231721	0.0942572	0.0200153	0.892384	0.103067	1.11011	0.124664	3.0146e-05
10049	1	100	23	500	0.115856	0.094844	0.013861	0.080983	0.0210118	0.911411	0.100483	1.08382	0.110213	2.71671e-05
10050	1	100	24	500	0.114813	0.0933475	0.0152235	0.078124	0.0214657	0.909722	0.0907434	1.07624	0.0882975	2.78481e-05
10051	1	100	23	500	0.110326	0.0847948	0.0133792	0.0714156	0.0255312	0.92039	0.0884288	1.0656	0.0922208	2.75039e-05
10052	1	100	24	500	0.113891	0.0876183	0.0155134	0.0721048	0.0262724	0.919983	0.0837604	1.07104	0.092122	2.88392e-05
10053	1	100	22	500	0.122922	0.104963	0.0176358	0.0873267	0.0179593	0.902482	0.102008	1.09459	0.10954	2.91683e-05
10054	1	100	20	500	0.126806	0.109211	0.017134	0.092077	0.0175947	0.89952	0.109193	1.10119	0.121655	2.94449e-05
10055	1	100	22	500	0.117408	0.0984511	0.01666	0.0817911	0.0189571	0.909128	0.090362	1.08945	0.100586	2.95948e-05
10056	1	100	21	500	0.0971101	0.0803069	0.0109054	0.0694015	0.0168032	0.924895	0.097633	1.06993	0.0970634	2.74656e-05
10057	1	100	18	500	0.124418	0.102352	0.0173282	0.0850242	0.0220654	0.90662	0.108926	1.08897	0.128768	2.94738e-05
10058	1	100	20	500	0.0981075	0.0791394	0.0133485	0.0657909	0.018968	0.925993	0.0760728	1.0662	0.0768271	2.91488e-05
10059	1	100	17	500	0.0929575	0.0727364	0.0132187	0.0595177	0.0202211	0.932332	0.0774244	1.0578	0.0758372	2.88631e-05
10060	1	100	15	500	0.0875585	0.0668011	0.0116207	0.0551803	0.0207574	0.936668	0.0733244	1.04954	0.0668582	2.79175e-05
10061	1	100	18	500	0.100923	0.0767714	0.0143923	0.0623791	0.0241518	0.92966	0.0755993	1.05854	0.0755828	2.88481e-05
10062	1	100	17	500	0.0869914	0.064725	0.0109628	0.0537622	0.0222664	0.939526	0.0752333	1.04671	0.0686203	2.82246e-05
10063	1	100	16	500	0.0844898	0.060921	0.0120952	0.0488259	0.0235688	0.944204	0.0668876	1.042	0.0673712	2.88642e-05
10064	1	100	19	500	0.0890474	0.0639543	0.0139715	0.0499827	0.0250932	0.942239	0.0657599	1.04355	0.0678345	2.85686e-05
10065	1	100	17	500	0.0958467	0.0635898	0.0152195	0.0483703	0.0322569	0.940128	0.0652623	1.03094	0.0716654	2.8662e-05
10066	1	100	17	500	0.103973	0.0727905	0.0167494	0.0560411	0.0311826	0.933771	0.0790267	1.04046	0.0659761	2.82657e-05
10067	1	100	18	500	0.102613	0.0700381	0.017365	0.0526731	0.032575	0.938304	0.0782069	1.0353	0.0800051	2.73122e-05
10068	1	100	18	500	0.121332	0.0842008	0.0223743	0.0618265	0.0371309	0.924371	0.0998754	1.03751	0.0814997	2.71387e-05
10069	1	100	20	500	0.125295	0.0918101	0.0225749	0.0692352	0.0334852	0.916131	0.0918166	1.05626	0.0975023	2.58105e-05
10070	1	100	19	500	0.126447	0.0913671	0.0269528	0.0644143	0.0350804	0.915896	0.108352	1.03783	0.0817484	2.50424e-05
10071	1	100	21	500	0.112172	0.0754364	0.0197225	0.0557139	0.0367352	0.934758	0.0810386	1.03622	0.080244	2.47418e-05
10072	1	100	21	500	0.107572	0.0725112	0.0186909	0.0538203	0.0350606	0.930602	0.0935916	1.0265	0.083291	2.39853e-05
10073	1	100	21	500	0.107533	0.0688406	0.0207923	0.0480483	0.0386929	0.935428	0.0832536	1.01659	0.0885877	2.49546e-05
10074	1	100	22	500	0.11011	0.0693075	0.0190359	0.0502716	0.0408029	0.939161	0.0874279	1.02246	0.0681975	2.47913e-05
10075	1	100	21	500	0.134954	0.0911114	0.0243777	0.0667337	0.0438429	0.915848	0.0968054	1.03733	0.0884523	2.76248e-05
10076	1	100	20	500	0.134616	0.0984691	0.0246827	0.0737863	0.0361466	0.909025	0.0988825	1.05578	0.0970374	2.66127e-05
10077	1	100	21	500	0.128328	0.0937205	0.0218757	0.0718448	0.0346079	0.914153	0.0940426	1.05631	0.0856344	2.68826e-05
10078	1	100	24	500	0.105022	0.0762486	0.0153099	0.0609386	0.0287734	0.932252	0.0846557	1.05203	0.0825413	2.39156e-05
10079	1	100	26	500	0.118489	0.0858487	0.0189299	0.0669187	0.0326399	0.921786	0.0981166	1.05247	0.082334	2.56126e-05
10080	1	100	23	500	0.148226	0.112217	0.0307421	0.081475	0.0360087	0.893767	0.120227	1.05991	0.0899986	2.83996e-05
10081	1	100	26	500	0.158581	0.118964	0.0353249	0.0836393	0.0396164	0.888697	0.106037	1.05923	0.0820512	2.99774e-05
10082	1	100	25	500	0.158142	0.117244	0.0343294	0.0829141	0.0408988	0.888781	0.104382	1.05804	0.0973277	3.02451e-05
10083	1	100	22	500	0.149701	0.109358	0.0311748	0.0781829	0.0403431	0.900922	0.101602	1.05705	0.0903197	3.08143e-05
10084	1	100	22	500	0.178362	0.133744	0.0443036	0.0894402	0.0446182	0.883162	0.100897	1.07325	0.0938734	3.12896e-05
10085	1	100	23	500	0.182199	0.135219	0.045139	0.0900803	0.0469793	0.879855	0.1124	1.06624	0.103422	3.2105e-05
10086	1	100	26	500	0.173282	0.126484	0.0407456	0.0857381	0.0467978	0.889219	0.106546	1.06464	0.103116	3.06035e-05
10087	1	100	26	500	0.156225	0.110987	0.0328871	0.0780997	0.0452387	0.903528	0.0987981	1.05817	0.10099	2.99513e-05
10088	1	100	29	500	0.141861	0.0918349	0.0255334	0.0663016	0.0500256	0.921109	0.090479	1.03932	0.0890446	2.87077e-05
10089	1	100	27	500	0.120662	0.0680323	0.0203273	0.0477049	0.0526302	0.938124	0.0784834	1.00958	0.0799433	2.83177e-05
10090	1	100	24	500	0.133341	0.0812195	0.0243199	0.0568996	0.052121	0.926964	0.0828878	1.02109	0.0949907	2.8901e-05
10091	1	100	23	500	0.148832	0.0975161	0.0296123	0.0679038	0.0513158	0.916628	0.088883	1.03847	0.0913011	2.99921e-05
10092	1	100	23	500	0.141488	0.0918304	0.0282081	0.0636223	0.0496579	0.915384	0.0856725	1.03065	0.089046	2.86634e-05
10093	1	100	23	500	0.153812	0.10323	0.0312264	0.0720034	0.050582	0.907315	0.0960455	1.03913	0.0849585	2.86326e-05
10094	1	100	24	500	0.14434	0.0935614	0.0282158	0.0653456	0.0507789	0.921336	0.0780264	1.03672	0.082756	2.85992e-05
10095	1	100	22	500	0.13593	0.0858051	0.0274084	0.0583967	0.0501249	0.922704	0.0794829	1.02126	0.0863164	2.83633e-05
10096	1	100	25	500	0.141173	0.0903914	0.0261434	0.064248	0.0507817	0.918554	0.0828346	1.03003	0.0850173	2.97505e-05
10097	1	100	22	500	0.12533	0.0750015	0.0239467	0.0510548	0.050329	0.933394	0.0715844	1.01533	0.0808565	2.70839e-05
10098	1	100	20	500	0.129854	0.0769855	0.0253013	0.0516842	0.0528686	0.931536	0.0750662	1.01298	0.0802291	2.68862e-05
10099	1	100	19	500	0.128441	0.0744375	0.0234567	0.0509808	0.0540039	0.934489	0.0701401	1.01419	0.0758115	2.8277e-05
10100	1	100	19	500	0.110115	0.058985	0.0221706	0.0368144	0.0511297	0.951423	0.0566927	1.00182	0.0610948	2.72972e-05
10101	1	100	18	500	0.115931	0.0625234	0.0217098	0.0408136	0.0534079	0.945191	0.0679853	1.00187	0.0609151	2.81018e-05
