Generation	PopulationID	SampleSize	UniqueMutations	PopulationSize	totalLoad	RelzLoad	RelzLoadHomo	RelzLoadHetero	MskLoad	MeanFitness	SdFitness	MeanFitnessCached	SdFitnessCached	Heterozygosity	
10001	1	100	41	500	0.209562	0.201286	0.179275	0.0220116	0.00827596	0.799914	0.0185593	1.19652	0.0242779	2.46443e-05
10002	1	100	27	500	0.219794	0.201263	0.190449	0.0108143	0.0185306	0.800459	0.0176905	1.19099	0.0267599	2.20296e-05
10003	1	100	23	500	0.207599	0.199008	0.190865	0.00814265	0.00859051	0.802193	0.00946241	1.19424	0.00979631	2.20157e-05
10004	1	100	23	500	0.204475	0.197763	0.184076	0.013687	0.00671161	0.803644	0.0120099	1.19447	0.0141044	2.22603e-05
10005	1	100	22	500	0.207842	0.199439	0.188348	0.0110915	0.00840297	0.802	0.0115689	1.19548	0.013657	2.21635e-05
10006	1	100	17	500	0.0149116	0.00606698	0.000765684	0.0053013	0.00884466	0.994308	0.00938268	1.0009	0.0108368	2.20278e-05
10007	1	100	19	500	0.0120121	0.00560553	0.000686302	0.00491923	0.00640659	0.994209	0.0106523	1.00169	0.0117879	2.36309e-05
10008	1	100	22	500	0.0123571	0.00602857	0.000497737	0.00553083	0.00632856	0.994013	0.0158375	1.00207	0.016159	2.32645e-05
10009	1	100	19	500	0.0157359	0.00666704	0.00073406	0.00593298	0.00906883	0.993622	0.0163559	1.00122	0.0171843	2.13584e-05
10010	1	100	19	500	0.0176259	0.00707312	0.000848287	0.00622483	0.0105527	0.993377	0.0161495	1.00066	0.016617	2.17476e-05
10011	1	100	17	500	0.0171127	0.00416526	0.000928409	0.00323685	0.0129474	0.99524	0.00832714	0.996432	0.00888082	2.03125e-05
10012	1	100	16	500	0.017672	0.00474821	0.000743835	0.00400438	0.0129238	0.993178	0.0243313	0.994825	0.0247346	1.94349e-05
10013	1	100	14	500	0.0172684	0.00503924	0.00090574	0.0041335	0.0122292	0.995214	0.0087071	0.997567	0.00895471	1.98313e-05
10014	1	100	15	500	0.024004	0.00714887	0.00155986	0.00558901	0.0168551	0.993473	0.00935441	0.996326	0.0107549	1.92117e-05
10015	1	100	14	500	0.0197126	0.00673248	0.00140535	0.00532713	0.0129801	0.993715	0.00992988	0.998114	0.00997276	1.88484e-05
10016	1	100	16	500	0.0212211	0.00707733	0.00143513	0.0056422	0.0141438	0.993091	0.0113465	0.997479	0.0123971	1.88534e-05
10017	1	100	13	500	0.0203632	0.00806056	0.00217115	0.00588941	0.0123027	0.991306	0.013692	0.997244	0.0140778	2.01322e-05
10018	1	100	15	500	0.0190767	0.00826247	0.00265261	0.00560985	0.0108143	0.991536	0.0121323	0.997708	0.0142876	2.04358e-05
10019	1	100	14	500	0.0203296	0.00841028	0.00215814	0.00625214	0.0119194	0.992473	0.0103866	0.999567	0.0122755	2.0562e-05
10020	1	100	14	500	0.0171099	0.00711873	0.00194681	0.00517192	0.00999119	0.992004	0.0208648	0.997685	0.0219066	2.0715e-05
10021	1	100	14	500	0.0185451	0.00797305	0.00237762	0.00559543	0.0105721	0.992093	0.011929	0.998529	0.0133086	2.14342e-05
10022	1	100	15	500	0.0187036	0.00915289	0.00226444	0.00688845	0.00955074	0.990711	0.0129006	1.00057	0.0139667	2.11591e-05
10023	1	100	17	500	0.0280841	0.0116908	0.00263183	0.00905899	0.0163933	0.988765	0.0142759	0.999937	0.0164615	2.18628e-05
10024	1	100	15	500	0.0311406	0.0114507	0.00219807	0.00925262	0.0196899	0.989297	0.0133985	0.998813	0.016465	2.15223e-05
10025	1	100	17	500	0.0268328	0.0106232	0.00254301	0.00808023	0.0162096	0.990233	0.0139789	0.999068	0.0157883	2.20791e-05
10026	1	100	13	500	0.0218764	0.00949625	0.00308363	0.00641263	0.0123802	0.991008	0.0115818	0.998137	0.0142297	2.12069e-05
10027	1	100	15	500	0.0260822	0.0105786	0.00431059	0.00626798	0.0155036	0.989719	0.0133488	0.994908	0.0152346	2.02639e-05
10028	1	100	14	500	0.0371057	0.0143562	0.00590157	0.00845467	0.0227495	0.985527	0.0147499	0.991428	0.0173843	2.02737e-05
10029	1	100	16	500	0.0421007	0.0176461	0.0081258	0.00952026	0.0244546	0.982375	0.0167301	0.989554	0.0203523	2.02182e-05
10030	1	100	15	500	0.0397926	0.017737	0.00800061	0.00973636	0.0220556	0.982855	0.0152661	0.991938	0.0199676	2.10961e-05
10031	1	100	16	500	0.0383729	0.0176524	0.00913652	0.00851589	0.0207205	0.984028	0.0164846	0.991313	0.017407	1.94679e-05
10032	1	100	17	500	0.0440495	0.0198088	0.00962565	0.0101831	0.0242407	0.98049	0.0190573	0.989174	0.0234462	1.95345e-05
10033	1	100	18	500	0.0372633	0.015592	0.00759717	0.0079948	0.0216713	0.985561	0.0156527	0.990868	0.0178884	2.02177e-05
10034	1	100	18	500	0.0464569	0.0188291	0.00855845	0.0102706	0.0276278	0.982504	0.0171103	0.989825	0.020826	2.05161e-05
10035	1	100	20	500	0.0619017	0.0232536	0.00883708	0.0144166	0.0386481	0.977891	0.0208214	0.98818	0.0252357	2.22177e-05
10036	1	100	14	500	0.0662218	0.0255296	0.0103191	0.0152105	0.0406923	0.974463	0.0242054	0.985162	0.0284845	2.21139e-05
10037	1	100	18	500	0.06301	0.0244118	0.0102893	0.0141226	0.0385982	0.976128	0.0220856	0.985546	0.0276848	2.18175e-05
10038	1	100	18	500	0.0556853	0.0231983	0.00915602	0.0140423	0.0324869	0.978035	0.0226938	0.990501	0.026652	2.15467e-05
10039	1	100	15	500	0.0656947	0.0264341	0.0111526	0.0152815	0.0392605	0.974716	0.0234486	0.98643	0.0271833	2.17248e-05
10040	1	100	14	500	0.0808544	0.0289843	0.011692	0.0172923	0.0518701	0.97314	0.0260486	0.983162	0.0309108	2.13852e-05
10041	1	100	14	500	0.0872745	0.029026	0.0124066	0.0166194	0.0582485	0.975292	0.0278384	0.979391	0.0270241	2.01874e-05
10042	1	100	16	500	0.105022	0.0363999	0.0172177	0.0191822	0.0686217	0.965454	0.0531775	0.969534	0.0543064	2.00983e-05
10043	1	100	13	500	0.100459	0.0341783	0.0159642	0.0182142	0.0662805	0.960587	0.103363	0.963881	0.103869	2.01796e-05
10044	1	100	16	500	0.105251	0.0350705	0.0156411	0.0194294	0.0701808	0.969001	0.0284565	0.972784	0.0299121	2.08512e-05
10045	1	100	14	500	0.111598	0.0369249	0.0170849	0.01984	0.0746732	0.969416	0.0288911	0.97184	0.0286685	2.02299e-05
10046	1	100	15	500	0.0967211	0.0333214	0.01638	0.0169414	0.0633997	0.971123	0.0300195	0.973306	0.0305524	2.06259e-05
10047	1	100	13	500	0.0618511	0.0240427	0.0135585	0.0104841	0.0378084	0.970118	0.0690806	0.972728	0.0695155	2.05944e-05
10048	1	100	14	500	0.0864742	0.028723	0.0134431	0.0152799	0.0577512	0.976027	0.0286168	0.977886	0.0286824	2.0977e-05
10049	1	100	14	500	0.0740518	0.0262732	0.0126922	0.0135811	0.0477786	0.976196	0.025751	0.97959	0.0283205	2.05521e-05
10050	1	100	16	500	0.0710628	0.0242503	0.0102869	0.0139634	0.0468125	0.979556	0.0228993	0.984165	0.0244321	2.08857e-05
10051	1	100	19	500	0.0961377	0.0346255	0.0171439	0.0174816	0.0615122	0.970236	0.0445012	0.974493	0.0455032	2.10515e-05
10052	1	100	15	500	0.093308	0.0332235	0.0173774	0.0158461	0.0600845	0.97277	0.0260201	0.974436	0.0275293	2.11125e-05
10053	1	100	14	500	0.108458	0.0419197	0.0239212	0.0179985	0.0665387	0.961957	0.0585138	0.96486	0.06019	2.06846e-05
10054	1	100	17	500	0.126471	0.049662	0.0297708	0.0198912	0.0768093	0.959694	0.0588624	0.961068	0.0594834	2.05966e-05
10055	1	100	14	500	0.124486	0.0458532	0.026195	0.0196582	0.0786329	0.962601	0.0573864	0.963018	0.0576401	2.10153e-05
10056	1	100	18	500	0.11292	0.0416188	0.0237933	0.0178254	0.0713017	0.969032	0.029462	0.969032	0.029462	2.0648e-05
10057	1	100	14	500	0.131466	0.0500199	0.0296585	0.0203614	0.0814457	0.958324	0.0529747	0.958324	0.0529747	1.9982e-05
10058	1	100	19	500	0.122887	0.0456506	0.0263416	0.0193091	0.0772363	0.958637	0.0603713	0.958637	0.0603713	2.05003e-05
10059	1	100	15	500	0.125174	0.0473977	0.0279537	0.0194441	0.0777763	0.961202	0.0428408	0.961389	0.0428746	2.10421e-05
10060	1	100	10	500	0.113821	0.0416268	0.0235782	0.0180486	0.0721945	0.969445	0.0298451	0.969652	0.029689	2.1526e-05
10061	1	100	13	500	0.0936494	0.0346074	0.0198469	0.0147605	0.059042	0.965838	0.0536035	0.965838	0.0536035	2.09221e-05
10062	1	100	11	500	0.0787444	0.0284216	0.0158409	0.0125807	0.0503228	0.977088	0.0234979	0.977242	0.0236159	2.17161e-05
10063	1	100	12	500	0.0721228	0.0262305	0.0147574	0.0114731	0.0458923	0.976127	0.0333985	0.976169	0.0334248	2.20632e-05
10064	1	100	9	500	0.0637775	0.0235327	0.0134715	0.0100612	0.0402448	0.979227	0.0207722	0.979227	0.0207722	2.25492e-05
10065	1	100	10	500	0.0561803	0.02093	0.0121175	0.00881256	0.0352502	0.980674	0.0205411	0.980795	0.0206359	2.25574e-05
10066	1	100	11	500	0.0494716	0.0190214	0.0114088	0.00761255	0.0304502	0.98068	0.0293633	0.980708	0.0293612	2.26932e-05
10067	1	100	10	500	0.0552208	0.0222069	0.0139534	0.00825348	0.0330139	0.979568	0.0328354	0.979568	0.0328354	2.22386e-05
10068	1	100	10	500	0.0548476	0.0230296	0.0150751	0.00795451	0.031818	0.979702	0.029273	0.980234	0.0295505	2.17693e-05
10069	1	100	12	500	0.0601368	0.0222005	0.0127009	0.00949954	0.0379363	0.977726	0.0398693	0.977756	0.0398494	2.16334e-05
10070	1	100	9	500	0.0690288	0.0284269	0.0182665	0.0101604	0.040602	0.976491	0.0289356	0.976511	0.0289517	2.18002e-05
10071	1	100	10	500	0.0717635	0.0270659	0.0158914	0.0111744	0.0446977	0.978052	0.0299217	0.978086	0.0299432	2.18454e-05
10072	1	100	9	500	0.0821351	0.0337053	0.0215978	0.0121075	0.0484299	0.969543	0.0429381	0.969543	0.0429381	2.20615e-05
10073	1	100	10	500	0.0720047	0.0272632	0.0160778	0.0111854	0.0447416	0.975156	0.0425761	0.975156	0.0425761	2.18159e-05
10074	1	100	14	500	0.0790205	0.0292423	0.0167413	0.012501	0.0497782	0.969456	0.052896	0.969561	0.0528236	2.21525e-05
10075	1	100	11	500	0.065848	0.0200897	0.00865018	0.0114396	0.0457582	0.98353	0.0276166	0.98353	0.0276166	2.16785e-05
10076	1	100	10	500	0.0645265	0.0208247	0.0098993	0.0109254	0.0437018	0.977516	0.0404938	0.977685	0.0403089	2.23425e-05
10077	1	100	11	500	0.0896991	0.02567	0.00966269	0.0160073	0.0640291	0.979044	0.0308643	0.979072	0.0308805	2.28423e-05
10078	1	100	9	500	0.0446456	0.0153504	0.00802657	0.00732381	0.0292952	0.986581	0.0193182	0.986581	0.0193182	2.2303e-05
10079	1	100	10	500	0.0406177	0.0147404	0.00827103	0.00646933	0.0258773	0.986424	0.0177837	0.986424	0.0177838	2.2538e-05
10080	1	100	13	500	0.0621755	0.019488	0.0088161	0.0106719	0.0426876	0.973341	0.0736533	0.973353	0.0736572	2.38914e-05
10081	1	100	13	500	0.0560715	0.0173899	0.00771067	0.00967921	0.0386816	0.982929	0.0221304	0.983144	0.0220119	2.35389e-05
10082	1	100	12	500	0.0614824	0.0185269	0.00756367	0.0109632	0.0429556	0.98191	0.0253968	0.982455	0.0257543	2.38494e-05
10083	1	100	14	500	0.0692187	0.0202325	0.00766139	0.0125711	0.0489862	0.981032	0.0249072	0.981691	0.0253641	2.42606e-05
10084	1	100	14	500	0.0799874	0.0239366	0.00936286	0.0145738	0.0560507	0.979241	0.0295478	0.980374	0.0296258	2.4501e-05
10085	1	100	15	500	0.0546932	0.016638	0.00658264	0.0100554	0.0380552	0.984044	0.0217301	0.985171	0.0223614	2.46388e-05
10086	1	100	15	500	0.0596045	0.0160215	0.00482117	0.0112004	0.043583	0.985934	0.02104	0.986552	0.0213985	2.38293e-05
10087	1	100	12	500	0.067673	0.0175817	0.00453685	0.0130449	0.0500912	0.984009	0.0251494	0.985073	0.02549	2.36567e-05
10088	1	100	13	500	0.0810489	0.0213512	0.0063038	0.0150474	0.0596977	0.981405	0.0302822	0.981651	0.0304034	2.435e-05
10089	1	100	13	500	0.077677	0.0196267	0.00508961	0.0145371	0.0580502	0.982889	0.0253058	0.982942	0.0253287	2.40279e-05
10090	1	100	10	500	0.0974746	0.0247301	0.00654402	0.0181861	0.0727444	0.979511	0.0314938	0.979717	0.0315996	2.32245e-05
10091	1	100	10	500	0.103866	0.0266046	0.00728924	0.0193153	0.0772614	0.977881	0.0320581	0.977881	0.0320581	2.41776e-05
10092	1	100	13	500	0.0960811	0.0240718	0.00606951	0.0180023	0.0720093	0.975449	0.0543001	0.975537	0.0543399	2.46706e-05
10093	1	100	14	500	0.0999568	0.0259338	0.00740924	0.0185245	0.074023	0.971287	0.0871714	0.971323	0.0871643	2.51833e-05
10094	1	100	12	500	0.100167	0.0270397	0.00875794	0.0182817	0.073127	0.976335	0.0329643	0.976335	0.0329643	2.57688e-05
10095	1	100	13	500	0.139009	0.0375953	0.0122419	0.0253534	0.101414	0.960828	0.0941736	0.960931	0.094211	2.69541e-05
10096	1	100	11	500	0.0966049	0.02719	0.00983632	0.0173537	0.0694149	0.977033	0.0345983	0.97707	0.0346128	2.68673e-05
10097	1	100	15	500	0.0801543	0.0229043	0.00826019	0.0146441	0.05725	0.981025	0.028296	0.981694	0.0285123	2.6881e-05
10098	1	100	11	500	0.0813974	0.0228209	0.00817676	0.0146441	0.0585765	0.981463	0.028706	0.98229	0.0281792	2.71418e-05
10099	1	100	14	500	0.0840468	0.0243413	0.00864363	0.0156977	0.0597055	0.980761	0.0240684	0.982337	0.0246858	2.73664e-05
10100	1	100	15	500	0.0825705	0.022837	0.00721277	0.0156242	0.0597335	0.982257	0.0271148	0.983638	0.0266015	2.75884e-05
10101	1	100	14	500	0.0900196	0.0240145	0.00690613	0.0171084	0.0660051	0.98075	0.0292444	0.981992	0.0286165	2.80611e-05
