Generation	PopulationID	SampleSize	UniqueMutations	PopulationSize	totalLoad	RelzLoad	RelzLoadHomo	RelzLoadHetero	MskLoad	MeanFitness	SdFitness	MeanFitnessCached	SdFitnessCached	Heterozygosity	
10001	1	100	50	500	0.293243	0.274396	0.138797	0.135599	0.0188466	0.750276	0.0407571	1.2874	0.0628911	3.22406e-05
10002	1	100	35	500	0.286008	0.271394	0.143188	0.128206	0.0146136	0.753343	0.0318525	1.28685	0.049943	3.19438e-05
10003	1	100	32	500	0.279516	0.260482	0.131493	0.128989	0.0190345	0.76195	0.0305568	1.27031	0.0497305	3.17467e-05
10004	1	100	28	500	0.278856	0.261976	0.137845	0.124131	0.0168793	0.760139	0.0314065	1.27277	0.0546847	3.19601e-05
10005	1	100	29	500	0.289334	0.263548	0.139876	0.123671	0.0257858	0.75993	0.0303761	1.26819	0.0527779	3.14285e-05
10006	1	100	29	500	0.290452	0.265637	0.143803	0.121834	0.0248147	0.75786	0.0349504	1.27236	0.0526443	3.15193e-05
10007	1	100	25	500	0.297758	0.271473	0.155129	0.116345	0.026284	0.753001	0.0335278	1.27727	0.045813	3.03252e-05
10008	1	100	22	500	0.305356	0.27093	0.153393	0.117537	0.0344256	0.750176	0.049716	1.2648	0.0820885	3.07049e-05
10009	1	100	28	500	0.30225	0.277613	0.162265	0.115348	0.024637	0.747578	0.035537	1.28504	0.0498964	3.06425e-05
10010	1	100	21	500	0.297748	0.278799	0.165535	0.113264	0.0189496	0.74673	0.0385878	1.29119	0.0543498	2.94551e-05
10011	1	100	22	500	0.285508	0.262915	0.148978	0.113937	0.0225932	0.760103	0.0362018	1.2692	0.0529779	2.97381e-05
10012	1	100	27	500	0.29056	0.264824	0.148755	0.116069	0.0257361	0.758921	0.0377675	1.26973	0.0437976	3.0132e-05
10013	1	100	23	500	0.296791	0.262116	0.142944	0.119171	0.0346753	0.761097	0.0372645	1.25933	0.0438921	2.99396e-05
10014	1	100	23	500	0.298548	0.257418	0.141926	0.115493	0.0411303	0.765832	0.0434418	1.24794	0.0357857	2.89381e-05
10015	1	100	23	500	0.288765	0.250201	0.13492	0.115281	0.0385638	0.767013	0.0629758	1.23336	0.0789293	2.89187e-05
10016	1	100	24	500	0.319178	0.265668	0.14398	0.121688	0.0535099	0.761175	0.0452781	1.24587	0.0326552	2.94948e-05
10017	1	100	20	500	0.344623	0.28046	0.161414	0.119046	0.0641633	0.747727	0.0725369	1.24023	0.0926931	2.89905e-05
10018	1	100	20	500	0.323636	0.270593	0.15818	0.112413	0.0530428	0.757128	0.0445951	1.25003	0.0387485	2.85495e-05
10019	1	100	19	500	0.359088	0.283207	0.170122	0.113084	0.0758815	0.752475	0.0484243	1.24135	0.0401761	2.77922e-05
10020	1	100	16	500	0.344142	0.275163	0.161866	0.113297	0.0689788	0.752107	0.0737555	1.23162	0.0920844	2.89818e-05
10021	1	100	19	500	0.339007	0.277677	0.165684	0.111994	0.0613294	0.750659	0.0721187	1.23924	0.0861566	2.94826e-05
10022	1	100	16	500	0.337045	0.278298	0.172715	0.105583	0.0587473	0.749246	0.0715566	1.24373	0.0877245	2.92434e-05
10023	1	100	19	500	0.361652	0.292538	0.187345	0.105193	0.0691134	0.739112	0.0807838	1.24218	0.10387	2.93552e-05
10024	1	100	20	500	0.346746	0.283207	0.185209	0.0979987	0.0635383	0.747721	0.0629538	1.24538	0.07381	2.83094e-05
10025	1	100	22	500	0.340248	0.277915	0.196753	0.081162	0.0623329	0.753039	0.044645	1.24372	0.0407117	2.59339e-05
10026	1	100	20	500	0.346162	0.279569	0.194449	0.0851203	0.0665928	0.752612	0.0474926	1.23766	0.0357653	2.61969e-05
10027	1	100	21	500	0.377769	0.295147	0.206984	0.0881623	0.0826223	0.743313	0.0682962	1.22692	0.0768996	2.62284e-05
10028	1	100	18	500	0.342076	0.276979	0.193957	0.0830218	0.0650977	0.748583	0.0845595	1.22461	0.105952	2.6778e-05
10029	1	100	16	500	0.332243	0.270985	0.195751	0.0752337	0.0612585	0.759028	0.0457545	1.23717	0.0270839	2.59759e-05
10030	1	100	17	500	0.299332	0.258087	0.186766	0.0713211	0.0412454	0.764978	0.0416741	1.24371	0.033105	2.659e-05
10031	1	100	19	500	0.309374	0.26459	0.195116	0.0694738	0.0447837	0.75985	0.0399173	1.24679	0.0361852	2.68341e-05
10032	1	100	21	500	0.322031	0.265935	0.200929	0.0650057	0.0560963	0.754078	0.0817628	1.22342	0.104196	2.5328e-05
10033	1	100	19	500	0.167376	0.111819	0.0540935	0.0577258	0.0555567	0.898976	0.05123	1.07264	0.0274131	2.44704e-05
10034	1	100	20	500	0.185811	0.120179	0.0596843	0.0604947	0.0656318	0.89433	0.0523493	1.07038	0.0278914	2.43991e-05
10035	1	100	18	500	0.22348	0.139078	0.0680195	0.0710587	0.0844022	0.873201	0.108262	1.05389	0.102021	2.50758e-05
10036	1	100	19	500	0.175244	0.115461	0.0527706	0.0626903	0.0597827	0.886671	0.0986124	1.06046	0.0962678	2.46668e-05
10037	1	100	16	500	0.143948	0.102419	0.0430512	0.0593674	0.0415298	0.903758	0.0446062	1.07702	0.0284272	2.45484e-05
10038	1	100	20	500	0.133324	0.100605	0.0442378	0.0563668	0.0327196	0.904264	0.0431414	1.0818	0.0320298	2.4558e-05
10039	1	100	22	500	0.127325	0.0986287	0.0429156	0.0557131	0.0286962	0.905053	0.0452416	1.08057	0.0322804	2.43884e-05
10040	1	100	21	500	0.137243	0.0998744	0.0428083	0.0570661	0.0373682	0.905137	0.0440221	1.0781	0.0323555	2.45947e-05
10041	1	100	20	500	0.105842	0.0898425	0.0401845	0.049658	0.0159994	0.91284	0.0335819	1.08137	0.0292458	2.35331e-05
10042	1	100	16	500	0.125766	0.0969361	0.0434395	0.0534967	0.0288297	0.907125	0.0393459	1.08042	0.0320631	2.41742e-05
10043	1	100	14	500	0.111475	0.0925645	0.0418822	0.0506823	0.0189102	0.910602	0.0366948	1.08217	0.0291611	2.36806e-05
10044	1	100	14	500	0.133093	0.100474	0.0440068	0.0564677	0.0326185	0.904959	0.0446508	1.0805	0.0283115	2.49075e-05
10045	1	100	16	500	0.144152	0.10571	0.0487201	0.0569904	0.0384413	0.900905	0.0462401	1.08118	0.0291229	2.54164e-05
10046	1	100	14	500	0.139894	0.101361	0.0472141	0.0541472	0.0385323	0.905141	0.0465602	1.07675	0.02586	2.484e-05
10047	1	100	14	500	0.129621	0.0959764	0.0450335	0.050943	0.033645	0.909549	0.0461379	1.07506	0.02466	2.39935e-05
10048	1	100	14	500	0.11053	0.0875635	0.04309	0.0444735	0.0229663	0.915751	0.0405258	1.07402	0.0236432	2.3845e-05
10049	1	100	16	500	0.120076	0.0914561	0.0517475	0.0397086	0.0286202	0.912647	0.0420437	1.07392	0.0259486	2.38029e-05
10050	1	100	15	500	0.113619	0.0887719	0.0478032	0.0409687	0.0248469	0.914705	0.0388467	1.07387	0.0241472	2.436e-05
10051	1	100	13	500	0.109009	0.0902626	0.0506578	0.0396048	0.0187462	0.912602	0.0357854	1.07931	0.0306686	2.53782e-05
10052	1	100	14	500	0.102451	0.0868713	0.0495121	0.0373592	0.0155801	0.915145	0.0345165	1.07772	0.0316893	2.48087e-05
10053	1	100	14	500	0.093894	0.0806708	0.0448143	0.0358565	0.0132233	0.921027	0.0289962	1.07297	0.0241572	2.40845e-05
10054	1	100	17	500	0.0894304	0.0808934	0.0406327	0.0402607	0.00853696	0.92072	0.0326356	1.076	0.031562	2.39033e-05
10055	1	100	18	500	0.10022	0.08365	0.0413911	0.0422589	0.0165697	0.918399	0.0332233	1.07415	0.0255749	2.43181e-05
10056	1	100	18	500	0.102802	0.0839474	0.0434854	0.040462	0.018855	0.918203	0.0314917	1.07328	0.030538	2.45496e-05
10057	1	100	18	500	0.105778	0.0841236	0.044591	0.0395326	0.0216549	0.918184	0.0300707	1.07167	0.0274487	2.52213e-05
10058	1	100	18	500	0.103182	0.0851146	0.0428663	0.0422483	0.0180674	0.916923	0.0285244	1.07483	0.0325402	2.53024e-05
10059	1	100	18	500	0.113212	0.0867032	0.0430828	0.0436204	0.0265092	0.916079	0.0336419	1.07187	0.0285018	2.57004e-05
10060	1	100	22	500	0.118637	0.0908121	0.0460372	0.044775	0.0278252	0.912427	0.0439829	1.0751	0.0361645	2.60273e-05
10061	1	100	25	500	0.110951	0.0864247	0.0473902	0.0390345	0.0245261	0.916695	0.038572	1.07195	0.025521	2.54444e-05
10062	1	100	19	500	0.112998	0.0897794	0.046471	0.0433083	0.0232186	0.913144	0.0387844	1.07624	0.0334382	2.56225e-05
10063	1	100	22	500	0.0996868	0.0856098	0.0536426	0.0319672	0.014077	0.916262	0.0338113	1.07719	0.032037	2.3807e-05
10064	1	100	21	500	0.111246	0.0922501	0.059991	0.0322591	0.018996	0.910574	0.0412903	1.08082	0.0366588	2.32623e-05
10065	1	100	16	500	0.110738	0.0928076	0.0565861	0.0362215	0.0179304	0.909406	0.038359	1.08128	0.0373841	2.4445e-05
10066	1	100	17	500	0.103378	0.0922246	0.0525818	0.0396428	0.0111538	0.910113	0.0354476	1.08577	0.0351764	2.60711e-05
10067	1	100	18	500	0.0948359	0.0864454	0.0481726	0.0382728	0.00839051	0.915427	0.0287072	1.08176	0.0346739	2.62018e-05
10068	1	100	17	500	0.0950488	0.0850817	0.0472656	0.0378161	0.00996711	0.916956	0.0321022	1.07913	0.0388026	2.64043e-05
10069	1	100	16	500	0.10285	0.0890691	0.0442936	0.0447756	0.0137809	0.913467	0.0296476	1.08176	0.0373712	2.71996e-05
10070	1	100	20	500	0.118265	0.0980216	0.0498904	0.0481312	0.0202437	0.905769	0.0346621	1.0867	0.0420922	2.68958e-05
10071	1	100	18	500	0.120067	0.0992166	0.0498034	0.0494132	0.0208507	0.904227	0.0344305	1.08727	0.0431101	2.64601e-05
10072	1	100	16	500	0.136237	0.108793	0.0492462	0.0595467	0.027444	0.893596	0.0392852	1.08844	0.0517014	2.79638e-05
10073	1	100	18	500	0.138637	0.109955	0.0531339	0.0568213	0.0286817	0.895274	0.0332311	1.09115	0.0432025	2.77433e-05
10074	1	100	17	500	0.143163	0.113297	0.0557831	0.0575142	0.0298656	0.892785	0.0375207	1.09501	0.0488505	2.81394e-05
10075	1	100	19	500	0.143182	0.117344	0.0576661	0.059678	0.025838	0.887916	0.037522	1.10222	0.0507816	2.89409e-05
10076	1	100	17	500	0.146736	0.122182	0.061284	0.0608975	0.0245545	0.88371	0.0341112	1.10852	0.0449442	2.82915e-05
10077	1	100	16	500	0.149681	0.121253	0.0586622	0.0625912	0.0284276	0.884541	0.0373912	1.10261	0.052223	2.90763e-05
10078	1	100	17	500	0.148861	0.116851	0.0559886	0.060862	0.0320101	0.889682	0.0366702	1.09519	0.047973	2.92838e-05
10079	1	100	18	500	0.146907	0.115385	0.0550757	0.0603091	0.0315219	0.889483	0.0347148	1.09301	0.0491844	2.96125e-05
10080	1	100	18	500	0.146651	0.11192	0.0549855	0.0569343	0.0347313	0.894419	0.0334417	1.08858	0.0456065	3.03807e-05
10081	1	100	20	500	0.152129	0.115879	0.0555249	0.0603546	0.0362498	0.888971	0.0412698	1.08713	0.0537553	3.06532e-05
10082	1	100	19	500	0.151503	0.114419	0.0548902	0.0595285	0.0370844	0.890001	0.0409915	1.08478	0.0567911	3.15654e-05
10083	1	100	18	500	0.148563	0.109781	0.056045	0.0537361	0.0387821	0.895122	0.0326819	1.08258	0.0406013	3.20198e-05
10084	1	100	19	500	0.139678	0.10774	0.0535374	0.0542031	0.0319374	0.898056	0.0308194	1.08559	0.0441185	3.15685e-05
10085	1	100	20	500	0.132919	0.106421	0.0560317	0.0503891	0.0264983	0.899296	0.0339448	1.08623	0.0416527	3.11798e-05
10086	1	100	22	500	0.133131	0.100332	0.0530418	0.04729	0.0327992	0.903192	0.0424805	1.07398	0.0505988	3.12301e-05
10087	1	100	19	500	0.139677	0.104204	0.0543882	0.0498156	0.0354727	0.900643	0.0331025	1.07658	0.0380296	3.20977e-05
10088	1	100	27	500	0.142285	0.103888	0.058424	0.0454636	0.0383972	0.902492	0.0380855	1.07581	0.0386379	3.14723e-05
10089	1	100	20	500	0.148796	0.112277	0.0622251	0.0500521	0.0365188	0.893176	0.036895	1.08436	0.0407446	3.20351e-05
10090	1	100	20	500	0.132451	0.109559	0.0646602	0.0448984	0.0228922	0.895064	0.0339231	1.09219	0.0409985	3.08795e-05
10091	1	100	21	500	0.13806	0.109506	0.0634636	0.046042	0.0285541	0.896208	0.0381708	1.08898	0.0436975	3.11129e-05
10092	1	100	21	500	0.15562	0.118536	0.0659722	0.052564	0.0370841	0.889101	0.0363319	1.0926	0.0487174	3.03132e-05
10093	1	100	22	500	0.15663	0.119675	0.0649429	0.0547317	0.0369554	0.884485	0.039534	1.08738	0.0523972	3.04554e-05
10094	1	100	27	500	0.157839	0.123653	0.0707937	0.0528591	0.034186	0.88248	0.0400531	1.08912	0.0446332	2.95159e-05
10095	1	100	23	500	0.159489	0.120016	0.0652125	0.0548038	0.0394728	0.883796	0.037441	1.08641	0.0501243	3.08567e-05
10096	1	100	23	500	0.157537	0.111459	0.0564216	0.0550372	0.0460787	0.893136	0.0398871	1.07814	0.0526305	3.14276e-05
10097	1	100	22	500	0.119149	0.101024	0.0596875	0.0413366	0.0181247	0.90318	0.0315099	1.08629	0.0409894	3.01905e-05
10098	1	100	22	500	0.12476	0.103887	0.0602526	0.0436345	0.0208725	0.899962	0.0325748	1.08816	0.0451316	3.07693e-05
10099	1	100	21	500	0.123527	0.10097	0.0614888	0.0394812	0.0225568	0.903148	0.036227	1.08135	0.0445119	3.10594e-05
10100	1	100	22	500	0.129077	0.104473	0.062725	0.0417477	0.0246039	0.900707	0.0325752	1.08232	0.0395347	3.12139e-05
10101	1	100	21	500	0.145961	0.107239	0.0562833	0.0509561	0.0387218	0.897802	0.0364373	1.07877	0.042384	3.2177e-05
