Generation	PopulationID	SampleSize	UniqueMutations	PopulationSize	totalLoad	RelzLoad	RelzLoadHomo	RelzLoadHetero	MskLoad	MeanFitness	SdFitness	MeanFitnessCached	SdFitnessCached	Heterozygosity	
10001	1	100	56	500	0.0577744	0.0307755	0.00292724	0.0278483	0.0269989	0.966178	0.0426119	1.01701	0.0426036	2.84484e-05
10002	1	100	29	500	0.0432142	0.0277095	0.00235899	0.0253505	0.0155048	0.972038	0.0258998	1.01879	0.0262741	2.81662e-05
10003	1	100	27	500	0.0542975	0.0333314	0.00350196	0.0298294	0.0209661	0.967035	0.0348389	1.02178	0.036088	2.81602e-05
10004	1	100	28	500	0.0770733	0.0411473	0.00541381	0.0357335	0.035926	0.960398	0.0330456	1.02144	0.0392711	2.77804e-05
10005	1	100	22	500	0.0647995	0.0462737	0.00855442	0.0377193	0.0185258	0.952866	0.0361437	1.03456	0.0442594	2.7407e-05
10006	1	100	23	500	0.0720434	0.0492543	0.010387	0.0388673	0.0227891	0.951006	0.0341007	1.03557	0.0428527	2.75e-05
10007	1	100	25	500	0.075716	0.0469051	0.00811723	0.0387878	0.0288109	0.953616	0.0368593	1.03081	0.0442073	2.81784e-05
10008	1	100	25	500	0.089728	0.0552491	0.0107789	0.0444702	0.0344788	0.946945	0.0411666	1.03536	0.0470252	2.79076e-05
10009	1	100	27	500	0.0831596	0.056824	0.0133609	0.0434631	0.0263357	0.944864	0.0391956	1.042	0.0443875	2.76423e-05
10010	1	100	22	500	0.0834385	0.0602992	0.0140467	0.0462525	0.0231393	0.941495	0.0323719	1.04696	0.0384269	2.83507e-05
10011	1	100	22	500	0.0805654	0.0611493	0.0171313	0.0440181	0.019416	0.940136	0.0408363	1.0504	0.0453188	2.74249e-05
10012	1	100	19	500	0.0781601	0.0637952	0.0210332	0.042762	0.0143649	0.936727	0.0438653	1.05608	0.0480349	2.6777e-05
10013	1	100	23	500	0.0877706	0.0666808	0.0207479	0.0459329	0.0210898	0.934525	0.0383749	1.05487	0.0422106	2.81981e-05
10014	1	100	23	500	0.0899729	0.0731927	0.0262941	0.0468985	0.0167802	0.928143	0.0382178	1.06424	0.0431962	2.79905e-05
10015	1	100	24	500	0.0908662	0.0719628	0.024267	0.0476958	0.0189034	0.929256	0.0391776	1.06141	0.0452326	2.81727e-05
10016	1	100	25	500	0.101459	0.0741632	0.0254174	0.0487457	0.0272955	0.927484	0.0356374	1.05766	0.0436007	2.80953e-05
10017	1	100	24	500	0.109495	0.077411	0.0287818	0.0486292	0.0320843	0.922877	0.0376823	1.05541	0.0544985	2.79413e-05
10018	1	100	24	500	0.104846	0.0761714	0.0267948	0.0493766	0.0286744	0.924132	0.041313	1.05748	0.0549597	2.87077e-05
10019	1	100	22	500	0.105661	0.0783477	0.0279905	0.0503572	0.0273129	0.923774	0.0339491	1.06252	0.0388137	2.82042e-05
10020	1	100	18	500	0.104393	0.0754187	0.025323	0.0500957	0.028974	0.926371	0.0418599	1.05838	0.0464732	2.83684e-05
10021	1	100	22	500	0.112675	0.0759802	0.0279549	0.0480253	0.0366952	0.926061	0.0358951	1.05416	0.043669	2.69811e-05
10022	1	100	20	500	0.111341	0.0790566	0.0301837	0.0488729	0.0322848	0.922755	0.0415134	1.06019	0.0468648	2.77115e-05
10023	1	100	18	500	0.123065	0.0848708	0.0352449	0.0496259	0.0381944	0.91833	0.0425109	1.06198	0.047691	2.72273e-05
10024	1	100	20	500	0.126651	0.0784123	0.0290146	0.0493977	0.0482387	0.925363	0.0388113	1.04894	0.0492725	2.70209e-05
10025	1	100	19	500	0.144466	0.08227	0.0296278	0.0526422	0.0621955	0.922263	0.0461988	1.03942	0.0529879	2.70792e-05
10026	1	100	19	500	0.155134	0.0872899	0.0333707	0.0539192	0.0678438	0.918392	0.0590885	1.03556	0.0556043	2.72869e-05
10027	1	100	19	500	0.155567	0.0862816	0.0313454	0.0549363	0.0692851	0.914152	0.0647521	1.03475	0.0798341	2.78258e-05
10028	1	100	21	500	0.157099	0.0811847	0.0255838	0.0556009	0.0759147	0.917592	0.0679593	1.02296	0.0891013	2.90833e-05
10029	1	100	19	500	0.160314	0.0794132	0.0246246	0.0547886	0.0809004	0.92555	0.0518873	1.02179	0.0593406	2.84459e-05
10030	1	100	17	500	0.152656	0.082067	0.0286822	0.0533848	0.0705891	0.920251	0.0532092	1.03321	0.0645175	2.81874e-05
10031	1	100	21	500	0.152047	0.0843924	0.030263	0.0541293	0.0676549	0.920113	0.0471725	1.04105	0.0517889	2.79287e-05
10032	1	100	18	500	0.117573	0.0721141	0.0229453	0.0491689	0.0454591	0.926695	0.0522246	1.03955	0.049596	2.88252e-05
10033	1	100	19	500	0.145533	0.0780289	0.0239008	0.0541281	0.0675044	0.924698	0.0484962	1.03215	0.0557068	2.95649e-05
10034	1	100	19	500	0.16618	0.0808595	0.0237178	0.0571417	0.0853202	0.92477	0.0603004	1.02339	0.0624299	3.02007e-05
10035	1	100	21	500	0.174654	0.086769	0.0286634	0.0581055	0.0878852	0.919393	0.0522666	1.02566	0.0568011	3.00931e-05
10036	1	100	22	500	0.176041	0.0886267	0.0284784	0.0601482	0.0874148	0.922021	0.0407205	1.0303	0.0413653	3.14666e-05
10037	1	100	22	500	0.178113	0.0930729	0.0302389	0.062834	0.0850397	0.912947	0.0537128	1.03046	0.0692589	3.23722e-05
10038	1	100	21	500	0.179932	0.0901255	0.0269166	0.0632089	0.089807	0.920775	0.0442232	1.02605	0.0404105	3.35155e-05
10039	1	100	19	500	0.185492	0.0989195	0.0331662	0.0657534	0.0865724	0.909053	0.0714758	1.02466	0.0607343	3.31902e-05
10040	1	100	23	500	0.163777	0.0926451	0.0295499	0.0630952	0.071132	0.910578	0.067682	1.03118	0.0613858	3.3199e-05
10041	1	100	24	500	0.164449	0.086275	0.0254538	0.0608212	0.0781743	0.919248	0.0555157	1.02817	0.0592401	3.32588e-05
10042	1	100	23	500	0.14094	0.0794375	0.0220682	0.0573693	0.061503	0.927414	0.0348964	1.03947	0.0355985	3.34095e-05
10043	1	100	24	500	0.131785	0.0746288	0.0200378	0.0545909	0.0571566	0.927237	0.0458819	1.0338	0.0497719	3.36285e-05
10044	1	100	20	500	0.133939	0.0743058	0.0219936	0.0523121	0.0596335	0.924586	0.0543455	1.02539	0.0613429	3.34018e-05
10045	1	100	21	500	0.137138	0.0768527	0.023583	0.0532697	0.0602851	0.92413	0.0621734	1.02528	0.0626959	3.40025e-05
10046	1	100	20	500	0.125982	0.0704954	0.022516	0.0479794	0.0554867	0.934113	0.0396305	1.02972	0.04587	3.36932e-05
10047	1	100	21	500	0.119034	0.0681371	0.020878	0.0472592	0.0508971	0.93532	0.0502487	1.03208	0.0426919	3.37418e-05
10048	1	100	18	500	0.115204	0.0693247	0.0224346	0.0468901	0.0458793	0.937366	0.0342159	1.03686	0.0279095	3.32711e-05
10049	1	100	21	500	0.111532	0.0679793	0.0224071	0.0455722	0.0435527	0.934022	0.0501886	1.03126	0.0496594	3.27385e-05
10050	1	100	18	500	0.0846711	0.0576492	0.0190179	0.0386313	0.0270219	0.945244	0.0279447	1.0406	0.0296968	3.22202e-05
10051	1	100	17	500	0.0768155	0.052618	0.0170366	0.0355814	0.0241975	0.946348	0.044441	1.03285	0.0428211	3.07821e-05
10052	1	100	20	500	0.0836672	0.0568601	0.0173798	0.0394803	0.0268071	0.946665	0.0272954	1.03884	0.0303354	3.21685e-05
10053	1	100	18	500	0.08194	0.0581167	0.0177294	0.0403873	0.0238233	0.945812	0.0348197	1.04069	0.0259461	3.27261e-05
10054	1	100	21	500	0.0828883	0.0576506	0.0164526	0.041198	0.0252377	0.946163	0.0311602	1.04026	0.0268772	3.30301e-05
10055	1	100	23	500	0.0756958	0.0550356	0.0142106	0.0408251	0.0206602	0.947557	0.0332551	1.04182	0.0263917	3.36793e-05
10056	1	100	18	500	0.085749	0.0599966	0.0178356	0.042161	0.0257524	0.944084	0.0314063	1.04109	0.0237476	3.39808e-05
10057	1	100	20	500	0.0973246	0.0676185	0.0221561	0.0454624	0.0297061	0.938096	0.0337829	1.04501	0.0250545	3.47477e-05
10058	1	100	18	500	0.0909233	0.0646181	0.0189361	0.045682	0.0263052	0.937548	0.0403453	1.04283	0.0367938	3.46624e-05
10059	1	100	16	500	0.100646	0.0704298	0.0216186	0.0488112	0.0302158	0.931248	0.0543365	1.04048	0.0445376	3.48886e-05
10060	1	100	17	500	0.102144	0.07265	0.0213697	0.0512804	0.0294939	0.928437	0.0591231	1.04344	0.0450907	3.51565e-05
10061	1	100	15	500	0.124094	0.0850487	0.0292783	0.0557704	0.0390453	0.916991	0.0684972	1.04041	0.0545697	3.5005e-05
10062	1	100	13	500	0.117532	0.0829354	0.0286222	0.0543132	0.0345967	0.915771	0.0690059	1.04233	0.0615963	3.4517e-05
10063	1	100	14	500	0.122276	0.0845511	0.0290297	0.0555214	0.0377251	0.921374	0.0525602	1.05093	0.0418972	3.4808e-05
10064	1	100	14	500	0.113947	0.0802748	0.0255528	0.054722	0.033672	0.92315	0.0444385	1.05431	0.0365753	3.45367e-05
10065	1	100	17	500	0.115128	0.0825041	0.0266193	0.0558848	0.0326236	0.922063	0.0346292	1.06049	0.0340645	3.48318e-05
10066	1	100	16	500	0.111745	0.078332	0.0228929	0.0554392	0.0334128	0.92491	0.0376389	1.05826	0.0380643	3.46248e-05
10067	1	100	18	500	0.126516	0.0862809	0.0285206	0.0577603	0.0402349	0.91603	0.0428356	1.05936	0.0436343	3.43161e-05
10068	1	100	15	500	0.144785	0.0919331	0.0309095	0.0610236	0.0528522	0.910799	0.0441158	1.05692	0.053411	3.46688e-05
10069	1	100	19	500	0.126724	0.0904357	0.0344463	0.0559894	0.0362886	0.913796	0.0372779	1.06803	0.0390086	3.3695e-05
10070	1	100	15	500	0.113269	0.0808163	0.0268279	0.0539885	0.0324524	0.921983	0.035395	1.06193	0.0386689	3.40037e-05
10071	1	100	16	500	0.107184	0.0755456	0.022903	0.0526426	0.0316388	0.927263	0.0408365	1.05657	0.0399488	3.41684e-05
10072	1	100	19	500	0.106305	0.074618	0.0212315	0.0533865	0.0316871	0.927898	0.0383987	1.0559	0.0362935	3.40966e-05
10073	1	100	16	500	0.0995088	0.0709829	0.0193534	0.0516295	0.0285259	0.931111	0.0374659	1.05422	0.0363887	3.43735e-05
10074	1	100	14	500	0.0854496	0.0651516	0.0164554	0.0486962	0.020298	0.936036	0.0358663	1.05359	0.0340409	3.39051e-05
10075	1	100	16	500	0.0903024	0.0668483	0.0176928	0.0491554	0.0234541	0.93523	0.0356172	1.05343	0.0371007	3.43688e-05
10076	1	100	16	500	0.0913324	0.0658659	0.0165451	0.0493208	0.0254665	0.936293	0.0363371	1.05116	0.0337054	3.44075e-05
10077	1	100	22	500	0.0875782	0.0610477	0.0149017	0.046146	0.0265305	0.939661	0.042586	1.0439	0.0395298	3.41456e-05
10078	1	100	20	500	0.0777728	0.0607336	0.0153992	0.0453345	0.0170392	0.940439	0.0339945	1.05116	0.0321705	3.35873e-05
10079	1	100	19	500	0.0842771	0.0626782	0.0150857	0.0475925	0.0215989	0.938786	0.0311869	1.05049	0.0293276	3.40446e-05
10080	1	100	19	500	0.0844364	0.0602434	0.0135957	0.0466478	0.024193	0.940835	0.0311827	1.04648	0.0343875	3.27285e-05
10081	1	100	21	500	0.0851577	0.0636983	0.0153773	0.048321	0.0214594	0.935369	0.0500785	1.04943	0.0550504	3.29563e-05
10082	1	100	22	500	0.102392	0.0712859	0.0175548	0.053731	0.0311062	0.930382	0.0346408	1.05376	0.038686	3.36891e-05
10083	1	100	25	500	0.0979209	0.0707915	0.0162822	0.0545093	0.0271294	0.930996	0.0394013	1.05596	0.045057	3.26784e-05
10084	1	100	22	500	0.10686	0.0716602	0.0158908	0.0557694	0.0352001	0.93065	0.0336367	1.05162	0.0378856	3.45427e-05
10085	1	100	24	500	0.101876	0.0684233	0.0164141	0.0520092	0.0334523	0.933605	0.0373599	1.04964	0.0373909	3.30647e-05
10086	1	100	23	500	0.117888	0.0763145	0.0217453	0.0545693	0.0415739	0.927293	0.0401747	1.05165	0.0370724	3.26327e-05
10087	1	100	21	500	0.122389	0.0762063	0.0205557	0.0556505	0.0461826	0.928412	0.0381654	1.04764	0.042083	3.29266e-05
10088	1	100	20	500	0.12924	0.0833556	0.0278219	0.0555337	0.0458843	0.921819	0.0488081	1.0498	0.0414693	3.24183e-05
10089	1	100	22	500	0.132546	0.0828159	0.027309	0.0555069	0.0497297	0.923414	0.0420197	1.05021	0.0427073	3.15266e-05
10090	1	100	19	500	0.147435	0.0916102	0.0344526	0.0571576	0.0558245	0.913879	0.0520691	1.04984	0.047259	3.19717e-05
10091	1	100	22	500	0.130247	0.0816639	0.0254012	0.0562627	0.0485835	0.923027	0.0412809	1.05121	0.0413436	3.31547e-05
10092	1	100	21	500	0.139302	0.0800826	0.0236579	0.0564247	0.0592198	0.920154	0.0636737	1.03549	0.0793965	3.19141e-05
10093	1	100	23	500	0.127056	0.0766085	0.0220838	0.0545246	0.0504479	0.921486	0.0630513	1.03918	0.0773828	3.20583e-05
10094	1	100	19	500	0.145547	0.0839452	0.0259534	0.0579917	0.0616019	0.923933	0.0372851	1.04295	0.0444403	3.30202e-05
10095	1	100	21	500	0.155707	0.0879729	0.0289603	0.0590126	0.0677343	0.917264	0.0567501	1.03555	0.0748746	3.28704e-05
10096	1	100	20	500	0.172196	0.0915371	0.0315182	0.0600189	0.0806591	0.909926	0.0850311	1.01446	0.10681	3.23749e-05
10097	1	100	21	500	0.157092	0.0859025	0.0271532	0.0587493	0.07119	0.919819	0.0572544	1.03066	0.075565	3.33906e-05
10098	1	100	22	500	0.139541	0.0765481	0.0219873	0.0545608	0.0629929	0.931586	0.0333722	1.03364	0.0433267	3.31961e-05
10099	1	100	19	500	0.135579	0.0756534	0.0213217	0.0543317	0.0599256	0.931519	0.0421805	1.03532	0.0474119	3.37652e-05
10100	1	100	20	500	0.139766	0.0757271	0.0202014	0.0555257	0.0640387	0.924795	0.0694752	1.02446	0.0851039	3.33244e-05
10101	1	100	24	500	0.124514	0.0703144	0.0170016	0.0533128	0.0542001	0.928842	0.0722557	1.02683	0.0772836	3.2512e-05
