Generation	PopulationID	SampleSize	UniqueMutations	PopulationSize	totalLoad	RelzLoad	RelzLoadHomo	RelzLoadHetero	MskLoad	MeanFitness	SdFitness	MeanFitnessCached	SdFitnessCached	Heterozygosity	
10001	1	100	60	500	0.136308	0.103508	0.0832672	0.020241	0.0328001	0.896686	0.0241705	1.07496	0.0278154	3.87199e-05
10002	1	100	36	500	0.138998	0.105045	0.0787485	0.0262966	0.0339533	0.898467	0.0231158	1.07646	0.0230089	4.10243e-05
10003	1	100	29	500	0.133587	0.104442	0.0819002	0.0225414	0.0291453	0.899093	0.0150795	1.0772	0.016574	4.11052e-05
10004	1	100	34	500	0.145574	0.110273	0.0865712	0.0237016	0.0353009	0.893862	0.0172127	1.07778	0.0188231	4.1824e-05
10005	1	100	27	500	0.151297	0.110381	0.0881031	0.0222779	0.0409161	0.894912	0.0185819	1.07396	0.0196049	4.15724e-05
10006	1	100	26	500	0.149818	0.11068	0.0865524	0.0241275	0.0391377	0.895464	0.0201084	1.07351	0.0174819	4.31424e-05
10007	1	100	25	500	0.150625	0.111175	0.0847933	0.0263814	0.0394504	0.893094	0.023027	1.07187	0.0248736	4.3252e-05
10008	1	100	25	500	0.142926	0.108142	0.0817723	0.0263692	0.0347843	0.897094	0.0214553	1.07433	0.0176303	4.22813e-05
10009	1	100	22	500	0.148784	0.107891	0.076223	0.0316678	0.0408928	0.896765	0.0238767	1.06894	0.0208209	4.25337e-05
10010	1	100	23	500	0.152367	0.109425	0.0750585	0.0343667	0.0429416	0.893081	0.0351907	1.06631	0.0380261	4.32224e-05
10011	1	100	22	500	0.156027	0.110109	0.0747549	0.0353538	0.0459181	0.897855	0.0226005	1.06992	0.0162276	4.36219e-05
10012	1	100	22	500	0.147171	0.106878	0.0774374	0.0294403	0.0402933	0.898036	0.0264326	1.06564	0.0237876	4.36723e-05
10013	1	100	23	500	0.15654	0.111263	0.0779443	0.0333188	0.0452768	0.894216	0.0274961	1.06548	0.0213972	4.46629e-05
10014	1	100	23	500	0.153908	0.109417	0.0791843	0.0302331	0.0444908	0.897746	0.0281644	1.06613	0.0203509	4.39659e-05
10015	1	100	26	500	0.157751	0.111701	0.0745668	0.0371346	0.0460496	0.896421	0.0199223	1.07048	0.0168061	4.32117e-05
10016	1	100	27	500	0.149462	0.107934	0.0716535	0.0362809	0.0415275	0.896317	0.024505	1.06783	0.0206081	4.30603e-05
10017	1	100	18	500	0.146626	0.106771	0.07088	0.0358908	0.0398548	0.899535	0.0225509	1.07073	0.0182972	4.25122e-05
10018	1	100	18	500	0.142537	0.105984	0.0687376	0.0372463	0.0365528	0.899158	0.0216767	1.07038	0.0177105	4.36989e-05
10019	1	100	25	500	0.147192	0.105194	0.0664728	0.0387208	0.0419985	0.898228	0.0309508	1.06484	0.0276599	4.41292e-05
10020	1	100	22	500	0.157712	0.108601	0.0712012	0.0373993	0.049111	0.896939	0.0243303	1.06486	0.0252055	4.34074e-05
10021	1	100	18	500	0.161331	0.109852	0.0683823	0.04147	0.0514792	0.89753	0.0214543	1.06683	0.0222071	4.351e-05
10022	1	100	17	500	0.153642	0.108493	0.065277	0.0432165	0.0451481	0.8983	0.0245753	1.06884	0.0222763	4.30348e-05
10023	1	100	15	500	0.155567	0.108578	0.0705408	0.0380374	0.0469892	0.898728	0.0248801	1.06678	0.0198562	4.38105e-05
10024	1	100	18	500	0.17176	0.116345	0.0698558	0.0464895	0.0554143	0.890022	0.0291894	1.06294	0.0288512	4.46181e-05
10025	1	100	17	500	0.172298	0.118669	0.0748597	0.043809	0.0536289	0.889031	0.021726	1.06412	0.021187	4.33112e-05
10026	1	100	16	500	0.16311	0.114864	0.0773121	0.0375516	0.0482466	0.890833	0.0228063	1.06432	0.0234372	4.37282e-05
10027	1	100	16	500	0.158829	0.112416	0.0794215	0.0329943	0.0464136	0.895959	0.0201948	1.06592	0.0195032	4.38984e-05
10028	1	100	16	500	0.156229	0.110553	0.0746581	0.0358952	0.0456753	0.896408	0.0237652	1.06582	0.0232659	4.32989e-05
10029	1	100	17	500	0.162297	0.112961	0.0694657	0.0434951	0.0493361	0.893659	0.0205866	1.06559	0.0302183	4.36987e-05
10030	1	100	17	500	0.158251	0.112446	0.0687076	0.0437386	0.0458044	0.894913	0.0245632	1.06929	0.0236993	4.31329e-05
10031	1	100	16	500	0.162139	0.112399	0.0640846	0.0483143	0.0497404	0.895327	0.0252351	1.06329	0.0320686	4.28136e-05
10032	1	100	18	500	0.167836	0.116241	0.0659509	0.0502902	0.051595	0.890663	0.0530007	1.06165	0.0532588	4.16885e-05
10033	1	100	20	500	0.181438	0.12174	0.0690161	0.0527244	0.0596979	0.887982	0.0348433	1.06324	0.0299139	4.21155e-05
10034	1	100	18	500	0.168937	0.116528	0.0727286	0.0437989	0.0524097	0.892482	0.032403	1.06722	0.0216303	4.25213e-05
10035	1	100	18	500	0.1778	0.11864	0.0694729	0.0491669	0.0591602	0.89147	0.0342106	1.06418	0.0260394	4.29102e-05
10036	1	100	22	500	0.179313	0.120499	0.0719163	0.0485825	0.0588142	0.887996	0.0471474	1.06355	0.0401909	4.12856e-05
10037	1	100	17	500	0.174977	0.120111	0.0748749	0.045236	0.0548657	0.888487	0.0368593	1.06766	0.0219872	3.99611e-05
10038	1	100	19	500	0.155023	0.110385	0.0675202	0.0428643	0.0446388	0.895215	0.0368232	1.06845	0.0263266	4.22415e-05
10039	1	100	20	500	0.154302	0.108036	0.0666726	0.0413637	0.0462652	0.898058	0.0338765	1.06701	0.0283241	4.34437e-05
10040	1	100	16	500	0.154794	0.108116	0.0636732	0.0444426	0.0466784	0.89872	0.0406075	1.06722	0.02436	4.17059e-05
10041	1	100	16	500	0.134198	0.0971561	0.0578658	0.0392903	0.0370416	0.908213	0.0342479	1.06475	0.025416	4.15571e-05
10042	1	100	17	500	0.132948	0.101353	0.066261	0.0350917	0.0315949	0.90266	0.0267251	1.07022	0.0217364	4.13481e-05
10043	1	100	14	500	0.124689	0.098822	0.0699998	0.0288222	0.0258675	0.904929	0.0278328	1.06654	0.0253072	4.20786e-05
10044	1	100	15	500	0.125566	0.0982741	0.0645972	0.0336769	0.027292	0.906376	0.022499	1.06241	0.0276775	4.03e-05
10045	1	100	15	500	0.118216	0.0953634	0.072494	0.0228694	0.022853	0.908436	0.0266551	1.06042	0.0238084	3.99612e-05
10046	1	100	15	500	0.121458	0.0960161	0.0692125	0.0268036	0.0254417	0.907623	0.0225718	1.06065	0.0318454	4.0858e-05
10047	1	100	15	500	0.122602	0.094962	0.0698649	0.0250971	0.0276402	0.90919	0.020478	1.05936	0.0319434	4.07497e-05
10048	1	100	14	500	0.125133	0.0998219	0.0754131	0.0244088	0.0253108	0.903054	0.0215159	1.05944	0.0332253	3.82733e-05
10049	1	100	13	500	0.126047	0.100402	0.06923	0.031172	0.0256454	0.9051	0.0203082	1.06267	0.0274817	3.88849e-05
10050	1	100	16	500	0.132651	0.0986363	0.0642329	0.0344034	0.0340151	0.904717	0.0243162	1.05337	0.039519	4.04312e-05
10051	1	100	18	500	0.132619	0.0956294	0.0626588	0.0329706	0.03699	0.910573	0.0222689	1.05084	0.0368837	4.09876e-05
10052	1	100	16	500	0.127751	0.0959314	0.0622902	0.0336412	0.0318198	0.91048	0.0260371	1.05318	0.0277664	4.05054e-05
10053	1	100	15	500	0.127708	0.0991711	0.0650049	0.0341662	0.028537	0.902884	0.0252784	1.04906	0.0370869	3.91605e-05
10054	1	100	16	500	0.127293	0.0979827	0.0681759	0.0298069	0.0293102	0.904399	0.0232602	1.05075	0.0409301	4.04171e-05
10055	1	100	12	500	0.126629	0.0963642	0.064539	0.0318253	0.0302648	0.91038	0.023519	1.05288	0.0324478	4.21271e-05
10056	1	100	14	500	0.130404	0.100866	0.073303	0.0275634	0.0295381	0.904291	0.0219786	1.05793	0.0311771	4.15423e-05
10057	1	100	17	500	0.13606	0.0993581	0.0692471	0.030111	0.0367018	0.904326	0.0248617	1.05029	0.0376007	4.27989e-05
10058	1	100	20	500	0.131679	0.09719	0.0646998	0.0324903	0.0344886	0.909242	0.023048	1.05214	0.0341217	4.20708e-05
10059	1	100	17	500	0.1252	0.0954283	0.0625315	0.0328968	0.029772	0.909034	0.0241293	1.04993	0.0379011	3.95976e-05
10060	1	100	13	500	0.113721	0.0890958	0.0571306	0.0319652	0.0246253	0.914359	0.0247779	1.04136	0.0445229	3.69251e-05
10061	1	100	12	500	0.113294	0.0880176	0.0571546	0.0308631	0.0252762	0.915515	0.0204078	1.03949	0.0507138	3.74759e-05
10062	1	100	10	500	0.110334	0.087425	0.0594683	0.0279566	0.0229093	0.916039	0.0235146	1.04398	0.0401842	3.6277e-05
10063	1	100	13	500	0.110646	0.0889416	0.0623752	0.0265664	0.0217047	0.91549	0.0191601	1.05099	0.0411854	3.59818e-05
10064	1	100	12	500	0.10974	0.0895118	0.0658024	0.0237094	0.0202283	0.913655	0.0208478	1.05416	0.0349919	3.41163e-05
10065	1	100	13	500	0.113411	0.0928586	0.0667332	0.0261254	0.0205526	0.911543	0.0208041	1.05772	0.0311492	3.33204e-05
10066	1	100	11	500	0.11579	0.0934889	0.0632428	0.0302461	0.0223007	0.913564	0.0247384	1.05523	0.02586	3.32454e-05
10067	1	100	10	500	0.11289	0.0910949	0.0605086	0.0305864	0.0217954	0.913159	0.023335	1.05079	0.0373316	3.34699e-05
10068	1	100	16	500	0.117197	0.0920347	0.0609905	0.0310443	0.0251621	0.913442	0.025312	1.04892	0.034847	3.45569e-05
10069	1	100	16	500	0.118422	0.0908715	0.0585699	0.0323017	0.0275503	0.913328	0.025538	1.0444	0.0413384	3.46055e-05
10070	1	100	12	500	0.122327	0.0946428	0.0617159	0.0329269	0.027684	0.907474	0.0232198	1.05139	0.0419135	3.26586e-05
10071	1	100	15	500	0.128261	0.0983072	0.0655432	0.032764	0.0299538	0.907898	0.0238011	1.0583	0.0313071	3.05215e-05
10072	1	100	13	500	0.118405	0.0935581	0.064866	0.0286922	0.0248467	0.911026	0.0233658	1.05445	0.036414	3.02006e-05
10073	1	100	15	500	0.121303	0.0958432	0.064901	0.0309423	0.0254599	0.908865	0.0216578	1.05838	0.037075	3.00816e-05
10074	1	100	15	500	0.117613	0.0933626	0.065372	0.0279906	0.0242507	0.909583	0.0259344	1.05833	0.0350744	2.85616e-05
10075	1	100	15	500	0.120705	0.0941683	0.0599167	0.0342516	0.0265364	0.910349	0.0218916	1.05627	0.0352397	3.08116e-05
10076	1	100	13	500	0.116743	0.0899828	0.0568627	0.0331201	0.0267597	0.913645	0.0215335	1.04587	0.0464696	3.25863e-05
10077	1	100	16	500	0.118047	0.0910715	0.0578057	0.0332658	0.0269754	0.911767	0.027223	1.04752	0.0382187	3.31055e-05
10078	1	100	14	500	0.113436	0.0897686	0.0588666	0.030902	0.0236674	0.912892	0.0248237	1.05015	0.0422266	3.2575e-05
10079	1	100	14	500	0.109287	0.0874585	0.0594633	0.0279952	0.0218281	0.914453	0.0222753	1.04973	0.0437886	3.198e-05
10080	1	100	14	500	0.111917	0.0890544	0.0566825	0.0323719	0.0228629	0.9149	0.0231472	1.04972	0.0424836	3.35654e-05
10081	1	100	17	500	0.112153	0.0907989	0.0623	0.0284989	0.0213541	0.912665	0.0215942	1.05695	0.0401086	3.30678e-05
10082	1	100	19	500	0.113316	0.0913871	0.0606202	0.030767	0.0219288	0.911394	0.0228526	1.05649	0.0363789	3.37534e-05
10083	1	100	18	500	0.112421	0.0917352	0.0600788	0.0316564	0.0206858	0.909853	0.0278705	1.05617	0.0419778	3.47908e-05
10084	1	100	12	500	0.117352	0.0966572	0.0621272	0.03453	0.020695	0.906398	0.0237046	1.06397	0.035698	3.65956e-05
10085	1	100	16	500	0.122248	0.096522	0.0632308	0.0332912	0.0257261	0.908125	0.0237908	1.06512	0.0305216	3.57288e-05
10086	1	100	16	500	0.119512	0.0929611	0.0587155	0.0342456	0.0265508	0.911443	0.0256098	1.058	0.0320185	3.63204e-05
10087	1	100	15	500	0.123554	0.0934644	0.0550611	0.0384033	0.0300894	0.908923	0.0265022	1.04973	0.0452219	3.7286e-05
10088	1	100	14	500	0.113277	0.0910371	0.0598884	0.0311487	0.02224	0.912543	0.0264606	1.05496	0.0346836	3.56151e-05
10089	1	100	16	500	0.113042	0.0922226	0.0648331	0.0273894	0.0208192	0.910254	0.025324	1.05951	0.033282	3.54603e-05
10090	1	100	15	500	0.11248	0.0905276	0.0591683	0.0313593	0.0219529	0.913411	0.0288785	1.05499	0.0292832	3.73415e-05
10091	1	100	16	500	0.111486	0.0909097	0.0621025	0.0288072	0.0205767	0.913314	0.0257949	1.06017	0.034797	3.63584e-05
10092	1	100	13	500	0.116145	0.0935534	0.0614825	0.0320709	0.022592	0.911483	0.0317591	1.0561	0.0389278	3.77647e-05
10093	1	100	18	500	0.119244	0.0966612	0.0646125	0.0320487	0.0225828	0.908983	0.0262347	1.061	0.0381471	3.78758e-05
10094	1	100	16	500	0.122285	0.0977908	0.05931	0.0384808	0.0244946	0.908211	0.0268493	1.0571	0.0435347	4.00612e-05
10095	1	100	18	500	0.124569	0.099771	0.0611559	0.0386151	0.0247984	0.903113	0.0312612	1.05462	0.0541003	3.93704e-05
10096	1	100	21	500	0.124374	0.10013	0.0650943	0.0350356	0.0242437	0.903234	0.0320137	1.05489	0.0509278	3.9139e-05
10097	1	100	25	500	0.126609	0.100939	0.0663951	0.0345437	0.0256702	0.905979	0.0284477	1.05851	0.042393	4.00142e-05
10098	1	100	19	500	0.126626	0.104299	0.0764102	0.0278888	0.0223268	0.90111	0.0305101	1.06226	0.0334332	3.86278e-05
10099	1	100	20	500	0.124749	0.101538	0.0692275	0.0323104	0.0232114	0.903676	0.0278205	1.06156	0.0423831	4.10246e-05
10100	1	100	22	500	0.121753	0.0987565	0.0701574	0.0285991	0.0229967	0.904339	0.0276143	1.06017	0.0392275	4.12404e-05
10101	1	100	19	500	0.121071	0.102741	0.0825652	0.0201756	0.0183305	0.901989	0.023307	1.07022	0.0326962	3.89364e-05
