Generation	PopulationID	SampleSize	UniqueMutations	PopulationSize	totalLoad	RelzLoad	RelzLoadHomo	RelzLoadHetero	MskLoad	MeanFitness	SdFitness	MeanFitnessCached	SdFitnessCached	Heterozygosity	
10001	1	100	56	500	0.141489	0.1055	0.0393064	0.0661932	0.0359898	0.897738	0.0599457	1.06514	0.0488142	3.86194e-05
10002	1	100	42	500	0.157762	0.101413	0.0359762	0.0654367	0.0563494	0.903429	0.0527897	1.05185	0.0475909	3.7949e-05
10003	1	100	39	500	0.152252	0.0996528	0.0360996	0.0635532	0.0525989	0.907781	0.0550696	1.05552	0.0489071	3.85575e-05
10004	1	100	33	500	0.131071	0.0898825	0.0321201	0.0577624	0.0411888	0.915162	0.0506354	1.05491	0.0404653	3.84573e-05
10005	1	100	38	500	0.132695	0.0866351	0.0301369	0.0564982	0.0460603	0.919055	0.0427637	1.05317	0.042306	3.82361e-05
10006	1	100	38	500	0.133203	0.0859038	0.029686	0.0562177	0.0472996	0.921439	0.0423463	1.05274	0.0380927	3.85568e-05
10007	1	100	36	500	0.121744	0.0749214	0.0273588	0.0475625	0.0468223	0.928091	0.0534865	1.03915	0.0391558	3.8561e-05
10008	1	100	37	500	0.0992382	0.0638809	0.0240737	0.0398072	0.0353573	0.939114	0.040644	1.03859	0.0291528	3.82405e-05
10009	1	100	30	500	0.0993235	0.065206	0.0258165	0.0393895	0.0341174	0.937444	0.0446266	1.03703	0.0327554	3.84198e-05
10010	1	100	31	500	0.119237	0.0760387	0.0284016	0.0476372	0.0431982	0.927677	0.0544897	1.04113	0.0477761	3.85505e-05
10011	1	100	28	500	0.149359	0.0822689	0.0293109	0.052958	0.0670896	0.924888	0.0560637	1.03369	0.0552013	3.92598e-05
10012	1	100	26	500	0.117075	0.0831738	0.0335624	0.0496114	0.033901	0.916545	0.0686904	1.03565	0.0457242	3.99783e-05
10013	1	100	28	500	0.145728	0.088478	0.034915	0.0535629	0.0572497	0.922833	0.0515755	1.04173	0.0483999	4.04547e-05
10014	1	100	29	500	0.143698	0.0872081	0.0338975	0.0533107	0.0564903	0.920985	0.0580933	1.03781	0.0462714	4.03717e-05
10015	1	100	31	500	0.129728	0.083665	0.0336231	0.0500419	0.0460628	0.924752	0.0496771	1.044	0.0375826	3.97711e-05
10016	1	100	31	500	0.155921	0.0900255	0.0357473	0.0542782	0.0658959	0.917664	0.0613697	1.03337	0.0503742	3.95175e-05
10017	1	100	26	500	0.154999	0.0938635	0.0399258	0.0539377	0.0611352	0.912366	0.0701639	1.03266	0.0412066	4.01741e-05
10018	1	100	28	500	0.144089	0.0864689	0.0365471	0.0499218	0.0576201	0.921267	0.0500504	1.03671	0.0420734	4.07938e-05
10019	1	100	25	500	0.166899	0.0941942	0.0388155	0.0553787	0.0727043	0.911799	0.0641604	1.02715	0.049081	4.08966e-05
10020	1	100	27	500	0.161335	0.0917556	0.0358588	0.0558968	0.0695794	0.915383	0.0655227	1.03306	0.0459823	4.05181e-05
10021	1	100	29	500	0.194548	0.105103	0.0414054	0.0636975	0.0894454	0.906947	0.0652338	1.03615	0.0568319	4.14408e-05
10022	1	100	27	500	0.195632	0.100365	0.0379121	0.0624526	0.0952673	0.910518	0.0674828	1.02855	0.0569106	4.13845e-05
10023	1	100	25	500	0.204078	0.104937	0.0396516	0.0652858	0.0991403	0.907205	0.0715135	1.02915	0.0617032	4.1379e-05
10024	1	100	26	500	0.176116	0.0878785	0.0310576	0.0568208	0.0882375	0.91967	0.0745892	1.02462	0.0531521	4.07327e-05
10025	1	100	26	500	0.211779	0.109439	0.0394377	0.070001	0.10234	0.899366	0.0769827	1.02728	0.0619347	4.16963e-05
10026	1	100	25	500	0.142112	0.0911709	0.0374709	0.0537	0.0509413	0.918221	0.059424	1.03931	0.0365102	4.20243e-05
10027	1	100	26	500	0.13668	0.0953532	0.041681	0.0536723	0.0413269	0.91263	0.0527436	1.04067	0.0386622	4.27992e-05
10028	1	100	24	500	0.125977	0.0875663	0.0365827	0.0509836	0.0384106	0.921234	0.0487129	1.04325	0.0385033	4.19956e-05
10029	1	100	23	500	0.109714	0.0744014	0.0305822	0.0438192	0.035313	0.933314	0.0441775	1.03776	0.0362684	4.12068e-05
10030	1	100	20	500	0.0987812	0.0682885	0.0275314	0.0407571	0.0304927	0.936851	0.0418441	1.03818	0.0352211	4.00108e-05
10031	1	100	24	500	0.0954031	0.0658503	0.0266314	0.0392189	0.0295528	0.938939	0.0396473	1.03773	0.0354281	3.96874e-05
10032	1	100	25	500	0.0961244	0.0658131	0.0275979	0.0382152	0.0303114	0.940164	0.0380093	1.03719	0.0357423	3.92629e-05
10033	1	100	22	500	0.0989042	0.068872	0.0283279	0.0405441	0.0300321	0.93693	0.0402395	1.03958	0.0397032	3.95888e-05
10034	1	100	25	500	0.0831103	0.0558616	0.0261002	0.0297614	0.0272486	0.948026	0.0309154	1.02909	0.0301948	3.91601e-05
10035	1	100	24	500	0.0837695	0.0564418	0.0267789	0.0296629	0.0273277	0.948273	0.0325344	1.02939	0.0323331	3.92773e-05
10036	1	100	18	500	0.0745731	0.0494683	0.025859	0.0236092	0.0251049	0.95458	0.0272454	1.02571	0.0251796	3.89357e-05
10037	1	100	26	500	0.0781733	0.0516488	0.0275278	0.024121	0.0265245	0.950036	0.0283514	1.02019	0.030228	3.80857e-05
10038	1	100	24	500	0.077599	0.0511572	0.0274472	0.0237099	0.0264419	0.950789	0.0278459	1.02048	0.0274127	3.76935e-05
10039	1	100	25	500	0.0761144	0.0503469	0.0267346	0.0236124	0.0257674	0.951973	0.0285431	1.02137	0.0242016	3.814e-05
10040	1	100	22	500	0.0827803	0.0550255	0.026315	0.0287105	0.0277548	0.948209	0.0370322	1.02486	0.0269983	3.79724e-05
10041	1	100	23	500	0.0853162	0.0564152	0.0258796	0.0305356	0.0289009	0.947318	0.0373405	1.02702	0.0255421	3.77874e-05
10042	1	100	21	500	0.0983203	0.0653624	0.0264024	0.0389601	0.0329579	0.937847	0.0452212	1.03427	0.0315272	3.97441e-05
10043	1	100	21	500	0.0976786	0.0656427	0.027282	0.0383607	0.0320358	0.93832	0.0465743	1.03125	0.0314957	3.87139e-05
10044	1	100	21	500	0.110418	0.0755842	0.0303388	0.0452454	0.0348341	0.929723	0.0588493	1.03615	0.0313087	3.96884e-05
10045	1	100	19	500	0.10163	0.0680835	0.0291434	0.0389401	0.0335465	0.936249	0.0464162	1.03167	0.0329812	3.95597e-05
10046	1	100	20	500	0.101902	0.0680416	0.028765	0.0392766	0.0338601	0.936393	0.0483381	1.02996	0.0314414	4.00775e-05
10047	1	100	21	500	0.096148	0.0636825	0.0262368	0.0374457	0.0324655	0.942221	0.0335171	1.03272	0.0300393	3.95085e-05
10048	1	100	19	500	0.0979709	0.0648233	0.0265265	0.0382968	0.0331476	0.938409	0.0395389	1.0304	0.0338929	4.09638e-05
10049	1	100	21	500	0.0914263	0.0606674	0.0246088	0.0360586	0.0307589	0.941279	0.0310807	1.0302	0.0298063	4.0459e-05
10050	1	100	22	500	0.0968072	0.0642417	0.0249279	0.0393138	0.0325655	0.941267	0.0334057	1.03578	0.029027	4.12039e-05
10051	1	100	23	500	0.0941249	0.0631007	0.0247763	0.0383244	0.0310243	0.941843	0.0450584	1.03566	0.0288345	4.01799e-05
10052	1	100	20	500	0.0840359	0.0570175	0.0238455	0.033172	0.0270184	0.945582	0.0394304	1.03137	0.0320742	3.98373e-05
10053	1	100	21	500	0.0876937	0.0600367	0.0244158	0.0356209	0.0276571	0.943769	0.0371717	1.03616	0.0343309	3.99398e-05
10054	1	100	19	500	0.10233	0.071972	0.027519	0.044453	0.0303583	0.933758	0.0487703	1.04597	0.0403295	4.05933e-05
10055	1	100	20	500	0.0871191	0.0604844	0.0245572	0.0359272	0.0266347	0.943555	0.0381158	1.03768	0.0366289	3.96367e-05
10056	1	100	23	500	0.0991221	0.0685687	0.0267278	0.0418409	0.0305535	0.936107	0.0479792	1.04123	0.039561	3.99408e-05
10057	1	100	22	500	0.106346	0.0743219	0.0299676	0.0443542	0.0320238	0.930876	0.0547379	1.04183	0.0396396	4.14776e-05
10058	1	100	22	500	0.108063	0.0758444	0.0307449	0.0450994	0.0322186	0.929513	0.0527068	1.04412	0.0444075	4.08041e-05
10059	1	100	19	500	0.105609	0.0725316	0.0306062	0.0419254	0.0330769	0.93505	0.0426241	1.04116	0.0424692	4.20165e-05
10060	1	100	16	500	0.108864	0.0758123	0.0318189	0.0439934	0.0330519	0.930482	0.0634522	1.04124	0.0394701	4.20211e-05
10061	1	100	17	500	0.118004	0.0826998	0.0351951	0.0475046	0.0353044	0.926003	0.0471545	1.04703	0.0482118	4.2403e-05
10062	1	100	16	500	0.109479	0.0755843	0.0341182	0.041466	0.0338947	0.928806	0.0609988	1.03368	0.0450507	4.1918e-05
10063	1	100	19	500	0.130957	0.0929749	0.0412718	0.051703	0.0379826	0.914443	0.0592588	1.04451	0.0516376	4.30608e-05
10064	1	100	18	500	0.130934	0.0927354	0.0408023	0.051933	0.0381989	0.915328	0.0595985	1.04453	0.0521307	4.36611e-05
10065	1	100	18	500	0.138996	0.100188	0.0442214	0.0559665	0.0388083	0.906937	0.0635231	1.04754	0.052883	4.40706e-05
10066	1	100	16	500	0.142876	0.10377	0.0458676	0.0579029	0.0391055	0.903761	0.0624098	1.0504	0.054607	4.37203e-05
10067	1	100	17	500	0.144057	0.105749	0.0477736	0.057975	0.0383079	0.905821	0.0499173	1.05511	0.055121	4.2961e-05
10068	1	100	19	500	0.141989	0.102704	0.0469826	0.0557215	0.0392849	0.910021	0.0426614	1.05084	0.0528189	4.23598e-05
10069	1	100	21	500	0.157877	0.111082	0.0504592	0.0606225	0.0467955	0.896137	0.0668596	1.04512	0.0569272	4.24561e-05
10070	1	100	20	500	0.162	0.10762	0.0470838	0.0605364	0.0543802	0.903159	0.0559345	1.04672	0.0625274	4.31312e-05
10071	1	100	16	500	0.144845	0.0926838	0.0397987	0.0528852	0.0521617	0.918025	0.0462132	1.03933	0.0531815	4.23718e-05
10072	1	100	18	500	0.149417	0.0983462	0.043188	0.0551581	0.0510707	0.910816	0.0567848	1.03911	0.0540896	4.32472e-05
10073	1	100	21	500	0.154658	0.094963	0.0399065	0.0550566	0.0596953	0.91459	0.0578793	1.03502	0.0549523	4.27446e-05
10074	1	100	20	500	0.16536	0.09829	0.0432496	0.0550404	0.0670702	0.908715	0.0726244	1.02472	0.0826399	4.15969e-05
10075	1	100	21	500	0.170867	0.109558	0.0466462	0.0629121	0.0613081	0.903734	0.0469496	1.0456	0.0611018	4.21027e-05
10076	1	100	22	500	0.165814	0.100807	0.0421984	0.0586086	0.0650069	0.909745	0.0519289	1.03292	0.0548996	4.18604e-05
10077	1	100	22	500	0.182017	0.10378	0.0446903	0.0590893	0.0782374	0.903737	0.0564816	1.01868	0.0608277	4.14176e-05
10078	1	100	23	500	0.175905	0.106567	0.0461044	0.0604622	0.0693383	0.902202	0.0510854	1.0263	0.0632127	4.02933e-05
10079	1	100	19	500	0.164628	0.10187	0.0405011	0.0613689	0.0627584	0.906013	0.0600147	1.03501	0.0564971	4.1626e-05
10080	1	100	21	500	0.140338	0.0833165	0.0358943	0.0474222	0.0570213	0.924213	0.04532	1.02607	0.0497685	4.18296e-05
10081	1	100	22	500	0.138901	0.0821776	0.0370366	0.0451411	0.0567231	0.924391	0.0413278	1.02204	0.0547599	4.15242e-05
10082	1	100	18	500	0.137176	0.0863877	0.0346237	0.051764	0.0507884	0.919931	0.0566099	1.03493	0.0448131	4.27061e-05
10083	1	100	20	500	0.134791	0.086678	0.0340007	0.0526774	0.0481128	0.922547	0.0460339	1.04507	0.0508732	4.24741e-05
10084	1	100	16	500	0.12529	0.0811819	0.0334659	0.0477161	0.0441077	0.924613	0.0495509	1.03613	0.0516989	4.19575e-05
10085	1	100	18	500	0.132222	0.0867343	0.0349945	0.0517398	0.0454881	0.917761	0.0564445	1.03659	0.0515065	4.26692e-05
10086	1	100	20	500	0.144531	0.0877855	0.0365105	0.0512749	0.056746	0.919734	0.0476936	1.03216	0.054876	4.15527e-05
10087	1	100	21	500	0.13203	0.0822056	0.0331669	0.0490387	0.0498248	0.924788	0.0521261	1.03628	0.052579	4.10858e-05
10088	1	100	21	500	0.132741	0.0864248	0.0342236	0.0522012	0.0463161	0.91942	0.0492772	1.04107	0.0527064	4.10524e-05
10089	1	100	23	500	0.146853	0.0972742	0.0382889	0.0589853	0.0495788	0.90936	0.0573477	1.04996	0.0552018	4.19198e-05
10090	1	100	22	500	0.154817	0.109206	0.0461026	0.0631031	0.0456115	0.899295	0.0704636	1.06127	0.047755	4.28416e-05
10091	1	100	18	500	0.15133	0.105329	0.0434063	0.0619229	0.0460014	0.901804	0.0688957	1.05874	0.0527514	4.21413e-05
10092	1	100	18	500	0.149653	0.105693	0.0442942	0.0613989	0.0439596	0.903442	0.0599963	1.06073	0.0503824	4.29464e-05
10093	1	100	20	500	0.125381	0.0899364	0.0366535	0.0532829	0.0354448	0.920347	0.0496021	1.05626	0.04392	4.42339e-05
10094	1	100	21	500	0.117578	0.0832065	0.035816	0.0473904	0.0343718	0.92331	0.0482938	1.04218	0.0507615	4.39559e-05
10095	1	100	17	500	0.129472	0.0941825	0.040518	0.0536645	0.0352894	0.912802	0.0545479	1.04886	0.0525588	4.32536e-05
10096	1	100	19	500	0.135445	0.096497	0.0418751	0.0546218	0.0389484	0.912502	0.0607866	1.04757	0.0455527	4.35816e-05
10097	1	100	19	500	0.140976	0.100709	0.0445361	0.0561724	0.0402678	0.911249	0.044613	1.05221	0.0499587	4.44166e-05
10098	1	100	19	500	0.135134	0.0972729	0.0424687	0.0548042	0.0378606	0.909014	0.0679299	1.04482	0.0492239	4.47787e-05
10099	1	100	17	500	0.142117	0.104022	0.0455238	0.0584985	0.0380947	0.905026	0.0680181	1.05461	0.041872	4.48771e-05
10100	1	100	15	500	0.153419	0.113566	0.0517082	0.0618577	0.0398532	0.898598	0.0650559	1.06175	0.0519312	4.55366e-05
10101	1	100	15	500	0.147508	0.108586	0.0480861	0.0604997	0.0389222	0.898983	0.0661867	1.0559	0.0477484	4.58923e-05
