Generation	PopulationID	SampleSize	UniqueMutations	PopulationSize	totalLoad	RelzLoad	RelzLoadHomo	RelzLoadHetero	MskLoad	MeanFitness	SdFitness	MeanFitnessCached	SdFitnessCached	Heterozygosity	
10001	1	100	62	500	0.298631	0.270884	0.15503	0.115854	0.027747	0.750751	0.0483855	1.2612	0.0772528	3.20671e-05
10002	1	100	52	500	0.298243	0.271674	0.158533	0.113141	0.0265689	0.752472	0.0466007	1.26646	0.068788	3.18825e-05
10003	1	100	50	500	0.309413	0.275972	0.161544	0.114428	0.0334415	0.750537	0.0447973	1.26883	0.062228	3.14739e-05
10004	1	100	45	500	0.305278	0.267557	0.165691	0.101865	0.0377216	0.757542	0.0401656	1.25718	0.0649291	3.08811e-05
10005	1	100	40	500	0.318329	0.265141	0.156673	0.108468	0.0531878	0.760483	0.0411252	1.24409	0.0654422	3.19467e-05
10006	1	100	36	500	0.309981	0.251867	0.144076	0.107791	0.0581134	0.771185	0.0402892	1.22495	0.0621819	3.27873e-05
10007	1	100	36	500	0.30214	0.244475	0.136267	0.108208	0.0576654	0.776754	0.0375983	1.21547	0.0579353	3.27497e-05
10008	1	100	35	500	0.311411	0.246885	0.139377	0.107507	0.0645259	0.766189	0.0881283	1.19867	0.136733	3.30079e-05
10009	1	100	36	500	0.326587	0.254159	0.148639	0.10552	0.0724282	0.770871	0.0355255	1.21493	0.0593977	3.28839e-05
10010	1	100	38	500	0.330124	0.253796	0.141337	0.112459	0.0763279	0.771067	0.036291	1.2065	0.0544896	3.31538e-05
10011	1	100	34	500	0.334855	0.257128	0.147529	0.109599	0.0777268	0.768423	0.035367	1.20786	0.0579951	3.25395e-05
10012	1	100	34	500	0.347246	0.260293	0.140161	0.120131	0.0869536	0.768614	0.0432666	1.20231	0.0569731	3.28902e-05
10013	1	100	29	500	0.365671	0.267117	0.1376	0.129517	0.0985536	0.761747	0.0818933	1.18701	0.131641	3.3321e-05
10014	1	100	29	500	0.357938	0.26444	0.13895	0.125489	0.0934978	0.768316	0.0436489	1.19778	0.059671	3.31754e-05
10015	1	100	32	500	0.302809	0.246438	0.139776	0.106662	0.0563708	0.777215	0.0347559	1.21417	0.0509534	3.26237e-05
10016	1	100	27	500	0.315479	0.244397	0.122851	0.121546	0.0710821	0.781484	0.0457095	1.19449	0.0515861	3.37162e-05
10017	1	100	26	500	0.321107	0.246642	0.124485	0.122156	0.0744649	0.781625	0.0430043	1.19712	0.0580306	3.36229e-05
10018	1	100	25	500	0.316435	0.244024	0.120966	0.123058	0.0724105	0.782215	0.043122	1.19206	0.0585804	3.37741e-05
10019	1	100	28	500	0.324856	0.247747	0.120488	0.127259	0.0771087	0.780207	0.0457898	1.18726	0.0569812	3.37605e-05
10020	1	100	26	500	0.334135	0.253982	0.124669	0.129313	0.0801527	0.775039	0.0612906	1.18873	0.0866662	3.34835e-05
10021	1	100	25	500	0.300169	0.240608	0.121144	0.119464	0.0595612	0.783637	0.0439045	1.19893	0.0527336	3.3355e-05
10022	1	100	26	500	0.312675	0.245049	0.122895	0.122154	0.0676252	0.781532	0.0426109	1.20114	0.0582935	3.36783e-05
10023	1	100	25	500	0.327683	0.24709	0.123396	0.123694	0.0805929	0.780586	0.048073	1.1904	0.0578028	3.43993e-05
10024	1	100	25	500	0.288971	0.233594	0.124388	0.109205	0.055378	0.787961	0.0380391	1.19931	0.0464327	3.43443e-05
10025	1	100	25	500	0.299726	0.240217	0.129814	0.110404	0.0595088	0.782441	0.0430681	1.20346	0.0546714	3.42793e-05
10026	1	100	29	500	0.300027	0.238675	0.124385	0.114289	0.0613524	0.783696	0.0476378	1.19894	0.0563797	3.5016e-05
10027	1	100	26	500	0.311418	0.243001	0.124632	0.118369	0.0684169	0.78269	0.040176	1.20096	0.0540369	3.52629e-05
10028	1	100	24	500	0.318961	0.243915	0.123455	0.120459	0.0750468	0.781772	0.0428166	1.19397	0.0557557	3.56407e-05
10029	1	100	24	500	0.260692	0.219381	0.113119	0.106262	0.0413112	0.797459	0.0479174	1.19567	0.049311	3.53958e-05
10030	1	100	25	500	0.269074	0.216793	0.109623	0.10717	0.0522813	0.800798	0.0444617	1.18669	0.0523126	3.54423e-05
10031	1	100	30	500	0.265854	0.214315	0.10775	0.106565	0.0515387	0.801165	0.0421899	1.18429	0.0511828	3.49817e-05
10032	1	100	29	500	0.279543	0.216351	0.102079	0.114272	0.063192	0.802341	0.0456037	1.17716	0.0556219	3.55613e-05
10033	1	100	25	500	0.296681	0.218939	0.100692	0.118247	0.0777421	0.801944	0.0494117	1.16627	0.0529912	3.58845e-05
10034	1	100	27	500	0.277837	0.21254	0.10089	0.11165	0.0652971	0.804675	0.0457856	1.17066	0.0555189	3.52284e-05
10035	1	100	28	500	0.28935	0.223535	0.114002	0.109533	0.0658148	0.793046	0.0666003	1.18046	0.0922705	3.5446e-05
10036	1	100	26	500	0.304731	0.225463	0.105443	0.12002	0.0792672	0.798178	0.0478024	1.1751	0.0516938	3.63865e-05
10037	1	100	27	500	0.284839	0.222993	0.107855	0.115137	0.0618466	0.797334	0.0468036	1.18594	0.0547709	3.63445e-05
10038	1	100	24	500	0.257168	0.216481	0.113433	0.103048	0.0406871	0.800246	0.0384693	1.19615	0.0477258	3.57624e-05
10039	1	100	25	500	0.252469	0.21417	0.112018	0.102152	0.0382991	0.803026	0.0385355	1.19591	0.0436948	3.56383e-05
10040	1	100	23	500	0.256725	0.221551	0.121443	0.100108	0.0351739	0.796434	0.0360008	1.20598	0.0501766	3.55578e-05
10041	1	100	25	500	0.255419	0.215652	0.117679	0.0979728	0.0397671	0.799654	0.0421027	1.19442	0.0445898	3.54789e-05
10042	1	100	22	500	0.265111	0.215269	0.106103	0.109166	0.049842	0.802414	0.0371376	1.18762	0.0514426	3.63155e-05
10043	1	100	22	500	0.282142	0.221319	0.109553	0.111766	0.0608231	0.798267	0.0433218	1.18586	0.0517637	3.65075e-05
10044	1	100	22	500	0.243513	0.204395	0.105471	0.0989238	0.0391178	0.809456	0.0454905	1.18329	0.0503539	3.5659e-05
10045	1	100	25	500	0.262428	0.214877	0.112066	0.102811	0.0475514	0.801841	0.0414453	1.18937	0.0511088	3.62696e-05
10046	1	100	25	500	0.276894	0.224314	0.115807	0.108507	0.0525801	0.795818	0.037303	1.1962	0.0494291	3.59022e-05
10047	1	100	26	500	0.293581	0.22736	0.110031	0.117329	0.0662215	0.793127	0.05008	1.18547	0.0541701	3.79867e-05
10048	1	100	26	500	0.313814	0.228341	0.109452	0.11889	0.0854728	0.795968	0.0499088	1.1742	0.0545555	3.8182e-05
10049	1	100	26	500	0.302375	0.221259	0.100945	0.120314	0.0811158	0.800903	0.0452378	1.16724	0.0519393	3.85789e-05
10050	1	100	25	500	0.259336	0.202118	0.0922346	0.109883	0.0572179	0.810979	0.0745033	1.16255	0.099483	3.7974e-05
10051	1	100	24	500	0.257547	0.201878	0.093022	0.108856	0.0556692	0.814822	0.0461849	1.17012	0.0489086	3.77372e-05
10052	1	100	27	500	0.253041	0.198459	0.0895668	0.108892	0.0545825	0.817772	0.0464354	1.16687	0.0488886	3.77778e-05
10053	1	100	26	500	0.262337	0.1991	0.0871471	0.111953	0.0632374	0.809828	0.0973261	1.14805	0.129252	3.8358e-05
10054	1	100	27	500	0.25878	0.196619	0.0824373	0.114181	0.0621617	0.820352	0.0457263	1.1586	0.050917	3.94121e-05
10055	1	100	26	500	0.258638	0.190943	0.0757913	0.115152	0.0676955	0.825909	0.0494962	1.14676	0.0476135	3.92544e-05
10056	1	100	25	500	0.233304	0.17552	0.067846	0.107674	0.0577845	0.838346	0.0411935	1.14108	0.0471489	3.84163e-05
10057	1	100	26	500	0.218225	0.169458	0.0662072	0.103251	0.0487669	0.8417	0.0476287	1.14049	0.0464811	3.8136e-05
10058	1	100	29	500	0.226026	0.173702	0.0695111	0.104191	0.0523245	0.839305	0.0456381	1.14491	0.0453304	3.88146e-05
10059	1	100	25	500	0.201825	0.161653	0.0642243	0.0974286	0.0401719	0.847146	0.0459355	1.13791	0.0402465	3.80119e-05
10060	1	100	27	500	0.209467	0.163306	0.0642609	0.0990448	0.0461612	0.846525	0.0430211	1.13668	0.0408749	3.82751e-05
10061	1	100	29	500	0.209177	0.160735	0.0635752	0.0971594	0.0484427	0.849378	0.042665	1.1339	0.0393352	3.78568e-05
10062	1	100	31	500	0.214386	0.166414	0.0658639	0.10055	0.0479723	0.844187	0.0436439	1.13872	0.0417229	3.914e-05
10063	1	100	28	500	0.189718	0.159706	0.0680477	0.0916584	0.0300116	0.847978	0.0405375	1.14253	0.0425963	3.91404e-05
10064	1	100	29	500	0.189605	0.160187	0.0681474	0.0920398	0.0294182	0.849059	0.0422561	1.14576	0.0407008	3.83345e-05
10065	1	100	30	500	0.210538	0.17263	0.0708748	0.101755	0.0379085	0.838878	0.0476088	1.15218	0.0471723	3.97675e-05
10066	1	100	28	500	0.21048	0.174886	0.0722482	0.102638	0.0355934	0.835899	0.0471663	1.15434	0.0438208	4.06399e-05
10067	1	100	31	500	0.204245	0.168978	0.0718222	0.0971554	0.0352675	0.83922	0.0586396	1.14478	0.0453009	3.96006e-05
10068	1	100	26	500	0.212922	0.173739	0.0722577	0.101481	0.0391835	0.838369	0.0476205	1.15145	0.0500308	3.99481e-05
10069	1	100	27	500	0.206294	0.168031	0.0711839	0.0968466	0.0382635	0.841753	0.0466776	1.14475	0.0423127	3.99107e-05
10070	1	100	28	500	0.201779	0.165608	0.072426	0.0931817	0.0361709	0.845537	0.0478915	1.14719	0.0446191	3.97232e-05
10071	1	100	30	500	0.186653	0.153069	0.0703809	0.0826881	0.0335838	0.854916	0.0563259	1.13292	0.0416953	3.72809e-05
10072	1	100	30	500	0.193517	0.158517	0.0702211	0.0882956	0.0350004	0.851247	0.0486803	1.13893	0.0430556	3.93737e-05
10073	1	100	34	500	0.197504	0.157454	0.0722723	0.0851813	0.0400508	0.851888	0.0513663	1.13199	0.0374983	3.81786e-05
10074	1	100	30	500	0.2237	0.171355	0.0792637	0.0920912	0.0523456	0.842786	0.0481086	1.13935	0.0430292	3.97309e-05
10075	1	100	32	500	0.226205	0.175053	0.0800083	0.0950446	0.0511525	0.836485	0.0525995	1.14202	0.049231	4.00168e-05
10076	1	100	30	500	0.193644	0.156712	0.0737699	0.0829419	0.036932	0.853238	0.0435053	1.13744	0.0442413	3.80436e-05
10077	1	100	27	500	0.190846	0.155636	0.0729188	0.0827172	0.0352099	0.85331	0.042811	1.13682	0.0490168	3.69393e-05
10078	1	100	29	500	0.207131	0.160719	0.0702757	0.090443	0.0464121	0.848914	0.0426636	1.135	0.0552494	3.79878e-05
10079	1	100	28	500	0.212673	0.161712	0.0677018	0.0940099	0.0509616	0.849057	0.0423763	1.13401	0.0571481	3.90152e-05
10080	1	100	24	500	0.183602	0.145427	0.0607402	0.0846865	0.0381751	0.862888	0.0410436	1.12255	0.0438541	3.74047e-05
10081	1	100	24	500	0.193977	0.1532	0.0648304	0.0883695	0.0407768	0.854452	0.0430809	1.12721	0.053655	3.82943e-05
10082	1	100	25	500	0.214138	0.159036	0.0699219	0.0891141	0.0551016	0.852478	0.0382479	1.11976	0.0621504	3.8283e-05
10083	1	100	22	500	0.205416	0.161106	0.0706204	0.0904861	0.0443096	0.850772	0.0470978	1.12724	0.0569342	3.8494e-05
10084	1	100	19	500	0.209662	0.163324	0.0720547	0.0912694	0.0463382	0.847655	0.0529151	1.11756	0.0637556	3.7907e-05
10085	1	100	21	500	0.211549	0.166334	0.0697787	0.096555	0.0452158	0.847613	0.0489801	1.13002	0.0615723	3.81333e-05
10086	1	100	19	500	0.207253	0.158091	0.0640021	0.0940891	0.0491621	0.850657	0.0546322	1.11357	0.0724148	3.72973e-05
10087	1	100	21	500	0.210449	0.153437	0.0614442	0.0919926	0.057012	0.858352	0.0520169	1.10867	0.0710578	3.71578e-05
10088	1	100	22	500	0.206491	0.153709	0.0642378	0.0894711	0.0527821	0.856417	0.0540552	1.10742	0.0633126	3.51942e-05
10089	1	100	22	500	0.167314	0.13588	0.0597199	0.0761606	0.0314332	0.870714	0.0558449	1.10285	0.0525341	3.37234e-05
10090	1	100	22	500	0.153118	0.127559	0.0533256	0.0742335	0.0255588	0.877074	0.0549915	1.10275	0.0519197	3.47085e-05
10091	1	100	16	500	0.147969	0.123665	0.0510199	0.0726446	0.0243047	0.883806	0.0472877	1.10432	0.0437412	3.49682e-05
10092	1	100	19	500	0.168049	0.138845	0.0588711	0.0799738	0.0292045	0.869506	0.0483686	1.11237	0.0470596	3.8142e-05
10093	1	100	21	500	0.177034	0.14267	0.0629779	0.0796917	0.0343647	0.862788	0.063347	1.10192	0.0521077	3.83638e-05
10094	1	100	21	500	0.180624	0.14435	0.0649662	0.0793841	0.0362733	0.863206	0.0494462	1.10637	0.0539808	3.93182e-05
10095	1	100	19	500	0.164245	0.130659	0.0523275	0.0783312	0.0335867	0.878846	0.0435295	1.10691	0.0419939	3.69422e-05
10096	1	100	19	500	0.183568	0.147874	0.0610214	0.0868529	0.0356932	0.862278	0.0576521	1.11408	0.060055	3.9086e-05
10097	1	100	22	500	0.173999	0.140112	0.0565721	0.0835398	0.0338868	0.868428	0.0589256	1.10919	0.0595936	3.97545e-05
10098	1	100	20	500	0.159425	0.130289	0.0547913	0.0754979	0.029136	0.877702	0.0473262	1.10769	0.0458212	3.942e-05
10099	1	100	21	500	0.173346	0.137688	0.0578209	0.0798668	0.0356579	0.871985	0.0528753	1.11308	0.0513369	4.09026e-05
10100	1	100	21	500	0.192936	0.153195	0.0642936	0.0889017	0.0397407	0.857319	0.0603669	1.12109	0.0599846	4.21919e-05
10101	1	100	21	500	0.188659	0.142906	0.0619433	0.0809625	0.0457532	0.866302	0.0543313	1.10309	0.0550257	4.08759e-05
