Generation	PopulationID	SampleSize	UniqueMutations	PopulationSize	totalLoad	RelzLoad	RelzLoadHomo	RelzLoadHetero	MskLoad	MeanFitness	SdFitness	MeanFitnessCached	SdFitnessCached	Heterozygosity	
10001	1	100	46	500	0.262252	0.248503	0.20848	0.0400232	0.0137485	0.770332	0.0267566	1.26001	0.0387048	2.67162e-05
10002	1	100	25	500	0.251412	0.250315	0.216601	0.0337139	0.00109638	0.769047	0.0243306	1.26988	0.0346726	2.45572e-05
10003	1	100	25	500	0.25982	0.255381	0.218949	0.0364321	0.00443977	0.76551	0.028456	1.27441	0.0404538	2.45034e-05
10004	1	100	19	500	0.256739	0.250789	0.22874	0.0220486	0.00595033	0.766269	0.0225816	1.27075	0.0326703	2.33782e-05
10005	1	100	25	500	0.25947	0.252461	0.22615	0.0263114	0.00700881	0.767612	0.0238687	1.26846	0.033675	2.32477e-05
10006	1	100	24	500	0.267382	0.256476	0.233505	0.0229712	0.0109054	0.76442	0.0197584	1.27002	0.0284916	2.2914e-05
10007	1	100	21	500	0.267638	0.258182	0.242142	0.0160401	0.00945601	0.7628	0.0184102	1.27304	0.0283948	2.18776e-05
10008	1	100	21	500	0.262118	0.254834	0.239995	0.0148382	0.007284	0.765218	0.0194512	1.2705	0.0283188	2.25198e-05
10009	1	100	22	500	0.272798	0.259346	0.237342	0.022004	0.0134522	0.762588	0.021307	1.27113	0.0334797	2.33613e-05
10010	1	100	22	500	0.273863	0.258974	0.23608	0.0228943	0.0148886	0.761717	0.0197969	1.26791	0.0337308	2.40602e-05
10011	1	100	24	500	0.277662	0.262661	0.236766	0.0258952	0.0150002	0.759844	0.0200554	1.27404	0.0296295	2.48677e-05
10012	1	100	25	500	0.276262	0.259877	0.234052	0.0258247	0.0163856	0.761809	0.0171166	1.2704	0.0281568	2.55594e-05
10013	1	100	25	500	0.272108	0.257445	0.235462	0.0219827	0.0146631	0.761743	0.0245233	1.26559	0.0398988	2.52394e-05
10014	1	100	26	500	0.270339	0.256885	0.236383	0.0205022	0.0134533	0.764055	0.0202526	1.26893	0.0298434	2.52987e-05
10015	1	100	17	500	0.270411	0.255398	0.24448	0.0109179	0.0150127	0.76503	0.0130194	1.26527	0.0212819	2.35843e-05
10016	1	100	13	500	0.137705	0.121972	0.114642	0.00733002	0.015733	0.879489	0.014793	1.11255	0.0167116	2.27402e-05
10017	1	100	7	500	0.0224481	0.00783649	0.00111761	0.00671888	0.0146116	0.992855	0.013715	0.999168	0.015318	2.31077e-05
10018	1	100	9	500	0.0171694	0.00569758	0.000695578	0.00500201	0.0114718	0.994778	0.0129337	0.999101	0.011413	2.34839e-05
10019	1	100	8	500	0.0191806	0.00775713	0.000820519	0.00693661	0.0114235	0.99272	0.0153558	1.00121	0.0168996	2.37316e-05
10020	1	100	5	500	0.0133676	0.00894242	0.000747981	0.00819444	0.00442519	0.99091	0.0188539	1.00622	0.0199331	2.40966e-05
10021	1	100	11	500	0.0202209	0.0108733	0.000982784	0.00989052	0.00934765	0.989009	0.0218296	1.00551	0.0209994	2.41484e-05
10022	1	100	5	500	0.0133188	0.00907841	0.000743321	0.00833509	0.00424044	0.988867	0.0315716	1.00451	0.0322198	2.39073e-05
10023	1	100	6	500	0.0172748	0.0122866	0.00132755	0.0109591	0.00498813	0.987898	0.0271858	1.00946	0.0281831	2.48387e-05
10024	1	100	5	500	0.0126526	0.00952769	0.000824396	0.00870329	0.00312495	0.990326	0.0198526	1.00765	0.0206349	2.45025e-05
10025	1	100	8	500	0.011577	0.00752033	0.000557364	0.00696297	0.00405663	0.992332	0.0182575	1.00499	0.0180647	2.43917e-05
10026	1	100	7	500	0.0149438	0.0119435	0.00130715	0.0106363	0.00300033	0.987573	0.0238781	1.00983	0.0248659	2.49987e-05
10027	1	100	7	500	0.0220296	0.0175811	0.00266304	0.0149181	0.00444851	0.982457	0.0265516	1.01505	0.0277228	2.6305e-05
10028	1	100	7	500	0.0205688	0.0169976	0.00221535	0.0147822	0.00357119	0.983013	0.0249076	1.01495	0.0259978	2.59619e-05
10029	1	100	9	500	0.0190175	0.0178031	0.00267775	0.0151254	0.00121437	0.982032	0.0286776	1.01678	0.029158	2.57817e-05
10030	1	100	9	500	0.0180497	0.0165156	0.00239296	0.0141226	0.00153415	0.983288	0.024556	1.01503	0.0249205	2.56185e-05
10031	1	100	9	500	0.0219305	0.0167965	0.00240621	0.0143903	0.00513404	0.983374	0.0246663	1.01343	0.024382	2.56246e-05
10032	1	100	10	500	0.0266909	0.0193266	0.00314986	0.0161767	0.00736426	0.980017	0.0275129	1.01544	0.0277337	2.61837e-05
10033	1	100	12	500	0.0266032	0.0209228	0.00347541	0.0174474	0.00568037	0.979177	0.0259679	1.0172	0.0256358	2.62777e-05
10034	1	100	13	500	0.0248675	0.0183932	0.0029687	0.0154245	0.0064743	0.981508	0.0285356	1.01392	0.0299759	2.61532e-05
10035	1	100	9	500	0.0183773	0.0154905	0.00229371	0.0131968	0.00288675	0.983942	0.02522	1.01267	0.0263386	2.5794e-05
10036	1	100	12	500	0.019429	0.0124616	0.00144707	0.0110146	0.00696734	0.987517	0.020997	1.00798	0.0227531	2.49481e-05
10037	1	100	11	500	0.0154856	0.00976179	0.00114917	0.00861261	0.00572379	0.990301	0.0190924	1.00588	0.0198245	2.41267e-05
10038	1	100	12	500	0.0136812	0.0105275	0.00126322	0.00926428	0.00315369	0.989353	0.0201425	1.00774	0.0214141	2.46745e-05
10039	1	100	15	500	0.0153866	0.0106032	0.00125159	0.00935159	0.00478344	0.989099	0.019815	1.00654	0.0210222	2.46393e-05
10040	1	100	11	500	0.0110419	0.0066836	0.000859586	0.00582402	0.00435825	0.993425	0.014275	1.00323	0.015259	2.35664e-05
10041	1	100	12	500	0.0141476	0.00902794	0.000957189	0.00807075	0.0051197	0.990864	0.0186409	1.00563	0.0195296	2.40397e-05
10042	1	100	11	500	0.00870295	0.00452372	0.000602668	0.00392105	0.00417923	0.995347	0.0115681	1.00123	0.0123228	2.30449e-05
10043	1	100	13	500	0.00730062	0.00270798	0.000481906	0.00222608	0.00459264	0.997177	0.00846344	0.999353	0.00878097	2.30157e-05
10044	1	100	12	500	0.0126115	0.00386687	0.000602801	0.00326407	0.00874459	0.996061	0.00964193	0.998238	0.0102364	2.34401e-05
10045	1	100	11	500	0.0124808	0.00419965	0.000626378	0.00357327	0.00828114	0.995455	0.0116696	0.998497	0.0119034	2.34922e-05
10046	1	100	9	500	0.0114406	0.00288309	0.000743719	0.00213937	0.00855749	0.997483	0.00469592	0.997483	0.00469593	2.31663e-05
10047	1	100	12	500	0.013352	0.00335929	0.000861109	0.00249818	0.00999273	0.996808	0.00704439	0.996808	0.00704439	2.31918e-05
10048	1	100	11	500	0.0135685	0.00341485	0.00087644	0.00253841	0.0101536	0.996983	0.00642988	0.997045	0.00645726	2.25143e-05
10049	1	100	11	500	0.0111799	0.00287387	0.000797363	0.00207651	0.00830604	0.997425	0.00480424	0.997425	0.00480425	2.36881e-05
10050	1	100	11	500	0.011732	0.00288409	0.000672107	0.00221198	0.00884793	0.997388	0.00584187	0.997388	0.00584187	2.30631e-05
10051	1	100	10	500	0.0151979	0.00390498	0.00108175	0.00282323	0.0112929	0.996761	0.00704158	0.996761	0.00704159	2.36784e-05
10052	1	100	9	500	0.0211121	0.00544771	0.00153161	0.00391611	0.0156644	0.994833	0.0110968	0.994835	0.0110907	2.37086e-05
10053	1	100	7	500	0.0218134	0.00596183	0.00199893	0.0039629	0.0158516	0.994572	0.00973228	0.994622	0.00976023	2.4797e-05
10054	1	100	7	500	0.0184793	0.00509036	0.00174313	0.00334723	0.0133889	0.994802	0.00986647	0.994802	0.00986647	2.53709e-05
10055	1	100	8	500	0.0254896	0.00745802	0.00295014	0.00450788	0.0180315	0.992678	0.0121972	0.992722	0.0122036	2.61603e-05
10056	1	100	10	500	0.0294812	0.00877904	0.00360349	0.00517555	0.0207022	0.991891	0.0119805	0.991891	0.0119805	2.60681e-05
10057	1	100	8	500	0.0326247	0.00921908	0.00336767	0.00585141	0.0234056	0.992301	0.0119345	0.992301	0.0119345	2.55785e-05
10058	1	100	7	500	0.0232682	0.00626296	0.00201165	0.00425131	0.0170052	0.993198	0.0256426	0.993198	0.0256426	2.37501e-05
10059	1	100	11	500	0.0246795	0.00658163	0.00205717	0.00452446	0.0180978	0.992812	0.0257284	0.99298	0.0257709	2.42741e-05
10060	1	100	8	500	0.0129188	0.00364343	0.00132459	0.00231884	0.00927536	0.9965	0.00744057	0.9965	0.00744057	2.32051e-05
10061	1	100	8	500	0.01914	0.00528075	0.00181594	0.00346481	0.0138592	0.991956	0.0291728	0.991956	0.0291728	2.36879e-05
10062	1	100	12	500	0.020506	0.00609994	0.00249844	0.0036015	0.014406	0.993509	0.0115307	0.993519	0.0115089	2.51108e-05
10063	1	100	9	500	0.0204394	0.00614849	0.00257577	0.00357272	0.0142909	0.994208	0.0108654	0.994208	0.0108654	2.53034e-05
10064	1	100	11	500	0.0246615	0.00694005	0.00250967	0.00443037	0.0177215	0.992778	0.0118806	0.992831	0.0119121	2.69845e-05
10065	1	100	10	500	0.0150177	0.00455422	0.00193836	0.00261587	0.0104635	0.994306	0.0135931	0.994465	0.013611	2.72731e-05
10066	1	100	8	500	0.0141008	0.00462235	0.00225274	0.00236961	0.00947845	0.994464	0.0114715	0.994464	0.0114715	2.72543e-05
10067	1	100	8	500	0.0226824	0.00646272	0.00240779	0.00405493	0.0162197	0.992498	0.0184114	0.993158	0.0186169	2.74441e-05
10068	1	100	11	500	0.0140441	0.00400145	0.00149079	0.00251066	0.0100427	0.996686	0.00696914	0.996973	0.00706861	2.70665e-05
10069	1	100	8	500	0.0115296	0.0036952	0.0017366	0.0019586	0.00783441	0.996908	0.0068924	0.996909	0.00689217	2.76251e-05
10070	1	100	10	500	0.0164167	0.00457559	0.00160417	0.00297142	0.0118411	0.995127	0.0112059	0.995149	0.0112132	2.67249e-05
10071	1	100	11	500	0.0157736	0.00423228	0.00134696	0.00288532	0.0115413	0.995631	0.0103377	0.995631	0.0103377	2.72942e-05
10072	1	100	10	500	0.0294652	0.00845833	0.0032066	0.00525173	0.0210069	0.992925	0.0132558	0.992925	0.0132558	2.80418e-05
10073	1	100	12	500	0.0213311	0.00574759	0.00185172	0.00389587	0.0155835	0.994799	0.0106421	0.995088	0.0107628	2.72228e-05
10074	1	100	10	500	0.0206674	0.00567373	0.0019253	0.00374843	0.0149937	0.995003	0.0132575	0.995248	0.0132694	2.72396e-05
10075	1	100	8	500	0.0273331	0.00691667	0.00181257	0.0051041	0.0204164	0.988962	0.0473518	0.989082	0.0473302	2.73204e-05
10076	1	100	10	500	0.0105527	0.00285548	0.000931171	0.00192431	0.00769723	0.996262	0.00899188	0.996515	0.00904121	2.77942e-05
10077	1	100	9	500	0.00616788	0.00193948	0.000874446	0.00106503	0.0042284	0.997623	0.0061436	0.997639	0.0061388	2.79031e-05
10078	1	100	7	500	0.00464555	0.00140823	0.000598901	0.000809329	0.00323732	0.9988	0.00202685	0.998923	0.00208687	2.73699e-05
10079	1	100	13	500	0.00464192	0.00135321	0.000505235	0.000847977	0.00328871	0.998755	0.00215577	0.998861	0.00219031	2.79742e-05
10080	1	100	9	500	0.00307901	0.000957558	0.000399674	0.000557884	0.00212145	0.999134	0.00173198	0.999258	0.00176454	2.64026e-05
10081	1	100	13	500	0.00378477	0.00107677	0.00039977	0.000677	0.002708	0.998942	0.00232435	0.998942	0.00232435	2.59961e-05
10082	1	100	10	500	0.00340157	0.000932	0.000314609	0.000617392	0.00246957	0.99901	0.00214327	0.999113	0.00218132	2.64091e-05
10083	1	100	10	500	0.00524626	0.00136396	0.000393384	0.000970575	0.0038823	0.998328	0.00544944	0.998577	0.00551851	2.69879e-05
10084	1	100	9	500	0.00439155	0.00115581	0.00034688	0.000808934	0.00323574	0.99892	0.00179278	0.999054	0.00180945	2.6774e-05
10085	1	100	8	500	0.00655177	0.00173187	0.000526891	0.00120498	0.0048199	0.998499	0.00782522	0.998499	0.00782522	2.78814e-05
10086	1	100	12	500	0.00735202	0.00200175	0.000664183	0.00133757	0.00535027	0.998237	0.00300445	0.998237	0.00300445	2.87001e-05
10087	1	100	11	500	0.00909521	0.00247079	0.000814691	0.0016561	0.00662442	0.997076	0.00729895	0.997076	0.00729895	2.89298e-05
10088	1	100	15	500	0.0128476	0.00363495	0.00130908	0.00232587	0.00921261	0.995397	0.010372	0.995489	0.0103706	2.97175e-05
10089	1	100	16	500	0.0163756	0.00499049	0.00200022	0.00299028	0.0113851	0.996045	0.00540234	0.996336	0.00538285	3.01529e-05
10090	1	100	14	500	0.0145261	0.00427349	0.00155621	0.00271728	0.0102526	0.996142	0.0070506	0.996474	0.00680044	2.99354e-05
10091	1	100	12	500	0.0132848	0.00481313	0.00247078	0.00234235	0.00847167	0.995748	0.008136	0.996321	0.00746409	3.06439e-05
10092	1	100	13	500	0.0118774	0.00393509	0.00168535	0.00224974	0.00794232	0.995555	0.00936456	0.996274	0.00839362	2.98613e-05
10093	1	100	14	500	0.0103397	0.00386389	0.00194248	0.00192141	0.00647582	0.995777	0.00940293	0.996404	0.00935617	3.0765e-05
10094	1	100	12	500	0.0171648	0.00543424	0.0025016	0.00293264	0.0117306	0.994401	0.0104066	0.994401	0.0104066	3.06651e-05
10095	1	100	10	500	0.0133006	0.00386265	0.00150317	0.00235948	0.0094379	0.996483	0.00821403	0.996483	0.00821403	2.92146e-05
10096	1	100	13	500	0.0224244	0.00604143	0.00193847	0.00410297	0.016383	0.993987	0.013665	0.994141	0.0137199	2.97349e-05
10097	1	100	11	500	0.0167167	0.00456417	0.00152604	0.00303813	0.0121525	0.995458	0.0106264	0.995458	0.0106264	3.01445e-05
10098	1	100	16	500	0.0281541	0.00757483	0.00243002	0.00514481	0.0205793	0.993923	0.00952009	0.994186	0.00967909	3.15541e-05
10099	1	100	16	500	0.032026	0.00879234	0.00298391	0.00580842	0.0232337	0.992665	0.0111324	0.992665	0.0111324	3.08471e-05
10100	1	100	15	500	0.0381257	0.0111088	0.00435455	0.00675422	0.0270169	0.991307	0.0119512	0.99154	0.0119386	3.23892e-05
10101	1	100	20	500	0.0509714	0.01668	0.00810718	0.00857285	0.0342914	0.9872	0.0145833	0.9872	0.0145822	3.29769e-05
