Generation	PopulationID	SampleSize	UniqueMutations	PopulationSize	totalLoad	RelzLoad	RelzLoadHomo	RelzLoadHetero	MskLoad	MeanFitness	SdFitness	MeanFitnessCached	SdFitnessCached	Heterozygosity	
10001	1	100	56	500	0.110307	0.0730061	0.0128043	0.0602017	0.0373011	0.928006	0.0516937	1.04905	0.0454099	3.62765e-05
10002	1	100	42	500	0.0976554	0.0651273	0.0107472	0.0543801	0.0325281	0.933929	0.0493946	1.04503	0.0472615	3.7279e-05
10003	1	100	43	500	0.115166	0.0672229	0.0107954	0.0564275	0.0479426	0.935291	0.0436209	1.03919	0.048561	3.60794e-05
10004	1	100	35	500	0.13694	0.0790097	0.0143827	0.064627	0.0579302	0.925944	0.0511157	1.04382	0.0437651	3.60265e-05
10005	1	100	34	500	0.115155	0.0654996	0.0123194	0.0531802	0.0496549	0.939873	0.0495622	1.03361	0.0449845	3.67572e-05
10006	1	100	35	500	0.107142	0.0630555	0.0141868	0.0488687	0.0440869	0.938471	0.0392279	1.03155	0.0458856	3.72437e-05
10007	1	100	33	500	0.111103	0.0617966	0.0148253	0.0469712	0.0493067	0.942152	0.0357086	1.02662	0.041057	3.67642e-05
10008	1	100	31	500	0.118669	0.0670617	0.0159275	0.0511342	0.0516075	0.936437	0.0418641	1.03141	0.0456403	3.69695e-05
10009	1	100	29	500	0.136064	0.0700603	0.0183227	0.0517376	0.0660038	0.930817	0.0609264	1.02097	0.0713074	3.71033e-05
10010	1	100	28	500	0.120736	0.0685149	0.0200178	0.0484971	0.0522214	0.933706	0.0449113	1.0325	0.0488956	3.82084e-05
10011	1	100	28	500	0.132	0.0743758	0.0213322	0.0530436	0.0576239	0.931885	0.0382142	1.03365	0.0423177	3.82686e-05
10012	1	100	32	500	0.133691	0.0729722	0.0212213	0.0517509	0.0607187	0.934119	0.0411759	1.03208	0.038546	3.78839e-05
10013	1	100	28	500	0.142012	0.0690145	0.0192217	0.0497928	0.0729974	0.939021	0.0382155	1.01937	0.0386837	3.72821e-05
10014	1	100	26	500	0.139843	0.065421	0.0181254	0.0472956	0.074422	0.9357	0.0810267	1.00622	0.091906	3.50244e-05
10015	1	100	28	500	0.143157	0.0655229	0.0176941	0.0478288	0.0776337	0.943086	0.0436235	1.01251	0.0453591	3.52981e-05
10016	1	100	29	500	0.131271	0.0591351	0.0165194	0.0426158	0.0721356	0.948036	0.0411969	1.00996	0.0423358	3.52843e-05
10017	1	100	25	500	0.124617	0.0532403	0.0158266	0.0374138	0.0713765	0.954788	0.0327359	1.00202	0.0370323	3.49379e-05
10018	1	100	27	500	0.116605	0.0495808	0.0133432	0.0362376	0.0670238	0.956181	0.0341534	1.00275	0.037697	3.49903e-05
10019	1	100	25	500	0.113201	0.0460761	0.0126215	0.0334546	0.0671252	0.959221	0.0308375	0.998341	0.0350938	3.30806e-05
10020	1	100	23	500	0.0895938	0.0362384	0.0083851	0.0278533	0.0533554	0.968224	0.0301422	1.00101	0.0313941	3.18484e-05
10021	1	100	22	500	0.124373	0.0484295	0.0150262	0.0334033	0.0759433	0.948396	0.0932767	0.980536	0.0974668	3.09744e-05
10022	1	100	23	500	0.116094	0.0459898	0.0148517	0.031138	0.0701047	0.960783	0.0546771	0.990713	0.0571759	3.02998e-05
10023	1	100	20	500	0.138427	0.0555931	0.0220449	0.0335482	0.0828337	0.946193	0.0878685	0.974258	0.0915135	2.88961e-05
10024	1	100	22	500	0.115312	0.0477129	0.0140292	0.0336837	0.0675987	0.958565	0.0340241	0.99696	0.0381126	3.0898e-05
10025	1	100	21	500	0.110202	0.0494713	0.0135564	0.035915	0.0607305	0.956728	0.0382074	1.00628	0.03694	3.29606e-05
10026	1	100	25	500	0.107256	0.0495058	0.012958	0.0365478	0.0577505	0.948604	0.0685471	1.00142	0.0579805	3.47036e-05
10027	1	100	23	500	0.11065	0.0498329	0.0130036	0.0368292	0.060817	0.956498	0.0313347	1.00868	0.0368036	3.54499e-05
10028	1	100	23	500	0.137764	0.0604828	0.0187345	0.0417482	0.077281	0.947107	0.0560636	1.00161	0.0587432	3.49893e-05
10029	1	100	23	500	0.122735	0.0555947	0.0162367	0.0393579	0.0671403	0.952947	0.0387578	1.00747	0.0345255	3.46928e-05
10030	1	100	24	500	0.113052	0.0521778	0.0144751	0.0377027	0.0608746	0.95342	0.0425552	1.00813	0.0328666	3.62137e-05
10031	1	100	24	500	0.108433	0.053642	0.0152187	0.0384234	0.054791	0.950368	0.0353553	1.01403	0.0336819	3.76392e-05
10032	1	100	23	500	0.100535	0.0537107	0.0156629	0.0380478	0.046824	0.951228	0.0329364	1.02195	0.031038	3.89645e-05
10033	1	100	22	500	0.103602	0.0566611	0.0173863	0.0392748	0.0469411	0.947338	0.0418193	1.02327	0.0335949	3.98972e-05
10034	1	100	28	500	0.116245	0.0665691	0.0240245	0.0425446	0.0496764	0.937242	0.0349404	1.02962	0.0366547	4.06983e-05
10035	1	100	20	500	0.101653	0.0583909	0.0193238	0.0390671	0.0432623	0.944896	0.0334264	1.02703	0.0362278	4.04583e-05
10036	1	100	21	500	0.0985658	0.0599129	0.0212232	0.0386897	0.038653	0.936907	0.0776782	1.02349	0.0814181	4.10979e-05
10037	1	100	22	500	0.0989701	0.0592293	0.0202414	0.0389879	0.0397408	0.944234	0.0312133	1.02894	0.0317112	4.05848e-05
10038	1	100	21	500	0.10258	0.0601186	0.0199196	0.0401991	0.0424613	0.943743	0.0345193	1.02808	0.0323074	4.03496e-05
10039	1	100	22	500	0.0975607	0.0572345	0.018588	0.0386465	0.0403261	0.946886	0.0319772	1.02708	0.0293568	4.052e-05
10040	1	100	24	500	0.108446	0.0608181	0.0199155	0.0409026	0.0476284	0.943257	0.0401853	1.02451	0.0340077	4.06119e-05
10041	1	100	24	500	0.133732	0.0681465	0.022713	0.0454335	0.0655854	0.939554	0.0360611	1.01991	0.0421328	4.02978e-05
10042	1	100	25	500	0.145006	0.0729299	0.0249925	0.0479374	0.0720759	0.93072	0.0679645	1.01347	0.0744925	3.99186e-05
10043	1	100	25	500	0.137661	0.0715108	0.024765	0.0467458	0.0661501	0.935218	0.0346783	1.02096	0.0380735	3.98e-05
10044	1	100	26	500	0.151449	0.0708948	0.02442	0.0464748	0.0805543	0.939513	0.0355267	1.00973	0.0390804	3.89281e-05
10045	1	100	23	500	0.151326	0.0738281	0.0277374	0.0460907	0.0774979	0.922341	0.0991103	0.995879	0.111035	3.86011e-05
10046	1	100	20	500	0.154238	0.0751052	0.0290909	0.0460143	0.0791327	0.925236	0.0917099	0.996905	0.106271	3.8031e-05
10047	1	100	20	500	0.163514	0.0758914	0.0299407	0.0459507	0.087623	0.920825	0.111286	0.982532	0.124099	3.73433e-05
10048	1	100	20	500	0.150667	0.0676675	0.02495	0.0427175	0.0829999	0.932316	0.0929577	0.987227	0.103101	3.76448e-05
10049	1	100	22	500	0.161438	0.0733317	0.0297699	0.0435618	0.0881062	0.929552	0.0974519	0.983405	0.1112	3.61707e-05
10050	1	100	19	500	0.141618	0.0620893	0.0228502	0.0392391	0.079529	0.94708	0.0613139	0.994206	0.0699163	3.64688e-05
10051	1	100	20	500	0.111281	0.0507909	0.0163306	0.0344602	0.0604903	0.948685	0.0697	0.996283	0.0771386	3.65738e-05
10052	1	100	21	500	0.0983084	0.0489611	0.0150045	0.0339566	0.0493473	0.955118	0.0291737	1.00993	0.0371159	3.71182e-05
10053	1	100	22	500	0.1051	0.0547397	0.0175682	0.0371715	0.0503603	0.942406	0.0755286	1.00862	0.0870023	3.90669e-05
10054	1	100	22	500	0.118504	0.0561274	0.0184687	0.0376586	0.0623764	0.95119	0.0308012	1.00723	0.0388923	3.75031e-05
10055	1	100	23	500	0.118275	0.0556435	0.0180882	0.0375552	0.0626316	0.945836	0.0664691	1.00141	0.0761014	3.69294e-05
10056	1	100	21	500	0.129978	0.058661	0.0206779	0.0379831	0.0713167	0.944567	0.0750245	0.994132	0.0822138	3.74656e-05
10057	1	100	24	500	0.153761	0.0692249	0.0286276	0.0405973	0.084536	0.93842	0.0832811	0.986001	0.0944362	3.69426e-05
10058	1	100	22	500	0.127521	0.0565463	0.0196913	0.0368549	0.0709747	0.953984	0.0314162	1.00056	0.0365399	3.73221e-05
10059	1	100	21	500	0.12569	0.0540841	0.0189681	0.035116	0.0716057	0.954171	0.0508644	0.994886	0.0586865	3.58516e-05
10060	1	100	23	500	0.133386	0.0582646	0.0209381	0.0373265	0.0751218	0.954224	0.0309531	0.999089	0.0381978	3.68623e-05
10061	1	100	21	500	0.129246	0.0560194	0.0195293	0.0364901	0.0732261	0.951325	0.0540832	0.994548	0.0582553	3.68514e-05
10062	1	100	21	500	0.144113	0.0620509	0.0238388	0.0382122	0.0820621	0.940185	0.0968892	0.982062	0.105748	3.62344e-05
10063	1	100	22	500	0.138356	0.058282	0.0222403	0.0360417	0.0800743	0.949876	0.0672175	0.987133	0.0733841	3.58046e-05
10064	1	100	22	500	0.156709	0.0671864	0.0292996	0.0378867	0.0895225	0.938864	0.0959401	0.975623	0.106573	3.67093e-05
10065	1	100	21	500	0.15246	0.0659863	0.0299992	0.0359871	0.0864737	0.943664	0.087917	0.976691	0.0953708	3.51653e-05
10066	1	100	23	500	0.172981	0.0734447	0.035879	0.0375657	0.099536	0.937787	0.0990526	0.966297	0.107568	3.26417e-05
10067	1	100	23	500	0.172942	0.0746673	0.0362612	0.0384061	0.0982749	0.935215	0.105249	0.966409	0.113265	3.31362e-05
10068	1	100	21	500	0.194776	0.086084	0.0409582	0.0451258	0.108692	0.914668	0.127316	0.957045	0.140695	3.5322e-05
10069	1	100	20	500	0.230928	0.102616	0.0534092	0.0492068	0.128312	0.921309	0.101095	0.960913	0.110575	3.44473e-05
10070	1	100	21	500	0.23681	0.101509	0.0508681	0.050641	0.135301	0.905098	0.134347	0.944219	0.148611	3.56693e-05
10071	1	100	22	500	0.242733	0.0988325	0.0462767	0.0525557	0.143901	0.895848	0.153513	0.933528	0.164429	3.44825e-05
10072	1	100	25	500	0.247813	0.0973106	0.0459794	0.0513312	0.150502	0.914867	0.119477	0.945415	0.126868	3.55763e-05
10073	1	100	25	500	0.270813	0.110258	0.0574141	0.0528441	0.160555	0.897231	0.148649	0.925427	0.156213	3.5775e-05
10074	1	100	23	500	0.277581	0.11305	0.0583551	0.0546952	0.164531	0.887961	0.157997	0.918367	0.167065	3.69978e-05
10075	1	100	21	500	0.326402	0.134368	0.0700638	0.0643046	0.192033	0.860894	0.173867	0.89745	0.187897	3.67429e-05
10076	1	100	22	500	0.368424	0.16337	0.0976922	0.0656773	0.205054	0.832872	0.198308	0.863996	0.211397	3.47969e-05
10077	1	100	21	500	0.378075	0.179909	0.11593	0.0639797	0.198166	0.845227	0.180851	0.876402	0.19348	3.44132e-05
10078	1	100	21	500	0.376973	0.172122	0.108713	0.0634087	0.204852	0.817665	0.209707	0.843107	0.220917	3.32889e-05
10079	1	100	22	500	0.373273	0.158682	0.0898798	0.0688017	0.214592	0.853413	0.171107	0.886103	0.181178	3.59396e-05
10080	1	100	19	500	0.426299	0.188788	0.11117	0.0776177	0.237511	0.803523	0.202988	0.844201	0.222431	3.487e-05
10081	1	100	21	500	0.492458	0.224449	0.137838	0.0866107	0.268009	0.798933	0.199059	0.841336	0.214094	3.39453e-05
10082	1	100	20	500	0.476433	0.219506	0.138341	0.0811654	0.256927	0.820765	0.17969	0.857208	0.192378	3.45904e-05
10083	1	100	19	500	0.470437	0.218951	0.140606	0.0783442	0.251486	0.810764	0.1881	0.843545	0.202218	3.43548e-05
10084	1	100	20	500	0.444173	0.194338	0.11601	0.0783278	0.249835	0.822843	0.191838	0.85649	0.203551	3.60032e-05
10085	1	100	18	500	0.396316	0.173803	0.103411	0.070392	0.222513	0.832658	0.190194	0.864315	0.202516	3.64479e-05
10086	1	100	21	500	0.403931	0.170443	0.0967808	0.0736625	0.233487	0.83028	0.198911	0.863183	0.209942	3.77418e-05
10087	1	100	18	500	0.382058	0.163116	0.0975342	0.0655816	0.218942	0.855075	0.175743	0.880063	0.182559	3.73637e-05
10088	1	100	23	500	0.397357	0.164424	0.0916082	0.0728162	0.232933	0.851495	0.172051	0.884939	0.18323	3.83106e-05
10089	1	100	23	500	0.469361	0.197186	0.115939	0.0812467	0.272175	0.820637	0.191492	0.850838	0.20067	3.7997e-05
10090	1	100	23	500	0.43006	0.171647	0.0930929	0.0785543	0.258413	0.841278	0.182955	0.872562	0.189656	3.83758e-05
10091	1	100	27	500	0.415266	0.157209	0.075474	0.0817352	0.258057	0.857537	0.16162	0.896617	0.16928	4.05789e-05
10092	1	100	25	500	0.399408	0.151668	0.0722846	0.079383	0.24774	0.87327	0.133522	0.91488	0.140345	4.01786e-05
10093	1	100	22	500	0.399946	0.156039	0.0798103	0.0762286	0.243907	0.841447	0.193292	0.875416	0.203383	3.8782e-05
10094	1	100	22	500	0.460893	0.190174	0.109198	0.0809767	0.270719	0.847007	0.164297	0.877218	0.169315	3.8081e-05
10095	1	100	20	500	0.519425	0.22793	0.14293	0.0850001	0.291494	0.792687	0.21112	0.818777	0.218561	3.81873e-05
10096	1	100	18	500	0.503875	0.226721	0.146343	0.0803776	0.277155	0.806131	0.202828	0.829135	0.208682	3.69961e-05
10097	1	100	18	500	0.506018	0.213152	0.127169	0.0859835	0.292866	0.823073	0.185397	0.850305	0.190888	3.84e-05
10098	1	100	21	500	0.506756	0.205617	0.114634	0.0909825	0.301139	0.817327	0.187212	0.852726	0.193669	4.03284e-05
10099	1	100	23	500	0.533763	0.224597	0.131269	0.0933274	0.309166	0.807184	0.187915	0.842704	0.195544	3.98979e-05
10100	1	100	18	500	0.515734	0.206753	0.113402	0.0933512	0.30898	0.84014	0.177941	0.874699	0.181633	4.06792e-05
10101	1	100	20	500	0.571821	0.231934	0.129021	0.102913	0.339887	0.816768	0.173642	0.855317	0.178677	4.11918e-05
