Generation	PopulationID	SampleSize	UniqueMutations	PopulationSize	totalLoad	RelzLoad	RelzLoadHomo	RelzLoadHetero	MskLoad	MeanFitness	SdFitness	MeanFitnessCached	SdFitnessCached	Heterozygosity	
10001	1	100	41	500	0.490359	0.480517	0.397651	0.0828659	0.0098417	0.571183	0.036626	1.51976	0.0453498	3.39692e-05
10002	1	100	32	500	0.487187	0.477915	0.362095	0.11582	0.00927135	0.576685	0.0380484	1.52325	0.0445064	3.85369e-05
10003	1	100	27	500	0.476217	0.472706	0.347986	0.12472	0.00351083	0.581078	0.0422519	1.52218	0.048392	4.10688e-05
10004	1	100	29	500	0.485981	0.476771	0.35162	0.125152	0.00920954	0.579011	0.0450438	1.52423	0.0554035	3.97668e-05
10005	1	100	30	500	0.483421	0.475287	0.345622	0.129666	0.0081334	0.580258	0.0429655	1.52313	0.0482169	4.18169e-05
10006	1	100	26	500	0.487315	0.48037	0.36981	0.11056	0.00694535	0.574714	0.0397285	1.52707	0.045711	3.83436e-05
10007	1	100	26	500	0.495184	0.484538	0.386328	0.0982093	0.0106463	0.570674	0.0347326	1.52883	0.0386494	3.72722e-05
10008	1	100	22	500	0.485397	0.480673	0.393155	0.0875181	0.00472451	0.571982	0.0321908	1.52594	0.0326641	3.52575e-05
10009	1	100	23	500	0.481495	0.47931	0.390838	0.0884719	0.00218432	0.572075	0.0315879	1.5245	0.035044	3.68243e-05
10010	1	100	25	500	0.484714	0.479465	0.388504	0.0909612	0.0052495	0.572148	0.0318183	1.52382	0.0406341	3.92437e-05
10011	1	100	28	500	0.482923	0.473654	0.370844	0.10281	0.00926875	0.578038	0.0374369	1.5153	0.0394807	4.13404e-05
10012	1	100	26	500	0.495862	0.480195	0.392823	0.0873727	0.0156671	0.572606	0.0340456	1.51681	0.0365949	3.67975e-05
10013	1	100	28	500	0.510128	0.487769	0.411329	0.0764402	0.0223591	0.5661	0.026881	1.51918	0.0338068	3.50171e-05
10014	1	100	20	500	0.164146	0.147475	0.0915193	0.0559555	0.0166713	0.856324	0.0172293	1.13508	0.0206116	3.08832e-05
10015	1	100	21	500	0.171032	0.149335	0.0876669	0.0616685	0.0216964	0.855332	0.0174727	1.13472	0.02013	3.37975e-05
10016	1	100	21	500	0.156836	0.145443	0.0868072	0.0586361	0.0113923	0.858314	0.01484	1.13651	0.01664	3.10174e-05
10017	1	100	22	500	0.14734	0.144067	0.0893526	0.0547144	0.00327253	0.859433	0.0108499	1.14017	0.0123155	3.1645e-05
10018	1	100	18	500	0.144709	0.142559	0.08805	0.0545089	0.00215021	0.86068	0.0121026	1.13886	0.0121481	3.0064e-05
10019	1	100	20	500	0.143434	0.139969	0.0863122	0.0536571	0.00346514	0.862922	0.0153564	1.13461	0.0161987	2.90945e-05
10020	1	100	21	500	0.146155	0.140222	0.0782531	0.0619689	0.00593313	0.863061	0.0141005	1.134	0.0170579	3.38452e-05
10021	1	100	25	500	0.149306	0.141949	0.0861421	0.0558072	0.00735677	0.861656	0.0150375	1.13485	0.0156222	3.18627e-05
10022	1	100	24	500	0.147814	0.143229	0.087434	0.0557953	0.00458427	0.860281	0.014792	1.13786	0.0163459	3.36534e-05
10023	1	100	25	500	0.149175	0.14452	0.0855237	0.0589965	0.00465492	0.859065	0.0119069	1.13953	0.0144127	3.46043e-05
10024	1	100	21	500	0.149985	0.14572	0.0895923	0.0561274	0.00426496	0.857539	0.0111621	1.14024	0.0124391	3.20728e-05
10025	1	100	18	500	0.150569	0.145898	0.0945368	0.0513615	0.0046706	0.857756	0.00886087	1.14035	0.00960434	3.15518e-05
10026	1	100	20	500	0.152318	0.146931	0.111274	0.0356567	0.00538681	0.855869	0.00665002	1.13968	0.00804831	2.72195e-05
10027	1	100	18	500	0.151077	0.146057	0.123263	0.0227934	0.00502045	0.856024	0.00503314	1.1375	0.00680358	2.2909e-05
10028	1	100	14	500	0.150212	0.145398	0.121902	0.0234967	0.00481363	0.856547	0.00478634	1.13728	0.00593932	2.38463e-05
10029	1	100	15	500	0.149457	0.144729	0.110539	0.0341894	0.00472816	0.857021	0.00420119	1.13718	0.00507261	2.69609e-05
10030	1	100	15	500	0.14954	0.14458	0.10792	0.0366607	0.00495932	0.857686	0.00392705	1.13752	0.00459704	2.81765e-05
10031	1	100	13	500	0.150279	0.144815	0.106078	0.0387365	0.00546475	0.857625	0.00445324	1.13744	0.0053135	2.91284e-05
10032	1	100	15	500	0.155297	0.145798	0.0913628	0.0544352	0.00949859	0.858361	0.00689593	1.13791	0.0083559	3.41027e-05
10033	1	100	11	500	0.150561	0.145047	0.10009	0.0449568	0.00551382	0.858452	0.00431603	1.13833	0.00494504	3.20002e-05
10034	1	100	12	500	0.14792	0.143978	0.0900436	0.0539348	0.00394199	0.859017	0.00553763	1.13896	0.00673279	3.56142e-05
10035	1	100	13	500	0.14832	0.144134	0.0891765	0.0549573	0.00418606	0.859631	0.00517081	1.1401	0.00663744	3.47202e-05
10036	1	100	14	500	0.149305	0.146104	0.0877729	0.0583315	0.00320073	0.857458	0.0135072	1.14188	0.0168968	3.29407e-05
10037	1	100	15	500	0.147772	0.144108	0.0847715	0.059337	0.00366385	0.857793	0.0120269	1.1422	0.0174187	3.35181e-05
10038	1	100	20	500	0.153856	0.147315	0.0882777	0.0590371	0.00654119	0.856708	0.0158819	1.14078	0.0161053	3.2952e-05
10039	1	100	19	500	0.151253	0.145092	0.0901874	0.0549049	0.00616052	0.858504	0.00475221	1.13829	0.00554592	3.35704e-05
10040	1	100	20	500	0.150246	0.144825	0.0864391	0.0583864	0.00542104	0.859006	0.00518077	1.13918	0.00650815	3.50858e-05
10041	1	100	17	500	0.152157	0.145126	0.0842665	0.0608596	0.00703069	0.85875	0.00439128	1.13854	0.0051452	3.50964e-05
10042	1	100	15	500	0.149633	0.144727	0.0830979	0.0616294	0.00490554	0.859162	0.00488287	1.13896	0.00593979	3.26305e-05
10043	1	100	16	500	0.147285	0.144116	0.0842221	0.0598942	0.00316894	0.859672	0.00408705	1.13976	0.00465502	3.43672e-05
10044	1	100	15	500	0.148947	0.144494	0.0940897	0.0504038	0.00445327	0.858789	0.00430432	1.1389	0.00485954	3.27928e-05
10045	1	100	14	500	0.148723	0.144385	0.0965364	0.047849	0.00433763	0.858887	0.0041588	1.13886	0.00471055	3.33219e-05
10046	1	100	14	500	0.148037	0.144329	0.100872	0.043457	0.00370792	0.858358	0.00405457	1.13845	0.00497866	2.99507e-05
10047	1	100	14	500	0.14592	0.143838	0.104616	0.0392221	0.00208208	0.858216	0.0047206	1.13815	0.00566912	2.75094e-05
10048	1	100	12	500	0.146184	0.143744	0.0930386	0.0507053	0.00244032	0.859391	0.00406974	1.13965	0.00459719	3.22761e-05
10049	1	100	11	500	0.144652	0.143189	0.0860328	0.057156	0.00146307	0.860268	0.0041421	1.14072	0.00464435	3.65761e-05
10050	1	100	11	500	0.144663	0.14327	0.0901681	0.0531015	0.00139387	0.860106	0.00488584	1.14072	0.00562986	3.49854e-05
10051	1	100	10	500	0.144312	0.143083	0.0918322	0.0512508	0.00122866	0.859715	0.00445379	1.13991	0.00523618	3.45042e-05
10052	1	100	12	500	0.144998	0.14327	0.0871118	0.0561586	0.00172721	0.860026	0.00577986	1.14068	0.00697754	3.70196e-05
10053	1	100	11	500	0.1447	0.143018	0.0896904	0.0533279	0.00168127	0.860421	0.00447122	1.14055	0.00498638	3.68614e-05
10054	1	100	12	500	0.144628	0.143028	0.0867493	0.0562786	0.00160009	0.860179	0.00373562	1.14046	0.00409084	3.79429e-05
10055	1	100	14	500	0.144646	0.143053	0.0920069	0.0510463	0.00159265	0.860414	0.00384337	1.14076	0.00421055	3.51134e-05
10056	1	100	12	500	0.145304	0.143119	0.0896651	0.0534538	0.00218478	0.859737	0.00528706	1.13984	0.00637183	3.64355e-05
10057	1	100	13	500	0.145947	0.143376	0.0872975	0.0560781	0.00257139	0.859775	0.00563419	1.14005	0.0070426	3.69273e-05
10058	1	100	12	500	0.144936	0.143215	0.09018	0.0530355	0.00172038	0.859863	0.0047836	1.14057	0.00564448	3.6042e-05
10059	1	100	11	500	0.144872	0.143361	0.0933269	0.0500336	0.00151159	0.859601	0.00435421	1.14037	0.00542095	3.50845e-05
10060	1	100	15	500	0.144633	0.143269	0.0956442	0.0476252	0.0013639	0.859559	0.00358869	1.14023	0.0044969	3.41429e-05
10061	1	100	13	500	0.145086	0.143217	0.0946427	0.0485742	0.00186901	0.859815	0.00647382	1.14017	0.00816033	3.38529e-05
10062	1	100	11	500	0.144271	0.14295	0.0902325	0.0527177	0.00132096	0.860435	0.0041136	1.14078	0.00458215	3.51944e-05
10063	1	100	13	500	0.144422	0.143034	0.0967578	0.0462765	0.0013878	0.859731	0.00668577	1.14012	0.00809366	3.20691e-05
10064	1	100	12	500	0.145713	0.143518	0.102008	0.0415103	0.00219522	0.858833	0.0035202	1.13904	0.00390044	2.88726e-05
10065	1	100	11	500	0.146443	0.143658	0.105977	0.0376811	0.00278471	0.858755	0.00357154	1.13894	0.00401366	2.91483e-05
10066	1	100	10	500	0.145754	0.143449	0.101411	0.0420376	0.00230457	0.858844	0.00381611	1.13904	0.00452121	3.27319e-05
10067	1	100	13	500	0.146914	0.143768	0.113318	0.03045	0.0031461	0.858193	0.00417304	1.13838	0.00494045	2.72522e-05
10068	1	100	10	500	0.146618	0.143727	0.113128	0.0305993	0.00289039	0.85833	0.00393066	1.13842	0.00455739	2.69136e-05
10069	1	100	14	500	0.145158	0.143372	0.110938	0.0324346	0.00178535	0.858684	0.00385073	1.13891	0.00435752	2.90966e-05
10070	1	100	17	500	0.146861	0.143677	0.108056	0.0356211	0.00318404	0.858458	0.00523363	1.13853	0.00642365	2.98867e-05
10071	1	100	11	500	0.144168	0.143038	0.0991774	0.0438608	0.00112992	0.85954	0.00503763	1.13994	0.00600542	3.38727e-05
10072	1	100	10	500	0.144249	0.142983	0.0927672	0.050216	0.0012659	0.860156	0.00415997	1.14046	0.00469661	3.71305e-05
10073	1	100	15	500	0.14668	0.143464	0.0840102	0.0594542	0.00321587	0.859876	0.00524145	1.14029	0.00626446	3.86533e-05
10074	1	100	14	500	0.148886	0.143904	0.0868175	0.0570862	0.00498241	0.859884	0.00541024	1.13978	0.00656341	3.79737e-05
10075	1	100	16	500	0.148697	0.143251	0.0829813	0.0602693	0.00544643	0.860597	0.00794395	1.13914	0.00924327	3.96248e-05
10076	1	100	15	500	0.147809	0.143711	0.0922012	0.0515099	0.00409759	0.859351	0.00473805	1.13933	0.00565085	3.67352e-05
10077	1	100	14	500	0.148205	0.144052	0.0945896	0.0494625	0.00415238	0.858745	0.00776999	1.13931	0.0102758	3.54494e-05
10078	1	100	12	500	0.151487	0.144659	0.108117	0.036542	0.0068285	0.857415	0.0117468	1.13714	0.0152876	3.053e-05
10079	1	100	11	500	0.182098	0.151278	0.114123	0.0371547	0.03082	0.852158	0.0278124	1.13039	0.035979	2.73014e-05
10080	1	100	13	500	0.195149	0.154476	0.121579	0.032897	0.0406727	0.849378	0.0320871	1.12654	0.0423687	2.5354e-05
10081	1	100	14	500	0.237842	0.16656	0.123683	0.042877	0.0712824	0.842219	0.043622	1.11712	0.0577737	2.62323e-05
10082	1	100	15	500	0.213244	0.159361	0.109879	0.0494822	0.0538825	0.847242	0.0385438	1.1236	0.050961	3.14266e-05
10083	1	100	13	500	0.167479	0.147821	0.098131	0.0496903	0.019658	0.855863	0.0227222	1.13499	0.0300716	3.43487e-05
10084	1	100	14	500	0.14455	0.142953	0.0966077	0.046345	0.0015969	0.859761	0.00527672	1.14002	0.00633948	3.52916e-05
10085	1	100	16	500	0.150532	0.144291	0.0938106	0.0504804	0.00624135	0.858974	0.00914867	1.1393	0.0118111	3.55258e-05
10086	1	100	13	500	0.166073	0.147777	0.098258	0.0495186	0.018296	0.855627	0.0154961	1.13467	0.0204627	3.30142e-05
10087	1	100	16	500	0.176326	0.150473	0.105598	0.0448743	0.0258533	0.853715	0.0189028	1.1324	0.0248766	2.85745e-05
10088	1	100	15	500	0.189281	0.154135	0.119173	0.0349623	0.0351462	0.850637	0.0214445	1.12831	0.0281839	2.47227e-05
10089	1	100	14	500	0.190684	0.154406	0.108101	0.0463048	0.0362778	0.850932	0.0225649	1.12868	0.0296986	2.92588e-05
10090	1	100	14	500	0.180551	0.151678	0.113947	0.0377311	0.0288728	0.852296	0.019526	1.13094	0.0259065	2.54185e-05
10091	1	100	17	500	0.227553	0.16641	0.117709	0.048701	0.0611432	0.843371	0.029142	1.11867	0.0385551	2.4969e-05
10092	1	100	16	500	0.242453	0.171785	0.122348	0.0494372	0.0706677	0.833033	0.0835336	1.10484	0.110711	2.50659e-05
10093	1	100	17	500	0.235036	0.168831	0.109802	0.0590286	0.0662056	0.844096	0.028987	1.11911	0.0380769	2.74059e-05
10094	1	100	16	500	0.254873	0.177406	0.121054	0.0563517	0.0774669	0.83342	0.0785157	1.10528	0.104044	2.41831e-05
10095	1	100	18	500	0.25265	0.176368	0.115478	0.0608903	0.0762817	0.834285	0.0784785	1.10633	0.104009	2.69638e-05
10096	1	100	17	500	0.270515	0.183156	0.126751	0.0564054	0.0873594	0.837376	0.0323357	1.11048	0.0429133	2.57002e-05
10097	1	100	15	500	0.273093	0.185359	0.127946	0.0574132	0.0877335	0.817348	0.127708	1.08414	0.169345	2.64323e-05
10098	1	100	17	500	0.214052	0.162001	0.112781	0.04922	0.0520505	0.846902	0.0273507	1.1235	0.036209	2.77022e-05
10099	1	100	16	500	0.228488	0.166763	0.109678	0.0570847	0.0617254	0.833087	0.102027	1.10477	0.135227	2.84863e-05
10100	1	100	16	500	0.232586	0.168358	0.104625	0.0637325	0.0642284	0.844764	0.0290936	1.12036	0.0385029	2.96771e-05
10101	1	100	15	500	0.229294	0.165966	0.0983602	0.0676056	0.0633278	0.845545	0.0282198	1.12113	0.0374042	3.13265e-05
