Generation	PopulationID	SampleSize	UniqueMutations	PopulationSize	totalLoad	RelzLoad	RelzLoadHomo	RelzLoadHetero	MskLoad	MeanFitness	SdFitness	MeanFitnessCached	SdFitnessCached	Heterozygosity	
10001	1	100	45	500	0.174896	0.170221	0.065327	0.104894	0.0046749	0.835509	0.0658393	1.17409	0.074902	2.93091e-05
10002	1	100	41	500	0.176925	0.164665	0.0623819	0.102283	0.0122602	0.842241	0.0682063	1.16408	0.0804586	2.98627e-05
10003	1	100	32	500	0.185629	0.176566	0.0716602	0.104906	0.00906296	0.831247	0.0720402	1.17867	0.0798725	2.93233e-05
10004	1	100	30	500	0.186213	0.17001	0.0640872	0.105923	0.0162027	0.837283	0.0629511	1.16692	0.0747737	3.05523e-05
10005	1	100	29	500	0.191628	0.167328	0.0578589	0.109469	0.0243	0.841183	0.060593	1.15952	0.0774479	3.07338e-05
10006	1	100	30	500	0.18219	0.157346	0.0546522	0.102694	0.0248442	0.850528	0.0718808	1.14815	0.081196	3.15098e-05
10007	1	100	31	500	0.177626	0.15178	0.0485885	0.103192	0.0258461	0.854573	0.0577888	1.14083	0.0718705	3.27457e-05
10008	1	100	32	500	0.158051	0.136582	0.0391721	0.0974101	0.0214692	0.868801	0.0676314	1.12793	0.0779666	3.30324e-05
10009	1	100	28	500	0.14357	0.12418	0.0351354	0.0890443	0.0193906	0.88038	0.0689892	1.11623	0.0764976	3.28537e-05
10010	1	100	24	500	0.151199	0.131497	0.0429481	0.0885486	0.0197024	0.873464	0.0593307	1.1231	0.0739591	3.24769e-05
10011	1	100	28	500	0.158247	0.142828	0.05477	0.0880578	0.0154194	0.862252	0.0783555	1.13757	0.0890027	3.20738e-05
10012	1	100	26	500	0.162211	0.146642	0.0553722	0.0912694	0.0155691	0.858697	0.0672405	1.14166	0.0794822	3.215e-05
10013	1	100	26	500	0.16194	0.142849	0.0533312	0.0895177	0.0190915	0.862332	0.0694511	1.13496	0.0839884	3.15851e-05
10014	1	100	26	500	0.173379	0.152764	0.0606455	0.0921189	0.0206144	0.850419	0.0721718	1.14181	0.0991289	3.18051e-05
10015	1	100	27	500	0.171902	0.151377	0.0598339	0.091543	0.0205246	0.855194	0.0774762	1.14403	0.0923045	3.1605e-05
10016	1	100	25	500	0.170383	0.150906	0.0596523	0.0912542	0.0194768	0.853756	0.0633468	1.14277	0.0881014	3.17817e-05
10017	1	100	28	500	0.170494	0.147807	0.0547295	0.0930771	0.0226875	0.858351	0.0746732	1.13834	0.0900255	3.24815e-05
10018	1	100	22	500	0.184265	0.163529	0.0696557	0.0938734	0.0207361	0.844346	0.0725216	1.1558	0.0940882	3.08814e-05
10019	1	100	20	500	0.177561	0.157014	0.0620315	0.094982	0.0205471	0.846406	0.0733941	1.14564	0.103939	3.22272e-05
10020	1	100	21	500	0.184408	0.167229	0.0742936	0.0929357	0.0171789	0.836778	0.0732688	1.15992	0.103218	3.13721e-05
10021	1	100	23	500	0.167078	0.153721	0.0602806	0.0934402	0.0133575	0.851528	0.0659798	1.15001	0.0781877	3.20601e-05
10022	1	100	21	500	0.171188	0.155286	0.0571115	0.0981748	0.0159017	0.851331	0.0683187	1.1512	0.0851229	3.23893e-05
10023	1	100	21	500	0.174323	0.162394	0.0609478	0.101446	0.0119294	0.843783	0.0752364	1.16103	0.0942167	3.18651e-05
10024	1	100	22	500	0.178061	0.170436	0.0664036	0.104032	0.00762514	0.837214	0.0686685	1.17281	0.0803028	3.15322e-05
10025	1	100	22	500	0.182328	0.169553	0.064931	0.104622	0.0127754	0.837614	0.0658631	1.1686	0.0799744	3.17803e-05
10026	1	100	26	500	0.192164	0.173864	0.0720236	0.101841	0.0182994	0.834285	0.0730332	1.16971	0.0855698	3.15316e-05
10027	1	100	29	500	0.192812	0.169759	0.0658844	0.103875	0.0230533	0.835894	0.0701046	1.15915	0.0860216	3.22197e-05
10028	1	100	25	500	0.172819	0.157529	0.061323	0.0962063	0.01529	0.848597	0.0702054	1.15355	0.0809684	3.29345e-05
10029	1	100	25	500	0.16254	0.147126	0.0548908	0.0922348	0.0154145	0.858182	0.0714512	1.14242	0.0830891	3.34692e-05
10030	1	100	23	500	0.186192	0.163878	0.066979	0.0968988	0.0223148	0.842407	0.0763995	1.15507	0.0872266	3.30677e-05
10031	1	100	24	500	0.183817	0.158284	0.0624221	0.0958622	0.0255328	0.84795	0.0702782	1.14814	0.0858245	3.36582e-05
10032	1	100	23	500	0.193171	0.168803	0.0714939	0.0973089	0.0243683	0.838474	0.0696721	1.1604	0.0892029	3.38458e-05
10033	1	100	24	500	0.198112	0.170116	0.0678118	0.102304	0.0279965	0.837107	0.0648192	1.1595	0.0935955	3.31234e-05
10034	1	100	21	500	0.208152	0.177869	0.0841235	0.0937453	0.0302832	0.829847	0.0736668	1.16562	0.0946656	3.22287e-05
10035	1	100	20	500	0.199859	0.168049	0.0693195	0.0987293	0.0318102	0.838804	0.0697789	1.1539	0.0898762	3.32012e-05
10036	1	100	24	500	0.193275	0.16462	0.0648378	0.0997819	0.0286551	0.842179	0.073553	1.15314	0.0934099	3.37314e-05
10037	1	100	24	500	0.188908	0.161109	0.0587781	0.102331	0.0277985	0.846501	0.0758992	1.15059	0.0912775	3.44242e-05
10038	1	100	20	500	0.178743	0.154809	0.0568827	0.0979265	0.0239334	0.8518	0.0732831	1.14603	0.090956	3.41373e-05
10039	1	100	24	500	0.167483	0.150648	0.0579633	0.0926852	0.0168348	0.854708	0.0747824	1.14551	0.08748	3.29187e-05
10040	1	100	21	500	0.17714	0.163137	0.0689719	0.0941652	0.0140031	0.84258	0.074623	1.15944	0.0845772	3.34517e-05
10041	1	100	20	500	0.164375	0.152923	0.059257	0.0936656	0.0114528	0.853275	0.0741444	1.15155	0.0846906	3.36495e-05
10042	1	100	22	500	0.1735	0.16929	0.0709153	0.0983751	0.0042099	0.837573	0.0709375	1.1726	0.0795831	3.35847e-05
10043	1	100	21	500	0.170454	0.165716	0.0710927	0.094623	0.00473788	0.840872	0.0637565	1.16936	0.074711	3.23822e-05
10044	1	100	23	500	0.163481	0.15619	0.0632663	0.0929233	0.00729136	0.849529	0.0701619	1.15642	0.0795237	3.25537e-05
10045	1	100	28	500	0.168155	0.162612	0.0619353	0.100676	0.00554357	0.844186	0.0664629	1.16542	0.0771707	3.31232e-05
10046	1	100	23	500	0.172927	0.166654	0.0646114	0.102042	0.0062734	0.840849	0.0696547	1.16974	0.0807989	3.19051e-05
10047	1	100	20	500	0.181379	0.174902	0.0742302	0.100672	0.00647623	0.832766	0.0719531	1.17793	0.0816531	3.18348e-05
10048	1	100	23	500	0.184551	0.179433	0.0770076	0.102426	0.00511798	0.828562	0.0678211	1.18375	0.0785951	3.15258e-05
10049	1	100	19	500	0.184384	0.172426	0.0714639	0.100962	0.011958	0.834243	0.0712095	1.1716	0.0830392	3.14786e-05
10050	1	100	22	500	0.191721	0.183301	0.0793313	0.10397	0.00842002	0.825366	0.0645098	1.18639	0.0750352	3.25118e-05
10051	1	100	15	500	0.181412	0.180659	0.0885608	0.0920984	0.000753253	0.82542	0.0687294	1.18804	0.0773546	3.13656e-05
10052	1	100	17	500	0.194405	0.193313	0.0934866	0.0998264	0.00109159	0.815091	0.0588495	1.20063	0.0669731	3.17543e-05
10053	1	100	15	500	0.193319	0.19248	0.0934369	0.0990435	0.000838686	0.816555	0.0591683	1.20061	0.0681899	3.19061e-05
10054	1	100	16	500	0.18957	0.188808	0.0909634	0.0978444	0.000761875	0.818836	0.0603651	1.1958	0.0680886	3.18496e-05
10055	1	100	16	500	0.19248	0.191782	0.094231	0.0975505	0.00069884	0.816491	0.0627661	1.19926	0.0714971	3.18276e-05
10056	1	100	16	500	0.177561	0.176812	0.0763718	0.10044	0.000748896	0.830523	0.0670295	1.18347	0.0768775	3.23501e-05
10057	1	100	16	500	0.172114	0.171464	0.0776713	0.0937926	0.000650021	0.835029	0.0675017	1.17735	0.0755638	3.09246e-05
10058	1	100	14	500	0.164905	0.164254	0.0702673	0.0939867	0.000650546	0.842546	0.0801631	1.17072	0.0893896	3.01833e-05
10059	1	100	17	500	0.163965	0.163209	0.0684818	0.0947272	0.000756468	0.843306	0.0705693	1.16925	0.0802536	3.06919e-05
10060	1	100	14	500	0.161251	0.160572	0.0694268	0.0911451	0.000679362	0.845482	0.0669623	1.16618	0.0759061	2.98695e-05
10061	1	100	14	500	0.164677	0.164371	0.0783087	0.0860619	0.000306444	0.841459	0.0765937	1.17002	0.0845214	2.82013e-05
10062	1	100	15	500	0.148309	0.148109	0.0555427	0.092566	0.000200407	0.85719	0.0697982	1.15341	0.0786725	2.9124e-05
10063	1	100	14	500	0.139905	0.139687	0.0456181	0.0940691	0.000217915	0.865988	0.0764259	1.14537	0.0867653	3.00506e-05
10064	1	100	18	500	0.117141	0.11683	0.0313048	0.0855249	0.000311024	0.886683	0.0670708	1.12021	0.0743529	2.89076e-05
10065	1	100	14	500	0.119599	0.119245	0.0325409	0.0867036	0.000354268	0.884672	0.0797285	1.12303	0.0875879	2.92367e-05
10066	1	100	14	500	0.128855	0.127752	0.0396314	0.0881204	0.00110286	0.87617	0.0707969	1.13109	0.0782395	2.92024e-05
10067	1	100	17	500	0.147815	0.143341	0.0474464	0.0958945	0.00447381	0.862768	0.0783286	1.14707	0.0890413	3.00923e-05
10068	1	100	16	500	0.136457	0.132374	0.0390834	0.0932909	0.00408289	0.87255	0.0747379	1.13511	0.0856405	2.95318e-05
10069	1	100	13	500	0.117739	0.11474	0.0286647	0.0860758	0.0029983	0.888869	0.0717291	1.11669	0.0805758	2.92015e-05
10070	1	100	14	500	0.108707	0.100106	0.0214282	0.0786777	0.00860112	0.90293	0.0601032	1.09812	0.0634314	2.79643e-05
10071	1	100	14	500	0.115312	0.102454	0.0223125	0.0801412	0.0128578	0.901323	0.072835	1.0983	0.0751656	2.74886e-05
10072	1	100	15	500	0.124604	0.103804	0.0221846	0.0816197	0.0208	0.900954	0.0781342	1.09519	0.0784802	2.84241e-05
10073	1	100	17	500	0.147512	0.116529	0.0270551	0.0894734	0.0309838	0.88936	0.065478	1.10185	0.0648494	2.92079e-05
10074	1	100	16	500	0.13806	0.109667	0.0241493	0.0855182	0.0283926	0.895623	0.0776487	1.09573	0.0712748	2.87622e-05
10075	1	100	15	500	0.150025	0.120604	0.0290143	0.0915901	0.0294202	0.886336	0.0791675	1.1072	0.0768115	2.92045e-05
10076	1	100	15	500	0.138435	0.109424	0.0240652	0.085359	0.0290107	0.89621	0.0786276	1.09537	0.0768833	2.86407e-05
10077	1	100	16	500	0.15979	0.12602	0.0316801	0.0943397	0.03377	0.881624	0.0846868	1.10921	0.079636	2.94757e-05
10078	1	100	17	500	0.156815	0.122055	0.029441	0.0926141	0.0347601	0.885098	0.0770994	1.10442	0.0742978	2.96272e-05
10079	1	100	16	500	0.158294	0.118325	0.0277234	0.090602	0.0399687	0.889579	0.0761071	1.09619	0.0739826	2.88403e-05
10080	1	100	18	500	0.158215	0.11488	0.0279198	0.0869603	0.0433347	0.893646	0.0822145	1.08943	0.0750332	2.76097e-05
10081	1	100	16	500	0.159976	0.115492	0.0335067	0.0819848	0.0444848	0.893363	0.0845418	1.0867	0.0666398	2.53795e-05
10082	1	100	17	500	0.148436	0.111997	0.0307229	0.0812743	0.0364393	0.894838	0.0764443	1.0912	0.0716723	2.60848e-05
10083	1	100	16	500	0.182236	0.131706	0.0414845	0.0902211	0.0505307	0.879976	0.0925525	1.09923	0.081937	2.66437e-05
10084	1	100	17	500	0.161853	0.120315	0.0325638	0.087751	0.041538	0.888124	0.0832522	1.09614	0.076732	2.74456e-05
10085	1	100	18	500	0.163553	0.121853	0.0324582	0.0893947	0.0417004	0.886293	0.0853071	1.09741	0.0765651	2.86127e-05
10086	1	100	17	500	0.149598	0.113134	0.0268934	0.0862404	0.0364639	0.893964	0.0784791	1.09273	0.0740258	2.89323e-05
10087	1	100	17	500	0.139745	0.103939	0.0237034	0.0802354	0.0358058	0.899378	0.0949284	1.07878	0.0836138	2.75437e-05
10088	1	100	20	500	0.134059	0.0979675	0.0217033	0.0762642	0.0360917	0.908748	0.0916077	1.0776	0.079335	2.64638e-05
10089	1	100	19	500	0.138054	0.0972512	0.0201726	0.0770785	0.0408028	0.908973	0.0759187	1.07267	0.0620024	2.72886e-05
10090	1	100	16	500	0.152152	0.104444	0.0227726	0.0816716	0.047708	0.901205	0.101857	1.06976	0.0869914	2.86521e-05
10091	1	100	17	500	0.166485	0.120438	0.0293308	0.0911075	0.0460471	0.889874	0.0928185	1.09325	0.084774	3.03429e-05
10092	1	100	18	500	0.146854	0.106485	0.0239633	0.0825222	0.0403683	0.900645	0.079228	1.08343	0.0816115	2.89711e-05
10093	1	100	17	500	0.133328	0.102123	0.0229648	0.0791579	0.0312054	0.900494	0.0890087	1.08201	0.0884463	2.83789e-05
10094	1	100	15	500	0.122976	0.0945824	0.0205157	0.0740667	0.0283936	0.910302	0.0843377	1.08033	0.0913375	2.75236e-05
10095	1	100	18	500	0.10427	0.0788187	0.0148355	0.0639832	0.0254517	0.924573	0.0704016	1.06549	0.0678363	2.67562e-05
10096	1	100	15	500	0.107639	0.0841433	0.0167862	0.0673571	0.0234956	0.919232	0.0761798	1.07278	0.0809748	2.72912e-05
10097	1	100	15	500	0.101885	0.080686	0.0143464	0.0663396	0.0211991	0.923062	0.0744075	1.07122	0.0800925	2.79517e-05
10098	1	100	16	500	0.0926337	0.073354	0.0127135	0.0606405	0.0192797	0.929247	0.0718307	1.06379	0.0721058	2.63271e-05
10099	1	100	16	500	0.101881	0.0699662	0.0112425	0.0587237	0.0319145	0.934307	0.069397	1.05148	0.0653001	2.56272e-05
10100	1	100	18	500	0.107274	0.07184	0.0112085	0.0606316	0.035434	0.931794	0.0707144	1.05212	0.0666108	2.59194e-05
10101	1	100	20	500	0.0976916	0.0725325	0.0114447	0.0610877	0.0251591	0.929383	0.0639035	1.05838	0.0620866	2.7221e-05
