Generation	PopulationID	SampleSize	UniqueMutations	PopulationSize	totalLoad	RelzLoad	RelzLoadHomo	RelzLoadHetero	MskLoad	MeanFitness	SdFitness	MeanFitnessCached	SdFitnessCached	Heterozygosity	
10001	1	100	51	500	0.164424	0.124644	0.0853235	0.0393208	0.03978	0.880561	0.0483673	1.03034	0.0321892	3.16279e-05
10002	1	100	41	500	0.136339	0.111391	0.0717619	0.039629	0.0249482	0.894513	0.0482901	1.03254	0.0355705	3.13072e-05
10003	1	100	38	500	0.13328	0.104608	0.0668669	0.037741	0.028672	0.900838	0.0410109	1.02369	0.0311416	3.11934e-05
10004	1	100	36	500	0.119028	0.0990716	0.0638293	0.0352423	0.019956	0.9057	0.0417414	1.02499	0.029798	3.08333e-05
10005	1	100	38	500	0.110829	0.0876061	0.0563571	0.0312489	0.0232225	0.917296	0.0374834	1.01484	0.0258672	3.12391e-05
10006	1	100	34	500	0.110304	0.0843015	0.0547149	0.0295866	0.0260029	0.919623	0.0438811	1.00948	0.0353229	3.15564e-05
10007	1	100	28	500	0.0614695	0.0356805	0.0102407	0.0254399	0.025789	0.965927	0.0358187	1.01811	0.0237204	3.05846e-05
10008	1	100	30	500	0.0698964	0.0426898	0.0119945	0.0306953	0.0272066	0.960985	0.0349339	1.02335	0.0301175	3.04393e-05
10009	1	100	31	500	0.0599316	0.0348039	0.00809767	0.0267062	0.0251278	0.966406	0.0368805	1.01538	0.0262907	3.09763e-05
10010	1	100	26	500	0.0495615	0.0294136	0.00563862	0.023775	0.0201479	0.971109	0.0327643	1.01383	0.0252661	2.98032e-05
10011	1	100	27	500	0.0516978	0.0303041	0.00562995	0.0246741	0.0213937	0.971352	0.0318624	1.01554	0.027545	2.88545e-05
10012	1	100	24	500	0.0592987	0.0357649	0.0082303	0.0275346	0.0235338	0.96575	0.0332241	1.01765	0.0292346	2.89127e-05
10013	1	100	24	500	0.0645094	0.0383476	0.00908372	0.0292639	0.0261618	0.964171	0.0308668	1.01968	0.0275467	2.88201e-05
10014	1	100	24	500	0.0842393	0.0452089	0.0118722	0.0333366	0.0390304	0.958917	0.037669	1.01685	0.0306681	3.01895e-05
10015	1	100	27	500	0.0725669	0.0381396	0.00847063	0.029669	0.0344273	0.962576	0.0373296	1.01184	0.0308636	2.91944e-05
10016	1	100	28	500	0.0676643	0.0347739	0.00717787	0.027596	0.0328904	0.967322	0.0319647	1.01203	0.0277756	2.96304e-05
10017	1	100	28	500	0.0671917	0.0347835	0.00829654	0.0264869	0.0324082	0.966389	0.0349238	1.01246	0.02757	2.99947e-05
10018	1	100	28	500	0.062515	0.0381631	0.0100936	0.0280696	0.0243518	0.964172	0.0379649	1.01933	0.0297117	3.12342e-05
10019	1	100	24	500	0.0614818	0.0371629	0.0103294	0.0268335	0.0243189	0.964432	0.0346497	1.01742	0.0288255	3.16116e-05
10020	1	100	21	500	0.0483835	0.0311581	0.00779239	0.0233657	0.0172254	0.970399	0.0328534	1.01681	0.026082	3.12148e-05
10021	1	100	20	500	0.0567535	0.0374195	0.011305	0.0261145	0.019334	0.964194	0.0299246	1.02054	0.0286279	3.15473e-05
10022	1	100	18	500	0.0592896	0.0370632	0.0109491	0.0261141	0.0222264	0.96538	0.0324009	1.01888	0.0309042	3.2179e-05
10023	1	100	22	500	0.0740821	0.0480508	0.0175837	0.0304671	0.0260313	0.955389	0.0324056	1.02464	0.0289609	3.11418e-05
10024	1	100	21	500	0.058363	0.0359131	0.010643	0.0252701	0.0224499	0.966257	0.0352027	1.01608	0.0269725	3.10733e-05
10025	1	100	23	500	0.0584373	0.0351191	0.0099582	0.0251609	0.0233182	0.966874	0.0291252	1.01505	0.0280299	3.1357e-05
10026	1	100	23	500	0.0576039	0.0353702	0.0103494	0.0250208	0.0222337	0.967527	0.0316232	1.01692	0.0291149	3.13136e-05
10027	1	100	21	500	0.0603454	0.0383506	0.0124721	0.0258785	0.0219948	0.964912	0.0308639	1.01923	0.0270859	3.09591e-05
10028	1	100	18	500	0.0685125	0.0428773	0.0151564	0.0277208	0.0256352	0.959319	0.0380179	1.01896	0.0299721	3.07006e-05
10029	1	100	22	500	0.0662075	0.0396217	0.0134692	0.0261525	0.0265858	0.963217	0.0284966	1.01513	0.0294202	3.23448e-05
10030	1	100	21	500	0.0648279	0.0385748	0.013205	0.0253698	0.0262531	0.964005	0.0330151	1.01307	0.0309124	3.21155e-05
10031	1	100	21	500	0.0593704	0.033429	0.010639	0.02279	0.0259413	0.967989	0.0312076	1.00814	0.0289842	3.1945e-05
10032	1	100	22	500	0.0636879	0.0345103	0.011161	0.0233494	0.0291776	0.967146	0.0316164	1.00691	0.0321959	3.19715e-05
10033	1	100	21	500	0.0635402	0.0333376	0.0106319	0.0227057	0.0302025	0.967853	0.03086	1.00438	0.0333677	3.15014e-05
10034	1	100	23	500	0.0613751	0.0368263	0.0122304	0.0245959	0.0245488	0.965448	0.0321651	1.01314	0.0283502	3.18903e-05
10035	1	100	20	500	0.0585215	0.0338084	0.010957	0.0228514	0.0247131	0.968672	0.028622	1.01012	0.0285719	3.19949e-05
10036	1	100	20	500	0.0558688	0.0318491	0.0100422	0.0218069	0.0240198	0.970451	0.0345775	1.0088	0.0262505	3.17339e-05
10037	1	100	17	500	0.0550595	0.0323149	0.0101389	0.0221759	0.0227446	0.971403	0.0273513	1.01261	0.0254597	3.14533e-05
10038	1	100	16	500	0.0506307	0.0294097	0.00868811	0.0207216	0.021221	0.974209	0.0264753	1.0119	0.0241828	3.12042e-05
10039	1	100	16	500	0.0450013	0.0238699	0.00659698	0.0172729	0.0211314	0.977537	0.0256221	1.00516	0.0240521	3.1633e-05
10040	1	100	17	500	0.0474003	0.0260051	0.00741283	0.0185923	0.0213952	0.975115	0.0373732	1.00462	0.0279628	3.18049e-05
10041	1	100	18	500	0.0427219	0.0218438	0.00673598	0.0151079	0.0208781	0.980249	0.027019	1.00177	0.0276712	3.17354e-05
10042	1	100	18	500	0.038289	0.0195783	0.00565106	0.0139273	0.0187107	0.982686	0.0269629	1.00231	0.0257095	3.05174e-05
10043	1	100	18	500	0.0512835	0.022515	0.0062082	0.0163068	0.0287685	0.979397	0.0296879	0.998594	0.030699	2.98512e-05
10044	1	100	19	500	0.0313112	0.0125007	0.00447056	0.00803015	0.0188105	0.98936	0.0161222	0.996343	0.0150313	2.90786e-05
10045	1	100	19	500	0.0310655	0.013033	0.00517126	0.00786174	0.0180325	0.989326	0.0151745	0.996171	0.0154812	2.98246e-05
10046	1	100	22	500	0.0285397	0.0124439	0.00368913	0.00875477	0.0160958	0.987986	0.0191992	0.997625	0.019415	2.81848e-05
10047	1	100	17	500	0.024969	0.0106046	0.00411128	0.00649331	0.0143644	0.989915	0.015641	0.995771	0.015702	2.87751e-05
10048	1	100	18	500	0.0265672	0.0104207	0.00432758	0.00609312	0.0161466	0.99159	0.014173	0.995735	0.0124629	2.97745e-05
10049	1	100	13	500	0.0217336	0.00776545	0.0042734	0.00349205	0.0139682	0.993775	0.0100344	0.993775	0.0100344	2.84773e-05
10050	1	100	12	500	0.0203987	0.00718624	0.00388312	0.00330312	0.0132125	0.993521	0.0111446	0.993521	0.0111446	2.77325e-05
10051	1	100	11	500	0.0209565	0.00729027	0.00387371	0.00341656	0.0136662	0.992392	0.0125848	0.99252	0.0123939	2.88544e-05
10052	1	100	11	500	0.0175294	0.00581841	0.00289066	0.00292775	0.011711	0.994369	0.00806416	0.994369	0.00806417	2.70969e-05
10053	1	100	13	500	0.0266797	0.00820767	0.00357888	0.00462879	0.018472	0.992289	0.0129773	0.992575	0.0130145	2.87324e-05
10054	1	100	11	500	0.0279397	0.0097736	0.00417823	0.00559536	0.0181661	0.990644	0.0156318	0.992762	0.0163183	2.97967e-05
10055	1	100	11	500	0.0296327	0.0100215	0.00511872	0.0049028	0.0196112	0.99155	0.0119904	0.99155	0.0119904	3.05494e-05
10056	1	100	9	500	0.0252586	0.0103955	0.00667978	0.00371576	0.0148631	0.990009	0.0117603	0.990009	0.0117603	3.19427e-05
10057	1	100	11	500	0.02213	0.00947032	0.00628914	0.00318118	0.0126597	0.991134	0.0115113	0.991194	0.0115498	3.03277e-05
10058	1	100	11	500	0.0220043	0.0100213	0.00702551	0.00299577	0.0119831	0.990793	0.0104017	0.990899	0.0103156	2.93792e-05
10059	1	100	15	500	0.0319339	0.0123952	0.00751048	0.00488469	0.0195388	0.989162	0.0142514	0.989316	0.0143417	3.10164e-05
10060	1	100	11	500	0.0261776	0.0120274	0.00848991	0.00353753	0.0141501	0.989095	0.011696	0.989094	0.011696	3.13065e-05
10061	1	100	16	500	0.0283114	0.0130162	0.00919243	0.00382379	0.0152952	0.987421	0.0116505	0.987554	0.011719	3.08636e-05
10062	1	100	15	500	0.0279923	0.0127649	0.0089581	0.00380684	0.0152274	0.987808	0.0138727	0.987943	0.0137524	3.13968e-05
10063	1	100	16	500	0.0304683	0.0147535	0.0108248	0.00392871	0.0157148	0.985903	0.0136399	0.985903	0.0136399	3.05156e-05
10064	1	100	13	500	0.0334992	0.0159456	0.0115572	0.0043884	0.0175536	0.983911	0.0147332	0.983911	0.0147332	3.10553e-05
10065	1	100	14	500	0.0318893	0.016393	0.012519	0.00387407	0.0154963	0.984263	0.0150605	0.984263	0.0150605	2.94493e-05
10066	1	100	15	500	0.0310656	0.0162834	0.0125878	0.00369555	0.0147822	0.983398	0.0155525	0.983508	0.0154708	2.80006e-05
10067	1	100	19	500	0.0390311	0.0173823	0.0119701	0.0054122	0.0216488	0.982608	0.0149617	0.982608	0.0149617	2.98859e-05
10068	1	100	13	500	0.037887	0.0183481	0.0134634	0.00488473	0.0195389	0.981896	0.020111	0.98218	0.0201438	3.10074e-05
10069	1	100	13	500	0.0384143	0.0217457	0.0175785	0.00416715	0.0166686	0.979172	0.0163748	0.979212	0.016357	2.98549e-05
10070	1	100	14	500	0.0352856	0.0199082	0.0160639	0.00384436	0.0153774	0.980134	0.0161181	0.980196	0.0161546	2.99828e-05
10071	1	100	12	500	0.0329053	0.0199985	0.0167718	0.0032267	0.0129068	0.981324	0.0152095	0.981472	0.0151365	2.94877e-05
10072	1	100	13	500	0.0355959	0.0214579	0.0179234	0.00353448	0.0141379	0.980527	0.0143335	0.980829	0.0142259	2.88077e-05
10073	1	100	15	500	0.0364724	0.0216378	0.0156406	0.0059972	0.0148346	0.977727	0.0207756	0.98243	0.0193111	2.91954e-05
10074	1	100	15	500	0.0648308	0.0252815	0.01431	0.0109715	0.0395493	0.975925	0.0326321	0.978066	0.0325128	3.03703e-05
10075	1	100	17	500	0.060202	0.0251513	0.0154833	0.009668	0.0350507	0.977491	0.0311726	0.979406	0.031982	3.03587e-05
10076	1	100	17	500	0.0859906	0.0304298	0.015724	0.0147058	0.0555608	0.972301	0.0424802	0.974172	0.042434	3.16338e-05
10077	1	100	16	500	0.0615847	0.0225686	0.0128143	0.00975427	0.0390162	0.977168	0.0315403	0.977607	0.0314915	3.14337e-05
10078	1	100	12	500	0.059573	0.0213313	0.0117708	0.00956042	0.0382417	0.980995	0.0313123	0.98122	0.0314161	3.2595e-05
10079	1	100	15	500	0.0774645	0.0265221	0.0136342	0.0128879	0.0509424	0.977542	0.0410921	0.977846	0.0412393	3.31328e-05
10080	1	100	12	500	0.0663636	0.0221173	0.0110557	0.0110616	0.0442463	0.978958	0.0373746	0.978958	0.0373746	3.31014e-05
10081	1	100	15	500	0.0784999	0.0267102	0.0136862	0.013024	0.0517897	0.973684	0.0434994	0.973908	0.0435248	3.33965e-05
10082	1	100	16	500	0.0595201	0.0207476	0.0110545	0.00969311	0.0387724	0.98022	0.0327291	0.98022	0.0327291	3.33177e-05
10083	1	100	16	500	0.0869238	0.0272437	0.0123237	0.01492	0.0596801	0.974768	0.0430958	0.974768	0.0430958	3.34781e-05
10084	1	100	14	500	0.0536534	0.0200554	0.0116559	0.00839949	0.033598	0.981972	0.0248807	0.98201	0.0249087	3.38635e-05
10085	1	100	19	500	0.0470788	0.0175512	0.0101693	0.0073819	0.0295276	0.981001	0.0190853	0.981001	0.0190853	3.38587e-05
10086	1	100	14	500	0.038708	0.0162999	0.0106978	0.00560204	0.0224082	0.986567	0.0138845	0.986567	0.0138845	3.40221e-05
10087	1	100	17	500	0.036117	0.0157447	0.0106516	0.0050931	0.0203724	0.987057	0.0135073	0.987057	0.0135073	3.4494e-05
10088	1	100	12	500	0.0353748	0.0167377	0.0120784	0.00465928	0.0186371	0.983857	0.0179609	0.983857	0.0179609	3.3857e-05
10089	1	100	13	500	0.0310961	0.0129471	0.00839872	0.00454837	0.018149	0.98844	0.013693	0.988462	0.0137037	3.35192e-05
10090	1	100	12	500	0.0321175	0.0135112	0.00885959	0.00465158	0.0186063	0.987609	0.0147676	0.987638	0.0147367	3.4072e-05
10091	1	100	11	500	0.0340463	0.015774	0.0112059	0.00456809	0.0182723	0.984089	0.0179175	0.984181	0.017958	3.45536e-05
10092	1	100	11	500	0.0340315	0.0157948	0.0112356	0.00455918	0.0182367	0.983092	0.0188448	0.983288	0.0187525	3.49914e-05
10093	1	100	10	500	0.0394719	0.0192634	0.0142113	0.00505213	0.0202085	0.982232	0.0175202	0.982266	0.0175104	3.51247e-05
10094	1	100	10	500	0.0399996	0.019427	0.0142838	0.00514315	0.0205726	0.982307	0.0160772	0.982311	0.0160757	3.53787e-05
10095	1	100	12	500	0.0406861	0.0207349	0.0157471	0.0049878	0.0199512	0.982021	0.0177129	0.982021	0.0177129	3.48183e-05
10096	1	100	10	500	0.0437397	0.0228928	0.0176811	0.00521171	0.0208469	0.977813	0.0193403	0.977813	0.0193404	3.45873e-05
10097	1	100	12	500	0.0444083	0.0242302	0.0191857	0.00504453	0.0201781	0.979028	0.0184597	0.979255	0.01864	3.44353e-05
10098	1	100	9	500	0.0408831	0.0239093	0.0196659	0.00424343	0.0169737	0.978412	0.0206013	0.978492	0.0204485	3.45554e-05
10099	1	100	14	500	0.0414765	0.0251107	0.0210193	0.00409144	0.0163658	0.973858	0.0233033	0.973858	0.0233033	3.41626e-05
10100	1	100	11	500	0.041298	0.026151	0.0223642	0.00378676	0.015147	0.975895	0.020963	0.975895	0.0209631	3.33724e-05
10101	1	100	14	500	0.0402218	0.0243736	0.0204115	0.00396205	0.0158482	0.975413	0.0213994	0.975412	0.0213994	3.45546e-05
