Generation	PopulationID	SampleSize	UniqueMutations	PopulationSize	totalLoad	RelzLoad	RelzLoadHomo	RelzLoadHetero	MskLoad	MeanFitness	SdFitness	MeanFitnessCached	SdFitnessCached	Heterozygosity	
10001	1	100	62	500	0.111811	0.0721286	0.0215052	0.0506233	0.0396824	0.928642	0.0426733	1.0483	0.0442483	4.33528e-05
10002	1	100	47	500	0.108973	0.0751789	0.0303766	0.0448023	0.0337942	0.928562	0.039327	1.0547	0.0392336	3.89637e-05
10003	1	100	46	500	0.120968	0.0812519	0.0317698	0.0494822	0.0397158	0.923855	0.0412799	1.05569	0.0394604	3.93822e-05
10004	1	100	45	500	0.119851	0.0809335	0.0319058	0.0490277	0.0389174	0.925334	0.0393603	1.05524	0.0387445	4.02308e-05
10005	1	100	42	500	0.126403	0.0857332	0.028981	0.0567522	0.04067	0.920998	0.0400238	1.05815	0.0368631	4.23259e-05
10006	1	100	43	500	0.150447	0.0906783	0.0300597	0.0606186	0.0597688	0.916264	0.0506811	1.05351	0.0429739	4.22807e-05
10007	1	100	42	500	0.140823	0.0895788	0.0315949	0.0579839	0.0512438	0.916241	0.0425675	1.05172	0.0407142	4.27349e-05
10008	1	100	35	500	0.141485	0.0918682	0.0332007	0.0586675	0.049617	0.914584	0.0566522	1.05176	0.046976	4.16069e-05
10009	1	100	35	500	0.16515	0.107508	0.0439925	0.0635153	0.0576427	0.89755	0.0661453	1.05144	0.0590501	3.97671e-05
10010	1	100	32	500	0.161795	0.104172	0.0425463	0.0616259	0.0576231	0.906581	0.0498198	1.05699	0.0417058	3.90685e-05
10011	1	100	34	500	0.155973	0.104713	0.0409505	0.0637627	0.0512598	0.904263	0.0553659	1.06388	0.0499643	3.93881e-05
10012	1	100	30	500	0.150851	0.10009	0.0410021	0.0590875	0.0507616	0.901233	0.0692492	1.04756	0.0583908	3.87885e-05
10013	1	100	33	500	0.134372	0.0912983	0.0314725	0.0598258	0.0430735	0.914083	0.0568849	1.05733	0.0515817	4.03457e-05
10014	1	100	36	500	0.138847	0.0959959	0.0324629	0.0635331	0.042851	0.911136	0.0480552	1.06688	0.0493652	4.02835e-05
10015	1	100	32	500	0.137696	0.0910509	0.0301554	0.0608955	0.0466449	0.918054	0.0452362	1.05734	0.0402489	4.16178e-05
10016	1	100	38	500	0.124833	0.0835037	0.0242097	0.0592939	0.0413293	0.922315	0.0506876	1.0551	0.0464354	4.13805e-05
10017	1	100	29	500	0.111887	0.0734735	0.0205065	0.052967	0.038413	0.931795	0.0403726	1.04818	0.0363448	4.25905e-05
10018	1	100	30	500	0.107129	0.0697169	0.0171306	0.0525863	0.037412	0.932878	0.056194	1.04014	0.0474226	4.27768e-05
10019	1	100	29	500	0.110952	0.0675703	0.0181159	0.0494545	0.0433813	0.937307	0.0452651	1.03756	0.0381284	4.20601e-05
10020	1	100	30	500	0.117109	0.0705809	0.0179827	0.0525982	0.0465281	0.933914	0.0496491	1.03812	0.0396987	4.34597e-05
10021	1	100	29	500	0.111414	0.0708399	0.0184464	0.0523936	0.0405737	0.932373	0.0560975	1.0394	0.0437435	4.3064e-05
10022	1	100	31	500	0.117751	0.0761765	0.0209818	0.0551947	0.041574	0.931234	0.042099	1.04732	0.0366829	4.33564e-05
10023	1	100	25	500	0.132256	0.0861803	0.028424	0.0577563	0.0460758	0.922052	0.0487623	1.05022	0.0432833	4.07957e-05
10024	1	100	21	500	0.124049	0.0798998	0.0256667	0.0542331	0.0441496	0.925712	0.0600807	1.04198	0.046758	4.21845e-05
10025	1	100	22	500	0.121778	0.078005	0.0239398	0.0540652	0.0437734	0.928837	0.044877	1.04455	0.0379496	4.26547e-05
10026	1	100	22	500	0.118795	0.0757251	0.0231727	0.0525524	0.04307	0.929784	0.0555918	1.04214	0.0459994	4.29678e-05
10027	1	100	21	500	0.125963	0.0772308	0.0267931	0.0504377	0.0487326	0.929098	0.0541514	1.0363	0.0410462	4.15976e-05
10028	1	100	21	500	0.130982	0.079698	0.0317384	0.0479596	0.0512838	0.929855	0.0524437	1.03379	0.0376195	4.21558e-05
10029	1	100	27	500	0.1209	0.07352	0.026326	0.047194	0.0473802	0.934103	0.0499298	1.03358	0.03599	4.22076e-05
10030	1	100	22	500	0.122623	0.0743961	0.0282947	0.0461014	0.0482265	0.930145	0.0594963	1.03031	0.0469707	4.26199e-05
10031	1	100	27	500	0.132165	0.0768553	0.0306395	0.0462158	0.0553099	0.934023	0.0461899	1.03394	0.0284249	4.23775e-05
10032	1	100	17	500	0.135809	0.0775808	0.0360569	0.0415239	0.0582286	0.928648	0.0638036	1.02312	0.0400902	4.15441e-05
10033	1	100	21	500	0.111928	0.0639871	0.0278786	0.0361085	0.0479404	0.942653	0.034221	1.02746	0.020678	4.34722e-05
10034	1	100	20	500	0.113987	0.0654896	0.0300164	0.0354731	0.0484974	0.942796	0.0360115	1.027	0.0219795	4.36858e-05
10035	1	100	20	500	0.0974352	0.0552383	0.0223402	0.0328981	0.0421968	0.947646	0.0477487	1.01906	0.0280298	4.28055e-05
10036	1	100	20	500	0.0952516	0.0557713	0.023018	0.0327533	0.0394803	0.948764	0.0403913	1.02391	0.0266026	4.32803e-05
10037	1	100	15	500	0.0964149	0.0569195	0.0239395	0.0329799	0.0394954	0.948102	0.0365277	1.02679	0.0261237	4.3992e-05
10038	1	100	17	500	0.0717356	0.0440271	0.0170242	0.0270029	0.0277086	0.958818	0.0330337	1.0221	0.0274245	4.35324e-05
10039	1	100	16	500	0.0781652	0.0498071	0.0205976	0.0292095	0.0283581	0.951421	0.0441001	1.02451	0.0339326	4.45638e-05
10040	1	100	17	500	0.0941049	0.0586123	0.027994	0.0306183	0.0354927	0.943921	0.0353408	1.02631	0.0289174	4.50646e-05
10041	1	100	16	500	0.0849183	0.051198	0.0233202	0.0278778	0.0337203	0.954222	0.0323156	1.02198	0.022524	4.52738e-05
10042	1	100	18	500	0.0788982	0.047937	0.0215969	0.02634	0.0309613	0.955215	0.0311664	1.0193	0.0224549	4.52946e-05
10043	1	100	15	500	0.0738779	0.0453096	0.0210285	0.0242811	0.0285683	0.957832	0.0322516	1.01601	0.0217103	4.46158e-05
10044	1	100	14	500	0.089691	0.0566114	0.0278756	0.0287358	0.0330796	0.947231	0.0374202	1.02209	0.0291677	4.40983e-05
10045	1	100	13	500	0.0961885	0.0585337	0.0275649	0.0309688	0.0376548	0.946717	0.0360623	1.02531	0.0261786	4.46276e-05
10046	1	100	16	500	0.103122	0.0622264	0.0293929	0.0328335	0.0408958	0.942371	0.0406131	1.02447	0.0284401	4.40975e-05
10047	1	100	17	500	0.106879	0.0675567	0.0340902	0.0334664	0.0393219	0.936901	0.0383053	1.0267	0.0315917	4.21894e-05
10048	1	100	14	500	0.101048	0.0647387	0.0325484	0.0321903	0.0363091	0.938652	0.0398644	1.02454	0.032429	4.12815e-05
10049	1	100	16	500	0.0789858	0.0492496	0.0205455	0.0287041	0.0297362	0.954415	0.0386337	1.0208	0.0296371	4.1646e-05
10050	1	100	14	500	0.0871002	0.0574878	0.0282595	0.0292282	0.0296124	0.945849	0.0363782	1.02229	0.0300845	4.23974e-05
10051	1	100	16	500	0.0845686	0.0551252	0.0263454	0.0287799	0.0294434	0.947594	0.0412619	1.01991	0.0319763	4.2229e-05
10052	1	100	15	500	0.0778933	0.0526446	0.0277657	0.0248789	0.0252487	0.949394	0.039973	1.01375	0.0311821	4.06633e-05
10053	1	100	11	500	0.0849089	0.056038	0.0295564	0.0264816	0.0288709	0.947597	0.0420418	1.01356	0.0291664	3.95555e-05
10054	1	100	11	500	0.0930502	0.0626071	0.0359523	0.0266548	0.0304431	0.941025	0.0409316	1.01188	0.0315805	3.95803e-05
10055	1	100	13	500	0.0995222	0.0607659	0.030963	0.0298028	0.0387563	0.943546	0.0426359	1.01235	0.0298902	4.06434e-05
10056	1	100	11	500	0.0801864	0.0491836	0.023461	0.0257226	0.0310028	0.949899	0.04296	1.00659	0.0291712	4.0942e-05
10057	1	100	13	500	0.0908835	0.0570399	0.02874	0.0282998	0.0338436	0.948667	0.0363838	1.01614	0.0289252	4.20039e-05
10058	1	100	13	500	0.0901851	0.0538056	0.0232422	0.0305634	0.0363795	0.949855	0.0382333	1.01622	0.0294504	4.15397e-05
10059	1	100	13	500	0.0790831	0.0459442	0.0172533	0.0286909	0.0331389	0.955429	0.0490287	1.01386	0.0328494	4.04239e-05
10060	1	100	14	500	0.0930646	0.0495165	0.0174188	0.0320976	0.0435482	0.957281	0.035589	1.01598	0.0249126	3.9754e-05
10061	1	100	15	500	0.098782	0.050717	0.0177194	0.0329977	0.0480649	0.95453	0.0483493	1.01006	0.0285665	3.85094e-05
10062	1	100	13	500	0.113158	0.0599548	0.0231143	0.0368405	0.0532035	0.948986	0.0488059	1.01473	0.0316008	3.86163e-05
10063	1	100	15	500	0.0981964	0.049358	0.0164945	0.0328635	0.0488384	0.958136	0.0382754	1.01345	0.0266183	4.02269e-05
10064	1	100	13	500	0.103269	0.0481237	0.0150115	0.0331122	0.0551456	0.946306	0.0771951	0.993763	0.0655374	3.8053e-05
10065	1	100	15	500	0.114426	0.0544157	0.0186814	0.0357343	0.06001	0.952646	0.0367806	1.00791	0.0286314	4.1051e-05
10066	1	100	19	500	0.114744	0.0542722	0.0184603	0.0358119	0.0604717	0.948302	0.0558375	1.00273	0.0527522	4.08527e-05
10067	1	100	16	500	0.096957	0.0480219	0.015786	0.0322359	0.048935	0.95462	0.0505882	1.00815	0.0508731	4.20158e-05
10068	1	100	14	500	0.101825	0.0492656	0.0169055	0.0323601	0.0525598	0.956918	0.0406158	1.00822	0.0386696	4.17561e-05
10069	1	100	16	500	0.0918414	0.0440903	0.0134782	0.0306121	0.0477511	0.960354	0.0325831	1.00816	0.0316498	4.03672e-05
10070	1	100	18	500	0.0855504	0.0444881	0.0137882	0.0306999	0.0410622	0.960034	0.0318615	1.01486	0.0308616	4.26438e-05
10071	1	100	21	500	0.0882201	0.0442974	0.0134413	0.0308561	0.0439227	0.958512	0.0449215	1.01035	0.0362127	4.18551e-05
10072	1	100	17	500	0.0928523	0.0480682	0.0155427	0.0325256	0.044784	0.956713	0.037589	1.01495	0.0313513	4.31223e-05
10073	1	100	16	500	0.0915058	0.0455076	0.0137945	0.0317131	0.0459982	0.952741	0.0623194	1.00416	0.0581418	3.98878e-05
10074	1	100	19	500	0.0998238	0.0498091	0.0167587	0.0330504	0.0500147	0.952011	0.0558046	1.00612	0.060533	4.17014e-05
10075	1	100	17	500	0.0936549	0.0488129	0.0160673	0.0327456	0.0448421	0.956115	0.0326954	1.01355	0.0414956	4.22639e-05
10076	1	100	17	500	0.09429	0.047449	0.0161144	0.0313347	0.046841	0.952553	0.0588896	1.00272	0.0663346	4.13211e-05
10077	1	100	17	500	0.0571527	0.0305431	0.00773724	0.0228058	0.0266097	0.971581	0.0275101	1.01052	0.0326137	3.78765e-05
10078	1	100	14	500	0.0573147	0.0302711	0.00793448	0.0223366	0.0270436	0.966712	0.0510408	1.00438	0.0583499	3.83053e-05
10079	1	100	14	500	0.0576738	0.0282052	0.00717642	0.0210287	0.0294686	0.974861	0.0270889	1.00611	0.0260632	3.52797e-05
10080	1	100	15	500	0.0518297	0.0272488	0.00721786	0.0200309	0.0245809	0.974728	0.0263943	1.00792	0.028822	3.82635e-05
10081	1	100	16	500	0.0539767	0.0274934	0.00746144	0.0200319	0.0264833	0.973759	0.0245692	1.00548	0.0282359	3.77079e-05
10082	1	100	15	500	0.0691997	0.0314892	0.00865159	0.0228376	0.0377105	0.970867	0.0323207	1.00374	0.0293411	4.03777e-05
10083	1	100	16	500	0.0658695	0.0285814	0.00872848	0.0198529	0.0372881	0.974309	0.0275769	0.999172	0.0270032	3.72324e-05
10084	1	100	11	500	0.0442928	0.0210393	0.0064315	0.0146078	0.0232535	0.980111	0.0246828	1.00022	0.0199445	3.39889e-05
10085	1	100	14	500	0.0449347	0.0207946	0.00613057	0.014664	0.0241402	0.979935	0.0247652	0.999285	0.0232672	3.21104e-05
10086	1	100	12	500	0.0465192	0.0192671	0.00628882	0.0129783	0.0272521	0.982822	0.0201781	0.996304	0.0214287	3.04216e-05
10087	1	100	14	500	0.0417797	0.015692	0.00595222	0.00973979	0.0260877	0.986327	0.0145972	0.993279	0.0154212	2.73774e-05
10088	1	100	14	500	0.0442738	0.0164351	0.00643736	0.00999777	0.0278386	0.984675	0.0301266	0.991166	0.0297243	2.66069e-05
10089	1	100	10	500	0.0514673	0.01907	0.00833553	0.0107345	0.0323973	0.984147	0.0207843	0.98961	0.0153208	2.40921e-05
10090	1	100	12	500	0.0619622	0.0232154	0.0114214	0.011794	0.0387468	0.983227	0.016812	0.987617	0.0173549	2.22699e-05
10091	1	100	15	500	0.0619547	0.0223353	0.011348	0.0109874	0.0396194	0.983761	0.0164515	0.986105	0.0167757	1.99404e-05
10092	1	100	15	500	0.0532854	0.0184409	0.00905674	0.00938415	0.0348445	0.985744	0.016378	0.987076	0.0152967	1.82189e-05
10093	1	100	17	500	0.0536262	0.0184856	0.00919359	0.00929197	0.0351406	0.985619	0.0158383	0.986702	0.0162348	1.7143e-05
10094	1	100	10	500	0.0711417	0.0264813	0.0153162	0.0111651	0.0446603	0.976906	0.0486803	0.976906	0.0486803	1.4311e-05
10095	1	100	9	500	0.0628354	0.0230364	0.0130867	0.00994975	0.039799	0.97414	0.0630232	0.97428	0.0630245	1.53112e-05
10096	1	100	9	500	0.0830753	0.0330114	0.0204955	0.012516	0.0500639	0.969659	0.0642864	0.969762	0.064327	1.45358e-05
10097	1	100	9	500	0.0828402	0.0330712	0.020629	0.0124422	0.0497689	0.973668	0.0504366	0.973855	0.0505142	1.35964e-05
10098	1	100	9	500	0.079532	0.0293352	0.016786	0.0125492	0.0501968	0.977914	0.0366454	0.978079	0.036707	1.43341e-05
10099	1	100	13	500	0.0930132	0.0367074	0.0226309	0.0140764	0.0563058	0.972126	0.0487979	0.972577	0.0486673	1.30528e-05
10100	1	100	16	500	0.0918531	0.0364196	0.0203522	0.0160675	0.0554335	0.969216	0.0570295	0.973932	0.0553932	1.43326e-05
10101	1	100	15	500	0.0770893	0.0288402	0.0135325	0.0153077	0.0482491	0.973844	0.0515564	0.980226	0.0498247	1.64743e-05
