Generation	PopulationID	SampleSize	UniqueMutations	PopulationSize	totalLoad	RelzLoad	RelzLoadHomo	RelzLoadHetero	MskLoad	MeanFitness	SdFitness	MeanFitnessCached	SdFitnessCached	Heterozygosity	
10001	1	100	51	500	0.623302	0.598575	0.551267	0.0473089	0.0247268	0.52436	0.0361927	1.7264	0.0970376	2.80861e-05
10002	1	100	40	500	0.630953	0.607758	0.557594	0.0501641	0.0231956	0.520131	0.0320611	1.74306	0.0866763	2.80293e-05
10003	1	100	35	500	0.634356	0.598171	0.549063	0.0491085	0.036185	0.52573	0.032602	1.71639	0.0809757	2.76477e-05
10004	1	100	34	500	0.645877	0.595899	0.536012	0.0598862	0.0499784	0.527319	0.0323994	1.69637	0.0759179	2.92843e-05
10005	1	100	27	500	0.477792	0.409873	0.359556	0.0503178	0.0679185	0.652075	0.0481553	1.41395	0.0656679	2.7083e-05
10006	1	100	26	500	0.495771	0.409918	0.350139	0.0597787	0.0858533	0.650875	0.0590238	1.39177	0.0987891	2.82457e-05
10007	1	100	25	500	0.504312	0.418318	0.362264	0.0560537	0.0859941	0.64821	0.0498511	1.40745	0.0727594	2.61444e-05
10008	1	100	22	500	0.509882	0.42353	0.36819	0.0553395	0.0863519	0.646093	0.0499008	1.41005	0.068947	2.56228e-05
10009	1	100	28	500	0.469595	0.409036	0.362802	0.0462339	0.0605591	0.653176	0.0380377	1.41463	0.0719365	2.6275e-05
10010	1	100	21	500	0.484238	0.420335	0.381756	0.0385794	0.0639027	0.646889	0.0371224	1.42093	0.0504364	2.4414e-05
10011	1	100	24	500	0.464449	0.409578	0.369971	0.039607	0.0548717	0.645593	0.0604942	1.40745	0.122675	2.85776e-05
10012	1	100	22	500	0.446521	0.40395	0.366777	0.0371737	0.0425709	0.651937	0.0334064	1.42642	0.0650947	2.89531e-05
10013	1	100	22	500	0.450667	0.407561	0.37185	0.0357106	0.0431065	0.650111	0.0346187	1.43307	0.0601444	2.90621e-05
10014	1	100	21	500	0.417132	0.395867	0.363897	0.0319699	0.0212651	0.656502	0.0302906	1.43702	0.0527246	2.63412e-05
10015	1	100	19	500	0.433819	0.404897	0.375328	0.0295692	0.0289217	0.650478	0.0312142	1.44214	0.051606	2.51894e-05
10016	1	100	19	500	0.440899	0.405034	0.36833	0.0367036	0.0358651	0.651083	0.0315251	1.43627	0.0582557	2.91499e-05
10017	1	100	23	500	0.444302	0.41115	0.382444	0.0287058	0.0331521	0.646037	0.0289491	1.44636	0.0500357	2.54134e-05
10018	1	100	24	500	0.445364	0.411323	0.375301	0.0360221	0.0340414	0.646929	0.034879	1.44606	0.0568037	2.735e-05
10019	1	100	25	500	0.465212	0.420224	0.38126	0.0389636	0.0449884	0.640039	0.0397748	1.44229	0.055599	2.83078e-05
10020	1	100	23	500	0.456281	0.42657	0.397575	0.0289948	0.0297111	0.636798	0.0278723	1.46805	0.0445671	2.44734e-05
10021	1	100	23	500	0.284865	0.259203	0.235998	0.0232042	0.025662	0.762222	0.0355495	1.25926	0.0367246	2.19205e-05
10022	1	100	17	500	0.279552	0.25572	0.235239	0.0204814	0.0238311	0.765288	0.029029	1.25887	0.0325849	2.11387e-05
10023	1	100	18	500	0.289203	0.256536	0.232654	0.0238813	0.0326671	0.765149	0.0299425	1.2532	0.0368815	2.21832e-05
10024	1	100	18	500	0.302429	0.262099	0.240752	0.0213467	0.0403307	0.760436	0.0352456	1.25011	0.0369227	2.15489e-05
10025	1	100	22	500	0.283359	0.253785	0.236162	0.0176233	0.0295738	0.766606	0.0256575	1.25337	0.0347575	2.01793e-05
10026	1	100	19	500	0.283606	0.25691	0.239224	0.0176867	0.0266951	0.76401	0.0258898	1.25872	0.0326869	1.83504e-05
10027	1	100	21	500	0.2854	0.254974	0.238883	0.0160906	0.0304266	0.76476	0.0214139	1.25433	0.0348469	1.76444e-05
10028	1	100	16	500	0.129908	0.0948301	0.0792126	0.0156175	0.0350782	0.907476	0.0256675	1.07505	0.0261504	1.69746e-05
10029	1	100	15	500	0.152177	0.102594	0.0822525	0.0203418	0.0495826	0.901582	0.0278258	1.07283	0.0299377	1.82914e-05
10030	1	100	13	500	0.170681	0.10765	0.0851894	0.0224609	0.063031	0.89882	0.0275292	1.06811	0.0337091	1.79492e-05
10031	1	100	14	500	0.17284	0.106353	0.0815543	0.0247984	0.0664875	0.899267	0.0280251	1.06534	0.034491	1.95026e-05
10032	1	100	14	500	0.176935	0.112147	0.0874485	0.024699	0.0647876	0.89592	0.0291395	1.06987	0.0365907	2.07485e-05
10033	1	100	13	500	0.190358	0.114674	0.0889196	0.0257547	0.0756836	0.8956	0.0267354	1.06256	0.0380733	2.21427e-05
10034	1	100	12	500	0.152656	0.10094	0.0813879	0.0195517	0.051716	0.900383	0.0505468	1.06574	0.0647316	2.02021e-05
10035	1	100	13	500	0.139827	0.0976159	0.0821299	0.015486	0.0422114	0.905882	0.0232742	1.072	0.0296389	1.8653e-05
10036	1	100	13	500	0.117897	0.091378	0.0807052	0.0106728	0.0265186	0.910051	0.0199596	1.07643	0.0247724	1.67625e-05
10037	1	100	10	500	0.0336866	0.0105418	0.00139849	0.00914326	0.0231448	0.990268	0.022048	0.997087	0.0180471	1.49446e-05
10038	1	100	11	500	0.0355032	0.0108196	0.00166635	0.00915325	0.0246836	0.990241	0.0228253	0.99631	0.0198163	1.54946e-05
10039	1	100	9	500	0.0478134	0.013948	0.00330256	0.0106455	0.0338654	0.980399	0.0754187	0.984866	0.0753716	1.63908e-05
10040	1	100	8	500	0.0533845	0.0162375	0.00368293	0.0125546	0.037147	0.986559	0.0269248	0.993099	0.0212815	1.65735e-05
10041	1	100	8	500	0.0670667	0.0207989	0.0053802	0.0154187	0.0462678	0.979827	0.0559427	0.987593	0.053384	1.78543e-05
10042	1	100	11	500	0.0664037	0.0209654	0.00567348	0.0152919	0.0454384	0.976414	0.0729147	0.984436	0.0721841	1.76995e-05
10043	1	100	8	500	0.0740773	0.0248788	0.00684673	0.018032	0.0491985	0.974286	0.069347	0.986169	0.0687344	1.78585e-05
10044	1	100	10	500	0.0880984	0.0308959	0.00967489	0.021221	0.0572025	0.967567	0.0808431	0.9823	0.0805587	1.90892e-05
10045	1	100	8	500	0.0780749	0.0274556	0.00734399	0.0201116	0.0506193	0.973531	0.0605527	0.989514	0.060674	1.79631e-05
10046	1	100	9	500	0.0942464	0.0330327	0.0116276	0.0214051	0.0612136	0.975966	0.0305284	0.98886	0.0288647	1.80812e-05
10047	1	100	7	500	0.086466	0.0299531	0.00953978	0.0204133	0.0565129	0.964816	0.0920405	0.977322	0.0870855	1.75815e-05
10048	1	100	11	500	0.07705	0.0243012	0.00915834	0.0151428	0.0527489	0.983029	0.0262856	0.986944	0.0258371	1.58326e-05
10049	1	100	9	500	0.0678934	0.0206593	0.00649316	0.0141662	0.047234	0.974748	0.0829242	0.979487	0.0832039	1.5848e-05
10050	1	100	8	500	0.0503335	0.0142336	0.00325304	0.0109806	0.0360999	0.987085	0.0330078	0.990674	0.0223511	1.38282e-05
10051	1	100	12	500	0.0473627	0.0134637	0.00273156	0.0107322	0.0338989	0.988663	0.0270349	0.993382	0.0195572	1.34394e-05
10052	1	100	9	500	0.0544665	0.0164011	0.00324361	0.0131575	0.0380654	0.982548	0.054151	0.989966	0.0535648	1.46891e-05
10053	1	100	11	500	0.0622863	0.0183143	0.00407135	0.014243	0.0439719	0.984772	0.0255547	0.991403	0.02395	1.52275e-05
10054	1	100	6	500	0.0751274	0.0231975	0.00846167	0.0147358	0.0519299	0.977933	0.0639842	0.981436	0.0641118	1.64916e-05
10055	1	100	6	500	0.0652171	0.0174982	0.00556843	0.0119297	0.047719	0.984274	0.0473866	0.984274	0.0473866	1.4819e-05
10056	1	100	8	500	0.0530431	0.0138689	0.00407536	0.00979355	0.0391742	0.987216	0.0401179	0.987384	0.0401712	1.53506e-05
10057	1	100	9	500	0.065318	0.0175869	0.0056541	0.0119328	0.0477311	0.986951	0.0229715	0.986951	0.0229715	1.62552e-05
10058	1	100	9	500	0.0835266	0.0240463	0.00912991	0.0149164	0.0594803	0.975557	0.071813	0.976029	0.0717325	1.57767e-05
10059	1	100	7	500	0.0890826	0.0279688	0.0126904	0.0152784	0.0611138	0.969431	0.0849794	0.969431	0.0849794	1.76937e-05
10060	1	100	6	500	0.0841757	0.0269295	0.0126179	0.0143116	0.0572463	0.967535	0.0968486	0.967535	0.0968486	1.60942e-05
10061	1	100	9	500	0.108363	0.0386329	0.021027	0.0176059	0.0697303	0.970841	0.071882	0.971407	0.0721094	1.73241e-05
10062	1	100	9	500	0.144402	0.0585719	0.037074	0.0214979	0.08583	0.939691	0.138154	0.940369	0.138184	2.00062e-05
10063	1	100	9	500	0.113111	0.0408429	0.0227758	0.0180671	0.0722684	0.971934	0.0638709	0.971934	0.0638709	1.85414e-05
10064	1	100	6	500	0.107424	0.0381546	0.0207993	0.0173554	0.0692694	0.967698	0.08587	0.96777	0.0858507	1.79011e-05
10065	1	100	5	500	0.141511	0.0559451	0.0345535	0.0213916	0.0855663	0.952457	0.113268	0.952466	0.113272	1.87144e-05
10066	1	100	5	500	0.164858	0.0668552	0.042281	0.0245741	0.0980032	0.928875	0.154759	0.929014	0.154774	2.02688e-05
10067	1	100	4	500	0.210262	0.0942045	0.0651901	0.0290144	0.116058	0.906475	0.184736	0.906617	0.184766	2.23323e-05
10068	1	100	8	500	0.197961	0.0847264	0.055453	0.0292734	0.113234	0.910526	0.169615	0.912399	0.169983	2.35492e-05
10069	1	100	11	500	0.217983	0.0985568	0.0687003	0.0298565	0.119426	0.905102	0.172475	0.905102	0.172475	2.50453e-05
10070	1	100	9	500	0.200863	0.0883411	0.0601991	0.028142	0.112522	0.919325	0.15405	0.919504	0.154144	2.40792e-05
10071	1	100	8	500	0.20524	0.0907771	0.0621614	0.0286157	0.114463	0.89728	0.18584	0.89728	0.18584	2.45179e-05
10072	1	100	7	500	0.185605	0.0782473	0.0514078	0.0268395	0.107358	0.913713	0.169668	0.913769	0.169696	2.44293e-05
10073	1	100	7	500	0.156098	0.0599779	0.035944	0.0240339	0.0961198	0.953302	0.10527	0.95331	0.105269	2.37497e-05
10074	1	100	11	500	0.173957	0.0739434	0.0489399	0.0250034	0.100014	0.919151	0.165039	0.919151	0.165039	2.52503e-05
10075	1	100	4	500	0.139089	0.0545304	0.0333907	0.0211397	0.0845589	0.958905	0.094656	0.958905	0.094656	2.39795e-05
10076	1	100	7	500	0.169074	0.0722736	0.0480736	0.0242	0.0968	0.91839	0.166612	0.91839	0.166612	2.59306e-05
10077	1	100	6	500	0.21011	0.103199	0.0764708	0.0267279	0.106911	0.905063	0.17161	0.905143	0.171628	2.68767e-05
10078	1	100	6	500	0.230732	0.119529	0.0917278	0.0278008	0.111203	0.890223	0.183823	0.890265	0.183835	2.76138e-05
10079	1	100	6	500	0.241645	0.126346	0.0975216	0.0288248	0.115299	0.864736	0.209312	0.86504	0.209273	2.72816e-05
10080	1	100	10	500	0.23154	0.117489	0.0889331	0.0285556	0.114051	0.883073	0.192887	0.883257	0.19297	2.78413e-05
10081	1	100	9	500	0.254333	0.140002	0.11142	0.0285826	0.11433	0.878395	0.190814	0.878395	0.190814	2.89922e-05
10082	1	100	9	500	0.239808	0.121789	0.092284	0.0295048	0.118019	0.875136	0.199016	0.875136	0.199016	2.80995e-05
10083	1	100	10	500	0.217397	0.106395	0.0786446	0.0277506	0.111002	0.897179	0.179287	0.897179	0.179287	2.72574e-05
10084	1	100	12	500	0.263055	0.14377	0.113948	0.0298213	0.119285	0.853161	0.214261	0.853161	0.214261	2.72499e-05
10085	1	100	12	500	0.250887	0.121706	0.0894111	0.0322951	0.129181	0.887778	0.183653	0.887778	0.183653	2.74697e-05
10086	1	100	13	500	0.262409	0.124445	0.0899541	0.034491	0.137964	0.884648	0.182577	0.884687	0.18259	2.85355e-05
10087	1	100	13	500	0.266471	0.126309	0.0912685	0.0350404	0.140162	0.880767	0.186255	0.880981	0.186193	2.92912e-05
10088	1	100	13	500	0.218084	0.0943174	0.0633756	0.0309418	0.123767	0.905982	0.168335	0.906049	0.168373	2.62964e-05
10089	1	100	12	500	0.235066	0.101233	0.0677753	0.033458	0.133832	0.90977	0.156278	0.909906	0.156345	2.67646e-05
10090	1	100	12	500	0.236305	0.10385	0.0701811	0.0336691	0.132455	0.901006	0.167773	0.902268	0.168414	2.69013e-05
10091	1	100	13	500	0.211416	0.0825259	0.0502936	0.0322323	0.12889	0.908014	0.167304	0.908034	0.167315	2.69351e-05
10092	1	100	12	500	0.241988	0.0990086	0.0632638	0.0357448	0.142979	0.911853	0.150876	0.911985	0.150905	2.6981e-05
10093	1	100	11	500	0.22189	0.0860827	0.0521309	0.0339518	0.135807	0.913234	0.156192	0.913333	0.156212	2.68546e-05
10094	1	100	9	500	0.232201	0.0917826	0.056678	0.0351046	0.140418	0.893657	0.181742	0.893665	0.181747	2.82987e-05
10095	1	100	10	500	0.240542	0.0902019	0.052617	0.0375849	0.15034	0.922647	0.132604	0.922733	0.132563	2.86748e-05
10096	1	100	10	500	0.293966	0.119767	0.0762133	0.043554	0.174198	0.880756	0.188663	0.880774	0.188667	3.00976e-05
10097	1	100	12	500	0.305603	0.126827	0.0821327	0.044694	0.178776	0.882541	0.187071	0.88263	0.186864	2.97704e-05
10098	1	100	10	500	0.255202	0.105752	0.0683889	0.0373626	0.14945	0.893332	0.174226	0.893617	0.174401	2.94752e-05
10099	1	100	9	500	0.237974	0.103441	0.0698082	0.0336332	0.134533	0.88222	0.200035	0.882333	0.200101	3.03294e-05
10100	1	100	8	500	0.229947	0.10046	0.0680877	0.0323718	0.129487	0.892073	0.18305	0.892312	0.18314	3.02255e-05
10101	1	100	9	500	0.243108	0.0919621	0.0541756	0.0377865	0.151146	0.917133	0.14231	0.917133	0.14231	3.02187e-05
