Generation	PopulationID	SampleSize	UniqueMutations	PopulationSize	totalLoad	RelzLoad	RelzLoadHomo	RelzLoadHetero	MskLoad	MeanFitness	SdFitness	MeanFitnessCached	SdFitnessCached	Heterozygosity	
10001	1	100	42	500	0.180353	0.154442	0.107418	0.0470237	0.0259113	0.849335	0.0222413	1.13385	0.0272884	4.71735e-05
10002	1	100	33	500	0.188291	0.155153	0.108597	0.0465564	0.0331384	0.850441	0.016308	1.12861	0.0221995	4.6374e-05
10003	1	100	29	500	0.185042	0.155397	0.108289	0.0471073	0.0296457	0.850135	0.0184796	1.13012	0.0233467	4.61338e-05
10004	1	100	25	500	0.186974	0.155444	0.10333	0.0521136	0.0315296	0.84988	0.0197404	1.12907	0.0292512	4.54325e-05
10005	1	100	27	500	0.185454	0.153623	0.10396	0.0496627	0.0318311	0.852381	0.0178446	1.12993	0.0270461	4.43805e-05
10006	1	100	24	500	0.186636	0.15263	0.114337	0.0382932	0.0340063	0.85399	0.0162188	1.12626	0.0216632	4.2688e-05
10007	1	100	24	500	0.194467	0.156145	0.115144	0.0410008	0.0383225	0.850718	0.0138492	1.12659	0.0225504	4.2653e-05
10008	1	100	24	500	0.183857	0.153382	0.115637	0.0377446	0.0304752	0.851422	0.0146977	1.12575	0.0212732	4.24013e-05
10009	1	100	25	500	0.190283	0.155293	0.111256	0.0440369	0.0349908	0.851774	0.017182	1.13037	0.0240422	4.22708e-05
10010	1	100	24	500	0.197028	0.158193	0.11002	0.0481727	0.0388349	0.848219	0.017077	1.12888	0.0264327	4.27328e-05
10011	1	100	19	500	0.195044	0.157934	0.108927	0.0490069	0.0371109	0.847933	0.0178343	1.12823	0.0287218	4.32765e-05
10012	1	100	25	500	0.200972	0.160247	0.109152	0.051095	0.0407246	0.848572	0.0143364	1.13083	0.0221808	4.43051e-05
10013	1	100	21	500	0.204507	0.161717	0.103339	0.0583783	0.0427904	0.847695	0.0165625	1.13294	0.0276167	4.37432e-05
10014	1	100	21	500	0.206038	0.159201	0.102191	0.0570096	0.0468371	0.84597	0.0310184	1.12257	0.045268	4.43934e-05
10015	1	100	25	500	0.212205	0.163331	0.105711	0.0576202	0.0488745	0.844855	0.0248283	1.1255	0.0355517	4.50749e-05
10016	1	100	25	500	0.205276	0.162631	0.101615	0.0610159	0.0426454	0.844912	0.0230037	1.1315	0.0401651	4.57845e-05
10017	1	100	23	500	0.211077	0.162781	0.103385	0.0593952	0.0482968	0.846551	0.020888	1.12908	0.0332165	4.55666e-05
10018	1	100	23	500	0.20719	0.161008	0.109756	0.0512524	0.0461815	0.844677	0.0240874	1.12474	0.0507853	4.4444e-05
10019	1	100	23	500	0.205927	0.165384	0.103251	0.0621325	0.0405434	0.843	0.0251355	1.13766	0.041299	4.55805e-05
10020	1	100	22	500	0.202955	0.165097	0.0999556	0.0651416	0.0378579	0.843904	0.0203538	1.13933	0.0347158	4.69501e-05
10021	1	100	27	500	0.206233	0.164348	0.104353	0.0599951	0.0418854	0.842473	0.0302916	1.13151	0.0421391	4.71916e-05
10022	1	100	26	500	0.20917	0.168192	0.107302	0.0608905	0.0409779	0.840481	0.0279489	1.13807	0.0462483	4.66805e-05
10023	1	100	24	500	0.20639	0.169742	0.106727	0.0630159	0.0366477	0.838656	0.0280386	1.14309	0.0394182	4.59751e-05
10024	1	100	22	500	0.209047	0.17078	0.108408	0.0623722	0.0382669	0.840133	0.0253808	1.14316	0.0358108	4.60904e-05
10025	1	100	23	500	0.213457	0.17416	0.106647	0.0675127	0.0392966	0.83585	0.0211529	1.14501	0.0375342	4.64348e-05
10026	1	100	22	500	0.219775	0.172577	0.108807	0.0637703	0.0471981	0.839076	0.0229331	1.13734	0.0324523	4.79224e-05
10027	1	100	26	500	0.235536	0.182514	0.100994	0.0815199	0.0530219	0.830682	0.0267595	1.14596	0.0418363	4.8598e-05
10028	1	100	24	500	0.239685	0.183848	0.107874	0.0759738	0.0558366	0.826332	0.0351128	1.14032	0.0566784	4.76816e-05
10029	1	100	24	500	0.23904	0.178304	0.106226	0.0720772	0.0607363	0.835819	0.0233844	1.13634	0.0382744	4.83914e-05
10030	1	100	25	500	0.23626	0.175552	0.10436	0.0711916	0.0607084	0.834363	0.0295201	1.12803	0.0489007	4.80715e-05
10031	1	100	24	500	0.234664	0.172604	0.107777	0.0648269	0.0620602	0.84102	0.0234384	1.12303	0.0383606	4.88881e-05
10032	1	100	23	500	0.250422	0.178148	0.104913	0.0732355	0.0722739	0.833757	0.0273338	1.11388	0.052744	4.91187e-05
10033	1	100	24	500	0.238403	0.173338	0.101496	0.0718425	0.0650645	0.837921	0.0250833	1.11966	0.0392444	4.85648e-05
10034	1	100	23	500	0.24609	0.176794	0.10571	0.0710846	0.0692962	0.835213	0.0321404	1.11997	0.0480695	4.87548e-05
10035	1	100	24	500	0.250027	0.179209	0.113829	0.0653794	0.0708181	0.834591	0.029539	1.11662	0.0490534	4.77126e-05
10036	1	100	22	500	0.238404	0.175427	0.116034	0.0593932	0.0629765	0.837352	0.0366722	1.11816	0.0544321	4.76097e-05
10037	1	100	23	500	0.249921	0.185713	0.117404	0.0683095	0.0642076	0.827446	0.0359407	1.12358	0.0599284	4.8115e-05
10038	1	100	19	500	0.254223	0.19006	0.11558	0.0744805	0.0641625	0.820738	0.0423388	1.12589	0.0638925	4.87895e-05
10039	1	100	19	500	0.233768	0.181367	0.11213	0.0692369	0.052401	0.834286	0.0302593	1.1361	0.0459782	4.82648e-05
10040	1	100	17	500	0.239567	0.185972	0.114378	0.0715939	0.0535951	0.829455	0.0346248	1.13893	0.0479616	4.84255e-05
10041	1	100	21	500	0.244155	0.190207	0.116093	0.0741141	0.053948	0.823379	0.0436786	1.13902	0.0593471	4.844e-05
10042	1	100	21	500	0.236018	0.182884	0.111827	0.0710575	0.0531339	0.833915	0.0333274	1.13629	0.0394216	4.91002e-05
10043	1	100	20	500	0.242458	0.184888	0.114942	0.0699462	0.0575695	0.829107	0.0372556	1.13089	0.056757	4.90521e-05
10044	1	100	19	500	0.234079	0.181786	0.112491	0.0692946	0.0522927	0.832725	0.0391028	1.13417	0.0507037	4.88794e-05
10045	1	100	20	500	0.226178	0.178383	0.103889	0.0744937	0.0477955	0.835703	0.030077	1.13508	0.0430931	4.87322e-05
10046	1	100	20	500	0.213734	0.17362	0.0967661	0.0768534	0.0401148	0.838218	0.0320112	1.13445	0.0403693	4.82451e-05
10047	1	100	23	500	0.222625	0.176956	0.101393	0.0755632	0.0456692	0.835311	0.0289835	1.1326	0.0354337	4.82592e-05
10048	1	100	22	500	0.229027	0.181973	0.1031	0.0788731	0.0470547	0.831339	0.035225	1.13523	0.0413665	4.91293e-05
10049	1	100	21	500	0.229208	0.185012	0.102905	0.0821072	0.0441965	0.829729	0.0349702	1.13381	0.0391932	4.76954e-05
10050	1	100	22	500	0.230399	0.186827	0.108075	0.0787518	0.0435724	0.82763	0.0361772	1.13057	0.0542959	4.63346e-05
10051	1	100	22	500	0.21908	0.177028	0.106659	0.070368	0.042053	0.839197	0.0271285	1.13354	0.0378984	4.64295e-05
10052	1	100	22	500	0.215247	0.177418	0.106488	0.0709295	0.0378295	0.836662	0.0275177	1.13865	0.0404437	4.69787e-05
10053	1	100	21	500	0.213665	0.175729	0.107089	0.0686405	0.0379352	0.83865	0.0285795	1.13289	0.0356347	4.52857e-05
10054	1	100	22	500	0.213427	0.177661	0.104416	0.0732454	0.0357657	0.833464	0.0352034	1.13622	0.0443348	4.58756e-05
10055	1	100	20	500	0.213448	0.178897	0.106089	0.0728088	0.0345507	0.831559	0.0324858	1.14049	0.0516038	4.59352e-05
10056	1	100	23	500	0.201898	0.171692	0.105501	0.066191	0.0302057	0.839478	0.0290962	1.14039	0.0370078	4.43589e-05
10057	1	100	19	500	0.199152	0.167221	0.104969	0.0622517	0.0319311	0.841961	0.0276942	1.13291	0.0438517	4.46805e-05
10058	1	100	21	500	0.201597	0.169688	0.110919	0.0587685	0.031909	0.841638	0.0278678	1.13794	0.0421699	4.41916e-05
10059	1	100	23	500	0.207402	0.171323	0.113111	0.058212	0.0360795	0.839153	0.0304906	1.13027	0.0478142	4.40988e-05
10060	1	100	18	500	0.20843	0.171939	0.123691	0.0482479	0.0364907	0.835093	0.0364491	1.1241	0.0611152	4.39427e-05
10061	1	100	19	500	0.195575	0.163269	0.117359	0.0459099	0.0323061	0.84362	0.0297068	1.1237	0.0417497	4.33781e-05
10062	1	100	24	500	0.202934	0.167253	0.110945	0.0563086	0.0356806	0.842441	0.0296422	1.12695	0.0486432	4.43656e-05
10063	1	100	23	500	0.200806	0.164194	0.107114	0.0570798	0.0366126	0.842963	0.0300433	1.11575	0.0514272	4.38525e-05
10064	1	100	18	500	0.202195	0.165636	0.111289	0.0543467	0.0365592	0.843345	0.0319156	1.1138	0.0522205	4.35425e-05
10065	1	100	22	500	0.205623	0.166444	0.111362	0.055082	0.0391795	0.845115	0.0274218	1.11772	0.0447388	4.35877e-05
10066	1	100	21	500	0.201259	0.16321	0.108228	0.0549817	0.0380497	0.848113	0.0287354	1.11691	0.0423833	4.423e-05
10067	1	100	21	500	0.200956	0.162321	0.120102	0.0422197	0.0386344	0.846008	0.0305791	1.10667	0.0416508	4.21601e-05
10068	1	100	21	500	0.208201	0.167375	0.125791	0.0415838	0.040826	0.847854	0.0324404	1.11113	0.0451701	4.16917e-05
10069	1	100	19	500	0.213073	0.171956	0.126534	0.0454212	0.0411173	0.840488	0.0372167	1.11743	0.0542456	4.368e-05
10070	1	100	20	500	0.214512	0.173376	0.132852	0.0405243	0.0411357	0.836551	0.0383039	1.10708	0.0606369	4.21732e-05
10071	1	100	19	500	0.20954	0.17124	0.124845	0.0463949	0.0382998	0.840884	0.0286492	1.12045	0.0401086	4.29688e-05
10072	1	100	22	500	0.21606	0.175249	0.120459	0.0547902	0.040811	0.835161	0.0300973	1.11574	0.0512427	4.40491e-05
10073	1	100	22	500	0.212885	0.174213	0.11533	0.0588832	0.0386718	0.840736	0.0218575	1.13036	0.0357522	4.38129e-05
10074	1	100	21	500	0.211334	0.173539	0.116507	0.0570313	0.0377954	0.838899	0.0285976	1.12706	0.0401005	4.43442e-05
10075	1	100	19	500	0.223797	0.178687	0.113428	0.0652591	0.0451098	0.831884	0.0356534	1.12918	0.0495215	4.47328e-05
10076	1	100	22	500	0.209933	0.173412	0.110823	0.0625893	0.0365203	0.837779	0.0332019	1.13411	0.0444216	4.33898e-05
10077	1	100	21	500	0.201272	0.17521	0.11567	0.0595403	0.0260621	0.836558	0.0306919	1.14158	0.0446177	4.25583e-05
10078	1	100	19	500	0.197849	0.176103	0.121974	0.0541287	0.0217463	0.833773	0.0386151	1.14183	0.0474739	4.07488e-05
10079	1	100	19	500	0.191704	0.172529	0.123578	0.048951	0.0191749	0.837196	0.0320394	1.14233	0.0469714	4.11869e-05
10080	1	100	17	500	0.193713	0.171999	0.122202	0.0497975	0.0217137	0.837495	0.0306729	1.1397	0.0470684	4.19844e-05
10081	1	100	19	500	0.19668	0.174662	0.120463	0.0541992	0.0220174	0.832338	0.0479575	1.1369	0.0461944	4.32393e-05
10082	1	100	20	500	0.176356	0.159772	0.118408	0.0413644	0.0165843	0.847103	0.0273306	1.12874	0.0396459	3.96464e-05
10083	1	100	23	500	0.178404	0.15995	0.113745	0.0462043	0.0184539	0.847536	0.0258643	1.12999	0.0390512	4.12272e-05
10084	1	100	20	500	0.171005	0.154176	0.110915	0.0432612	0.0168287	0.85072	0.0239296	1.1241	0.0297107	4.03487e-05
10085	1	100	20	500	0.170277	0.15297	0.111936	0.0410339	0.0173065	0.852348	0.0184074	1.12159	0.0290968	4.0061e-05
10086	1	100	19	500	0.170198	0.152161	0.109641	0.0425194	0.0180374	0.852692	0.0241816	1.12385	0.0285395	4.25798e-05
10087	1	100	17	500	0.168866	0.15529	0.108765	0.0465248	0.0135763	0.851156	0.0220202	1.12926	0.0298597	4.22323e-05
10088	1	100	19	500	0.16861	0.1534	0.11203	0.0413698	0.0152106	0.852316	0.0193477	1.12224	0.0298624	3.93953e-05
10089	1	100	17	500	0.17173	0.154422	0.109633	0.0447896	0.0173073	0.851883	0.0215996	1.12585	0.0326149	4.17629e-05
10090	1	100	17	500	0.175982	0.157325	0.11153	0.045794	0.0186574	0.848817	0.0291513	1.12886	0.0352122	4.32134e-05
10091	1	100	20	500	0.1812	0.160091	0.111056	0.0490348	0.0211088	0.846021	0.0290038	1.13063	0.0366048	4.46307e-05
10092	1	100	20	500	0.178786	0.158111	0.104271	0.0538398	0.0206746	0.848241	0.0290505	1.13172	0.0335921	4.68524e-05
10093	1	100	15	500	0.173031	0.154267	0.097104	0.0571634	0.0187635	0.851358	0.0305399	1.13112	0.0276627	4.86675e-05
10094	1	100	14	500	0.180486	0.159057	0.0928092	0.0662481	0.021429	0.850076	0.0231068	1.13532	0.027992	4.98176e-05
10095	1	100	16	500	0.178498	0.158591	0.0901141	0.068477	0.0199074	0.850278	0.0246465	1.13321	0.0234825	5.00715e-05
10096	1	100	16	500	0.180481	0.1593	0.0924975	0.0668029	0.0211808	0.847947	0.0266487	1.12889	0.0253954	5.03458e-05
10097	1	100	18	500	0.185409	0.162273	0.0909945	0.0712781	0.0231362	0.846256	0.0254429	1.13101	0.0254606	5.08131e-05
10098	1	100	16	500	0.180919	0.158854	0.0899423	0.0689117	0.0220653	0.850939	0.0212482	1.13306	0.0222714	5.10282e-05
10099	1	100	19	500	0.178419	0.156136	0.0929266	0.0632093	0.022283	0.85234	0.01956	1.1303	0.0229329	5.01128e-05
10100	1	100	18	500	0.192722	0.16301	0.0906415	0.0723688	0.0297119	0.84661	0.0252474	1.13122	0.0260452	5.11934e-05
10101	1	100	17	500	0.197507	0.164174	0.0913007	0.0728734	0.0333334	0.845699	0.0240012	1.1316	0.0332051	5.1935e-05
