Generation	PopulationID	SampleSize	UniqueMutations	PopulationSize	totalLoad	RelzLoad	RelzLoadHomo	RelzLoadHetero	MskLoad	MeanFitness	SdFitness	MeanFitnessCached	SdFitnessCached	Heterozygosity	
10001	1	100	37	500	0.31948	0.302188	0.255214	0.0469738	0.0172923	0.723769	0.0588809	1.25486	0.0483832	2.21116e-05
10002	1	100	26	500	0.305481	0.294046	0.241647	0.0523982	0.0114352	0.732979	0.0616039	1.26045	0.0532784	2.33752e-05
10003	1	100	22	500	0.301319	0.288466	0.231192	0.057274	0.0128533	0.737878	0.0603839	1.25478	0.0505087	2.39767e-05
10004	1	100	26	500	0.301034	0.287807	0.23417	0.0536376	0.013227	0.737803	0.06203	1.25108	0.0504386	2.34087e-05
10005	1	100	23	500	0.300848	0.289104	0.231528	0.0575761	0.0117441	0.735779	0.0684215	1.24941	0.0545723	2.41685e-05
10006	1	100	22	500	0.30231	0.290965	0.241239	0.0497257	0.0113454	0.734812	0.0639469	1.24752	0.048916	2.38693e-05
10007	1	100	20	500	0.294062	0.282625	0.227565	0.0550597	0.0114371	0.742138	0.0698026	1.244	0.0579655	2.49218e-05
10008	1	100	20	500	0.298798	0.28818	0.232904	0.0552761	0.0106172	0.737365	0.0643505	1.24912	0.0492428	2.50452e-05
10009	1	100	21	500	0.308107	0.294269	0.240702	0.0535673	0.0138383	0.731715	0.0621969	1.24876	0.0445403	2.50026e-05
10010	1	100	19	500	0.302427	0.286607	0.234619	0.0519873	0.0158204	0.738508	0.0594737	1.23997	0.0432704	2.55114e-05
10011	1	100	18	500	0.31632	0.298355	0.251339	0.0470161	0.0179648	0.728592	0.0588287	1.2422	0.0426155	2.55933e-05
10012	1	100	17	500	0.315468	0.294042	0.243199	0.0508425	0.021426	0.732888	0.0604172	1.2388	0.0455184	2.58528e-05
10013	1	100	17	500	0.305427	0.283096	0.227257	0.0558388	0.0223311	0.742924	0.059545	1.23617	0.0480951	2.65967e-05
10014	1	100	17	500	0.309032	0.284549	0.232031	0.0525176	0.0244833	0.740457	0.0571698	1.23227	0.0398199	2.68992e-05
10015	1	100	18	500	0.295775	0.283341	0.237145	0.046196	0.0124344	0.740835	0.0593858	1.23574	0.0340586	2.53458e-05
10016	1	100	18	500	0.292036	0.27501	0.224036	0.0509738	0.0170256	0.749334	0.0563559	1.23227	0.0341488	2.57485e-05
10017	1	100	15	500	0.173692	0.153205	0.103173	0.0500317	0.0204877	0.853625	0.0684505	1.09905	0.0320601	2.51954e-05
10018	1	100	16	500	0.178992	0.160158	0.111949	0.0482085	0.0188339	0.845651	0.0713554	1.10096	0.0347671	2.55272e-05
10019	1	100	13	500	0.175273	0.158267	0.11114	0.0471272	0.0170056	0.845959	0.075087	1.09842	0.0415304	2.55553e-05
10020	1	100	15	500	0.191676	0.173802	0.132466	0.0413361	0.0178745	0.83242	0.0692532	1.1053	0.0324274	2.33971e-05
10021	1	100	15	500	0.197793	0.179306	0.140645	0.0386611	0.0184874	0.827145	0.0661613	1.10649	0.032422	2.26724e-05
10022	1	100	14	500	0.202197	0.179516	0.140025	0.0394905	0.0226812	0.82711	0.0647499	1.10467	0.0324163	2.25159e-05
10023	1	100	13	500	0.194575	0.175257	0.135634	0.0396231	0.0193183	0.830435	0.0688149	1.10342	0.0360554	2.30119e-05
10024	1	100	17	500	0.201014	0.179054	0.139883	0.0391719	0.0219599	0.827673	0.0666349	1.10523	0.0321738	2.19016e-05
10025	1	100	15	500	0.189691	0.172032	0.133617	0.0384146	0.0176593	0.832889	0.0724786	1.10167	0.0399443	2.0892e-05
10026	1	100	11	500	0.18732	0.169107	0.12944	0.0396665	0.0182132	0.836328	0.07136	1.10114	0.0381434	2.1297e-05
10027	1	100	11	500	0.19389	0.177115	0.140895	0.0362196	0.0167753	0.828099	0.0730415	1.10371	0.0379247	2.19306e-05
10028	1	100	12	500	0.208468	0.189964	0.158653	0.031311	0.0185044	0.817112	0.0584015	1.10973	0.0287394	2.13378e-05
10029	1	100	12	500	0.202455	0.187025	0.155534	0.0314917	0.0154294	0.819273	0.064272	1.10874	0.0315254	2.11924e-05
10030	1	100	8	500	0.196932	0.185104	0.154047	0.0310571	0.0118286	0.821611	0.0595982	1.11025	0.0232054	2.11356e-05
10031	1	100	8	500	0.197902	0.182351	0.14878	0.0335713	0.0155507	0.824418	0.0641475	1.10803	0.0294373	2.00922e-05
10032	1	100	8	500	0.201707	0.185006	0.152157	0.0328492	0.0167012	0.821834	0.0636778	1.10836	0.0293844	1.94136e-05
10033	1	100	11	500	0.206984	0.191137	0.161235	0.029902	0.0158469	0.815472	0.0619333	1.1102	0.0300591	1.9594e-05
10034	1	100	11	500	0.219926	0.208164	0.188589	0.0195753	0.0117623	0.799382	0.0518838	1.11701	0.0237457	1.87453e-05
10035	1	100	11	500	0.231793	0.222969	0.213156	0.00981215	0.00882474	0.785508	0.0326581	1.12261	0.0172019	1.63761e-05
10036	1	100	13	500	0.229931	0.215995	0.199776	0.0162191	0.0139363	0.791776	0.0464493	1.11803	0.0264002	1.6915e-05
10037	1	100	10	500	0.22439	0.21125	0.192557	0.0186929	0.0131401	0.796961	0.046897	1.11801	0.0206328	1.79531e-05
10038	1	100	10	500	0.226685	0.211475	0.191584	0.0198913	0.0152098	0.796694	0.0487122	1.1171	0.025634	1.8689e-05
10039	1	100	10	500	0.221322	0.21326	0.19721	0.0160498	0.00806159	0.794946	0.0468859	1.12066	0.016	1.77101e-05
10040	1	100	10	500	0.220876	0.210574	0.191245	0.0193284	0.0103023	0.797805	0.0497796	1.119	0.0177947	1.94782e-05
10041	1	100	10	500	0.225115	0.213954	0.196048	0.0179063	0.0111613	0.794759	0.0475895	1.11963	0.0182195	2.03578e-05
10042	1	100	10	500	0.226731	0.21657	0.200245	0.0163247	0.010161	0.792281	0.0454336	1.12115	0.0165109	1.95553e-05
10043	1	100	9	500	0.231232	0.221504	0.208892	0.0126119	0.00972814	0.787679	0.0399671	1.12241	0.0134427	1.90305e-05
10044	1	100	8	500	0.238914	0.225423	0.212361	0.0130624	0.0134901	0.785522	0.0384546	1.12153	0.0137548	2.1199e-05
10045	1	100	8	500	0.245825	0.231811	0.222042	0.00976851	0.0140146	0.77719	0.0347099	1.11863	0.0259487	2.20159e-05
10046	1	100	10	500	0.253999	0.239861	0.230395	0.00946611	0.0141381	0.772637	0.0246975	1.12606	0.0184146	2.21338e-05
10047	1	100	15	500	0.253752	0.237882	0.227604	0.0102778	0.0158695	0.773492	0.0323732	1.12033	0.0260673	2.28855e-05
10048	1	100	13	500	0.260392	0.24361	0.233457	0.0101521	0.0167821	0.7697	0.0232823	1.12281	0.024475	2.30913e-05
10049	1	100	16	500	0.262077	0.244339	0.234474	0.00986548	0.0177373	0.771336	0.0222359	1.12461	0.0174406	2.27982e-05
10050	1	100	14	500	0.258185	0.240593	0.232138	0.0084553	0.017592	0.773406	0.0248446	1.12086	0.0171177	2.26903e-05
10051	1	100	19	500	0.260365	0.24171	0.233221	0.00848822	0.0186556	0.770069	0.0270027	1.11813	0.0250965	2.25924e-05
10052	1	100	12	500	0.0335588	0.0150083	0.0086937	0.00631459	0.0185505	0.988152	0.0200689	0.992183	0.021197	2.2297e-05
10053	1	100	11	500	0.0278782	0.0116233	0.00607325	0.00555006	0.0162549	0.990616	0.0159765	0.994096	0.0169731	2.15568e-05
10054	1	100	13	500	0.0274962	0.0116482	0.00573304	0.0059152	0.015848	0.985511	0.027099	0.990624	0.0288699	2.13339e-05
10055	1	100	11	500	0.0277138	0.0114785	0.00557797	0.00590051	0.0162354	0.989732	0.0181776	0.994433	0.0196889	2.0782e-05
10056	1	100	13	500	0.0234	0.00924905	0.00372184	0.00552721	0.0141509	0.991167	0.0158726	0.996224	0.0169536	1.94498e-05
10057	1	100	12	500	0.0201646	0.00766204	0.00261109	0.00505095	0.0125025	0.993613	0.00642473	0.998508	0.00641401	1.79244e-05
10058	1	100	16	500	0.0208138	0.00774093	0.00278388	0.00495705	0.0130729	0.992994	0.013002	0.99704	0.0137097	1.78139e-05
10059	1	100	14	500	0.0181663	0.00651647	0.00198594	0.00453052	0.0116499	0.994186	0.00940341	0.998078	0.00966391	1.58686e-05
10060	1	100	13	500	0.0130339	0.0047176	0.00100727	0.00371033	0.00831635	0.995407	0.00792458	0.999361	0.00819599	1.44276e-05
10061	1	100	13	500	0.0130443	0.00425216	0.000983608	0.00326855	0.00879212	0.996191	0.00487069	0.998522	0.00467496	1.40623e-05
10062	1	100	14	500	0.0141961	0.00466214	0.00123292	0.00342923	0.00953398	0.995769	0.00558761	0.998035	0.00592687	1.37203e-05
10063	1	100	11	500	0.0137411	0.00459497	0.00116114	0.00343382	0.00914614	0.996048	0.00463859	0.998549	0.005144	1.43928e-05
10064	1	100	14	500	0.0136221	0.00438857	0.00121268	0.00317589	0.00923356	0.996226	0.0064303	0.998225	0.00632332	1.35537e-05
10065	1	100	13	500	0.0133219	0.00415553	0.000842361	0.00331317	0.00916638	0.99628	0.00618307	0.998459	0.00534941	1.19954e-05
10066	1	100	16	500	0.0142482	0.00468594	0.000873746	0.00381219	0.00956223	0.995745	0.00625721	0.999157	0.00603875	1.3764e-05
10067	1	100	12	500	0.0151566	0.00556086	0.00128544	0.00427541	0.00959572	0.993843	0.0131371	0.998351	0.0139522	1.51874e-05
10068	1	100	11	500	0.0147501	0.00549119	0.00144585	0.00404534	0.00925895	0.994188	0.0114122	0.998517	0.0122896	1.63364e-05
10069	1	100	13	500	0.0146564	0.00570541	0.00149724	0.00420817	0.008951	0.994602	0.00621402	0.999493	0.00669252	1.5544e-05
10070	1	100	11	500	0.0132129	0.00488544	0.00118004	0.0037054	0.00832743	0.995345	0.00612733	0.999173	0.00633352	1.39878e-05
10071	1	100	13	500	0.0158956	0.00590938	0.00162871	0.00428068	0.00998617	0.99409	0.00755376	0.998448	0.00795519	1.49451e-05
10072	1	100	15	500	0.0183224	0.00714966	0.0024008	0.00474886	0.0111727	0.993822	0.0070242	0.998403	0.00659278	1.50954e-05
10073	1	100	13	500	0.022052	0.00831936	0.00311569	0.00520366	0.0137327	0.991294	0.0163034	0.995338	0.0170303	1.62501e-05
10074	1	100	14	500	0.0167421	0.00630325	0.00193306	0.00437019	0.0104389	0.99298	0.0124108	0.997069	0.0128822	1.51585e-05
10075	1	100	14	500	0.0193833	0.00686557	0.00222801	0.00463757	0.0125178	0.993579	0.0123296	0.996979	0.0131792	1.57556e-05
10076	1	100	15	500	0.020094	0.00735112	0.00265302	0.00469811	0.0127429	0.992626	0.014812	0.996161	0.0154338	1.64867e-05
10077	1	100	12	500	0.0196005	0.00663672	0.00206579	0.00457092	0.0129638	0.990364	0.0230363	0.993408	0.0238054	1.61259e-05
10078	1	100	13	500	0.0196307	0.0072276	0.00258412	0.00464347	0.0124031	0.993243	0.0130557	0.996949	0.0135127	1.75908e-05
10079	1	100	10	500	0.0231559	0.00836932	0.00278241	0.00558691	0.0147866	0.989776	0.0213695	0.99454	0.0225309	1.84802e-05
10080	1	100	11	500	0.0231264	0.00758865	0.00180723	0.00578142	0.0155378	0.992248	0.0157519	0.997239	0.0168353	1.74137e-05
10081	1	100	11	500	0.0302507	0.00975363	0.00269757	0.00705606	0.020497	0.992063	0.0147574	0.99653	0.0128477	1.75001e-05
10082	1	100	14	500	0.0324988	0.0104025	0.00272123	0.00768127	0.0220963	0.991182	0.0147345	0.996218	0.0164168	1.75827e-05
10083	1	100	12	500	0.0195626	0.00740603	0.00150731	0.00589872	0.0121565	0.993033	0.00993564	0.999977	0.0114446	1.67111e-05
10084	1	100	16	500	0.0189926	0.00633587	0.00124818	0.0050877	0.0126567	0.992031	0.017695	0.996385	0.0180612	1.50095e-05
10085	1	100	14	500	0.011833	0.00426688	0.000862687	0.00340419	0.00756615	0.996078	0.00706354	0.999596	0.00679339	1.40761e-05
10086	1	100	16	500	0.0104529	0.00447466	0.000780877	0.00369379	0.00597824	0.99584	0.00561877	1.00094	0.00644925	1.48698e-05
10087	1	100	13	500	0.00729177	0.00314206	0.000567809	0.00257426	0.00414971	0.996524	0.00464798	1.00121	0.00399328	1.33073e-05
10088	1	100	12	500	0.0080542	0.00363546	0.000577632	0.00305783	0.00441874	0.996297	0.00642217	1.00085	0.00624653	1.29621e-05
10089	1	100	11	500	0.00855495	0.00381614	0.000782961	0.00303318	0.00473881	0.995839	0.007749	1.00122	0.00801832	1.25992e-05
10090	1	100	13	500	0.00847801	0.00366704	0.000650739	0.0030163	0.00481097	0.996258	0.00628055	1.00068	0.00625326	1.31802e-05
10091	1	100	13	500	0.0192502	0.00573344	0.000751291	0.00498215	0.0135168	0.994519	0.0143706	0.998268	0.0135205	1.32708e-05
10092	1	100	14	500	0.0160376	0.00503233	0.000720784	0.00431154	0.0110053	0.995252	0.0117707	0.998827	0.0114896	1.47735e-05
10093	1	100	14	500	0.0229611	0.00628096	0.000814919	0.00546604	0.0166801	0.993925	0.0151373	0.996961	0.0144653	1.46618e-05
10094	1	100	12	500	0.0335571	0.00936856	0.00156733	0.00780123	0.0241885	0.990534	0.0223873	0.994551	0.0210135	1.69042e-05
10095	1	100	12	500	0.00987284	0.00458331	0.000567527	0.00401578	0.00528954	0.994203	0.0135567	0.999872	0.0137655	1.65482e-05
10096	1	100	11	500	0.0146718	0.00589718	0.000502518	0.00539466	0.0087746	0.994127	0.0162144	1.00088	0.0104337	1.5624e-05
10097	1	100	17	500	0.0133774	0.00705261	0.000694552	0.00635806	0.00632477	0.992921	0.0113168	1.00334	0.0126187	1.61997e-05
10098	1	100	11	500	0.0158871	0.0058057	0.000640062	0.00516563	0.0100814	0.992812	0.0124335	1.00113	0.0133399	1.56015e-05
10099	1	100	13	500	0.0184859	0.00818214	0.000921538	0.0072606	0.0103037	0.991055	0.0146246	1.00134	0.0165819	1.54659e-05
10100	1	100	19	500	0.0208736	0.00880934	0.00145943	0.00734991	0.0120642	0.991944	0.00989543	1.0016	0.0114498	1.71121e-05
10101	1	100	17	500	0.0217026	0.00934601	0.00159083	0.00775518	0.0123566	0.991299	0.0101181	1.00167	0.0121334	1.87466e-05
