Generation	PopulationID	SampleSize	UniqueMutations	PopulationSize	totalLoad	RelzLoad	RelzLoadHomo	RelzLoadHetero	MskLoad	MeanFitness	SdFitness	MeanFitnessCached	SdFitnessCached	Heterozygosity	
10001	1	100	50	500	0.207957	0.193098	0.13661	0.0564882	0.0148593	0.814176	0.0497132	1.17865	0.0611296	2.3235e-05
10002	1	100	32	500	0.200581	0.183353	0.12263	0.0607232	0.0172285	0.824973	0.0507318	1.17243	0.0646076	2.46385e-05
10003	1	100	32	500	0.198976	0.180214	0.121177	0.0590366	0.0187623	0.8268	0.049878	1.16441	0.0608833	2.48584e-05
10004	1	100	31	500	0.205697	0.172005	0.105242	0.0667628	0.0336918	0.835107	0.0526905	1.14808	0.0593868	2.63976e-05
10005	1	100	26	500	0.187935	0.165724	0.100928	0.0647955	0.0222112	0.84126	0.0523844	1.1479	0.0633607	2.70178e-05
10006	1	100	25	500	0.1853	0.162598	0.100265	0.0623329	0.0227022	0.844566	0.0436869	1.14597	0.0479527	2.71966e-05
10007	1	100	26	500	0.186309	0.165578	0.103785	0.0617932	0.0207306	0.841065	0.0451313	1.14952	0.0535593	2.65505e-05
10008	1	100	23	500	0.183068	0.160551	0.0922842	0.0682669	0.0225169	0.847241	0.0513911	1.14556	0.0606795	2.80457e-05
10009	1	100	21	500	0.187916	0.163263	0.100015	0.0632481	0.024653	0.84389	0.0543779	1.14242	0.0605347	2.72572e-05
10010	1	100	20	500	0.195849	0.165431	0.0980692	0.0673615	0.0304181	0.842037	0.0550363	1.14067	0.0608697	2.7405e-05
10011	1	100	23	500	0.204866	0.176182	0.112729	0.0634535	0.0286844	0.833148	0.0459687	1.15567	0.0597806	2.63641e-05
10012	1	100	20	500	0.199171	0.171927	0.108507	0.0634205	0.0272438	0.835043	0.0506497	1.14713	0.0676586	2.57362e-05
10013	1	100	21	500	0.198265	0.165262	0.0937514	0.0715108	0.0330028	0.842985	0.0568746	1.13544	0.0661821	2.75287e-05
10014	1	100	20	500	0.213503	0.179105	0.10813	0.0709748	0.0343985	0.830776	0.0486799	1.15124	0.0573083	2.78009e-05
10015	1	100	22	500	0.230616	0.190296	0.120117	0.0701787	0.0403202	0.817582	0.0555974	1.15557	0.0785634	2.68541e-05
10016	1	100	24	500	0.22954	0.195088	0.116637	0.0784507	0.0344518	0.815986	0.0598546	1.17122	0.0779325	2.83261e-05
10017	1	100	20	500	0.219793	0.18635	0.109484	0.0768662	0.0334427	0.824618	0.0521325	1.16044	0.0710966	2.86173e-05
10018	1	100	18	500	0.225593	0.192126	0.117364	0.0747613	0.0334673	0.819163	0.0526099	1.16486	0.0744926	2.7815e-05
10019	1	100	20	500	0.224629	0.187292	0.104039	0.0832528	0.0373374	0.824148	0.0564678	1.15659	0.0771723	2.95696e-05
10020	1	100	19	500	0.212708	0.178498	0.101367	0.0771307	0.0342098	0.834376	0.0589815	1.15053	0.0754831	2.91529e-05
10021	1	100	21	500	0.213473	0.180207	0.101089	0.0791181	0.0332664	0.831291	0.053532	1.14553	0.0676068	2.90175e-05
10022	1	100	17	500	0.212	0.177407	0.10555	0.0718562	0.0345935	0.832549	0.0481928	1.14535	0.0760436	2.80035e-05
10023	1	100	20	500	0.200969	0.161128	0.0934114	0.0677164	0.0398413	0.850254	0.0523976	1.12472	0.0621039	2.74306e-05
10024	1	100	22	500	0.208874	0.168883	0.104239	0.0646434	0.0399917	0.83737	0.0510254	1.12559	0.0743942	2.66431e-05
10025	1	100	19	500	0.209904	0.166304	0.1041	0.062204	0.0436005	0.842231	0.0498636	1.12135	0.0643784	2.60071e-05
10026	1	100	20	500	0.195244	0.156407	0.0981581	0.058249	0.0388365	0.848546	0.0521464	1.11216	0.0580509	2.51001e-05
10027	1	100	20	500	0.208685	0.165523	0.108602	0.0569208	0.0431622	0.84049	0.0489136	1.11727	0.0593607	2.42179e-05
10028	1	100	18	500	0.187181	0.156153	0.10838	0.0477732	0.0310275	0.847099	0.0411541	1.11984	0.0556507	2.29974e-05
10029	1	100	19	500	0.1812	0.155444	0.105671	0.0497726	0.0257564	0.849891	0.0423312	1.12115	0.0500495	2.22878e-05
10030	1	100	18	500	0.180079	0.153943	0.100277	0.053666	0.0261369	0.852576	0.0518207	1.12136	0.056723	2.34792e-05
10031	1	100	20	500	0.180607	0.153767	0.102077	0.0516904	0.0268394	0.852105	0.0492901	1.11949	0.0532848	2.29642e-05
10032	1	100	20	500	0.180186	0.160197	0.10733	0.0528672	0.0199889	0.844985	0.0475302	1.12255	0.0542043	2.29679e-05
10033	1	100	17	500	0.180595	0.157244	0.104735	0.0525084	0.0233512	0.848704	0.0538006	1.12101	0.0581635	2.32338e-05
10034	1	100	18	500	0.168355	0.145223	0.0886159	0.0566072	0.023132	0.85988	0.0537311	1.11142	0.062223	2.51726e-05
10035	1	100	21	500	0.173312	0.14906	0.0932024	0.0558575	0.0242524	0.857121	0.0564096	1.11706	0.0671258	2.52318e-05
10036	1	100	17	500	0.180424	0.15693	0.104413	0.0525175	0.0234936	0.847927	0.051371	1.12889	0.06084	2.49764e-05
10037	1	100	20	500	0.183365	0.158719	0.1022	0.0565192	0.0246459	0.847725	0.0486947	1.1306	0.0577668	2.51064e-05
10038	1	100	17	500	0.179238	0.150441	0.100469	0.0499717	0.0287973	0.853592	0.0518287	1.11825	0.062228	2.39632e-05
10039	1	100	16	500	0.18361	0.152223	0.102224	0.0499997	0.0313863	0.853069	0.0538043	1.11301	0.0613574	2.35396e-05
10040	1	100	17	500	0.211456	0.169678	0.125343	0.0443347	0.0417785	0.84138	0.0533939	1.11813	0.062372	2.07613e-05
10041	1	100	19	500	0.189196	0.152834	0.101093	0.0517417	0.036361	0.854457	0.0565687	1.11383	0.0689	2.21939e-05
10042	1	100	15	500	0.184177	0.146852	0.0965602	0.0502917	0.0373254	0.861663	0.0453172	1.10942	0.0603583	2.18892e-05
10043	1	100	13	500	0.173958	0.143081	0.0955085	0.0475722	0.0308777	0.859755	0.0495803	1.11022	0.0592734	2.21559e-05
10044	1	100	17	500	0.178423	0.140518	0.0864241	0.0540939	0.0379052	0.866069	0.0504095	1.10542	0.066021	2.404e-05
10045	1	100	14	500	0.188523	0.144564	0.0859638	0.0586001	0.0439593	0.864953	0.0496644	1.10344	0.0564128	2.59557e-05
10046	1	100	15	500	0.175875	0.13623	0.0788612	0.0573688	0.0396453	0.86954	0.0547477	1.09518	0.062575	2.56794e-05
10047	1	100	18	500	0.181947	0.139092	0.080564	0.0585279	0.0428554	0.867211	0.0517076	1.09512	0.0580066	2.55478e-05
10048	1	100	16	500	0.168755	0.127281	0.0668662	0.0604146	0.0414737	0.880362	0.048641	1.08625	0.0594606	2.6922e-05
10049	1	100	15	500	0.167794	0.130592	0.0718351	0.0587567	0.0372022	0.875014	0.0524663	1.09421	0.058728	2.6445e-05
10050	1	100	18	500	0.162894	0.12525	0.0649272	0.060323	0.0376442	0.880862	0.0469237	1.09158	0.0568177	2.64585e-05
10051	1	100	18	500	0.172571	0.134052	0.0755139	0.0585383	0.038519	0.869622	0.053124	1.10009	0.0677281	2.52374e-05
10052	1	100	17	500	0.183491	0.135148	0.0719791	0.063169	0.0483435	0.872157	0.0487792	1.09559	0.0637481	2.67419e-05
10053	1	100	19	500	0.172067	0.128848	0.0688781	0.05997	0.0432187	0.874906	0.0579021	1.08361	0.0649604	2.74988e-05
10054	1	100	17	500	0.162576	0.124593	0.067045	0.0575483	0.0379828	0.879148	0.0545122	1.08492	0.066246	2.735e-05
10055	1	100	20	500	0.172585	0.1294	0.0696921	0.059708	0.0431852	0.877632	0.0428551	1.08874	0.0509448	2.79846e-05
10056	1	100	16	500	0.166108	0.125936	0.0670124	0.0589236	0.0401715	0.880295	0.0493595	1.08934	0.0544805	2.78205e-05
10057	1	100	18	500	0.186532	0.137258	0.0782679	0.05899	0.049274	0.868675	0.0554748	1.08708	0.0587055	2.7904e-05
10058	1	100	14	500	0.184352	0.142408	0.0900791	0.0523287	0.0419443	0.865666	0.0569725	1.09704	0.0562717	2.55759e-05
10059	1	100	16	500	0.195717	0.148735	0.0960663	0.0526689	0.0469817	0.862343	0.0543277	1.09692	0.0546323	2.60885e-05
10060	1	100	16	500	0.186625	0.141182	0.0880123	0.0531697	0.0454425	0.867732	0.0525506	1.09184	0.0541835	2.66111e-05
10061	1	100	16	500	0.183561	0.138203	0.0846295	0.0535735	0.0453577	0.867361	0.062439	1.08831	0.0603511	2.7055e-05
10062	1	100	17	500	0.182297	0.137415	0.0833702	0.0540443	0.0448825	0.8655	0.0676437	1.08715	0.0681747	2.71771e-05
10063	1	100	21	500	0.171796	0.135051	0.0862004	0.0488504	0.0367451	0.869042	0.0507696	1.09811	0.0515047	2.53062e-05
10064	1	100	18	500	0.179464	0.142136	0.0970052	0.0451308	0.0373284	0.862171	0.0529741	1.10553	0.054885	2.41377e-05
10065	1	100	17	500	0.189248	0.144941	0.0932433	0.0516976	0.0443067	0.859969	0.0589848	1.09961	0.0633112	2.65182e-05
10066	1	100	18	500	0.186718	0.143896	0.0920399	0.0518561	0.0428222	0.864527	0.0450096	1.10752	0.0443677	2.60479e-05
10067	1	100	16	500	0.187109	0.142699	0.0893723	0.0533268	0.0444098	0.864462	0.0509691	1.10171	0.0525297	2.66009e-05
10068	1	100	14	500	0.188585	0.14656	0.0979852	0.0485749	0.0420247	0.858403	0.0541246	1.10393	0.0578922	2.49632e-05
10069	1	100	13	500	0.182946	0.1413	0.0887712	0.052529	0.041646	0.8614	0.0558429	1.09783	0.0572911	2.67403e-05
10070	1	100	15	500	0.190791	0.145263	0.0929126	0.0523499	0.0455284	0.860227	0.0593817	1.09728	0.0590093	2.68932e-05
10071	1	100	16	500	0.196947	0.150337	0.0970531	0.0532838	0.0466097	0.85657	0.0429479	1.10697	0.0573102	2.70353e-05
10072	1	100	19	500	0.213422	0.149942	0.0892911	0.0606509	0.0634801	0.858696	0.0582897	1.09647	0.0621741	2.83989e-05
10073	1	100	14	500	0.194769	0.145908	0.0874657	0.0584426	0.0488606	0.857812	0.058476	1.09269	0.066924	2.92826e-05
10074	1	100	14	500	0.19797	0.152491	0.100808	0.0516831	0.0454794	0.84902	0.0613999	1.10105	0.0681622	2.69793e-05
10075	1	100	13	500	0.189023	0.148676	0.10133	0.0473463	0.0403476	0.85222	0.0583945	1.1064	0.0639937	2.46316e-05
10076	1	100	14	500	0.195076	0.156272	0.11645	0.0398226	0.0388036	0.850305	0.0454331	1.12231	0.0487514	2.24335e-05
10077	1	100	15	500	0.196158	0.15765	0.118072	0.0395781	0.0385076	0.846568	0.0482717	1.12156	0.0551148	2.30924e-05
10078	1	100	17	500	0.202367	0.160103	0.117746	0.0423565	0.0422638	0.848331	0.0374234	1.12285	0.0474716	2.3601e-05
10079	1	100	13	500	0.221131	0.171746	0.128416	0.0433301	0.0493858	0.841378	0.0391524	1.12475	0.0452366	2.39968e-05
10080	1	100	13	500	0.232305	0.181833	0.140819	0.0410143	0.0504724	0.825637	0.0529636	1.11786	0.0651484	2.36479e-05
10081	1	100	13	500	0.226148	0.181086	0.145603	0.0354831	0.0450617	0.824872	0.0459069	1.13052	0.0600675	2.27125e-05
10082	1	100	17	500	0.225471	0.180179	0.143284	0.036895	0.0452927	0.824432	0.0511891	1.12579	0.0643888	2.21414e-05
10083	1	100	21	500	0.218965	0.173966	0.139348	0.0346184	0.0449986	0.832831	0.0407038	1.13132	0.0502547	2.1741e-05
10084	1	100	18	500	0.230332	0.17781	0.140826	0.0369843	0.0525219	0.831266	0.0460594	1.12606	0.0557155	2.25231e-05
10085	1	100	20	500	0.217028	0.167568	0.126895	0.0406736	0.0494599	0.836554	0.0551416	1.12019	0.0613239	2.37922e-05
10086	1	100	21	500	0.22045	0.171184	0.129481	0.0417024	0.0492668	0.835922	0.0483158	1.12745	0.0608679	2.34188e-05
10087	1	100	17	500	0.221961	0.163659	0.113426	0.0502324	0.0583022	0.846164	0.049462	1.11507	0.0568442	2.65124e-05
10088	1	100	15	500	0.229167	0.166814	0.116006	0.0508081	0.0623538	0.839103	0.055224	1.10288	0.0697694	2.77702e-05
10089	1	100	17	500	0.225306	0.161419	0.111673	0.0497459	0.0638865	0.842959	0.0630156	1.099	0.0715987	2.7077e-05
10090	1	100	16	500	0.234126	0.173627	0.132181	0.0414466	0.0604986	0.838186	0.0502174	1.11623	0.0528537	2.43863e-05
10091	1	100	16	500	0.233027	0.172844	0.130586	0.0422578	0.0601833	0.837364	0.0555063	1.11112	0.0581903	2.53231e-05
10092	1	100	16	500	0.22561	0.170958	0.133274	0.0376832	0.0546523	0.83935	0.0408262	1.12126	0.0463794	2.49558e-05
10093	1	100	15	500	0.210918	0.167767	0.136063	0.0317035	0.0431516	0.837877	0.0410745	1.12702	0.0478726	2.4598e-05
10094	1	100	16	500	0.210606	0.164618	0.128589	0.0360293	0.0459882	0.84329	0.0466548	1.11841	0.0484686	2.41837e-05
10095	1	100	15	500	0.21992	0.169737	0.134471	0.0352661	0.0501832	0.84092	0.0500891	1.11789	0.05138	2.44529e-05
10096	1	100	14	500	0.215846	0.163123	0.117745	0.0453775	0.0527228	0.848184	0.041529	1.11369	0.0442083	2.78098e-05
10097	1	100	12	500	0.229736	0.172188	0.130815	0.0413726	0.0575479	0.834104	0.0589672	1.10637	0.0628175	2.59902e-05
10098	1	100	14	500	0.222427	0.171048	0.13418	0.0368682	0.0513794	0.833519	0.0488292	1.11666	0.0539617	2.44758e-05
10099	1	100	15	500	0.22014	0.170077	0.133398	0.0366796	0.0500631	0.835881	0.0430334	1.1209	0.0442078	2.53151e-05
10100	1	100	15	500	0.233189	0.171003	0.12572	0.0452831	0.0621866	0.837086	0.0499313	1.10996	0.051087	2.69668e-05
10101	1	100	14	500	0.239359	0.178174	0.138699	0.0394749	0.0611846	0.830563	0.0517087	1.11306	0.0570564	2.48629e-05
