Generation	PopulationID	SampleSize	UniqueMutations	PopulationSize	totalLoad	RelzLoad	RelzLoadHomo	RelzLoadHetero	MskLoad	MeanFitness	SdFitness	MeanFitnessCached	SdFitnessCached	Heterozygosity	
10001	1	100	39	500	0.402195	0.383605	0.315588	0.0680168	0.0185899	0.652021	0.0469852	1.40719	0.0816133	1.9347e-05
10002	1	100	33	500	0.409966	0.388734	0.317192	0.0715414	0.0212326	0.650228	0.0421062	1.41277	0.0787747	2.01176e-05
10003	1	100	32	500	0.427784	0.400102	0.317964	0.082138	0.0276823	0.644284	0.0397061	1.41948	0.0752784	2.04722e-05
10004	1	100	29	500	0.166062	0.137514	0.0675377	0.0699767	0.0285477	0.868986	0.0554721	1.12013	0.0609555	2.00354e-05
10005	1	100	23	500	0.168294	0.140446	0.0700715	0.0703748	0.0278473	0.865812	0.0548249	1.12446	0.0616532	1.95682e-05
10006	1	100	24	500	0.169259	0.137203	0.0658923	0.0713108	0.0320554	0.868961	0.0534205	1.11609	0.0646653	1.85241e-05
10007	1	100	23	500	0.167486	0.137048	0.0646576	0.07239	0.0304386	0.870345	0.0628895	1.11674	0.0663509	1.95247e-05
10008	1	100	22	500	0.168931	0.132175	0.0634567	0.0687185	0.0367562	0.874592	0.0630513	1.10389	0.0650487	1.9242e-05
10009	1	100	25	500	0.181401	0.13912	0.067821	0.0712987	0.042281	0.869196	0.0638686	1.10719	0.0871677	1.91189e-05
10010	1	100	23	500	0.190557	0.14596	0.0744472	0.0715127	0.0445966	0.863653	0.0523773	1.11582	0.0647019	1.92924e-05
10011	1	100	21	500	0.190864	0.150484	0.0797638	0.0707202	0.0403799	0.858966	0.0605568	1.12022	0.0643554	2.02011e-05
10012	1	100	18	500	0.172167	0.132291	0.0614269	0.0708645	0.0398755	0.876896	0.0513864	1.10502	0.0647096	2.05795e-05
10013	1	100	16	500	0.167055	0.128322	0.0576412	0.0706807	0.0387327	0.879033	0.0493471	1.09685	0.0747568	2.1412e-05
10014	1	100	18	500	0.159832	0.121223	0.0515526	0.0696703	0.0386092	0.880493	0.0463966	1.08338	0.083411	2.22173e-05
10015	1	100	17	500	0.170955	0.127053	0.0564889	0.0705645	0.0439012	0.882849	0.0438055	1.084	0.0737485	2.2122e-05
10016	1	100	21	500	0.164341	0.12319	0.0532576	0.0699327	0.0411506	0.881383	0.0515097	1.08081	0.0849238	2.27122e-05
10017	1	100	15	500	0.167276	0.126515	0.0560625	0.0704528	0.040761	0.881128	0.0441953	1.09072	0.0752494	2.26387e-05
10018	1	100	16	500	0.163794	0.125218	0.0552507	0.0699669	0.0385768	0.876433	0.0493834	1.08716	0.0935794	2.26843e-05
10019	1	100	16	500	0.156052	0.120937	0.0518906	0.0690459	0.0351154	0.886655	0.0449185	1.09516	0.0599991	2.31614e-05
10020	1	100	17	500	0.157131	0.120616	0.0516365	0.0689795	0.0365156	0.883417	0.0499461	1.08801	0.0778742	2.29476e-05
10021	1	100	16	500	0.159407	0.118268	0.0495893	0.0686787	0.0411392	0.893439	0.040779	1.08378	0.05625	2.29525e-05
10022	1	100	14	500	0.15874	0.116158	0.0487187	0.0674394	0.0425816	0.889405	0.0463833	1.06883	0.0851868	2.19188e-05
10023	1	100	15	500	0.159278	0.112306	0.044514	0.0677924	0.0469714	0.890061	0.0505026	1.06246	0.0926653	2.27956e-05
10024	1	100	15	500	0.158687	0.108756	0.0435456	0.0652099	0.0499314	0.896012	0.0556509	1.05105	0.0901544	2.23006e-05
10025	1	100	14	500	0.157688	0.110236	0.0439611	0.0662745	0.0474525	0.895961	0.0485029	1.05869	0.0845452	2.34844e-05
10026	1	100	14	500	0.147055	0.105442	0.0407191	0.0647232	0.0416127	0.895682	0.050041	1.0597	0.0894918	2.34518e-05
10027	1	100	13	500	0.137602	0.0976162	0.0369975	0.0606187	0.0399853	0.901471	0.0467287	1.04857	0.0876877	2.36587e-05
10028	1	100	16	500	0.143504	0.101206	0.0411178	0.0600878	0.0422985	0.908038	0.042815	1.05013	0.0734393	2.39305e-05
10029	1	100	16	500	0.145933	0.104612	0.0426578	0.0619542	0.0413207	0.897963	0.0494753	1.044	0.0972095	2.4522e-05
10030	1	100	15	500	0.148812	0.10687	0.0427141	0.0641557	0.041942	0.897635	0.0465273	1.05646	0.0854062	2.42798e-05
10031	1	100	12	500	0.152264	0.112719	0.0458061	0.066913	0.0395449	0.889741	0.0422626	1.06562	0.0851687	2.51138e-05
10032	1	100	15	500	0.153012	0.113209	0.0469391	0.0662698	0.0398033	0.894851	0.0402111	1.06786	0.0750659	2.56236e-05
10033	1	100	13	500	0.1484	0.110207	0.0456556	0.0645514	0.0381928	0.901127	0.0332591	1.07073	0.0600787	2.56479e-05
10034	1	100	11	500	0.147276	0.112785	0.0463466	0.0664379	0.0344913	0.889545	0.0350556	1.07069	0.0800722	2.62631e-05
10035	1	100	10	500	0.148353	0.116704	0.049696	0.0670085	0.0316486	0.88499	0.0357472	1.08041	0.0779015	2.60148e-05
10036	1	100	12	500	0.161791	0.121713	0.0527386	0.0689742	0.0400783	0.886684	0.0340196	1.0773	0.0733537	2.67057e-05
10037	1	100	11	500	0.155424	0.119207	0.0511764	0.0680305	0.0362174	0.891447	0.0303615	1.07957	0.0611057	2.6978e-05
10038	1	100	9	500	0.15275	0.12126	0.0529941	0.068266	0.0314895	0.885357	0.0311046	1.08858	0.0661399	2.70831e-05
10039	1	100	11	500	0.160665	0.126999	0.0575462	0.0694527	0.0336666	0.879221	0.0362508	1.08874	0.074083	2.7499e-05
10040	1	100	12	500	0.144853	0.119431	0.0511262	0.0683049	0.0254222	0.882428	0.0299413	1.0951	0.0696667	2.72576e-05
10041	1	100	16	500	0.144525	0.121885	0.0532614	0.0686237	0.0226401	0.880468	0.0270891	1.10498	0.0568945	2.70262e-05
10042	1	100	15	500	0.14248	0.12101	0.0516091	0.0694007	0.0214707	0.881625	0.0256171	1.10614	0.0506593	2.70494e-05
10043	1	100	14	500	0.143749	0.125255	0.0538321	0.071423	0.0184942	0.876572	0.0281746	1.1114	0.0612454	2.71734e-05
10044	1	100	15	500	0.144415	0.126981	0.0562993	0.0706813	0.0174341	0.877615	0.0274337	1.11686	0.0447464	2.73523e-05
10045	1	100	14	500	0.152618	0.125903	0.0548792	0.0710237	0.0267154	0.878206	0.0323116	1.10149	0.0676312	2.78229e-05
10046	1	100	19	500	0.154988	0.126695	0.0573439	0.0693513	0.0282923	0.882231	0.0335832	1.10298	0.053431	2.76302e-05
10047	1	100	16	500	0.155923	0.125023	0.0580341	0.0669888	0.0309002	0.881791	0.0317267	1.0929	0.0695889	2.70113e-05
10048	1	100	15	500	0.157657	0.12482	0.0586791	0.0661409	0.0328368	0.881439	0.035659	1.08993	0.0749574	2.70902e-05
10049	1	100	14	500	0.157755	0.126476	0.0600701	0.0664056	0.0312791	0.873932	0.0350544	1.08803	0.0912608	2.66005e-05
10050	1	100	14	500	0.152704	0.124695	0.0615753	0.0631199	0.0280091	0.882636	0.032425	1.09946	0.0599409	2.64924e-05
10051	1	100	14	500	0.153119	0.123387	0.0580321	0.0653546	0.0297329	0.881825	0.0303628	1.09276	0.0651796	2.8122e-05
10052	1	100	12	500	0.155189	0.122935	0.0554942	0.0674408	0.0322537	0.88283	0.0341976	1.08505	0.0749593	2.89749e-05
10053	1	100	12	500	0.150859	0.123466	0.0564317	0.0670342	0.027393	0.878955	0.0309922	1.09511	0.0700393	2.81193e-05
10054	1	100	13	500	0.150155	0.123504	0.0569599	0.0665445	0.0266504	0.879854	0.0305049	1.09851	0.0680901	2.77304e-05
10055	1	100	14	500	0.151889	0.121447	0.0548072	0.0666401	0.030442	0.884536	0.0308355	1.09092	0.0634199	2.74951e-05
10056	1	100	13	500	0.15614	0.123408	0.0577501	0.0656575	0.0327327	0.879128	0.0321971	1.08981	0.0778801	2.65312e-05
10057	1	100	14	500	0.155094	0.123096	0.0625808	0.0605151	0.031998	0.882602	0.029087	1.09187	0.0633415	2.48626e-05
10058	1	100	12	500	0.154622	0.125974	0.0659333	0.0600404	0.028648	0.873074	0.0302878	1.09794	0.0792339	2.47604e-05
10059	1	100	13	500	0.155933	0.123995	0.0595006	0.0644948	0.0319376	0.877299	0.0303677	1.09414	0.0748804	2.55697e-05
10060	1	100	13	500	0.158865	0.122606	0.0563757	0.0662306	0.0362589	0.879566	0.0333204	1.08419	0.08022	2.62129e-05
10061	1	100	12	500	0.15654	0.122381	0.0562472	0.0661339	0.0341591	0.877444	0.037599	1.07512	0.0967162	2.65155e-05
10062	1	100	14	500	0.156731	0.124839	0.0629133	0.0619253	0.0318924	0.88168	0.0316252	1.09112	0.0664471	2.41456e-05
10063	1	100	17	500	0.16025	0.126144	0.0635798	0.0625645	0.0341053	0.875697	0.0359551	1.08591	0.0883107	2.37049e-05
10064	1	100	15	500	0.164995	0.128791	0.0681037	0.0606872	0.0362044	0.869675	0.0365937	1.08021	0.100443	2.36785e-05
10065	1	100	14	500	0.166175	0.131381	0.0752691	0.056112	0.0347944	0.872891	0.0356144	1.09224	0.0842573	2.07222e-05
10066	1	100	16	500	0.168656	0.128545	0.0678333	0.0607119	0.0401108	0.872261	0.0371044	1.07425	0.0996388	2.25208e-05
10067	1	100	18	500	0.176693	0.130876	0.0674174	0.063459	0.0458162	0.871942	0.0415769	1.05929	0.108346	2.32541e-05
10068	1	100	19	500	0.179745	0.132114	0.0717784	0.0603352	0.0476313	0.870371	0.0426226	1.05047	0.113399	2.32147e-05
10069	1	100	16	500	0.180644	0.131744	0.0697592	0.0619846	0.0489002	0.875158	0.042986	1.03992	0.112393	2.43358e-05
10070	1	100	13	500	0.172825	0.128875	0.0666311	0.0622437	0.0439504	0.877979	0.0404147	1.0602	0.0993487	2.362e-05
10071	1	100	14	500	0.170765	0.125698	0.0632687	0.0624296	0.0450666	0.879812	0.0375672	1.05931	0.0959491	2.56661e-05
10072	1	100	12	500	0.174445	0.128355	0.064328	0.064027	0.0460904	0.875986	0.0429659	1.05069	0.10966	2.65639e-05
10073	1	100	17	500	0.192676	0.12891	0.060321	0.0685891	0.0637654	0.876186	0.0473663	1.03679	0.107062	2.68449e-05
10074	1	100	17	500	0.192063	0.129466	0.0613503	0.068116	0.0625972	0.875785	0.045622	1.05035	0.104148	2.63446e-05
10075	1	100	15	500	0.202953	0.132339	0.0616685	0.0706702	0.0706139	0.871758	0.0505747	1.05057	0.102167	2.59672e-05
10076	1	100	15	500	0.219018	0.136611	0.0609596	0.0756511	0.0824074	0.869738	0.0524659	1.04797	0.101085	2.59218e-05
10077	1	100	16	500	0.189159	0.127146	0.0562919	0.0708542	0.0620134	0.879797	0.0474272	1.05393	0.0980196	2.74996e-05
10078	1	100	18	500	0.188129	0.129849	0.0576869	0.0721623	0.0582794	0.872823	0.0451991	1.0496	0.106508	2.64754e-05
10079	1	100	18	500	0.168482	0.120413	0.0550437	0.0653689	0.0480693	0.881308	0.0501949	1.03077	0.105708	2.47991e-05
10080	1	100	17	500	0.19138	0.132765	0.0596957	0.0730695	0.0586151	0.86638	0.0477252	1.03942	0.11681	2.49266e-05
10081	1	100	15	500	0.180343	0.129441	0.0561465	0.0732945	0.0509016	0.870774	0.0425622	1.05184	0.104289	2.53012e-05
10082	1	100	14	500	0.165805	0.125669	0.0547555	0.0709138	0.0401359	0.87532	0.0418053	1.06393	0.0899884	2.57342e-05
10083	1	100	15	500	0.164505	0.124152	0.0551897	0.068962	0.0403537	0.877472	0.039363	1.06201	0.0912456	2.48714e-05
10084	1	100	14	500	0.173524	0.128826	0.0570635	0.0717627	0.0446981	0.878867	0.0427138	1.0509	0.094541	2.60755e-05
10085	1	100	14	500	0.17825	0.133168	0.05949	0.0736782	0.0450814	0.871018	0.0516912	1.04592	0.0982517	2.69176e-05
10086	1	100	14	500	0.187098	0.13679	0.0626761	0.074114	0.050308	0.868382	0.047854	1.03637	0.109996	2.71175e-05
10087	1	100	19	500	0.194339	0.143293	0.0706699	0.0726233	0.0510456	0.859903	0.0637339	1.014	0.114996	2.65237e-05
10088	1	100	15	500	0.188935	0.139882	0.0699925	0.0698893	0.0490536	0.872584	0.0515557	1.02081	0.107539	2.60708e-05
10089	1	100	16	500	0.19494	0.144413	0.0748283	0.0695845	0.0505271	0.865288	0.0547973	1.01149	0.117509	2.67034e-05
10090	1	100	18	500	0.199664	0.148384	0.0747478	0.0736357	0.0512806	0.858588	0.0547696	1.01831	0.120657	2.77186e-05
10091	1	100	20	500	0.204758	0.151857	0.0768181	0.0750391	0.052901	0.850956	0.0559101	1.01203	0.123974	2.70595e-05
10092	1	100	17	500	0.203849	0.149386	0.0747601	0.0746254	0.0544631	0.859063	0.0536006	1.01869	0.112634	2.75137e-05
10093	1	100	17	500	0.203907	0.151866	0.0798193	0.0720471	0.0520405	0.860749	0.0526963	1.01921	0.114835	2.70288e-05
10094	1	100	17	500	0.210684	0.154198	0.0782379	0.07596	0.0564857	0.851736	0.0598823	1.02093	0.120649	2.78996e-05
10095	1	100	15	500	0.20579	0.15366	0.0788283	0.0748316	0.0521301	0.850526	0.0532766	1.0277	0.125086	2.73608e-05
10096	1	100	16	500	0.219248	0.159691	0.0767316	0.0829599	0.0595564	0.850042	0.0523242	1.04861	0.115929	2.9477e-05
10097	1	100	16	500	0.218456	0.161951	0.0832718	0.0786797	0.0565041	0.846856	0.0608959	1.01402	0.123282	2.91505e-05
10098	1	100	17	500	0.212654	0.159727	0.0817239	0.0780027	0.0529276	0.848551	0.0580954	1.02456	0.11397	2.95436e-05
10099	1	100	16	500	0.213	0.160424	0.0794216	0.0810026	0.052576	0.85203	0.0456697	1.04933	0.114674	3.01843e-05
10100	1	100	17	500	0.21312	0.163096	0.0810927	0.0820035	0.0500242	0.848075	0.0444422	1.0649	0.110403	3.04698e-05
10101	1	100	17	500	0.215832	0.163237	0.081327	0.0819103	0.0525952	0.85309	0.0481956	1.08381	0.0946076	3.07415e-05
