Generation	PopulationID	SampleSize	UniqueMutations	PopulationSize	totalLoad	RelzLoad	RelzLoadHomo	RelzLoadHetero	MskLoad	MeanFitness	SdFitness	MeanFitnessCached	SdFitnessCached	Heterozygosity	
10001	1	100	49	500	0.103243	0.0879031	0.0342124	0.0536907	0.0153398	0.911752	0.035926	1.07639	0.0405627	3.66986e-05
10002	1	100	34	500	0.0883694	0.0765986	0.0243209	0.0522777	0.0117707	0.925383	0.0395728	1.07044	0.0425109	3.7485e-05
10003	1	100	26	500	0.0837494	0.0714932	0.0191907	0.0523025	0.0122562	0.930241	0.0398022	1.0648	0.0429932	3.96677e-05
10004	1	100	28	500	0.0827141	0.0674289	0.018008	0.0494209	0.0152852	0.934496	0.0404974	1.05848	0.0439477	3.95456e-05
10005	1	100	25	500	0.084971	0.0643823	0.0164438	0.0479386	0.0205886	0.938006	0.0366693	1.05135	0.0380985	4.01139e-05
10006	1	100	20	500	0.0739426	0.0544574	0.0121457	0.0423117	0.0194852	0.947626	0.0375146	1.04256	0.0399612	4.02567e-05
10007	1	100	20	500	0.0741808	0.0554947	0.0128497	0.042645	0.0186861	0.946652	0.0346967	1.04374	0.0362783	3.98423e-05
10008	1	100	21	500	0.0666909	0.0527328	0.0117109	0.0410219	0.0139581	0.948857	0.0370996	1.04435	0.0371427	3.98318e-05
10009	1	100	19	500	0.0681384	0.0526726	0.0115865	0.0410861	0.0154659	0.947201	0.0401115	1.04139	0.033801	3.97983e-05
10010	1	100	19	500	0.0741082	0.0523965	0.0111227	0.0412738	0.0217117	0.949131	0.0397241	1.03978	0.0380916	3.93621e-05
10011	1	100	19	500	0.0705844	0.0451284	0.00827938	0.036849	0.025456	0.956156	0.041542	1.03021	0.0309023	3.80315e-05
10012	1	100	21	500	0.0921064	0.0540664	0.0114942	0.0425722	0.03804	0.94869	0.053449	1.0309	0.0385376	3.86713e-05
10013	1	100	21	500	0.106414	0.0603197	0.0161433	0.0441764	0.0460941	0.944003	0.0506787	1.03106	0.0385201	3.74048e-05
10014	1	100	19	500	0.105837	0.0585155	0.0148311	0.0436844	0.0473219	0.939885	0.0900262	1.02087	0.0859317	3.7953e-05
10015	1	100	18	500	0.114957	0.065574	0.0196437	0.0459303	0.0493832	0.938596	0.0524767	1.03352	0.0365181	3.74399e-05
10016	1	100	18	500	0.112945	0.0656678	0.0199215	0.0457463	0.0472769	0.938785	0.0516789	1.0361	0.0448746	3.79598e-05
10017	1	100	17	500	0.0972728	0.0603365	0.015098	0.0452385	0.0369364	0.941975	0.0513374	1.03708	0.0433404	3.89428e-05
10018	1	100	14	500	0.0762578	0.0566724	0.0165753	0.0400971	0.0195854	0.944001	0.0472189	1.04265	0.0423942	3.77514e-05
10019	1	100	14	500	0.0871647	0.065553	0.0210865	0.0444665	0.0216117	0.93575	0.0402016	1.05024	0.0328871	3.78713e-05
10020	1	100	17	500	0.101153	0.0689729	0.0225357	0.0464372	0.0321798	0.932424	0.0549297	1.0454	0.0417394	3.80287e-05
10021	1	100	16	500	0.106839	0.0673895	0.0234927	0.0438969	0.0394496	0.935331	0.0542133	1.04047	0.0405189	3.72582e-05
10022	1	100	22	500	0.127249	0.0795899	0.0284475	0.0511423	0.0476595	0.924334	0.0581443	1.04612	0.0393011	3.70177e-05
10023	1	100	17	500	0.117069	0.0793758	0.0274416	0.0519342	0.0376934	0.923323	0.0507845	1.05418	0.0449697	3.84551e-05
10024	1	100	15	500	0.102501	0.0779001	0.0295671	0.048333	0.0246008	0.9255	0.0388194	1.06147	0.0359252	3.77827e-05
10025	1	100	15	500	0.0979867	0.0770361	0.0300231	0.0470129	0.0209506	0.923961	0.0498185	1.05937	0.0431822	3.66701e-05
10026	1	100	16	500	0.103003	0.07379	0.0253325	0.0484575	0.0292125	0.925755	0.0531514	1.04809	0.0430227	3.85974e-05
10027	1	100	16	500	0.107983	0.0719194	0.021627	0.0502923	0.0360638	0.931399	0.047319	1.0481	0.0428456	3.86073e-05
10028	1	100	16	500	0.114175	0.078369	0.0274746	0.0508944	0.0358062	0.923309	0.053771	1.05141	0.0424677	3.72114e-05
10029	1	100	16	500	0.103015	0.0709835	0.0208167	0.0501668	0.0320316	0.930978	0.0502623	1.05028	0.0466894	3.95657e-05
10030	1	100	15	500	0.105438	0.0677252	0.0191209	0.0486043	0.0377126	0.933086	0.0495597	1.04086	0.0347457	3.94902e-05
10031	1	100	18	500	0.121646	0.0767525	0.022839	0.0539135	0.0448932	0.928392	0.0535337	1.04767	0.0446761	3.91737e-05
10032	1	100	19	500	0.105118	0.0644556	0.0180368	0.0464188	0.0406623	0.938157	0.0523488	1.03721	0.0367715	3.72061e-05
10033	1	100	15	500	0.118957	0.0712952	0.0201555	0.0511397	0.0476617	0.932712	0.0485264	1.04108	0.0416523	3.81025e-05
10034	1	100	15	500	0.125802	0.0704073	0.018797	0.0516103	0.0553947	0.93438	0.0566025	1.03576	0.0378647	3.68787e-05
10035	1	100	18	500	0.146371	0.0777351	0.0219144	0.0558206	0.0686359	0.927324	0.0591228	1.03263	0.0426246	3.64989e-05
10036	1	100	20	500	0.120202	0.0659734	0.0166655	0.049308	0.0542284	0.938536	0.0517117	1.03348	0.0349009	3.45703e-05
10037	1	100	18	500	0.123351	0.07257	0.0191997	0.0533703	0.0507814	0.932329	0.0506912	1.0418	0.0420529	3.56687e-05
10038	1	100	20	500	0.111209	0.0625337	0.0165914	0.0459423	0.048675	0.942344	0.0551559	1.03233	0.0400136	3.26339e-05
10039	1	100	18	500	0.0952406	0.0576854	0.0144952	0.0431902	0.0375552	0.945235	0.0570128	1.03377	0.0388032	3.24219e-05
10040	1	100	19	500	0.0982562	0.0545572	0.0134202	0.0411369	0.0436991	0.947531	0.0661825	1.02412	0.0555535	3.25109e-05
10041	1	100	17	500	0.124737	0.0682631	0.0199948	0.0482682	0.0564737	0.939937	0.0592478	1.02962	0.0383809	3.37454e-05
10042	1	100	14	500	0.137476	0.0742751	0.0227901	0.051485	0.063201	0.935049	0.0594792	1.03007	0.0411397	3.33241e-05
10043	1	100	14	500	0.148945	0.0818968	0.0264936	0.0554032	0.0670478	0.919976	0.102327	1.02464	0.0965009	3.51488e-05
10044	1	100	14	500	0.124558	0.0695574	0.017538	0.0520195	0.055001	0.924088	0.12274	1.01563	0.121607	3.64491e-05
10045	1	100	15	500	0.131381	0.075497	0.0204726	0.0550244	0.055884	0.927216	0.0805624	1.0339	0.0768503	3.61572e-05
10046	1	100	18	500	0.128993	0.0712441	0.0188179	0.0524262	0.0577489	0.935791	0.0557869	1.03371	0.0429379	3.46326e-05
10047	1	100	18	500	0.177255	0.0930942	0.0305037	0.0625905	0.0841607	0.915019	0.1033	1.01896	0.0984218	3.67108e-05
10048	1	100	15	500	0.161842	0.0858556	0.023898	0.0619576	0.0759867	0.918309	0.101206	1.02219	0.0993789	3.7153e-05
10049	1	100	14	500	0.13629	0.0784293	0.0193066	0.0591226	0.0578612	0.923517	0.0861473	1.03558	0.0870633	3.72199e-05
10050	1	100	17	500	0.141003	0.0847878	0.0225531	0.0622347	0.0562155	0.916041	0.0867765	1.04171	0.0903934	3.92277e-05
10051	1	100	16	500	0.119279	0.075232	0.0184848	0.0567473	0.0440471	0.926387	0.0717531	1.04537	0.0743014	3.75317e-05
10052	1	100	17	500	0.128902	0.0766994	0.0194437	0.0572557	0.0522026	0.91942	0.107694	1.03085	0.111255	3.73668e-05
10053	1	100	13	500	0.135728	0.0806047	0.0216885	0.0589162	0.0551238	0.926679	0.0557278	1.04472	0.0457026	3.67194e-05
10054	1	100	13	500	0.14804	0.0866848	0.0261611	0.0605238	0.0613553	0.916441	0.0914525	1.03684	0.0903969	3.69674e-05
10055	1	100	13	500	0.133989	0.0818447	0.0223812	0.0594636	0.0521446	0.911295	0.122315	1.02928	0.127452	3.91298e-05
10056	1	100	13	500	0.106168	0.0654204	0.0151381	0.0502822	0.0407478	0.933322	0.0846326	1.03438	0.0840273	3.74281e-05
10057	1	100	12	500	0.131689	0.0747072	0.0200205	0.0546867	0.0569814	0.91371	0.142212	1.01209	0.14411	3.72552e-05
10058	1	100	14	500	0.125409	0.0761645	0.0195041	0.0566605	0.0492449	0.929331	0.0472028	1.04552	0.0454153	3.86173e-05
10059	1	100	13	500	0.141394	0.0808505	0.0219738	0.0588767	0.0605435	0.922125	0.0848303	1.03373	0.0831619	3.86862e-05
10060	1	100	13	500	0.114535	0.0714497	0.0185636	0.0528861	0.0430853	0.931777	0.0461216	1.04437	0.0474556	3.74014e-05
10061	1	100	14	500	0.0995727	0.0683022	0.0199687	0.0483335	0.0312706	0.930054	0.0735751	1.04422	0.0791938	3.5353e-05
10062	1	100	13	500	0.103165	0.0729917	0.0237465	0.0492452	0.030173	0.929358	0.0437277	1.05583	0.044797	3.55537e-05
10063	1	100	15	500	0.134775	0.0885497	0.0289342	0.0596155	0.0462251	0.916837	0.0478476	1.06052	0.0478739	3.89812e-05
10064	1	100	16	500	0.125013	0.086661	0.0301067	0.0565542	0.0383515	0.914762	0.0494538	1.06167	0.0565016	3.83201e-05
10065	1	100	14	500	0.117095	0.0872104	0.0319955	0.0552149	0.0298841	0.915964	0.0369699	1.06999	0.0377519	3.93428e-05
10066	1	100	19	500	0.135966	0.0917243	0.0342972	0.0574271	0.044242	0.913292	0.043918	1.06486	0.0445037	3.88265e-05
10067	1	100	16	500	0.14946	0.0935186	0.0378421	0.0556764	0.0559416	0.91358	0.046906	1.05712	0.0463171	3.61228e-05
10068	1	100	17	500	0.161995	0.100082	0.0416228	0.0584595	0.0619128	0.908297	0.0483178	1.05923	0.0454682	3.70513e-05
10069	1	100	18	500	0.135705	0.0905774	0.0373815	0.0531959	0.0451277	0.913216	0.0416607	1.06091	0.0506971	3.72406e-05
10070	1	100	15	500	0.135447	0.0895487	0.0384794	0.0510693	0.0458979	0.907975	0.047614	1.05032	0.0713524	3.60477e-05
10071	1	100	17	500	0.124718	0.0859823	0.0394633	0.046519	0.0387359	0.910209	0.0450187	1.0496	0.0707357	3.47797e-05
10072	1	100	16	500	0.11765	0.0842792	0.0429326	0.0413466	0.0333706	0.917475	0.0418314	1.04482	0.0673094	3.00007e-05
10073	1	100	14	500	0.117583	0.0864381	0.0451256	0.0413124	0.0311447	0.91757	0.0359423	1.05309	0.0598578	3.07068e-05
10074	1	100	15	500	0.12162	0.0873366	0.0474837	0.0398529	0.0342829	0.915865	0.0413812	1.04486	0.0710419	3.06033e-05
10075	1	100	17	500	0.118595	0.0889534	0.0523854	0.036568	0.029642	0.912463	0.0370874	1.06226	0.0569574	3.14677e-05
10076	1	100	14	500	0.115347	0.0834038	0.0446464	0.0387574	0.0319431	0.920634	0.0348947	1.05557	0.0487721	3.21283e-05
10077	1	100	13	500	0.120129	0.0833756	0.0429101	0.0404655	0.0367529	0.915533	0.0444041	1.0477	0.0688372	3.27165e-05
10078	1	100	14	500	0.128536	0.0869221	0.045982	0.0409401	0.0416139	0.912763	0.0447159	1.0382	0.078626	3.21152e-05
10079	1	100	13	500	0.140247	0.0924145	0.0479158	0.0444986	0.0478322	0.906813	0.064229	1.0375	0.087539	3.30283e-05
10080	1	100	17	500	0.148415	0.0972815	0.0551269	0.0421546	0.051134	0.906176	0.0402798	1.04454	0.0679754	3.06312e-05
10081	1	100	17	500	0.147872	0.0980398	0.0567806	0.0412592	0.0498324	0.902126	0.0697495	1.05205	0.0838716	3.05104e-05
10082	1	100	17	500	0.148664	0.098813	0.054844	0.043969	0.0498514	0.904892	0.0375325	1.05262	0.0642787	3.17904e-05
10083	1	100	16	500	0.15038	0.0988376	0.0520543	0.0467833	0.0515429	0.907139	0.039236	1.05555	0.0572168	3.32886e-05
10084	1	100	20	500	0.159963	0.101109	0.0527535	0.048355	0.0588546	0.901769	0.0580659	1.04808	0.0739228	3.3837e-05
10085	1	100	16	500	0.159565	0.098841	0.0483605	0.0504805	0.0607241	0.894728	0.0532373	1.02402	0.0971315	3.43709e-05
10086	1	100	21	500	0.148531	0.090806	0.0424012	0.0484047	0.0577251	0.911948	0.0439288	1.04025	0.0675818	3.41161e-05
10087	1	100	18	500	0.173312	0.0976286	0.044182	0.0534466	0.0756836	0.907787	0.0693758	1.02144	0.0851544	3.43618e-05
10088	1	100	20	500	0.168726	0.0959687	0.0430368	0.052932	0.0727575	0.897669	0.0857876	1.01419	0.108601	3.51737e-05
10089	1	100	20	500	0.133994	0.0817371	0.0357118	0.0460253	0.0522573	0.92391	0.0459188	1.03959	0.0552374	3.54488e-05
10090	1	100	21	500	0.122714	0.0767627	0.0340307	0.042732	0.0459516	0.924996	0.0467807	1.038	0.0592961	3.54001e-05
10091	1	100	20	500	0.136871	0.0822278	0.0364794	0.0457483	0.054643	0.92062	0.047753	1.03379	0.0640627	3.55905e-05
10092	1	100	19	500	0.125659	0.0800981	0.0360454	0.0440527	0.0455609	0.922932	0.0468341	1.04706	0.0515017	3.65674e-05
10093	1	100	17	500	0.121162	0.086224	0.0402087	0.0460153	0.0349383	0.915083	0.0483159	1.06211	0.0589354	3.91134e-05
10094	1	100	18	500	0.124437	0.083667	0.0365335	0.0471335	0.0407696	0.916958	0.0397811	1.05515	0.0496176	3.95797e-05
10095	1	100	19	500	0.132967	0.0874642	0.036709	0.0507552	0.0455029	0.915579	0.046064	1.05919	0.0492657	4.14453e-05
10096	1	100	19	500	0.150549	0.0918917	0.0394294	0.0524623	0.0586573	0.913525	0.0489112	1.05548	0.0409125	4.02035e-05
10097	1	100	23	500	0.135419	0.085411	0.0311444	0.0542666	0.0500076	0.918253	0.0451442	1.05352	0.0506546	4.21361e-05
10098	1	100	19	500	0.155014	0.0969284	0.0382404	0.058688	0.0580851	0.905983	0.0478454	1.05591	0.0545482	4.37052e-05
10099	1	100	17	500	0.139048	0.0917472	0.0360206	0.0557267	0.0473008	0.912547	0.0421514	1.0586	0.0522576	4.39589e-05
10100	1	100	19	500	0.13222	0.0923195	0.0418952	0.0504243	0.0399	0.910642	0.0423584	1.06448	0.0541302	4.18244e-05
10101	1	100	16	500	0.133448	0.0967267	0.0517673	0.0449595	0.0367214	0.901484	0.0396396	1.06414	0.0695661	3.87289e-05
