Generation	PopulationID	SampleSize	UniqueMutations	PopulationSize	totalLoad	RelzLoad	RelzLoadHomo	RelzLoadHetero	MskLoad	MeanFitness	SdFitness	MeanFitnessCached	SdFitnessCached	Heterozygosity	
10001	1	100	63	500	0.484976	0.470572	0.360766	0.109806	0.0144042	0.608452	0.0427006	1.52444	0.0930022	6.65012e-05
10002	1	100	37	500	0.47987	0.471901	0.36828	0.103621	0.00796898	0.608882	0.0397571	1.5323	0.0838967	6.19158e-05
10003	1	100	32	500	0.474234	0.465883	0.371426	0.0944578	0.00835059	0.612609	0.0398409	1.52402	0.0810666	6.16336e-05
10004	1	100	31	500	0.266157	0.258618	0.168741	0.089877	0.0075389	0.762978	0.0425585	1.25167	0.0603818	6.15999e-05
10005	1	100	30	500	0.246873	0.240473	0.158993	0.0814801	0.00639981	0.7776	0.0484998	1.23267	0.0670246	6.06756e-05
10006	1	100	28	500	0.249838	0.241761	0.169187	0.0725746	0.00807664	0.775813	0.0479217	1.23373	0.0694535	6.19352e-05
10007	1	100	27	500	0.259841	0.249725	0.174147	0.0755785	0.0101153	0.770046	0.0466716	1.24352	0.0668773	6.13689e-05
10008	1	100	28	500	0.262325	0.252115	0.173767	0.0783477	0.0102107	0.767775	0.0426895	1.24544	0.0600423	6.21755e-05
10009	1	100	27	500	0.268484	0.257378	0.179472	0.0779061	0.0111057	0.763348	0.0445426	1.25108	0.0685037	6.26687e-05
10010	1	100	26	500	0.131032	0.117603	0.040636	0.0769671	0.0134291	0.88802	0.0541496	1.09733	0.0613723	6.43114e-05
10011	1	100	26	500	0.118924	0.109012	0.0378066	0.0712056	0.00991183	0.895859	0.0555736	1.09046	0.0604876	6.39789e-05
10012	1	100	26	500	0.121222	0.103473	0.0327923	0.0706811	0.0177482	0.901138	0.0557287	1.08017	0.0624595	6.23513e-05
10013	1	100	28	500	0.11816	0.102812	0.0324707	0.0703409	0.0153483	0.901031	0.0427159	1.08037	0.0485831	6.17932e-05
10014	1	100	31	500	0.120848	0.104011	0.0335711	0.0704397	0.0168373	0.900108	0.0517671	1.07997	0.0597333	5.83214e-05
10015	1	100	28	500	0.134241	0.110041	0.0373538	0.0726873	0.0241996	0.895159	0.0444611	1.08279	0.0552859	6.23428e-05
10016	1	100	29	500	0.13485	0.0997839	0.0314085	0.0683753	0.0350662	0.90528	0.050927	1.06539	0.0569965	5.93725e-05
10017	1	100	28	500	0.130863	0.101403	0.0307963	0.0706065	0.0294602	0.902413	0.055875	1.06968	0.0660911	6.15676e-05
10018	1	100	29	500	0.141365	0.105819	0.0311137	0.074705	0.0355461	0.890727	0.0758833	1.06271	0.101654	6.44452e-05
10019	1	100	30	500	0.147555	0.102676	0.0284591	0.0742168	0.0448789	0.902775	0.0553674	1.06373	0.0597758	6.66773e-05
10020	1	100	25	500	0.140096	0.093846	0.0253078	0.0685382	0.0462505	0.912673	0.0568512	1.0527	0.0660526	6.57934e-05
10021	1	100	27	500	0.149179	0.105085	0.031273	0.0738121	0.0440943	0.901879	0.053717	1.06393	0.0732316	7.01416e-05
10022	1	100	28	500	0.147388	0.10563	0.0319297	0.0737008	0.0417579	0.901224	0.0468665	1.06594	0.06148	7.04318e-05
10023	1	100	28	500	0.12995	0.0927163	0.0260458	0.0666704	0.0372336	0.913927	0.0466956	1.0582	0.060454	7.08326e-05
10024	1	100	30	500	0.130418	0.098242	0.0274463	0.0707957	0.0321764	0.907559	0.0559089	1.06745	0.0684905	6.94389e-05
10025	1	100	27	500	0.124786	0.0952682	0.0267582	0.0685099	0.0295177	0.908954	0.0492232	1.06434	0.0596206	6.898e-05
10026	1	100	29	500	0.140925	0.0963866	0.0269618	0.0694248	0.0445381	0.910008	0.045108	1.05477	0.0617248	7.05346e-05
10027	1	100	30	500	0.14738	0.0977524	0.0274062	0.0703462	0.0496276	0.911613	0.0487886	1.05478	0.0591439	7.11862e-05
10028	1	100	31	500	0.152293	0.10743	0.0314295	0.0760006	0.0448632	0.900467	0.0544155	1.06761	0.0668445	7.40907e-05
10029	1	100	32	500	0.158674	0.106111	0.029767	0.0763442	0.0525629	0.902073	0.0556561	1.06372	0.0732568	7.36201e-05
10030	1	100	29	500	0.214489	0.123611	0.0377265	0.0858848	0.0908773	0.877934	0.097539	1.0377	0.137513	7.3851e-05
10031	1	100	28	500	0.195668	0.120524	0.0360964	0.0844277	0.0751438	0.892408	0.0539828	1.06	0.0740868	7.41758e-05
10032	1	100	31	500	0.218397	0.127739	0.0401745	0.0875644	0.0906583	0.888329	0.0454034	1.0526	0.0846328	7.48069e-05
10033	1	100	26	500	0.197403	0.124712	0.0384629	0.0862492	0.0726908	0.883977	0.0652744	1.06309	0.0939132	7.56529e-05
10034	1	100	25	500	0.197124	0.119802	0.0362269	0.0835747	0.0773224	0.894042	0.0629215	1.06091	0.0766954	7.48327e-05
10035	1	100	29	500	0.210444	0.129718	0.040642	0.0890762	0.080726	0.878175	0.0693118	1.06383	0.103353	7.55036e-05
10036	1	100	28	500	0.206652	0.133229	0.0455414	0.0876873	0.0734234	0.874968	0.0651723	1.07298	0.0936817	7.60578e-05
10037	1	100	24	500	0.17592	0.123848	0.0433972	0.0804512	0.0520718	0.887655	0.0525223	1.08032	0.0715896	7.58741e-05
10038	1	100	25	500	0.170842	0.128027	0.0527962	0.0752309	0.0428152	0.881242	0.0497414	1.09165	0.0637541	7.29091e-05
10039	1	100	23	500	0.16194	0.120705	0.0443661	0.0763392	0.0412351	0.887833	0.047932	1.08614	0.0568256	7.51792e-05
10040	1	100	24	500	0.165989	0.118931	0.0453811	0.0735502	0.0470578	0.88633	0.068341	1.07395	0.0928825	7.47436e-05
10041	1	100	25	500	0.159628	0.111483	0.0388437	0.0726388	0.0481458	0.896179	0.0508108	1.06849	0.0702133	7.62886e-05
10042	1	100	26	500	0.15922	0.111488	0.0410325	0.0704551	0.0477324	0.898305	0.0523465	1.07104	0.0680128	7.61832e-05
10043	1	100	24	500	0.145127	0.105662	0.0369692	0.0686932	0.0394647	0.901958	0.0461001	1.07196	0.0581212	7.63577e-05
10044	1	100	24	500	0.134798	0.105002	0.0383178	0.0666839	0.0297963	0.89983	0.0537836	1.07707	0.0657211	7.44986e-05
10045	1	100	26	500	0.138586	0.101775	0.0361649	0.0656103	0.036811	0.904975	0.0569066	1.0696	0.0684416	7.43225e-05
10046	1	100	25	500	0.161208	0.109418	0.0374477	0.0719703	0.0517897	0.897955	0.0535118	1.06606	0.065683	7.70567e-05
10047	1	100	27	500	0.166071	0.11051	0.0362482	0.0742616	0.0555608	0.899203	0.0557129	1.06644	0.0624505	7.79755e-05
10048	1	100	30	500	0.159821	0.105843	0.0322435	0.0736	0.0539779	0.900977	0.0525136	1.06398	0.0573268	7.5815e-05
10049	1	100	28	500	0.174366	0.110422	0.0348726	0.0755497	0.0639435	0.899041	0.059301	1.06081	0.0648098	7.67195e-05
10050	1	100	29	500	0.159602	0.109193	0.0366464	0.0725462	0.0504096	0.897871	0.062012	1.06987	0.0664007	7.3735e-05
10051	1	100	29	500	0.154499	0.0938828	0.029889	0.0639938	0.0606159	0.916363	0.0562431	1.04495	0.0608655	7.53232e-05
10052	1	100	28	500	0.168561	0.0977735	0.0311362	0.0666373	0.0707873	0.913589	0.0591829	1.04151	0.0629293	7.56191e-05
10053	1	100	30	500	0.167739	0.10068	0.0328039	0.0678765	0.0670588	0.90083	0.077936	1.04288	0.0982723	7.31299e-05
10054	1	100	27	500	0.15582	0.0983159	0.0334307	0.0648852	0.0575041	0.909778	0.0602125	1.05205	0.0640852	6.80547e-05
10055	1	100	28	500	0.171787	0.0992393	0.0335981	0.0656412	0.0725474	0.908032	0.0702533	1.03409	0.0890143	6.78414e-05
10056	1	100	26	500	0.193147	0.106289	0.0401161	0.0661729	0.0868583	0.903629	0.0946205	1.01236	0.107971	7.01127e-05
10057	1	100	28	500	0.195594	0.109986	0.0413388	0.0686468	0.0856082	0.903605	0.0754131	1.02319	0.0953373	7.09615e-05
10058	1	100	25	500	0.192785	0.108554	0.0450581	0.0634963	0.0842311	0.89407	0.10999	1.00134	0.134799	7.0608e-05
10059	1	100	28	500	0.173997	0.0947031	0.0351624	0.0595407	0.0792942	0.910602	0.0949685	1.00891	0.112927	7.01158e-05
10060	1	100	30	500	0.172792	0.0938848	0.0339309	0.0599539	0.0789077	0.919938	0.0548241	1.02467	0.066556	6.97177e-05
10061	1	100	27	500	0.170319	0.0884324	0.0319185	0.0565139	0.0818866	0.921154	0.0704522	1.01079	0.0875122	6.87066e-05
10062	1	100	29	500	0.167931	0.0879478	0.0279615	0.0599863	0.079983	0.923037	0.0490634	1.02214	0.0674337	7.207e-05
10063	1	100	29	500	0.153837	0.0883849	0.0293788	0.0590061	0.0654524	0.914237	0.07854	1.02775	0.0894143	7.16686e-05
10064	1	100	29	500	0.167916	0.097092	0.0320116	0.0650804	0.0708243	0.913381	0.0490438	1.04192	0.051046	7.45113e-05
10065	1	100	28	500	0.172931	0.100431	0.0345184	0.0659123	0.0725003	0.908102	0.0559554	1.04024	0.0705139	7.5119e-05
10066	1	100	30	500	0.186667	0.113264	0.0437275	0.0695369	0.0734023	0.898807	0.0527039	1.05222	0.0605855	7.45298e-05
10067	1	100	30	500	0.187217	0.108198	0.0364057	0.0717921	0.079019	0.897664	0.0731415	1.03828	0.0950524	7.40039e-05
10068	1	100	28	500	0.168505	0.0918803	0.0257534	0.0661269	0.0766246	0.913752	0.0705678	1.0302	0.074987	7.35705e-05
10069	1	100	31	500	0.185726	0.103227	0.0326136	0.0706135	0.0824984	0.908236	0.0503204	1.03547	0.0613444	7.32414e-05
10070	1	100	31	500	0.172992	0.0917484	0.0276305	0.0641179	0.0812432	0.917612	0.06296	1.02381	0.0721789	7.08569e-05
10071	1	100	31	500	0.181149	0.096069	0.0286121	0.0674569	0.0850802	0.916757	0.0514192	1.02874	0.0566975	7.19912e-05
10072	1	100	30	500	0.200386	0.11254	0.0340783	0.0784621	0.0878455	0.901411	0.056231	1.03972	0.0526816	7.418e-05
10073	1	100	30	500	0.191671	0.112105	0.0335059	0.0785996	0.0795658	0.898354	0.0547585	1.04403	0.0536072	7.22231e-05
10074	1	100	34	500	0.184521	0.105211	0.0303443	0.0748662	0.0793101	0.905053	0.0612191	1.03512	0.0554078	7.1945e-05
10075	1	100	30	500	0.195503	0.123567	0.0415179	0.0820492	0.0719364	0.886321	0.0830674	1.04229	0.0708226	7.56933e-05
10076	1	100	34	500	0.22363	0.142265	0.0516352	0.0906301	0.081365	0.872466	0.0666189	1.05322	0.0665456	7.74454e-05
10077	1	100	30	500	0.233297	0.150329	0.0602529	0.0900759	0.082968	0.870942	0.0848974	1.04485	0.0751857	7.87113e-05
10078	1	100	32	500	0.226934	0.145541	0.0575355	0.0880059	0.0813925	0.877395	0.0734171	1.04765	0.0636524	7.98585e-05
10079	1	100	28	500	0.207804	0.134351	0.0492673	0.0850836	0.073453	0.885132	0.065198	1.05159	0.0573042	7.91411e-05
10080	1	100	29	500	0.20688	0.136206	0.0501991	0.0860064	0.070675	0.878446	0.0613469	1.05163	0.062754	7.50553e-05
10081	1	100	31	500	0.210098	0.135604	0.0500395	0.0855649	0.0744938	0.884518	0.0567129	1.0505	0.0518226	7.63978e-05
10082	1	100	32	500	0.217665	0.141739	0.053777	0.0879618	0.0759265	0.869401	0.0783773	1.04781	0.0799453	7.48159e-05
10083	1	100	30	500	0.22276	0.141327	0.0547039	0.0866228	0.0814334	0.878831	0.0670311	1.04244	0.0631409	7.48563e-05
10084	1	100	30	500	0.228815	0.141248	0.0528717	0.0883767	0.0875666	0.878539	0.0653446	1.04298	0.0593505	7.60209e-05
10085	1	100	27	500	0.220945	0.133296	0.0506179	0.0826785	0.0876486	0.883187	0.0801178	1.02773	0.0725141	7.47789e-05
10086	1	100	27	500	0.21314	0.128279	0.0501867	0.0780928	0.084861	0.891521	0.0700587	1.02743	0.0680697	7.32248e-05
10087	1	100	28	500	0.205227	0.121696	0.0459117	0.0757841	0.0835309	0.888852	0.0899386	1.01605	0.0737147	7.21533e-05
10088	1	100	24	500	0.194301	0.113412	0.044103	0.0693087	0.0808897	0.907229	0.0683576	1.02326	0.0478624	7.07748e-05
10089	1	100	24	500	0.171639	0.0989045	0.0336716	0.0652329	0.0727343	0.913912	0.0666252	1.0231	0.0544894	7.24677e-05
10090	1	100	26	500	0.171601	0.0983176	0.0328082	0.0655094	0.0732831	0.915307	0.0714713	1.02435	0.0493377	7.24057e-05
10091	1	100	27	500	0.154303	0.0893371	0.0255307	0.0638064	0.0649657	0.922603	0.0556241	1.03161	0.0409136	7.16177e-05
10092	1	100	27	500	0.175961	0.102849	0.0337681	0.0690813	0.073112	0.910856	0.0632524	1.02986	0.0513002	7.24435e-05
10093	1	100	27	500	0.168	0.0968072	0.0299445	0.0668627	0.0711927	0.912846	0.0764712	1.02472	0.0536841	7.33417e-05
10094	1	100	28	500	0.21631	0.131175	0.0494918	0.081683	0.0851356	0.877915	0.102512	1.02386	0.080746	7.82601e-05
10095	1	100	27	500	0.205441	0.122619	0.0477194	0.0748992	0.0828222	0.897617	0.0699272	1.02703	0.0659854	7.55946e-05
10096	1	100	28	500	0.192399	0.11878	0.0495738	0.0692066	0.0736191	0.892375	0.098835	1.01012	0.0841328	7.50723e-05
10097	1	100	29	500	0.197236	0.124024	0.0511682	0.072856	0.0732114	0.889598	0.092261	1.0183	0.085409	7.88928e-05
10098	1	100	26	500	0.183866	0.111771	0.046162	0.0656094	0.0720946	0.898307	0.0958768	1.00769	0.086796	7.67616e-05
10099	1	100	30	500	0.184126	0.106817	0.0370296	0.069787	0.0773094	0.912521	0.0640303	1.03298	0.0535329	7.64011e-05
10100	1	100	29	500	0.168616	0.0957369	0.0299631	0.0657738	0.0728793	0.915282	0.0652716	1.02706	0.0615603	7.54785e-05
10101	1	100	29	500	0.171393	0.0984994	0.0319412	0.0665582	0.072894	0.912969	0.0755172	1.02584	0.0610259	7.37363e-05
