Generation	PopulationID	SampleSize	UniqueMutations	PopulationSize	totalLoad	RelzLoad	RelzLoadHomo	RelzLoadHetero	MskLoad	MeanFitness	SdFitness	MeanFitnessCached	SdFitnessCached	Heterozygosity	
10001	1	100	39	500	0.278768	0.266574	0.247349	0.0192247	0.0121945	0.736392	0.0326269	1.26068	0.0422766	1.36606e-05
10002	1	100	29	500	0.281718	0.26996	0.251674	0.0182857	0.0117583	0.734483	0.0263309	1.26602	0.0382347	1.32637e-05
10003	1	100	25	500	0.285669	0.274866	0.250369	0.0244973	0.0108031	0.731025	0.0321656	1.27307	0.0485894	1.37165e-05
10004	1	100	25	500	0.0419314	0.0306668	0.00334113	0.0273257	0.0112645	0.969863	0.036774	1.02467	0.0399289	1.39593e-05
10005	1	100	24	500	0.0436529	0.0298005	0.00361471	0.0261858	0.0138524	0.970622	0.0289501	1.02176	0.0329297	1.41489e-05
10006	1	100	26	500	0.0441079	0.0305329	0.00372844	0.0268044	0.013575	0.970106	0.0330254	1.02301	0.0370507	1.50256e-05
10007	1	100	23	500	0.0515922	0.034374	0.00512688	0.0292472	0.0172181	0.96582	0.0342728	1.02358	0.0384893	1.51071e-05
10008	1	100	22	500	0.0532616	0.0347968	0.00566458	0.0291322	0.0184648	0.965911	0.0365278	1.02355	0.041719	1.58681e-05
10009	1	100	22	500	0.0511286	0.0335211	0.0056328	0.0278883	0.0176075	0.966756	0.0343707	1.02147	0.0395761	1.59431e-05
10010	1	100	23	500	0.0468073	0.0299783	0.00421968	0.0257586	0.016829	0.970326	0.028806	1.0188	0.0331865	1.62482e-05
10011	1	100	26	500	0.0493932	0.0318374	0.00475931	0.0270781	0.0175559	0.968941	0.0292635	1.02023	0.0322144	1.75743e-05
10012	1	100	21	500	0.0475773	0.0320739	0.00521267	0.0268612	0.0155034	0.968228	0.0288856	1.02142	0.0345775	1.77066e-05
10013	1	100	21	500	0.0536108	0.0393864	0.00752391	0.0318624	0.0142244	0.959393	0.0306727	1.02748	0.0372363	1.82434e-05
10014	1	100	19	500	0.0510894	0.0399839	0.00820008	0.0317838	0.0111054	0.96039	0.0333826	1.03255	0.0380545	1.77819e-05
10015	1	100	17	500	0.0537382	0.0448755	0.011134	0.0337415	0.00886277	0.954747	0.0318022	1.03811	0.0359922	1.7311e-05
10016	1	100	15	500	0.0468812	0.0387744	0.00822272	0.0305517	0.00810682	0.961426	0.0343077	1.03367	0.0372619	1.7269e-05
10017	1	100	15	500	0.04731	0.0376009	0.00750815	0.0300928	0.00970909	0.961931	0.0271898	1.03001	0.0318941	1.81345e-05
10018	1	100	16	500	0.0498971	0.0334494	0.00619819	0.0272512	0.0164477	0.967228	0.0291017	1.02238	0.0353873	1.90614e-05
10019	1	100	16	500	0.0438188	0.0332961	0.00562508	0.0276711	0.0105227	0.966754	0.0325271	1.02553	0.0373722	1.88239e-05
10020	1	100	18	500	0.0399852	0.0297121	0.00479592	0.0249162	0.0102731	0.969786	0.028116	1.02234	0.0327801	1.88707e-05
10021	1	100	16	500	0.0436103	0.0331098	0.00549449	0.0276153	0.0105005	0.967231	0.0303423	1.02558	0.0352668	1.97444e-05
10022	1	100	18	500	0.03412	0.0222812	0.00300837	0.0192728	0.0118388	0.978202	0.0314779	1.01389	0.0349643	2.0575e-05
10023	1	100	17	500	0.0406045	0.0272259	0.00442273	0.0228032	0.0133785	0.973123	0.0290326	1.01668	0.0318192	2.05842e-05
10024	1	100	16	500	0.0367555	0.0246925	0.00406221	0.0206303	0.012063	0.97558	0.0273187	1.01446	0.0314418	2.09033e-05
10025	1	100	13	500	0.0320106	0.0205358	0.002751	0.0177848	0.0114747	0.980363	0.0261679	1.01265	0.026423	2.05264e-05
10026	1	100	15	500	0.0336895	0.021749	0.00324922	0.0184997	0.0119406	0.978695	0.0252268	1.01275	0.0283803	2.0489e-05
10027	1	100	14	500	0.0326915	0.0192273	0.00370926	0.0155181	0.0134642	0.979318	0.0250682	1.00554	0.0288888	2.11442e-05
10028	1	100	13	500	0.0361387	0.0235247	0.00437087	0.0191538	0.012614	0.97673	0.0270526	1.01227	0.0300494	2.1189e-05
10029	1	100	14	500	0.0367207	0.0263856	0.00358276	0.0228029	0.0103351	0.973636	0.0304906	1.01826	0.0316546	2.09382e-05
10030	1	100	9	500	0.0264492	0.0164908	0.00236218	0.0141286	0.00995845	0.983911	0.0208826	1.00915	0.0226826	2.09566e-05
10031	1	100	14	500	0.0329178	0.0189224	0.00356169	0.0153607	0.0139954	0.981755	0.0214782	1.00864	0.0256734	2.09775e-05
10032	1	100	14	500	0.0311118	0.015612	0.00247026	0.0131418	0.0154998	0.984507	0.0229291	1.00486	0.0245393	2.08796e-05
10033	1	100	15	500	0.0348533	0.0140919	0.00143925	0.0126526	0.0207614	0.985574	0.0267963	1.00147	0.0221074	2.00231e-05
10034	1	100	11	500	0.0469967	0.0179312	0.00185197	0.0160792	0.0290655	0.983085	0.0231655	1.00174	0.0278006	2.01642e-05
10035	1	100	11	500	0.0297561	0.0167732	0.00155233	0.0152208	0.012983	0.983759	0.0241706	1.00957	0.0276746	1.963e-05
10036	1	100	13	500	0.0179675	0.0102746	0.000744156	0.00953041	0.00769294	0.989778	0.019897	1.0058	0.0206008	1.98044e-05
10037	1	100	10	500	0.0144701	0.00530204	0.000576312	0.00472572	0.00916811	0.994497	0.0122855	0.999518	0.0128487	1.9291e-05
10038	1	100	10	500	0.0104447	0.00422746	0.000375755	0.0038517	0.00621721	0.996021	0.0101959	1.00075	0.0100779	1.93551e-05
10039	1	100	11	500	0.00858954	0.00368865	0.00031464	0.00337401	0.00490089	0.996093	0.0103241	1.00055	0.0108062	1.96715e-05
10040	1	100	11	500	0.00631877	0.00277048	0.000294147	0.00247633	0.00354829	0.997112	0.00904183	1.00038	0.00894416	2.01678e-05
10041	1	100	12	500	0.0077734	0.00329131	0.000451174	0.00284013	0.00448209	0.996956	0.00786073	1.00048	0.00785776	2.05494e-05
10042	1	100	13	500	0.00639975	0.00289436	0.000270998	0.00262336	0.00350539	0.996948	0.00859998	1.00065	0.00881881	1.97567e-05
10043	1	100	20	500	0.0111206	0.00320197	0.000245284	0.00295668	0.00791859	0.996665	0.0119144	0.998888	0.012251	1.91197e-05
10044	1	100	15	500	0.0153841	0.00430904	0.000404209	0.00390483	0.011075	0.995849	0.0133366	0.99831	0.0137841	1.94519e-05
10045	1	100	15	500	0.023952	0.006667	0.00069135	0.00597565	0.017285	0.993701	0.0158847	0.997148	0.0168175	1.97036e-05
10046	1	100	15	500	0.0246449	0.00661011	0.000742264	0.00586784	0.0180348	0.993647	0.0159835	0.996506	0.0168421	1.99303e-05
10047	1	100	18	500	0.0287184	0.0079053	0.000900922	0.00700437	0.0208131	0.992292	0.0162098	0.99607	0.0173875	2.03232e-05
10048	1	100	16	500	0.0301993	0.00852261	0.000793709	0.0077289	0.0216766	0.991808	0.0172303	0.996635	0.0187775	2.03043e-05
10049	1	100	17	500	0.0286793	0.0087457	0.000739014	0.00800669	0.0199336	0.99145	0.0182864	0.998052	0.0200559	2.05788e-05
10050	1	100	15	500	0.0300949	0.00929276	0.000857875	0.00843489	0.0208021	0.990777	0.0209457	0.99777	0.0185061	2.11235e-05
10051	1	100	14	500	0.0224329	0.00640736	0.000673137	0.00573422	0.0160256	0.9937	0.0169679	0.997327	0.0164652	2.14645e-05
10052	1	100	14	500	0.0335622	0.00981611	0.0014978	0.00831831	0.0237461	0.990577	0.0197068	0.995741	0.0207398	2.22072e-05
10053	1	100	12	500	0.0428842	0.0115973	0.00190139	0.00969594	0.0312868	0.988968	0.022014	0.992806	0.0232759	2.27316e-05
10054	1	100	12	500	0.0276756	0.00654952	0.00126801	0.00528151	0.0211261	0.991121	0.0216998	0.993296	0.0224586	2.25546e-05
10055	1	100	18	500	0.0182769	0.00672874	0.000547913	0.00618083	0.0115481	0.992363	0.0175528	0.999269	0.0188806	2.22622e-05
10056	1	100	13	500	0.0193864	0.00635864	0.000648011	0.00571063	0.0130278	0.99381	0.01584	0.998885	0.0169344	2.25901e-05
10057	1	100	13	500	0.0280033	0.00867512	0.000890445	0.00778467	0.0193282	0.991488	0.0196269	0.997638	0.0212398	2.24209e-05
10058	1	100	13	500	0.0269454	0.00919381	0.000896636	0.00829717	0.0177516	0.991179	0.0203182	0.999323	0.0218553	2.29919e-05
10059	1	100	17	500	0.0397199	0.0132967	0.00168525	0.0116114	0.0264232	0.987339	0.0232551	0.998357	0.0264038	2.31919e-05
10060	1	100	16	500	0.0215409	0.00953671	0.0010709	0.00846581	0.0120042	0.990112	0.0193239	1.0021	0.0207485	2.29687e-05
10061	1	100	16	500	0.0227157	0.00989956	0.00106049	0.00883907	0.0128161	0.989963	0.0178624	1.00212	0.0202783	2.30049e-05
10062	1	100	16	500	0.0213534	0.00907374	0.00097399	0.00809975	0.0122797	0.991044	0.0196295	1.00186	0.0214577	2.25057e-05
10063	1	100	16	500	0.0185126	0.00663441	0.00071223	0.00592218	0.0118782	0.993638	0.0169561	0.999787	0.0180211	2.30414e-05
10064	1	100	15	500	0.0167201	0.00500808	0.00054998	0.0044581	0.011712	0.995005	0.0154265	0.998126	0.0160339	2.27973e-05
10065	1	100	17	500	0.00653971	0.00392836	0.000362451	0.00356591	0.00261136	0.996025	0.0104082	1.00227	0.0108944	2.22921e-05
10066	1	100	19	500	0.00715657	0.00422694	0.000426506	0.00380043	0.00292963	0.9956	0.012204	1.00198	0.0127517	2.33142e-05
10067	1	100	15	500	0.00627253	0.00292579	0.000434712	0.00249108	0.00334673	0.997046	0.00851151	1.00043	0.00862973	2.38637e-05
10068	1	100	16	500	0.0130683	0.00418249	0.000601895	0.00358059	0.00888584	0.995972	0.0113342	0.998741	0.0118952	2.37065e-05
10069	1	100	15	500	0.0111993	0.00409069	0.000585724	0.00350497	0.00710856	0.995607	0.0130425	0.999142	0.0136222	2.42394e-05
10070	1	100	15	500	0.01544	0.00716453	0.000758981	0.00640554	0.00827546	0.992661	0.0149316	1.00188	0.0162317	2.46923e-05
10071	1	100	17	500	0.00811191	0.00263545	0.000429831	0.00220562	0.00547646	0.997295	0.00721524	0.998986	0.00763911	2.44179e-05
10072	1	100	17	500	0.00498694	0.00173112	0.000231369	0.00149975	0.00325582	0.998293	0.00526514	0.999695	0.00552614	2.37679e-05
10073	1	100	16	500	0.00512883	0.00202803	0.000191416	0.00183661	0.0031008	0.997738	0.006982	0.999883	0.00628738	2.32701e-05
10074	1	100	14	500	0.00453238	0.00108534	0.00022358	0.00086176	0.00344704	0.998727	0.00438707	0.998727	0.00438707	2.29837e-05
10075	1	100	15	500	0.00468938	0.00118647	0.000310744	0.000875728	0.00350291	0.998683	0.00346927	0.998683	0.00346927	2.23547e-05
10076	1	100	18	500	0.00475656	0.00121072	0.000298149	0.00091257	0.00354584	0.998635	0.0032734	0.998687	0.00329197	2.22982e-05
10077	1	100	13	500	0.00491747	0.00125777	0.000342846	0.000914924	0.0036597	0.998279	0.00436163	0.998315	0.00437549	2.29237e-05
10078	1	100	14	500	0.00386701	0.00102139	0.000300797	0.000720597	0.00284562	0.998851	0.00304124	0.998995	0.00309141	2.28293e-05
10079	1	100	14	500	0.0035928	0.00088945	0.000213612	0.000675838	0.00270335	0.999068	0.00270825	0.999068	0.00270825	2.2728e-05
10080	1	100	15	500	0.00588865	0.00141106	0.000291664	0.0011194	0.00447759	0.998576	0.00343463	0.998593	0.00341265	2.25438e-05
10081	1	100	15	500	0.00435973	0.00108266	0.000263393	0.000819268	0.00327707	0.998215	0.00576667	0.998249	0.00577369	2.24778e-05
10082	1	100	14	500	0.00472852	0.00114311	0.000246751	0.000896355	0.00358542	0.99881	0.00328602	0.99888	0.00323751	2.11262e-05
10083	1	100	15	500	0.00931516	0.00215725	0.000367771	0.00178948	0.00715791	0.997947	0.0046833	0.997947	0.0046833	2.20057e-05
10084	1	100	16	500	0.0163178	0.00411521	0.00106456	0.00305064	0.0122026	0.996248	0.00719799	0.996248	0.00719799	2.28325e-05
10085	1	100	11	500	0.0128353	0.00317109	0.00075503	0.00241606	0.00966422	0.995892	0.0109582	0.995892	0.0109582	2.24086e-05
10086	1	100	15	500	0.0270271	0.00647892	0.00134188	0.00513704	0.0205481	0.994165	0.013409	0.994165	0.013409	2.1983e-05
10087	1	100	14	500	0.0283483	0.00675932	0.00136209	0.00539723	0.0215889	0.993409	0.0148375	0.993409	0.0148375	2.26514e-05
10088	1	100	16	500	0.0315997	0.00828021	0.00245035	0.00582986	0.0233194	0.992262	0.0159409	0.992262	0.0159409	2.41684e-05
10089	1	100	14	500	0.0407301	0.0107384	0.00324051	0.00749793	0.0299917	0.989972	0.0175239	0.989972	0.0175239	2.39911e-05
10090	1	100	17	500	0.0330833	0.00869522	0.00259821	0.00609701	0.024388	0.992041	0.0139165	0.992041	0.0139165	2.48646e-05
10091	1	100	16	500	0.0504209	0.0123012	0.00277132	0.00952991	0.0381197	0.988836	0.0199385	0.988836	0.0199385	2.55879e-05
10092	1	100	18	500	0.0631089	0.0157436	0.00390231	0.0118413	0.0473653	0.985907	0.0255618	0.986024	0.025578	2.52894e-05
10093	1	100	16	500	0.0687104	0.0177674	0.00496996	0.0127974	0.050943	0.983765	0.0304243	0.983968	0.03049	2.54463e-05
10094	1	100	18	500	0.0733416	0.0184874	0.00477387	0.0137136	0.0548542	0.983454	0.0327264	0.983454	0.0327264	2.6253e-05
10095	1	100	18	500	0.0677127	0.0174859	0.00492926	0.0125567	0.0502268	0.974756	0.0863298	0.974841	0.0863546	2.61275e-05
10096	1	100	19	500	0.0915479	0.0238471	0.00692192	0.0169252	0.0677008	0.981766	0.0348591	0.981832	0.0348933	2.62108e-05
10097	1	100	16	500	0.0999678	0.0262306	0.0077963	0.0184343	0.0737372	0.973165	0.080102	0.973248	0.0801243	2.6834e-05
10098	1	100	19	500	0.101266	0.0270485	0.00849408	0.0185544	0.0742175	0.972144	0.0786059	0.972144	0.0786059	2.75456e-05
10099	1	100	18	500	0.0754353	0.0202972	0.00651272	0.0137845	0.0551381	0.981953	0.0333721	0.982061	0.0334131	2.75818e-05
10100	1	100	18	500	0.0666377	0.0176634	0.00540502	0.0122584	0.0489743	0.985232	0.025833	0.985261	0.0258493	2.73215e-05
10101	1	100	20	500	0.0763756	0.019325	0.00506237	0.0142626	0.0570506	0.983216	0.0279474	0.983633	0.028139	2.73116e-05
