Generation	PopulationID	SampleSize	UniqueMutations	PopulationSize	totalLoad	RelzLoad	RelzLoadHomo	RelzLoadHetero	MskLoad	MeanFitness	SdFitness	MeanFitnessCached	SdFitnessCached	Heterozygosity	
10001	1	100	37	500	0.186727	0.166348	0.0825742	0.0837742	0.020379	0.839624	0.0255511	1.14705	0.0285893	3.10247e-05
10002	1	100	33	500	0.186918	0.162318	0.0763488	0.085969	0.0246001	0.844333	0.0195719	1.15327	0.0243321	3.16253e-05
10003	1	100	30	500	0.192401	0.165638	0.0799424	0.0856961	0.0267626	0.840899	0.0259564	1.15382	0.0251002	3.16406e-05
10004	1	100	31	500	0.177245	0.157668	0.0751569	0.0825107	0.019577	0.846979	0.0224615	1.14917	0.0228655	3.1158e-05
10005	1	100	29	500	0.179646	0.161398	0.0791173	0.0822802	0.0182486	0.843628	0.0263354	1.15309	0.0246648	3.12633e-05
10006	1	100	25	500	0.185991	0.164324	0.0824654	0.0818587	0.0216665	0.842324	0.0232621	1.15465	0.0165263	3.12767e-05
10007	1	100	24	500	0.184521	0.161471	0.0794373	0.0820332	0.0230506	0.844571	0.0226037	1.15064	0.0158672	3.19314e-05
10008	1	100	22	500	0.188929	0.163711	0.0823145	0.0813961	0.0252182	0.842995	0.0211508	1.15157	0.0192006	3.20596e-05
10009	1	100	23	500	0.190445	0.164684	0.08376	0.0809244	0.0257605	0.841876	0.0219717	1.15227	0.0200853	3.17343e-05
10010	1	100	24	500	0.204968	0.170591	0.0912171	0.0793735	0.0343776	0.837874	0.0216526	1.15102	0.0192895	3.26426e-05
10011	1	100	24	500	0.22115	0.179804	0.106271	0.0735325	0.0413459	0.827856	0.0357158	1.14866	0.0406428	3.31005e-05
10012	1	100	25	500	0.220098	0.179409	0.107524	0.0718851	0.0406894	0.82822	0.0299729	1.15131	0.0336696	3.33168e-05
10013	1	100	24	500	0.230776	0.183537	0.121589	0.0619476	0.047239	0.826163	0.0217124	1.14735	0.0201527	3.32126e-05
10014	1	100	24	500	0.228336	0.182345	0.116471	0.0658741	0.0459906	0.82721	0.0292631	1.14558	0.0327094	3.45187e-05
10015	1	100	22	500	0.223233	0.180891	0.115445	0.0654466	0.0423416	0.829861	0.0200627	1.14912	0.0155897	3.38101e-05
10016	1	100	22	500	0.234189	0.184383	0.114516	0.0698669	0.0498061	0.826011	0.03185	1.14246	0.0358064	3.44639e-05
10017	1	100	21	500	0.234271	0.18809	0.124846	0.0632442	0.046181	0.820958	0.0385218	1.13813	0.0450534	3.40912e-05
10018	1	100	24	500	0.24751	0.187867	0.123728	0.064139	0.0596433	0.821787	0.0327126	1.14057	0.0386614	3.43393e-05
10019	1	100	23	500	0.268593	0.196053	0.126541	0.0695119	0.0725403	0.818101	0.0336823	1.13443	0.0379066	3.48166e-05
10020	1	100	25	500	0.278383	0.199248	0.129545	0.0697022	0.0791354	0.815441	0.039416	1.13189	0.0485101	3.50434e-05
10021	1	100	23	500	0.278401	0.201652	0.146711	0.0549403	0.0767494	0.808443	0.0471707	1.12824	0.0604154	3.36158e-05
10022	1	100	26	500	0.266451	0.196788	0.138047	0.0587408	0.0696633	0.814314	0.0353191	1.13727	0.04296	3.41706e-05
10023	1	100	26	500	0.292248	0.204786	0.139353	0.0654332	0.0874618	0.813352	0.0240484	1.13601	0.0310247	3.3755e-05
10024	1	100	29	500	0.300173	0.20763	0.144755	0.0628755	0.0925431	0.806274	0.0443425	1.12763	0.0569595	3.36982e-05
10025	1	100	26	500	0.305544	0.210361	0.147078	0.0632826	0.0951833	0.804097	0.0461282	1.12595	0.0600304	3.31215e-05
10026	1	100	23	500	0.27917	0.198065	0.132292	0.0657729	0.0811052	0.814352	0.0308366	1.14068	0.0334133	3.42089e-05
10027	1	100	29	500	0.285701	0.204564	0.14182	0.0627442	0.0811372	0.809526	0.0326494	1.13843	0.0437886	3.35378e-05
10028	1	100	32	500	0.298849	0.212693	0.143747	0.068946	0.0861558	0.803925	0.0372267	1.13722	0.0524529	3.19304e-05
10029	1	100	32	500	0.321698	0.217653	0.140175	0.0774779	0.104045	0.799386	0.0386007	1.13496	0.0572067	3.3582e-05
10030	1	100	30	500	0.351017	0.225864	0.142465	0.0833985	0.125154	0.794148	0.044507	1.12923	0.0638127	3.33162e-05
10031	1	100	28	500	0.309034	0.218178	0.141057	0.0771211	0.0908563	0.79464	0.0511073	1.13575	0.0635537	3.36109e-05
10032	1	100	31	500	0.332048	0.226651	0.13943	0.0872209	0.105398	0.791283	0.0465921	1.13774	0.0738853	3.4628e-05
10033	1	100	26	500	0.323004	0.220748	0.127995	0.0927531	0.102256	0.795141	0.0420729	1.14177	0.0668672	3.57675e-05
10034	1	100	25	500	0.31841	0.226833	0.132063	0.0947699	0.091577	0.786585	0.047926	1.14457	0.0744892	3.53878e-05
10035	1	100	27	500	0.321555	0.228292	0.128138	0.100153	0.0932631	0.789018	0.0378957	1.15346	0.0675114	3.54652e-05
10036	1	100	26	500	0.307268	0.231346	0.119985	0.111361	0.0759224	0.787116	0.0357451	1.17145	0.0736332	3.55548e-05
10037	1	100	23	500	0.302469	0.229329	0.120498	0.108831	0.0731398	0.790914	0.0321258	1.16977	0.0627748	3.52946e-05
10038	1	100	25	500	0.300299	0.230215	0.116596	0.113619	0.0700843	0.786739	0.0416695	1.17155	0.0793679	3.52562e-05
10039	1	100	28	500	0.291136	0.224016	0.114302	0.109715	0.0671192	0.79034	0.0428087	1.16569	0.075933	3.62665e-05
10040	1	100	24	500	0.288737	0.221149	0.118289	0.102861	0.0675882	0.800213	0.0313605	1.16858	0.0515825	3.66609e-05
10041	1	100	25	500	0.285157	0.213784	0.113801	0.0999834	0.071373	0.804358	0.0317224	1.15832	0.0535993	3.76485e-05
10042	1	100	23	500	0.284041	0.212445	0.118447	0.0939982	0.0715961	0.801035	0.0400929	1.1517	0.0621674	3.71809e-05
10043	1	100	25	500	0.281542	0.207322	0.124058	0.0832648	0.0742197	0.806508	0.0376156	1.14188	0.0543026	3.67613e-05
10044	1	100	25	500	0.276856	0.207057	0.123733	0.0833239	0.0697991	0.809071	0.0363512	1.14834	0.044321	3.73476e-05
10045	1	100	24	500	0.27671	0.207858	0.114714	0.0931436	0.0688519	0.806898	0.036909	1.14984	0.0546981	3.81975e-05
10046	1	100	24	500	0.269067	0.205292	0.101138	0.104154	0.0637747	0.810881	0.0376801	1.15537	0.0491712	3.89953e-05
10047	1	100	23	500	0.286077	0.216709	0.107855	0.108854	0.0693672	0.800872	0.0530988	1.15837	0.0559672	3.89475e-05
10048	1	100	22	500	0.266432	0.207104	0.0957832	0.111321	0.0593285	0.806806	0.0473529	1.16275	0.0446675	4.00893e-05
10049	1	100	23	500	0.249572	0.201091	0.0872738	0.113817	0.0484814	0.814973	0.0392628	1.17257	0.045699	3.95923e-05
10050	1	100	21	500	0.241505	0.19749	0.0857289	0.111761	0.0440156	0.816545	0.0321331	1.17269	0.0434475	3.96579e-05
10051	1	100	22	500	0.241247	0.194357	0.0849655	0.109392	0.0468895	0.817249	0.0420404	1.1658	0.0537914	4.03631e-05
10052	1	100	25	500	0.260129	0.199414	0.0933007	0.106113	0.0607156	0.816605	0.0377204	1.15959	0.0400425	4.01169e-05
10053	1	100	24	500	0.255684	0.198765	0.0879738	0.110791	0.0569188	0.816146	0.0453128	1.15815	0.0504914	3.99033e-05
10054	1	100	23	500	0.256172	0.200366	0.0867999	0.113566	0.0558065	0.817877	0.0415022	1.16736	0.0351684	4.00029e-05
10055	1	100	29	500	0.26007	0.198841	0.0854777	0.113363	0.0612287	0.81841	0.0376971	1.1634	0.0407547	4.01157e-05
10056	1	100	27	500	0.240808	0.187191	0.0810279	0.106163	0.053617	0.826032	0.0360866	1.15967	0.0402224	3.99106e-05
10057	1	100	25	500	0.219075	0.179379	0.0809844	0.0983949	0.039696	0.832819	0.0362091	1.16128	0.0421415	3.89008e-05
10058	1	100	27	500	0.236549	0.187851	0.0846086	0.103243	0.0486975	0.82351	0.0441179	1.15712	0.054248	3.83319e-05
10059	1	100	27	500	0.238423	0.189102	0.0880012	0.1011	0.0493212	0.822282	0.0509334	1.15543	0.0440587	3.81804e-05
10060	1	100	23	500	0.239796	0.191526	0.0861588	0.105367	0.0482705	0.820456	0.0495655	1.15748	0.0490266	3.90991e-05
10061	1	100	24	500	0.238343	0.189798	0.087603	0.102195	0.0485452	0.827021	0.0385248	1.16001	0.0387722	3.88382e-05
10062	1	100	22	500	0.247488	0.197106	0.0869317	0.110175	0.050382	0.820206	0.0388606	1.16764	0.0355153	3.95949e-05
10063	1	100	23	500	0.251338	0.204218	0.0898022	0.114416	0.0471199	0.814236	0.0419042	1.17785	0.0430478	4.01146e-05
10064	1	100	22	500	0.251891	0.201959	0.0885925	0.113367	0.0499315	0.816593	0.0417566	1.17182	0.0416083	3.9971e-05
10065	1	100	26	500	0.267123	0.209619	0.0917806	0.117838	0.057504	0.80777	0.0516069	1.1698	0.0491191	3.82111e-05
10066	1	100	25	500	0.270336	0.212217	0.0920328	0.120184	0.0581186	0.807603	0.0488137	1.17662	0.0610745	3.98196e-05
10067	1	100	25	500	0.270911	0.215028	0.0940591	0.120969	0.0558826	0.801563	0.0488744	1.17885	0.0641537	3.98344e-05
10068	1	100	26	500	0.264288	0.214923	0.0931973	0.121726	0.0493652	0.803925	0.0466476	1.18813	0.0596121	4.09132e-05
10069	1	100	23	500	0.261748	0.216367	0.0974885	0.118878	0.0453816	0.801336	0.0445788	1.19362	0.0600607	3.91531e-05
10070	1	100	26	500	0.244566	0.205355	0.0932454	0.112109	0.0392114	0.810237	0.0366745	1.1856	0.0550705	4.01231e-05
10071	1	100	25	500	0.238716	0.20254	0.0950739	0.107466	0.0361758	0.812176	0.0337055	1.18842	0.0497605	4.00713e-05
10072	1	100	24	500	0.231662	0.195309	0.0897982	0.105511	0.0363523	0.819296	0.0306967	1.17898	0.0400788	4.06101e-05
10073	1	100	24	500	0.237154	0.201652	0.0944234	0.107229	0.0355015	0.809489	0.0427806	1.18162	0.0656368	4.04151e-05
10074	1	100	23	500	0.236014	0.203228	0.0986415	0.104586	0.0327863	0.8095	0.0430841	1.18757	0.0607661	3.85597e-05
10075	1	100	20	500	0.221804	0.202047	0.106187	0.0958604	0.0197568	0.810799	0.0353899	1.20032	0.0524347	3.58552e-05
10076	1	100	22	500	0.22602	0.20274	0.102056	0.100684	0.0232798	0.811207	0.0352189	1.19929	0.049458	3.67813e-05
10077	1	100	19	500	0.238039	0.204371	0.100042	0.104328	0.0336685	0.810583	0.0373271	1.19484	0.055712	3.71973e-05
10078	1	100	22	500	0.237362	0.199794	0.100526	0.0992675	0.037568	0.811094	0.0395127	1.1844	0.0647338	3.69854e-05
10079	1	100	20	500	0.204018	0.187945	0.098397	0.0895481	0.0160728	0.823311	0.0334594	1.18854	0.0445348	3.60609e-05
10080	1	100	18	500	0.198423	0.189913	0.103267	0.0866463	0.00850953	0.820336	0.035035	1.19426	0.0470912	3.65094e-05
10081	1	100	22	500	0.192192	0.186266	0.105312	0.0809541	0.00592557	0.824727	0.0392513	1.19334	0.0526706	3.51447e-05
10082	1	100	17	500	0.187234	0.183257	0.106165	0.0770924	0.00397733	0.826931	0.0357427	1.19069	0.0473795	3.39404e-05
10083	1	100	17	500	0.183572	0.179006	0.103519	0.0754876	0.00456573	0.83076	0.0350693	1.18537	0.0465605	3.52582e-05
10084	1	100	17	500	0.182145	0.179024	0.10474	0.0742845	0.0031212	0.830477	0.0331339	1.18655	0.0446779	3.47941e-05
10085	1	100	18	500	0.182656	0.180066	0.10713	0.0729355	0.00259067	0.829644	0.0338875	1.18848	0.044301	3.4241e-05
10086	1	100	16	500	0.189689	0.184601	0.121105	0.0634964	0.00508723	0.825919	0.0371898	1.19175	0.0500907	3.19474e-05
10087	1	100	16	500	0.198321	0.192873	0.128345	0.0645273	0.00544806	0.818364	0.0378119	1.2001	0.0506517	3.10177e-05
10088	1	100	20	500	0.205987	0.200164	0.128366	0.0717983	0.00582287	0.812342	0.0342281	1.20873	0.0465	3.14896e-05
10089	1	100	20	500	0.208299	0.203201	0.136247	0.0669545	0.0050975	0.809428	0.037219	1.21231	0.0520968	2.98196e-05
10090	1	100	20	500	0.212418	0.206753	0.131363	0.0753902	0.00566484	0.806807	0.0394151	1.21627	0.0537606	3.02885e-05
10091	1	100	20	500	0.209491	0.204126	0.118957	0.0851689	0.00536495	0.80879	0.032569	1.21327	0.0445332	3.23191e-05
10092	1	100	18	500	0.201044	0.195403	0.101954	0.0934496	0.00564031	0.815747	0.0345154	1.20238	0.0499641	3.50551e-05
10093	1	100	18	500	0.199523	0.193147	0.102878	0.0902683	0.00637618	0.818265	0.0328108	1.1996	0.045282	3.55025e-05
10094	1	100	20	500	0.203811	0.195519	0.0959513	0.0995673	0.00829205	0.816823	0.0329132	1.20157	0.0444168	3.82658e-05
10095	1	100	19	500	0.19548	0.189005	0.0895169	0.0994885	0.00647422	0.822334	0.0301828	1.19503	0.0431972	4.00906e-05
10096	1	100	22	500	0.191934	0.185736	0.0874069	0.0983295	0.00619805	0.824601	0.0336645	1.19107	0.0482916	4.01927e-05
10097	1	100	23	500	0.197554	0.189443	0.0973759	0.0920671	0.00811105	0.822194	0.030834	1.19459	0.0435448	3.93777e-05
10098	1	100	20	500	0.200114	0.192274	0.0901139	0.10216	0.00783996	0.819719	0.0323064	1.19694	0.0486234	3.98421e-05
10099	1	100	16	500	0.208786	0.203901	0.0947424	0.109158	0.0048851	0.809306	0.0368233	1.21345	0.0519668	3.77785e-05
10100	1	100	18	500	0.2183	0.208752	0.102091	0.106661	0.00954815	0.805827	0.0395014	1.21591	0.0583336	3.64048e-05
10101	1	100	16	500	0.218332	0.207889	0.0984949	0.109394	0.0104432	0.806146	0.03619	1.21355	0.0502626	3.65302e-05
