Generation	PopulationID	SampleSize	UniqueMutations	PopulationSize	totalLoad	RelzLoad	RelzLoadHomo	RelzLoadHetero	MskLoad	MeanFitness	SdFitness	MeanFitnessCached	SdFitnessCached	Heterozygosity	
10001	1	100	54	500	0.234763	0.211351	0.160883	0.050468	0.0234125	0.800906	0.0421074	1.20592	0.0488775	3.42004e-05
10002	1	100	33	500	0.218963	0.199583	0.14792	0.0516627	0.0193802	0.812771	0.0385015	1.19933	0.0425723	3.29364e-05
10003	1	100	34	500	0.219229	0.19804	0.152358	0.0456822	0.021189	0.814463	0.0374619	1.19583	0.0424555	3.1787e-05
10004	1	100	29	500	0.2237	0.197421	0.144499	0.052922	0.0262794	0.814707	0.041176	1.19042	0.050263	3.42656e-05
10005	1	100	27	500	0.220383	0.197915	0.147125	0.0507904	0.0224683	0.814679	0.0351637	1.19456	0.0411575	3.4533e-05
10006	1	100	27	500	0.213827	0.193867	0.144547	0.0493192	0.0199605	0.817326	0.0399784	1.19085	0.0518954	3.5438e-05
10007	1	100	26	500	0.211601	0.18756	0.132774	0.0547855	0.0240416	0.823378	0.0480947	1.18038	0.0535687	3.80915e-05
10008	1	100	22	500	0.222261	0.194546	0.133107	0.0614395	0.0277144	0.813404	0.0700327	1.17833	0.0875737	3.91173e-05
10009	1	100	21	500	0.238048	0.198851	0.134818	0.0640329	0.0391964	0.815813	0.0474894	1.18152	0.0568349	3.87314e-05
10010	1	100	21	500	0.230282	0.194833	0.130438	0.0643944	0.0354488	0.82012	0.0498866	1.18098	0.054342	3.89394e-05
10011	1	100	19	500	0.227328	0.189921	0.124806	0.0651151	0.0374064	0.821532	0.0533978	1.17079	0.0540651	4.00362e-05
10012	1	100	22	500	0.234181	0.193315	0.132065	0.0612494	0.0408667	0.815369	0.0699951	1.16765	0.0919237	3.87801e-05
10013	1	100	22	500	0.219102	0.18222	0.124802	0.0574186	0.0368819	0.830109	0.0395197	1.16604	0.0454409	3.99723e-05
10014	1	100	19	500	0.197817	0.168833	0.123018	0.0458153	0.0289837	0.840526	0.0412793	1.1574	0.0429746	3.98832e-05
10015	1	100	20	500	0.100472	0.0721091	0.0247983	0.0473107	0.0283627	0.930406	0.0490746	1.05566	0.0454102	3.95156e-05
10016	1	100	20	500	0.105776	0.0803139	0.029473	0.0508409	0.025462	0.92159	0.0458618	1.0647	0.0449799	3.8577e-05
10017	1	100	18	500	0.109029	0.0796871	0.0241307	0.0555563	0.029342	0.923406	0.0538671	1.06039	0.0424231	3.95893e-05
10018	1	100	18	500	0.108408	0.0807695	0.0237314	0.0570381	0.0276386	0.923472	0.0483995	1.06344	0.0467187	4.00435e-05
10019	1	100	19	500	0.0988997	0.0754683	0.019296	0.0561723	0.0234314	0.929058	0.0494394	1.05989	0.0490007	4.13895e-05
10020	1	100	14	500	0.083397	0.0704737	0.0178064	0.0526673	0.0129233	0.931686	0.0500439	1.05953	0.0412958	3.98855e-05
10021	1	100	13	500	0.0753865	0.0648488	0.0163281	0.0485206	0.0105378	0.937151	0.044324	1.05785	0.0426374	3.78105e-05
10022	1	100	14	500	0.0812408	0.0688771	0.0185956	0.0502815	0.0123637	0.933985	0.0468169	1.0608	0.0442916	3.86701e-05
10023	1	100	13	500	0.094526	0.0805218	0.0253319	0.0551899	0.0140042	0.921937	0.0541471	1.068	0.0452469	3.9663e-05
10024	1	100	11	500	0.0982815	0.0843711	0.0290668	0.0553044	0.0139103	0.919918	0.042968	1.07304	0.0402273	3.84321e-05
10025	1	100	11	500	0.09615	0.084571	0.0345175	0.0500535	0.011579	0.917905	0.0459718	1.07587	0.0409196	3.72022e-05
10026	1	100	10	500	0.0839325	0.0752386	0.0321925	0.0430461	0.00869387	0.925893	0.0420331	1.06949	0.0373382	3.68145e-05
10027	1	100	9	500	0.0977161	0.0864208	0.0361254	0.0502954	0.0112953	0.916732	0.0400676	1.07888	0.0383251	3.65001e-05
10028	1	100	13	500	0.0951261	0.0837806	0.0361199	0.0476607	0.0113455	0.918806	0.0383819	1.07701	0.0361985	3.66432e-05
10029	1	100	14	500	0.104129	0.0892996	0.035148	0.0541515	0.0148295	0.914538	0.0428846	1.08	0.0415213	3.84253e-05
10030	1	100	12	500	0.0959593	0.0845643	0.0335017	0.0510625	0.0113951	0.91787	0.0400535	1.07803	0.039977	3.84562e-05
10031	1	100	15	500	0.107882	0.0931982	0.0369537	0.0562444	0.0146836	0.910483	0.0451636	1.08159	0.0380272	3.94199e-05
10032	1	100	10	500	0.109441	0.0955541	0.039996	0.0555581	0.0138873	0.905529	0.0521063	1.08159	0.0407934	3.87779e-05
10033	1	100	11	500	0.11811	0.102496	0.043956	0.0585402	0.0156135	0.902546	0.041895	1.09158	0.0409951	3.81758e-05
10034	1	100	14	500	0.128697	0.109566	0.0447309	0.0648348	0.0191315	0.896728	0.0425461	1.09267	0.0378487	3.90096e-05
10035	1	100	14	500	0.12336	0.104699	0.0430348	0.0616639	0.0186611	0.90164	0.0430097	1.09107	0.0421149	3.90076e-05
10036	1	100	14	500	0.121283	0.104277	0.0440749	0.0602023	0.0170061	0.900774	0.0342805	1.09108	0.033851	3.84999e-05
10037	1	100	15	500	0.119311	0.103454	0.0441472	0.0593066	0.0158569	0.902028	0.0417834	1.09254	0.0407197	3.8508e-05
10038	1	100	14	500	0.129408	0.111596	0.0520369	0.0595594	0.0178119	0.894246	0.0387682	1.09919	0.0378301	3.64675e-05
10039	1	100	15	500	0.105996	0.0925482	0.0416088	0.0509394	0.0134479	0.910437	0.0397163	1.08426	0.0380043	3.80018e-05
10040	1	100	10	500	0.118109	0.103649	0.0471031	0.0565456	0.0144602	0.901029	0.0359331	1.09408	0.0354102	3.63773e-05
10041	1	100	12	500	0.108329	0.0949677	0.0409514	0.0540163	0.0133615	0.90816	0.0460575	1.08384	0.0381195	3.709e-05
10042	1	100	16	500	0.107082	0.0914368	0.0378257	0.0536111	0.0156447	0.91215	0.0424148	1.07866	0.0381765	3.82673e-05
10043	1	100	12	500	0.104198	0.0892709	0.0359002	0.0533707	0.014927	0.912837	0.0487117	1.07446	0.0355122	3.8384e-05
10044	1	100	15	500	0.103011	0.0892893	0.0372124	0.0520769	0.0137213	0.91462	0.0397124	1.07902	0.0364973	3.8493e-05
10045	1	100	20	500	0.120733	0.0966614	0.0375052	0.0591562	0.0240715	0.908468	0.0436341	1.07816	0.0392853	3.82559e-05
10046	1	100	15	500	0.129133	0.103173	0.0419554	0.0612178	0.0259597	0.90071	0.0477087	1.08016	0.0355294	3.75284e-05
10047	1	100	14	500	0.120299	0.101428	0.0427655	0.0586629	0.0188707	0.902986	0.0468683	1.08432	0.0383713	3.75246e-05
10048	1	100	14	500	0.102162	0.0872795	0.0370934	0.0501861	0.0148828	0.915426	0.0437333	1.07522	0.0336412	3.64867e-05
10049	1	100	20	500	0.124538	0.104853	0.0437096	0.0611432	0.0196847	0.900562	0.0452874	1.08381	0.0340881	3.81601e-05
10050	1	100	17	500	0.138995	0.117201	0.0501586	0.0670425	0.0217943	0.887364	0.0586045	1.08138	0.0352652	4.08948e-05
10051	1	100	15	500	0.143736	0.119662	0.0529637	0.0666978	0.0240749	0.885908	0.0661006	1.07848	0.039669	4.08534e-05
10052	1	100	17	500	0.12716	0.10482	0.0418852	0.0629349	0.0223401	0.901977	0.0512738	1.07847	0.0377375	4.09255e-05
10053	1	100	17	500	0.117653	0.0974796	0.0363866	0.061093	0.0201734	0.909541	0.0470325	1.07657	0.0374812	4.16177e-05
10054	1	100	14	500	0.117231	0.096487	0.035657	0.06083	0.0207443	0.909144	0.0555198	1.07283	0.0388263	4.2231e-05
10055	1	100	12	500	0.124953	0.101647	0.0394871	0.0621597	0.0233064	0.905339	0.0561042	1.07108	0.0358862	4.21421e-05
10056	1	100	16	500	0.113474	0.0907014	0.0318316	0.0588698	0.0227726	0.913792	0.0566405	1.06377	0.034316	4.13817e-05
10057	1	100	13	500	0.116037	0.0949109	0.0350131	0.0598978	0.0211263	0.908984	0.0648343	1.06361	0.0387026	4.16274e-05
10058	1	100	16	500	0.118905	0.0961666	0.0378144	0.0583522	0.0227381	0.907988	0.072162	1.05738	0.0386861	4.13148e-05
10059	1	100	15	500	0.0971067	0.0784217	0.0244973	0.0539244	0.018685	0.926462	0.051562	1.05815	0.0377075	4.17063e-05
10060	1	100	16	500	0.0875132	0.067372	0.0179205	0.0494515	0.0201412	0.935704	0.0520882	1.04946	0.037389	3.99485e-05
10061	1	100	17	500	0.0802455	0.0629491	0.0159391	0.04701	0.0172964	0.938346	0.0498316	1.04653	0.0305841	3.91644e-05
10062	1	100	16	500	0.0790829	0.0638324	0.0177044	0.046128	0.0152505	0.936342	0.0569148	1.04931	0.0380486	4.05603e-05
10063	1	100	14	500	0.0966798	0.0786666	0.0249288	0.0537378	0.0180132	0.926879	0.0446995	1.06337	0.0385448	4.30117e-05
10064	1	100	14	500	0.090515	0.0729453	0.0217097	0.0512356	0.0175697	0.930356	0.0497173	1.0572	0.0402132	4.23604e-05
10065	1	100	20	500	0.099413	0.0780844	0.0238663	0.0542181	0.0213286	0.927389	0.0485351	1.05928	0.0376568	4.35902e-05
10066	1	100	15	500	0.121029	0.0956018	0.0351123	0.0604895	0.0254273	0.912809	0.0558879	1.06631	0.039539	4.45722e-05
10067	1	100	15	500	0.140547	0.110582	0.0459845	0.0645973	0.0299651	0.893625	0.0732544	1.06228	0.0377353	4.48956e-05
10068	1	100	20	500	0.146221	0.1173	0.0508292	0.0664711	0.0289209	0.892666	0.0590701	1.07603	0.0392671	4.46539e-05
10069	1	100	20	500	0.156147	0.125533	0.0591205	0.0664128	0.030614	0.882043	0.0699791	1.06832	0.0345772	4.4116e-05
10070	1	100	17	500	0.143104	0.115507	0.0505503	0.0649572	0.0275967	0.890675	0.0721716	1.06705	0.0395842	4.47085e-05
10071	1	100	19	500	0.146365	0.117005	0.052683	0.0643216	0.0293607	0.896477	0.0522479	1.07351	0.031922	4.47037e-05
10072	1	100	17	500	0.143817	0.11478	0.0508693	0.0639103	0.0290378	0.892797	0.068152	1.06479	0.0355473	4.51081e-05
10073	1	100	14	500	0.129261	0.102777	0.0414419	0.0613348	0.026484	0.905124	0.0588888	1.06409	0.0321971	4.49202e-05
10074	1	100	15	500	0.110174	0.0860489	0.0298524	0.0561965	0.0241253	0.920548	0.0620623	1.05627	0.0393716	4.36091e-05
10075	1	100	14	500	0.107837	0.0838748	0.0286194	0.0552554	0.0239624	0.919856	0.0644093	1.05124	0.033564	4.31613e-05
10076	1	100	16	500	0.112602	0.0872376	0.0311412	0.0560964	0.0253646	0.919963	0.0612804	1.0562	0.0404222	4.34302e-05
10077	1	100	16	500	0.111853	0.0873952	0.0305704	0.0568248	0.0244582	0.917908	0.0593153	1.05478	0.0299604	4.38592e-05
10078	1	100	15	500	0.112805	0.0878227	0.0301331	0.0576896	0.0249825	0.918044	0.0617519	1.05671	0.0414744	4.46763e-05
10079	1	100	14	500	0.11816	0.0925421	0.0328915	0.0596505	0.025618	0.910575	0.0693767	1.05567	0.0390475	4.5704e-05
10080	1	100	16	500	0.118281	0.0923306	0.0320733	0.0602573	0.0259507	0.915023	0.0561684	1.06117	0.0417336	4.56366e-05
10081	1	100	15	500	0.136469	0.107113	0.044414	0.0626985	0.0293569	0.898958	0.0757426	1.05767	0.0420584	4.65115e-05
10082	1	100	20	500	0.125095	0.0975486	0.0348845	0.0626641	0.0275459	0.907267	0.0663693	1.06069	0.0436632	4.66114e-05
10083	1	100	17	500	0.140199	0.106755	0.0394433	0.0673119	0.0334436	0.902568	0.0588514	1.06613	0.0447991	4.70504e-05
10084	1	100	17	500	0.123414	0.0937967	0.0329951	0.0608016	0.0296174	0.913044	0.0632464	1.05728	0.0411415	4.58599e-05
10085	1	100	17	500	0.133862	0.0962025	0.0327683	0.0634342	0.0376591	0.912592	0.0556029	1.05863	0.0449924	4.61142e-05
10086	1	100	17	500	0.117609	0.0842095	0.0245635	0.059646	0.0333991	0.920351	0.0489239	1.05724	0.0440105	4.56083e-05
10087	1	100	19	500	0.124393	0.0893819	0.0279534	0.0614285	0.0350111	0.916498	0.0479848	1.06536	0.0514305	4.65247e-05
10088	1	100	18	500	0.131764	0.0893483	0.025679	0.0636694	0.0424155	0.915711	0.046694	1.05792	0.0480515	4.65249e-05
10089	1	100	19	500	0.148525	0.0957111	0.0293536	0.0663574	0.0528136	0.90935	0.0546273	1.05683	0.053671	4.77083e-05
10090	1	100	17	500	0.135571	0.0929135	0.0280051	0.0649084	0.0426575	0.912573	0.0546995	1.05967	0.0462415	4.75918e-05
10091	1	100	17	500	0.148684	0.0992326	0.0310166	0.068216	0.0494517	0.904479	0.0592407	1.05303	0.0453543	4.89302e-05
10092	1	100	16	500	0.151312	0.0986623	0.0327142	0.0659481	0.0526501	0.910649	0.0612268	1.05253	0.0411536	4.93406e-05
10093	1	100	17	500	0.126706	0.0795422	0.022522	0.0570203	0.047164	0.925831	0.0531667	1.04246	0.0493461	4.74499e-05
10094	1	100	16	500	0.126468	0.0843677	0.0249156	0.0594522	0.0421003	0.922384	0.0497409	1.05103	0.0443062	4.89448e-05
10095	1	100	18	500	0.125311	0.0787056	0.0210667	0.0576389	0.0466055	0.924215	0.0576233	1.03831	0.047997	4.79705e-05
10096	1	100	23	500	0.135818	0.0805209	0.0225074	0.0580135	0.0552971	0.926828	0.0586326	1.03545	0.0461937	4.73143e-05
10097	1	100	18	500	0.125096	0.0777991	0.0217015	0.0560976	0.0472967	0.928379	0.0585738	1.03884	0.0560329	4.82704e-05
10098	1	100	19	500	0.121407	0.073894	0.0181045	0.0557895	0.0475135	0.929384	0.05908	1.03495	0.045619	4.69571e-05
10099	1	100	18	500	0.121218	0.0743233	0.0188049	0.0555183	0.0468948	0.932329	0.0508815	1.04005	0.0457512	4.73536e-05
10100	1	100	18	500	0.12794	0.0793783	0.0217017	0.0576766	0.048562	0.926392	0.062737	1.03966	0.0429633	4.64664e-05
10101	1	100	19	500	0.107563	0.0692384	0.0158295	0.0534089	0.0383245	0.934871	0.0544684	1.04127	0.0467564	4.42331e-05
