Generation	PopulationID	SampleSize	UniqueMutations	PopulationSize	totalLoad	RelzLoad	RelzLoadHomo	RelzLoadHetero	MskLoad	MeanFitness	SdFitness	MeanFitnessCached	SdFitnessCached	Heterozygosity	
10001	1	100	45	500	0.266814	0.241536	0.219154	0.0223819	0.0252782	0.772884	0.0277913	1.23406	0.0399835	2.45876e-05
10002	1	100	27	500	0.274018	0.242786	0.215268	0.0275182	0.0312324	0.774118	0.0307585	1.23537	0.0380754	2.41929e-05
10003	1	100	21	500	0.121254	0.101033	0.0827208	0.0183117	0.020221	0.901566	0.0226379	1.08732	0.0278785	2.27146e-05
10004	1	100	19	500	0.116098	0.0996702	0.0829303	0.0167399	0.0164273	0.90208	0.0210359	1.08936	0.0250956	2.30972e-05
10005	1	100	19	500	0.114478	0.0975094	0.0795686	0.0179408	0.0169691	0.904104	0.023881	1.08734	0.0299186	2.38784e-05
10006	1	100	18	500	0.111209	0.0951341	0.0767027	0.0184314	0.0160754	0.906137	0.0257042	1.08551	0.0297267	2.39761e-05
10007	1	100	15	500	0.114649	0.0996228	0.0836465	0.0159763	0.0150261	0.9007	0.0237377	1.08955	0.0267568	2.3404e-05
10008	1	100	15	500	0.11367	0.102332	0.0903946	0.0119378	0.011338	0.898439	0.0184613	1.09557	0.0227355	2.22759e-05
10009	1	100	15	500	0.1196	0.101822	0.0871114	0.0147102	0.0177788	0.895571	0.0250251	1.08685	0.0419771	2.26614e-05
10010	1	100	15	500	0.120027	0.104666	0.090349	0.0143168	0.015361	0.896619	0.0179949	1.09552	0.0216054	2.28538e-05
10011	1	100	13	500	0.129919	0.109389	0.0934041	0.0159847	0.0205305	0.892537	0.0197843	1.09743	0.0259708	2.18041e-05
10012	1	100	12	500	0.131485	0.111486	0.0976171	0.0138691	0.0199991	0.889353	0.0206355	1.09883	0.0276	2.12036e-05
10013	1	100	12	500	0.135034	0.111049	0.0966641	0.0143848	0.0239847	0.88855	0.0219761	1.09423	0.0355033	2.18309e-05
10014	1	100	12	500	0.119496	0.104158	0.0872816	0.0168768	0.015338	0.897613	0.0212625	1.09518	0.0286019	2.18845e-05
10015	1	100	11	500	0.122508	0.10656	0.0900726	0.0164876	0.0159474	0.894756	0.019136	1.09746	0.030161	2.16021e-05
10016	1	100	14	500	0.130785	0.110249	0.095832	0.0144171	0.0205356	0.891311	0.0194972	1.09888	0.0259663	2.11228e-05
10017	1	100	15	500	0.143681	0.112306	0.0941841	0.0181221	0.0313746	0.889995	0.0230448	1.0941	0.0286191	2.25137e-05
10018	1	100	17	500	0.139958	0.111324	0.0915485	0.0197753	0.0286338	0.890921	0.023574	1.09525	0.0313351	2.2881e-05
10019	1	100	17	500	0.143821	0.10982	0.0874382	0.022382	0.0340012	0.89192	0.0225642	1.08861	0.0377231	2.3392e-05
10020	1	100	19	500	0.155214	0.115651	0.0924827	0.0231682	0.0395628	0.884277	0.0461187	1.088	0.0597019	2.24225e-05
10021	1	100	15	500	0.160176	0.115815	0.0939414	0.0218735	0.0443611	0.888042	0.0228372	1.08891	0.0307044	2.24482e-05
10022	1	100	16	500	0.171668	0.12057	0.100705	0.0198654	0.051098	0.884721	0.0250962	1.08858	0.0294107	2.27077e-05
10023	1	100	16	500	0.180903	0.125556	0.103836	0.0217198	0.0553474	0.883824	0.0251451	1.08434	0.0295388	2.27524e-05
10024	1	100	15	500	0.188536	0.128212	0.104514	0.0236974	0.0603241	0.876643	0.0570511	1.07563	0.0701732	2.31611e-05
10025	1	100	16	500	0.17397	0.126664	0.107812	0.0188511	0.0473068	0.880209	0.0216422	1.09468	0.0291119	2.27929e-05
10026	1	100	17	500	0.191782	0.132249	0.110622	0.0216276	0.0595326	0.873706	0.0453146	1.08607	0.0581618	2.32327e-05
10027	1	100	14	500	0.0796773	0.0287996	0.0086394	0.0201602	0.0508777	0.97042	0.0573583	0.988618	0.0626056	2.29231e-05
10028	1	100	11	500	0.083206	0.0326942	0.0136709	0.0190233	0.0505118	0.968388	0.0673312	0.983399	0.0712948	2.3039e-05
10029	1	100	15	500	0.0883928	0.0363466	0.0156712	0.0206754	0.0520463	0.964944	0.0693474	0.983626	0.0739923	2.27827e-05
10030	1	100	9	500	0.110542	0.0477879	0.0253331	0.0224548	0.0627546	0.958387	0.0793535	0.97436	0.0834434	2.23712e-05
10031	1	100	11	500	0.1227	0.0532031	0.0281728	0.0250303	0.0694972	0.955444	0.0773209	0.974212	0.0833736	2.2362e-05
10032	1	100	12	500	0.117897	0.0495605	0.0255435	0.024017	0.0683361	0.953201	0.0876835	0.969718	0.0929538	2.25474e-05
10033	1	100	14	500	0.0963205	0.0391895	0.016218	0.0229715	0.057131	0.956034	0.0857808	0.978379	0.0924248	2.27474e-05
10034	1	100	11	500	0.0976779	0.0388374	0.016305	0.0225325	0.0588405	0.965062	0.0629738	0.984288	0.0675037	2.30229e-05
10035	1	100	9	500	0.103482	0.0387521	0.0163697	0.0223823	0.0647303	0.956955	0.0863404	0.971879	0.0909472	2.27239e-05
10036	1	100	11	500	0.113826	0.0437476	0.0201449	0.0236028	0.0700786	0.946927	0.105678	0.961457	0.111299	2.22492e-05
10037	1	100	15	500	0.126426	0.0483855	0.0224453	0.0259402	0.0780405	0.95042	0.0917575	0.965296	0.0971676	2.30161e-05
10038	1	100	12	500	0.162833	0.0671032	0.0380089	0.0290943	0.0957302	0.921956	0.12967	0.933338	0.134438	2.18528e-05
10039	1	100	12	500	0.153339	0.0638488	0.0367928	0.027056	0.0894897	0.939313	0.107068	0.949668	0.110048	2.14479e-05
10040	1	100	13	500	0.146151	0.0599943	0.0343097	0.0256846	0.0861568	0.935872	0.117354	0.944744	0.120748	2.08601e-05
10041	1	100	14	500	0.181662	0.0765724	0.04743	0.0291424	0.10509	0.917784	0.133993	0.92363	0.135565	2.1072e-05
10042	1	100	15	500	0.194829	0.081152	0.0486103	0.0325417	0.113677	0.9088	0.140498	0.917467	0.143146	2.0999e-05
10043	1	100	15	500	0.225819	0.0993723	0.0628525	0.0365198	0.126446	0.902041	0.140743	0.911975	0.140806	2.08818e-05
10044	1	100	14	500	0.17915	0.0776594	0.048004	0.0296554	0.10149	0.921365	0.129248	0.930324	0.129346	2.11733e-05
10045	1	100	15	500	0.174483	0.0746063	0.0445974	0.0300089	0.0998763	0.923703	0.128352	0.933894	0.127468	2.14734e-05
10046	1	100	12	500	0.155014	0.0618981	0.0332585	0.0286395	0.0931156	0.938171	0.112201	0.949313	0.110453	2.03523e-05
10047	1	100	16	500	0.194529	0.0812122	0.0461844	0.0350279	0.113317	0.930405	0.109095	0.944978	0.107538	2.05673e-05
10048	1	100	12	500	0.202196	0.0813484	0.0451238	0.0362245	0.120848	0.917875	0.126136	0.93081	0.126483	2.03314e-05
10049	1	100	10	500	0.223051	0.0905259	0.0494689	0.041057	0.132526	0.910829	0.130388	0.92828	0.127517	2.05691e-05
10050	1	100	12	500	0.143883	0.0521785	0.0227208	0.0294577	0.0917046	0.937538	0.114827	0.951971	0.114697	2.04655e-05
10051	1	100	13	500	0.154133	0.0606651	0.0287744	0.0318906	0.0934682	0.940774	0.100438	0.961187	0.0989951	1.9599e-05
10052	1	100	14	500	0.136902	0.0532334	0.022704	0.0305293	0.0836686	0.939756	0.129441	0.963706	0.131175	1.95361e-05
10053	1	100	11	500	0.124908	0.0493755	0.01931	0.0300655	0.0755327	0.956222	0.0581316	0.989848	0.0621457	1.95165e-05
10054	1	100	11	500	0.113609	0.0448988	0.0174175	0.0274814	0.06871	0.965889	0.032609	0.994591	0.0329558	1.97695e-05
10055	1	100	11	500	0.127348	0.0496727	0.0189396	0.0307331	0.0776755	0.953623	0.0692834	0.987435	0.0682857	1.99762e-05
10056	1	100	12	500	0.127204	0.046372	0.014922	0.03145	0.0808322	0.95172	0.0752294	0.985288	0.0761622	1.86425e-05
10057	1	100	11	500	0.126083	0.0489305	0.0186977	0.0302328	0.0771526	0.944479	0.0939869	0.976419	0.0991228	1.84745e-05
10058	1	100	11	500	0.12963	0.0492206	0.0179512	0.0312694	0.0804091	0.947588	0.113819	0.979667	0.116184	1.84344e-05
10059	1	100	10	500	0.136925	0.0541927	0.021836	0.0323567	0.0827327	0.951736	0.0625445	0.989014	0.0666086	1.9118e-05
10060	1	100	9	500	0.134386	0.0525185	0.0206953	0.0318232	0.0818671	0.939989	0.113295	0.973879	0.118155	1.86687e-05
10061	1	100	11	500	0.141195	0.05094	0.0170479	0.0338921	0.0902548	0.94239	0.121286	0.975067	0.121914	1.78399e-05
10062	1	100	13	500	0.0784692	0.0309612	0.0081729	0.0227883	0.047508	0.971581	0.0358702	1.00342	0.0272991	1.75189e-05
10063	1	100	12	500	0.0566802	0.0258201	0.00713328	0.0186868	0.0308601	0.970788	0.0556663	1.00292	0.0546068	1.84774e-05
10064	1	100	12	500	0.047694	0.0242343	0.00699123	0.0172431	0.0234596	0.976337	0.0286699	1.01163	0.0230859	1.73348e-05
10065	1	100	12	500	0.0365001	0.02212	0.00703438	0.0150857	0.01438	0.977917	0.0245471	1.01412	0.020863	1.7517e-05
10066	1	100	12	500	0.0189369	0.0171641	0.00569456	0.0114696	0.00177279	0.982778	0.0154282	1.01619	0.0151405	1.78226e-05
10067	1	100	12	500	0.0227382	0.0186742	0.00554587	0.0131284	0.00406395	0.981109	0.0178336	1.01618	0.0166253	1.81616e-05
10068	1	100	12	500	0.0171007	0.0145276	0.00393537	0.0105923	0.00257304	0.984935	0.0163215	1.01372	0.0152677	1.62234e-05
10069	1	100	13	500	0.017922	0.0152231	0.00352481	0.0116983	0.0026989	0.984691	0.0183362	1.01383	0.0172517	1.61089e-05
10070	1	100	14	500	0.0104431	0.00888224	0.00149627	0.00738597	0.00156085	0.990941	0.0135334	1.00778	0.0124617	1.42356e-05
10071	1	100	9	500	0.0164513	0.0122472	0.00261795	0.00962927	0.0042041	0.987646	0.0168588	1.0097	0.0152143	1.50118e-05
10072	1	100	9	500	0.023954	0.0139473	0.00278615	0.0111612	0.0100066	0.9858	0.0187277	1.00807	0.0151	1.60308e-05
10073	1	100	10	500	0.0407086	0.0180227	0.00358469	0.014438	0.0226859	0.982768	0.0257639	1.00535	0.0156468	1.49661e-05
10074	1	100	11	500	0.0338447	0.0160276	0.00318824	0.0128394	0.017817	0.984738	0.0238971	1.00589	0.0136145	1.44234e-05
10075	1	100	12	500	0.0229142	0.0106904	0.00137487	0.0093155	0.0122238	0.989568	0.020837	1.00409	0.0133194	1.32458e-05
10076	1	100	13	500	0.0280602	0.0127596	0.0018417	0.0109179	0.0153006	0.987577	0.0265426	1.00445	0.0166681	1.32067e-05
10077	1	100	13	500	0.0371473	0.0173881	0.00342123	0.0139669	0.0197591	0.98313	0.0245741	1.0068	0.0198031	1.54953e-05
10078	1	100	12	500	0.029248	0.014175	0.00238715	0.0117879	0.015073	0.98624	0.0246138	1.00615	0.0172829	1.54669e-05
10079	1	100	12	500	0.0380296	0.0183604	0.00372308	0.0146373	0.0196692	0.98221	0.0241139	1.0078	0.0203749	1.70412e-05
10080	1	100	10	500	0.0587823	0.0243279	0.00534623	0.0189816	0.0344545	0.977594	0.0325122	1.00446	0.0265044	1.80675e-05
10081	1	100	10	500	0.102973	0.043201	0.0149446	0.0282565	0.059772	0.962901	0.0391135	1.00457	0.0309752	2.01689e-05
10082	1	100	10	500	0.0957147	0.0399212	0.0131592	0.026762	0.0557935	0.965819	0.0437786	1.00424	0.02471	1.99536e-05
10083	1	100	10	500	0.11487	0.0451846	0.0167369	0.0284477	0.0696852	0.963787	0.0410751	0.997211	0.0307373	1.91504e-05
10084	1	100	15	500	0.118939	0.0469619	0.0173294	0.0296325	0.0719769	0.962887	0.0432035	0.996645	0.0294817	1.93589e-05
10085	1	100	12	500	0.137703	0.0569043	0.0236497	0.0332546	0.0807992	0.949828	0.0844058	0.991431	0.0806684	2.01562e-05
10086	1	100	8	500	0.12983	0.0537659	0.0222825	0.0314834	0.0760643	0.950778	0.0892124	0.990581	0.0868921	2.00413e-05
10087	1	100	11	500	0.199197	0.0879482	0.0470238	0.0409244	0.111248	0.929185	0.115448	0.973204	0.112883	2.07801e-05
10088	1	100	10	500	0.209733	0.0969496	0.0548811	0.0420684	0.112783	0.933375	0.0748624	0.984462	0.0706799	2.10066e-05
10089	1	100	9	500	0.138919	0.0588328	0.0256367	0.0331961	0.0800867	0.945877	0.0983851	0.988387	0.0978777	2.17657e-05
10090	1	100	12	500	0.106932	0.0452697	0.0164292	0.0288405	0.0616625	0.960361	0.0584322	1.00136	0.0535857	2.11097e-05
10091	1	100	11	500	0.101126	0.0403592	0.013549	0.0268103	0.0607667	0.957642	0.0990905	0.988534	0.0961192	2.04559e-05
10092	1	100	9	500	0.118473	0.048658	0.0179875	0.0306705	0.069815	0.961816	0.0427205	0.99902	0.0331834	2.07637e-05
10093	1	100	10	500	0.143479	0.0601289	0.0257784	0.0343505	0.0833502	0.947194	0.0959814	0.9865	0.0920456	2.16893e-05
10094	1	100	9	500	0.151271	0.0659994	0.0288672	0.0371322	0.0852714	0.934055	0.125156	0.981216	0.126342	2.23975e-05
10095	1	100	12	500	0.145504	0.0625488	0.0273584	0.0351904	0.0829551	0.951963	0.0434625	0.999221	0.0374852	2.18068e-05
10096	1	100	14	500	0.121076	0.0517987	0.0191979	0.0326008	0.0692776	0.956002	0.0408128	1.00569	0.0378438	2.22001e-05
10097	1	100	12	500	0.142329	0.0581002	0.0230265	0.0350737	0.0842287	0.947064	0.0831291	0.992639	0.0827255	2.22539e-05
10098	1	100	13	500	0.113573	0.0463457	0.0155734	0.0307722	0.0672274	0.959847	0.0376727	1.00278	0.0363506	2.24675e-05
10099	1	100	13	500	0.132251	0.052537	0.0190785	0.0334585	0.0797144	0.950297	0.0773768	0.992475	0.0783067	2.35174e-05
10100	1	100	14	500	0.1482	0.0595651	0.0245282	0.0350369	0.0886345	0.946487	0.084853	0.989066	0.0829651	2.37054e-05
10101	1	100	11	500	0.123829	0.0504038	0.0191072	0.0312966	0.0734256	0.951327	0.08268	0.991218	0.0841907	2.35677e-05
