Generation	PopulationID	SampleSize	UniqueMutations	PopulationSize	totalLoad	RelzLoad	RelzLoadHomo	RelzLoadHetero	MskLoad	MeanFitness	SdFitness	MeanFitnessCached	SdFitnessCached	Heterozygosity	
10001	1	100	40	500	0.0606668	0.0506967	0.0092769	0.0414198	0.0099701	0.9494	0.0523142	1.04526	0.0522887	1.49488e-05
10002	1	100	24	500	0.0563141	0.0467635	0.00734033	0.0394231	0.00955066	0.953149	0.0516996	1.04145	0.0529981	1.50928e-05
10003	1	100	17	500	0.0434057	0.0338055	0.00344583	0.0303596	0.00960021	0.965284	0.0419222	1.02742	0.042904	1.59215e-05
10004	1	100	15	500	0.0344288	0.027483	0.00246002	0.025023	0.00694583	0.972731	0.0381527	1.0238	0.039744	1.6546e-05
10005	1	100	16	500	0.0445288	0.0349697	0.0039655	0.0310042	0.00955907	0.96456	0.0433371	1.02911	0.0485548	1.61686e-05
10006	1	100	14	500	0.0601222	0.04846	0.00818691	0.0402731	0.0116622	0.951413	0.0443732	1.04103	0.0443091	1.52721e-05
10007	1	100	13	500	0.0535245	0.0428192	0.00587034	0.0369488	0.0107054	0.957711	0.0457286	1.03697	0.0500539	1.50864e-05
10008	1	100	11	500	0.0550306	0.0477445	0.00723766	0.0405069	0.00728607	0.952834	0.0513017	1.04406	0.0545417	1.50889e-05
10009	1	100	11	500	0.0473178	0.0422005	0.0064285	0.035772	0.00511737	0.958024	0.0458094	1.0396	0.0489441	1.56105e-05
10010	1	100	14	500	0.0466373	0.0364567	0.00438796	0.0320687	0.0101806	0.963509	0.0419085	1.03131	0.046057	1.60797e-05
10011	1	100	13	500	0.0669352	0.0533959	0.00894553	0.0444504	0.0135393	0.947489	0.0489539	1.04584	0.0544713	1.62465e-05
10012	1	100	14	500	0.0640121	0.0515619	0.00828517	0.0432767	0.0124502	0.948838	0.0520983	1.04413	0.0559829	1.62038e-05
10013	1	100	16	500	0.0716621	0.0475828	0.00766786	0.0399149	0.0240793	0.950877	0.0540464	1.03118	0.064435	1.61606e-05
10014	1	100	17	500	0.0809084	0.0487582	0.00712596	0.0416323	0.0321502	0.952943	0.0446495	1.03105	0.0569183	1.63863e-05
10015	1	100	15	500	0.083345	0.0481679	0.0069686	0.0411993	0.0351771	0.953583	0.0436101	1.02789	0.0536105	1.668e-05
10016	1	100	17	500	0.0777492	0.0484498	0.00726319	0.0411866	0.0292994	0.953384	0.0500241	1.03163	0.0526821	1.66053e-05
10017	1	100	17	500	0.0735085	0.0417388	0.00525461	0.0364842	0.0317697	0.95965	0.0496126	1.02248	0.0572266	1.73216e-05
10018	1	100	14	500	0.0616502	0.0336771	0.00415733	0.0295198	0.0279731	0.964066	0.0470034	1.01235	0.0551161	1.71148e-05
10019	1	100	15	500	0.0789247	0.0403773	0.00498591	0.0353913	0.0385475	0.959715	0.0462004	1.01634	0.0571568	1.71608e-05
10020	1	100	19	500	0.0756952	0.0473131	0.00688237	0.0404308	0.0283821	0.9511	0.0505917	1.02664	0.0662383	1.72133e-05
10021	1	100	17	500	0.0735532	0.0393414	0.0057706	0.0335708	0.0342118	0.961863	0.040777	1.01591	0.046101	1.75097e-05
10022	1	100	15	500	0.0900235	0.0456804	0.00708633	0.0385941	0.0443431	0.957874	0.0455848	1.0187	0.0488392	1.77346e-05
10023	1	100	14	500	0.0929548	0.0539641	0.010342	0.0436221	0.0389908	0.946472	0.0473372	1.02694	0.0582547	1.79184e-05
10024	1	100	17	500	0.0972254	0.0502833	0.0087041	0.0415792	0.0469421	0.952438	0.0486201	1.0219	0.0547876	1.75722e-05
10025	1	100	16	500	0.0940569	0.0515022	0.0101746	0.0413275	0.0425547	0.951208	0.0434861	1.0254	0.0516083	1.72432e-05
10026	1	100	16	500	0.120114	0.0619145	0.0132511	0.0486634	0.058199	0.932027	0.0970615	1.01651	0.112709	1.71772e-05
10027	1	100	13	500	0.0816992	0.05201	0.00938907	0.0426209	0.0296892	0.949291	0.0492806	1.03528	0.0579589	1.74453e-05
10028	1	100	12	500	0.117927	0.0689829	0.0175373	0.0514456	0.0489438	0.933521	0.0520389	1.03967	0.0687482	1.65093e-05
10029	1	100	11	500	0.113498	0.0663343	0.0152818	0.0510525	0.0471633	0.935286	0.0497052	1.03725	0.0597694	1.75505e-05
10030	1	100	15	500	0.13547	0.0862009	0.0266749	0.059526	0.0492692	0.903335	0.126086	1.04347	0.148206	1.665e-05
10031	1	100	14	500	0.12846	0.0783626	0.0217487	0.0566139	0.0500974	0.924201	0.0516339	1.04749	0.0683046	1.76114e-05
10032	1	100	13	500	0.131029	0.0732357	0.0189688	0.0542669	0.0577933	0.927573	0.0507059	1.03264	0.0729216	1.852e-05
10033	1	100	12	500	0.117482	0.0684545	0.0194237	0.0490308	0.0490271	0.928444	0.102795	1.02983	0.114386	1.82616e-05
10034	1	100	12	500	0.126707	0.0721647	0.0215884	0.0505763	0.0545425	0.931802	0.0490416	1.03575	0.0699502	1.85278e-05
10035	1	100	15	500	0.139467	0.0779333	0.0220169	0.0559164	0.0615336	0.917813	0.0988107	1.03052	0.114522	1.87215e-05
10036	1	100	16	500	0.132281	0.0760011	0.0217524	0.0542487	0.0562799	0.923093	0.0551352	1.03556	0.0771339	1.81429e-05
10037	1	100	13	500	0.109124	0.0674657	0.0181358	0.0493299	0.0416587	0.934898	0.0497313	1.04282	0.0671988	1.76693e-05
10038	1	100	14	500	0.101794	0.0608962	0.0136232	0.047273	0.040898	0.942192	0.0484788	1.03609	0.0537226	1.86051e-05
10039	1	100	12	500	0.137476	0.0727503	0.0176711	0.0550792	0.0647254	0.91932	0.114809	1.01962	0.13371	1.89337e-05
10040	1	100	17	500	0.143394	0.0783726	0.0195726	0.0588	0.0650219	0.923557	0.0565316	1.0353	0.0763485	1.92877e-05
10041	1	100	14	500	0.145304	0.0840582	0.0237527	0.0603055	0.0612459	0.915177	0.0704999	1.04255	0.0904711	1.86713e-05
10042	1	100	16	500	0.155054	0.0882742	0.0239389	0.0643353	0.0667795	0.9156	0.0538851	1.04747	0.0725622	1.89105e-05
10043	1	100	15	500	0.142821	0.0864759	0.0253652	0.0611107	0.0563452	0.916479	0.050869	1.05373	0.0767482	1.79979e-05
10044	1	100	13	500	0.146047	0.0852356	0.0249172	0.0603184	0.0608112	0.916559	0.0572446	1.04609	0.0789715	1.8539e-05
10045	1	100	14	500	0.170886	0.099378	0.0319918	0.0673862	0.071508	0.898887	0.088897	1.04589	0.120767	1.83033e-05
10046	1	100	14	500	0.191423	0.10525	0.0359663	0.0692835	0.086173	0.890388	0.123641	1.03477	0.155135	1.83192e-05
10047	1	100	14	500	0.197287	0.114074	0.040008	0.0740663	0.0832122	0.896158	0.0426903	1.05894	0.0746069	1.83008e-05
10048	1	100	17	500	0.214071	0.117195	0.0435963	0.0735982	0.0968766	0.873905	0.133104	1.03565	0.168392	1.79314e-05
10049	1	100	15	500	0.201984	0.118037	0.0467968	0.0712406	0.0839463	0.890089	0.0445183	1.06583	0.0822652	1.76774e-05
10050	1	100	17	500	0.219296	0.125124	0.0499335	0.0751903	0.0941719	0.885735	0.0435863	1.06383	0.0789621	1.80168e-05
10051	1	100	14	500	0.240473	0.125808	0.0494416	0.0763662	0.114666	0.891852	0.0458091	1.04442	0.0892321	1.88821e-05
10052	1	100	17	500	0.269511	0.138206	0.0572107	0.0809957	0.131305	0.877662	0.059438	1.03499	0.107043	1.85335e-05
10053	1	100	14	500	0.265267	0.139444	0.0628421	0.0766015	0.125823	0.879405	0.0541581	1.04097	0.0981517	1.79118e-05
10054	1	100	15	500	0.244229	0.134405	0.0639846	0.0704207	0.109823	0.884881	0.0632818	1.03347	0.105898	1.79402e-05
10055	1	100	17	500	0.244272	0.129615	0.0566813	0.0729336	0.114657	0.88339	0.0712834	1.02757	0.109905	1.84812e-05
10056	1	100	18	500	0.28779	0.146196	0.0699267	0.0762692	0.141594	0.879852	0.0617627	1.01998	0.106634	1.81971e-05
10057	1	100	15	500	0.275671	0.142411	0.0684131	0.0739978	0.13326	0.879497	0.0538811	1.03703	0.0980296	1.72801e-05
10058	1	100	16	500	0.279914	0.144078	0.0685635	0.0755143	0.135836	0.874113	0.0880547	1.02837	0.129059	1.77648e-05
10059	1	100	12	500	0.283404	0.148983	0.0746664	0.0743167	0.134421	0.851439	0.127962	1.02515	0.179442	1.67913e-05
10060	1	100	14	500	0.258115	0.144531	0.0748247	0.0697062	0.113584	0.850008	0.145061	1.0407	0.190931	1.65304e-05
10061	1	100	13	500	0.244249	0.14385	0.0795569	0.0642928	0.100399	0.870512	0.0430101	1.07336	0.091291	1.60739e-05
10062	1	100	13	500	0.260845	0.140899	0.0679754	0.0729233	0.119947	0.869022	0.100008	1.04557	0.133481	1.81077e-05
10063	1	100	15	500	0.276515	0.149729	0.0757007	0.0740283	0.126786	0.83397	0.187834	1.01329	0.238685	1.72963e-05
10064	1	100	17	500	0.267599	0.146223	0.074976	0.071247	0.121376	0.841446	0.165991	1.03039	0.213017	1.69264e-05
10065	1	100	17	500	0.263903	0.149893	0.076526	0.0733675	0.114009	0.838615	0.156603	1.04424	0.205681	1.71273e-05
10066	1	100	19	500	0.282513	0.155454	0.0766785	0.0787752	0.12706	0.853302	0.104693	1.05534	0.146148	1.82673e-05
10067	1	100	17	500	0.25626	0.14699	0.0703104	0.0766796	0.10927	0.868523	0.0445707	1.07145	0.0819523	1.82919e-05
10068	1	100	19	500	0.202452	0.131404	0.0647896	0.0666146	0.0710478	0.874582	0.042839	1.08967	0.0736822	1.75876e-05
10069	1	100	16	500	0.217977	0.136883	0.0727263	0.0641565	0.0810938	0.871275	0.0479613	1.08532	0.0799506	1.72717e-05
10070	1	100	19	500	0.231767	0.141366	0.0787528	0.0626134	0.0904006	0.869136	0.0496539	1.08027	0.0778637	1.63339e-05
10071	1	100	17	500	0.228148	0.140865	0.0786875	0.0621777	0.0872823	0.853181	0.128541	1.06595	0.170311	1.62597e-05
10072	1	100	19	500	0.235015	0.146162	0.0824851	0.0636769	0.0888531	0.851713	0.116226	1.07264	0.154203	1.60468e-05
10073	1	100	21	500	0.224987	0.145417	0.0826628	0.0627545	0.0795699	0.863523	0.0379055	1.09446	0.0744395	1.61753e-05
10074	1	100	23	500	0.191417	0.132477	0.0776854	0.0547918	0.0589402	0.872483	0.046165	1.09667	0.0678178	1.58939e-05
10075	1	100	18	500	0.197952	0.131049	0.0737132	0.0573361	0.0669032	0.87465	0.0477281	1.09013	0.0716624	1.64811e-05
10076	1	100	15	500	0.193883	0.127921	0.0738905	0.0540309	0.0659616	0.874388	0.071028	1.08509	0.0961172	1.66451e-05
10077	1	100	12	500	0.172739	0.120834	0.0719489	0.0488854	0.0519051	0.88261	0.0464048	1.08967	0.073534	1.64731e-05
10078	1	100	13	500	0.17432	0.124583	0.0780019	0.0465813	0.0497368	0.872302	0.0862001	1.0884	0.112788	1.63164e-05
10079	1	100	12	500	0.160656	0.117483	0.0668624	0.0506204	0.0431736	0.885665	0.0480035	1.09207	0.0664045	1.71717e-05
10080	1	100	12	500	0.141894	0.114427	0.0682214	0.0462057	0.0274666	0.887431	0.0559938	1.09913	0.063472	1.69841e-05
10081	1	100	16	500	0.135012	0.115781	0.0742682	0.0415123	0.0192315	0.884951	0.0553684	1.10505	0.061129	1.6374e-05
10082	1	100	14	500	0.148488	0.116825	0.0701347	0.0466903	0.0316629	0.884928	0.0565539	1.09841	0.0657648	1.67095e-05
10083	1	100	11	500	0.16004	0.127832	0.0903608	0.0374713	0.0322083	0.87364	0.0470346	1.10947	0.0581415	1.54685e-05
10084	1	100	11	500	0.146583	0.121858	0.0842201	0.037638	0.0247251	0.877432	0.0554874	1.10465	0.0575309	1.54987e-05
10085	1	100	11	500	0.140093	0.12175	0.0863124	0.0354371	0.0183432	0.879434	0.0483012	1.11083	0.0490244	1.53387e-05
10086	1	100	12	500	0.151154	0.122142	0.082793	0.039349	0.0290123	0.879576	0.0421965	1.10547	0.0545589	1.5857e-05
10087	1	100	9	500	0.157655	0.121151	0.0790771	0.0420738	0.0365041	0.871651	0.101358	1.09067	0.127746	1.60385e-05
10088	1	100	11	500	0.136175	0.114667	0.0760676	0.038599	0.021508	0.886092	0.0471136	1.10265	0.0583195	1.61513e-05
10089	1	100	10	500	0.124768	0.111278	0.0743005	0.0369776	0.0134901	0.889193	0.0539804	1.1039	0.0553848	1.63866e-05
10090	1	100	12	500	0.123634	0.104756	0.0635783	0.0411781	0.0188778	0.895816	0.0506073	1.09448	0.0519979	1.75644e-05
10091	1	100	10	500	0.109365	0.0995565	0.0597012	0.0398553	0.0098085	0.898977	0.0629548	1.09106	0.0620849	1.75708e-05
10092	1	100	9	500	0.117182	0.102349	0.0616916	0.0406575	0.0148325	0.898883	0.0545112	1.09306	0.052885	1.73713e-05
10093	1	100	9	500	0.125785	0.106106	0.0646664	0.0414395	0.0196792	0.893364	0.0652101	1.0903	0.0613962	1.75326e-05
10094	1	100	9	500	0.141381	0.122907	0.0888506	0.0340559	0.0184749	0.877012	0.0481769	1.11006	0.0511125	1.6939e-05
10095	1	100	10	500	0.145671	0.125302	0.0916846	0.0336177	0.0203687	0.871762	0.0722504	1.10674	0.07323	1.72365e-05
10096	1	100	12	500	0.135686	0.129526	0.104384	0.0251416	0.00616027	0.870784	0.0390483	1.12609	0.0401157	1.62741e-05
10097	1	100	9	500	0.135394	0.129902	0.104863	0.0250385	0.00549246	0.87032	0.0422317	1.12675	0.0409513	1.59084e-05
10098	1	100	11	500	0.142807	0.133577	0.108737	0.0248398	0.00923053	0.866673	0.0432794	1.12781	0.0413804	1.52679e-05
10099	1	100	14	500	0.131962	0.126343	0.0977402	0.0286024	0.00561957	0.873936	0.0449596	1.12305	0.0431939	1.58335e-05
10100	1	100	14	500	0.128523	0.123566	0.0933781	0.0301875	0.00495704	0.876721	0.0380596	1.12081	0.0370169	1.58163e-05
10101	1	100	12	500	0.138545	0.129097	0.100292	0.0288052	0.00944748	0.871612	0.0460757	1.12346	0.0433421	1.53877e-05
