Generation	PopulationID	SampleSize	UniqueMutations	PopulationSize	totalLoad	RelzLoad	RelzLoadHomo	RelzLoadHetero	MskLoad	MeanFitness	SdFitness	MeanFitnessCached	SdFitnessCached	Heterozygosity	
10001	1	100	46	500	0.237051	0.209967	0.162466	0.047501	0.0270834	0.801984	0.0385507	1.19439	0.052947	3.01165e-05
10002	1	100	31	500	0.229503	0.207998	0.156468	0.0515295	0.0215055	0.805263	0.032038	1.20068	0.0457691	3.2598e-05
10003	1	100	31	500	0.223713	0.202601	0.156186	0.0464151	0.0211121	0.808174	0.0307249	1.19207	0.0438968	3.24035e-05
10004	1	100	30	500	0.224359	0.203302	0.159752	0.04355	0.0210568	0.808698	0.0335145	1.19425	0.045573	3.33321e-05
10005	1	100	27	500	0.212543	0.196118	0.154408	0.04171	0.0164253	0.814525	0.0312171	1.18968	0.0410167	3.31087e-05
10006	1	100	25	500	0.221614	0.198389	0.150483	0.0479055	0.0232251	0.813073	0.0293089	1.18877	0.0414271	3.49946e-05
10007	1	100	22	500	0.218971	0.198742	0.151558	0.0471842	0.0202292	0.81279	0.028953	1.19052	0.0405544	3.48911e-05
10008	1	100	22	500	0.221063	0.195777	0.154514	0.0412633	0.0252864	0.814028	0.0312475	1.18192	0.0457632	3.33413e-05
10009	1	100	20	500	0.233871	0.199423	0.152723	0.0466997	0.034448	0.813386	0.0318045	1.17797	0.0488497	3.35256e-05
10010	1	100	22	500	0.227797	0.19581	0.139538	0.0562722	0.0319868	0.817184	0.0240331	1.17895	0.0319989	3.75077e-05
10011	1	100	22	500	0.240122	0.200836	0.143703	0.0571325	0.0392856	0.812596	0.0275876	1.17546	0.0455302	3.5807e-05
10012	1	100	21	500	0.241057	0.196681	0.140901	0.05578	0.0443752	0.817521	0.0286779	1.16422	0.0401449	3.68274e-05
10013	1	100	19	500	0.237059	0.195	0.140614	0.0543859	0.042059	0.817752	0.0332113	1.16463	0.0500619	3.71062e-05
10014	1	100	20	500	0.238317	0.198323	0.143479	0.0548439	0.0399934	0.814191	0.0306477	1.1687	0.0486409	3.62467e-05
10015	1	100	21	500	0.239106	0.201905	0.143448	0.0584562	0.0372012	0.810917	0.0347588	1.17799	0.0541766	3.70075e-05
10016	1	100	19	500	0.234782	0.199774	0.134405	0.0653689	0.0350078	0.813088	0.0298875	1.17842	0.0463597	3.8856e-05
10017	1	100	18	500	0.231502	0.201512	0.133465	0.0680466	0.0299901	0.812405	0.0283833	1.18667	0.0389242	3.83209e-05
10018	1	100	23	500	0.230428	0.201056	0.134361	0.0666947	0.0293718	0.812423	0.0290801	1.18654	0.0375694	3.71486e-05
10019	1	100	20	500	0.227201	0.198932	0.132373	0.0665588	0.0282689	0.811069	0.0375304	1.18083	0.0561071	3.731e-05
10020	1	100	22	500	0.217025	0.192386	0.131581	0.0608056	0.0246384	0.818969	0.0293285	1.1813	0.0386165	3.69981e-05
10021	1	100	22	500	0.229174	0.199901	0.132766	0.0671357	0.0292724	0.81348	0.0280366	1.1856	0.0404847	3.73717e-05
10022	1	100	24	500	0.224999	0.196302	0.13269	0.0636122	0.0286968	0.815312	0.0354401	1.18061	0.0506882	3.68007e-05
10023	1	100	22	500	0.217836	0.19217	0.126774	0.0653953	0.0256666	0.819737	0.0267637	1.18083	0.0361433	3.64186e-05
10024	1	100	22	500	0.208873	0.186764	0.12475	0.0620138	0.0221094	0.823725	0.0303576	1.1775	0.0396503	3.79081e-05
10025	1	100	21	500	0.202699	0.182899	0.117196	0.0657028	0.0197997	0.826539	0.0263636	1.17524	0.0348797	3.89894e-05
10026	1	100	25	500	0.221221	0.190893	0.121408	0.069485	0.0303285	0.820771	0.0302199	1.17725	0.0394787	3.95795e-05
10027	1	100	22	500	0.216831	0.188574	0.123348	0.0652257	0.0282565	0.822455	0.0293247	1.17574	0.0346186	3.8171e-05
10028	1	100	18	500	0.210332	0.185337	0.120292	0.0650447	0.0249951	0.82521	0.0314288	1.17385	0.0395442	3.74885e-05
10029	1	100	20	500	0.208092	0.183951	0.128788	0.0551636	0.0241412	0.825584	0.0284352	1.172	0.0406001	3.66557e-05
10030	1	100	15	500	0.202862	0.183739	0.128268	0.0554713	0.0191224	0.826176	0.0273371	1.17589	0.0373264	3.65249e-05
10031	1	100	18	500	0.200365	0.181205	0.126248	0.054957	0.0191602	0.828024	0.0277807	1.17332	0.0380491	3.66636e-05
10032	1	100	17	500	0.191146	0.176279	0.121007	0.0552715	0.0148676	0.83161	0.0281682	1.17099	0.0339253	3.70696e-05
10033	1	100	17	500	0.192247	0.179691	0.120933	0.0587586	0.0125558	0.828835	0.0251318	1.17541	0.0320977	3.79345e-05
10034	1	100	19	500	0.191558	0.177039	0.123854	0.0531851	0.0145187	0.831665	0.0235124	1.17138	0.0324685	3.70023e-05
10035	1	100	17	500	0.192379	0.179743	0.119282	0.0604614	0.0126358	0.829366	0.0254225	1.17545	0.0336848	3.83389e-05
10036	1	100	14	500	0.187466	0.179087	0.125306	0.0537803	0.0083791	0.829279	0.0267749	1.17753	0.0348676	3.72854e-05
10037	1	100	16	500	0.190096	0.180747	0.1281	0.0526473	0.00934869	0.827669	0.0262854	1.1783	0.0342197	3.75413e-05
10038	1	100	17	500	0.194814	0.183947	0.131684	0.0522637	0.010867	0.824966	0.0267781	1.1805	0.036097	3.68797e-05
10039	1	100	16	500	0.197798	0.185506	0.137426	0.0480803	0.0122924	0.823729	0.0298248	1.18048	0.0386444	3.51143e-05
10040	1	100	19	500	0.199663	0.182771	0.134856	0.0479147	0.0168925	0.827027	0.0241777	1.17427	0.0345785	3.53069e-05
10041	1	100	16	500	0.205416	0.185135	0.133608	0.0515265	0.020281	0.824526	0.0268624	1.17177	0.0377697	3.45781e-05
10042	1	100	18	500	0.206099	0.187502	0.13229	0.0552126	0.0185967	0.822989	0.0239854	1.17676	0.0335253	3.32472e-05
10043	1	100	18	500	0.200651	0.182654	0.126667	0.0559878	0.017997	0.827885	0.0163756	1.17253	0.0218039	3.22588e-05
10044	1	100	16	500	0.208049	0.186447	0.133715	0.0527318	0.0216021	0.825954	0.0161179	1.17202	0.0245313	3.05807e-05
10045	1	100	19	500	0.208102	0.184046	0.120266	0.0637797	0.0240561	0.825356	0.0282726	1.16077	0.0418358	3.38547e-05
10046	1	100	20	500	0.205754	0.181439	0.124005	0.0574337	0.0243153	0.831268	0.0155262	1.16338	0.0222338	3.31316e-05
10047	1	100	16	500	0.208993	0.182987	0.12492	0.0580669	0.0260061	0.829192	0.0220834	1.16194	0.0310623	3.45584e-05
10048	1	100	15	500	0.212994	0.185918	0.122505	0.0634131	0.0270757	0.826024	0.0248449	1.16636	0.0307808	3.69275e-05
10049	1	100	16	500	0.208457	0.182526	0.116914	0.0656118	0.0259315	0.827711	0.0277811	1.16201	0.0374975	3.89586e-05
10050	1	100	20	500	0.20152	0.176978	0.118925	0.058053	0.0245424	0.834005	0.0167031	1.16097	0.0223423	3.85342e-05
10051	1	100	17	500	0.197682	0.174664	0.120617	0.0540475	0.0230175	0.834225	0.0258611	1.15595	0.032709	3.83554e-05
10052	1	100	18	500	0.192827	0.173011	0.126745	0.0462664	0.0198161	0.835374	0.0191149	1.1615	0.0230882	3.73628e-05
10053	1	100	17	500	0.192153	0.171102	0.124465	0.0466369	0.0210512	0.83773	0.0174787	1.15771	0.0219913	3.87545e-05
10054	1	100	18	500	0.192227	0.172447	0.114298	0.0581487	0.0197802	0.835965	0.020314	1.1594	0.027047	4.18132e-05
10055	1	100	17	500	0.19288	0.171889	0.109856	0.062033	0.0209911	0.8379	0.0171057	1.15906	0.02373	4.23954e-05
10056	1	100	17	500	0.187642	0.170707	0.101342	0.0693651	0.016935	0.835937	0.0245517	1.1601	0.0307082	4.35837e-05
10057	1	100	16	500	0.192871	0.173874	0.105084	0.0687902	0.0189974	0.835267	0.0212367	1.16453	0.0278972	4.37171e-05
10058	1	100	18	500	0.193841	0.173199	0.108824	0.0643749	0.0206426	0.832893	0.0307532	1.15697	0.0405301	4.27524e-05
10059	1	100	20	500	0.187463	0.169328	0.099518	0.0698099	0.018135	0.837816	0.0216279	1.15894	0.0294483	4.36201e-05
10060	1	100	18	500	0.191855	0.171483	0.102623	0.0688601	0.0203718	0.835265	0.0268185	1.15703	0.035839	4.38134e-05
10061	1	100	18	500	0.193641	0.170713	0.100878	0.0698349	0.0229275	0.839181	0.0178104	1.15623	0.0250144	4.38379e-05
10062	1	100	16	500	0.187861	0.168399	0.105483	0.0629163	0.019462	0.839142	0.0225585	1.15572	0.0288566	4.2303e-05
10063	1	100	15	500	0.192325	0.169685	0.110034	0.0596511	0.0226401	0.839969	0.0178303	1.15445	0.0217848	4.19973e-05
10064	1	100	18	500	0.202444	0.174962	0.114353	0.0606094	0.0274819	0.834649	0.0265321	1.15257	0.0349656	4.17897e-05
10065	1	100	17	500	0.207615	0.176452	0.115135	0.0613164	0.0311638	0.833713	0.0267439	1.14981	0.0379973	4.12049e-05
10066	1	100	17	500	0.204529	0.174742	0.118525	0.0562165	0.0297876	0.837146	0.0235763	1.14746	0.0310495	3.92138e-05
10067	1	100	19	500	0.196869	0.17023	0.11661	0.0536193	0.0266392	0.837996	0.0287036	1.14424	0.036376	3.84289e-05
10068	1	100	15	500	0.196446	0.170798	0.11113	0.0596681	0.0256479	0.838391	0.0248885	1.14809	0.0337992	3.99947e-05
10069	1	100	15	500	0.196736	0.170072	0.112317	0.0577551	0.0266647	0.84028	0.0186498	1.15162	0.0244508	4.00806e-05
10070	1	100	17	500	0.200428	0.171564	0.109607	0.0619564	0.0288645	0.839349	0.0179175	1.15227	0.0241031	4.05942e-05
10071	1	100	18	500	0.193544	0.168856	0.117711	0.0511447	0.0246884	0.839675	0.0211148	1.1523	0.0283896	3.92278e-05
10072	1	100	16	500	0.18121	0.162083	0.116592	0.0454911	0.0191276	0.843779	0.020915	1.14987	0.0280721	3.64886e-05
10073	1	100	15	500	0.185209	0.164183	0.121029	0.0431536	0.021026	0.843243	0.0190326	1.15078	0.0219603	3.76904e-05
10074	1	100	17	500	0.189919	0.165092	0.117982	0.0471104	0.0248271	0.842272	0.0203748	1.14895	0.0287157	3.85355e-05
10075	1	100	18	500	0.178462	0.158379	0.110881	0.0474982	0.0200828	0.846088	0.0233232	1.1444	0.0296747	3.68485e-05
10076	1	100	16	500	0.176686	0.158949	0.110836	0.0481127	0.0177373	0.846567	0.0178624	1.14852	0.0261658	3.73634e-05
10077	1	100	15	500	0.179485	0.159503	0.116023	0.0434801	0.0199818	0.84619	0.0200727	1.14708	0.0265617	3.65074e-05
10078	1	100	19	500	0.179125	0.157235	0.117575	0.0396606	0.0218894	0.847965	0.0174088	1.14341	0.0264923	3.42137e-05
10079	1	100	20	500	0.169139	0.153299	0.121918	0.0313818	0.01584	0.850477	0.0172799	1.1426	0.0245738	3.17513e-05
10080	1	100	22	500	0.168046	0.152866	0.120518	0.0323487	0.01518	0.851266	0.01449	1.14306	0.0196911	3.16771e-05
10081	1	100	18	500	0.170271	0.154142	0.128236	0.0259059	0.0161287	0.850058	0.016437	1.14297	0.0195316	3.12644e-05
10082	1	100	18	500	0.164187	0.15103	0.119481	0.0315486	0.0131575	0.852937	0.0148417	1.14134	0.0183567	3.17301e-05
10083	1	100	17	500	0.167554	0.153564	0.123751	0.0298132	0.0139898	0.850998	0.0193335	1.14431	0.0204653	3.33857e-05
10084	1	100	15	500	0.163082	0.151535	0.117646	0.0338898	0.0115466	0.85217	0.0185832	1.14343	0.0211595	3.24923e-05
10085	1	100	17	500	0.163116	0.15153	0.119245	0.0322844	0.0115863	0.852186	0.0193994	1.14337	0.0200783	3.12946e-05
10086	1	100	18	500	0.160516	0.150222	0.122376	0.0278462	0.0102945	0.853245	0.0159499	1.1431	0.0180539	3.15255e-05
10087	1	100	18	500	0.160041	0.147368	0.128034	0.019334	0.0126721	0.853382	0.0222123	1.1338	0.0232952	2.90935e-05
10088	1	100	16	500	0.15512	0.145337	0.12103	0.0243064	0.00978312	0.857065	0.0104712	1.13662	0.0113865	2.91826e-05
10089	1	100	19	500	0.162371	0.146797	0.119624	0.0271731	0.0155734	0.85614	0.0115014	1.13466	0.0115419	2.91629e-05
10090	1	100	19	500	0.167439	0.148754	0.113755	0.0349994	0.0186845	0.855115	0.013114	1.13542	0.013187	3.06936e-05
10091	1	100	24	500	0.165368	0.148715	0.116187	0.0325279	0.0166538	0.854737	0.0112743	1.13682	0.0124965	3.07068e-05
10092	1	100	23	500	0.171238	0.149138	0.115745	0.0333936	0.0221	0.853608	0.0161511	1.1327	0.0190162	2.76818e-05
10093	1	100	20	500	0.161179	0.145769	0.113211	0.0325575	0.0154105	0.856778	0.0119892	1.13408	0.0154415	2.56723e-05
10094	1	100	21	500	0.171461	0.149042	0.117444	0.0315987	0.0224191	0.853725	0.016571	1.1326	0.0151908	2.68977e-05
10095	1	100	22	500	0.176301	0.152056	0.113901	0.0381548	0.0242456	0.85209	0.014266	1.13661	0.0185466	3.03188e-05
10096	1	100	19	500	0.182316	0.154384	0.115734	0.0386498	0.0279315	0.850545	0.0176053	1.13627	0.0180999	3.0519e-05
10097	1	100	18	500	0.161557	0.148435	0.112366	0.0360695	0.013122	0.855065	0.0138933	1.13913	0.0137213	2.89536e-05
10098	1	100	19	500	0.161986	0.148959	0.107414	0.0415453	0.0130271	0.854554	0.0123317	1.14022	0.01604	3.12083e-05
10099	1	100	20	500	0.160587	0.149536	0.115013	0.0345227	0.0110512	0.853419	0.0133858	1.14093	0.0150129	2.95184e-05
10100	1	100	18	500	0.150291	0.144879	0.108841	0.0360379	0.00541211	0.858064	0.00771548	1.13955	0.0107238	2.76256e-05
10101	1	100	21	500	0.149923	0.14367	0.106601	0.0370686	0.00625294	0.858902	0.00958893	1.13637	0.0122784	2.61059e-05
