Generation	PopulationID	SampleSize	UniqueMutations	PopulationSize	totalLoad	RelzLoad	RelzLoadHomo	RelzLoadHetero	MskLoad	MeanFitness	SdFitness	MeanFitnessCached	SdFitnessCached	Heterozygosity	
10001	1	100	39	500	0.43753	0.430313	0.387993	0.0423198	0.00721709	0.614168	0.041919	1.44871	0.0691667	2.02992e-05
10002	1	100	23	500	0.163387	0.149158	0.102442	0.0467155	0.0142296	0.852632	0.0558719	1.13014	0.0586319	2.06795e-05
10003	1	100	17	500	0.163319	0.157305	0.120448	0.0368564	0.00601422	0.84363	0.0580875	1.14211	0.0548862	1.94169e-05
10004	1	100	12	500	0.161441	0.158939	0.124617	0.0343219	0.00250207	0.842203	0.0608537	1.14668	0.0580876	1.88542e-05
10005	1	100	14	500	0.161758	0.158898	0.124312	0.0345861	0.00285935	0.842382	0.0523579	1.14758	0.0495017	1.81617e-05
10006	1	100	12	500	0.160676	0.158007	0.122739	0.0352676	0.00266962	0.843398	0.0517401	1.14863	0.0491966	1.85411e-05
10007	1	100	16	500	0.169641	0.167161	0.138659	0.0285018	0.00248027	0.834179	0.0517675	1.15842	0.0491732	1.68178e-05
10008	1	100	13	500	0.165659	0.162811	0.131269	0.0315421	0.00284778	0.838364	0.0551044	1.15415	0.0525489	1.73831e-05
10009	1	100	12	500	0.167954	0.164522	0.134046	0.0304759	0.00343209	0.836411	0.0497914	1.15554	0.0484039	1.77641e-05
10010	1	100	10	500	0.174363	0.170617	0.143883	0.0267339	0.00374644	0.830705	0.0462074	1.16118	0.0440849	1.7648e-05
10011	1	100	10	500	0.17163	0.16844	0.140904	0.0275355	0.00319061	0.832853	0.0496674	1.16028	0.0482746	1.78055e-05
10012	1	100	11	500	0.17582	0.172822	0.148424	0.0243981	0.0029978	0.828193	0.0472212	1.16342	0.0444738	1.83169e-05
10013	1	100	15	500	0.168199	0.163905	0.133478	0.0304273	0.00429397	0.83727	0.0518128	1.15486	0.0499405	1.84497e-05
10014	1	100	10	500	0.175808	0.173389	0.14975	0.0236384	0.00241976	0.827838	0.0538112	1.16369	0.0504525	1.78214e-05
10015	1	100	11	500	0.171103	0.168217	0.141403	0.026814	0.0028864	0.832652	0.0471095	1.1578	0.0431494	1.81793e-05
10016	1	100	10	500	0.172584	0.169244	0.142516	0.0267271	0.00334076	0.83197	0.0463219	1.15872	0.0419436	1.83854e-05
10017	1	100	13	500	0.171788	0.168641	0.142016	0.0266243	0.00314737	0.832596	0.0464258	1.15898	0.0420513	1.81139e-05
10018	1	100	13	500	0.179135	0.175874	0.15377	0.0221044	0.00326103	0.82564	0.0429083	1.16514	0.0390053	1.77907e-05
10019	1	100	9	500	0.180855	0.178347	0.157828	0.0205184	0.00250799	0.823053	0.041627	1.16732	0.037563	1.70181e-05
10020	1	100	13	500	0.180703	0.177329	0.15574	0.0215887	0.00337367	0.824227	0.0423581	1.16596	0.0379428	1.76279e-05
10021	1	100	12	500	0.174413	0.170798	0.145038	0.0257598	0.00361565	0.830371	0.0480723	1.16028	0.0441302	1.84201e-05
10022	1	100	14	500	0.175692	0.168473	0.139748	0.028725	0.00721915	0.832887	0.0492756	1.15636	0.0473136	1.82874e-05
10023	1	100	10	500	0.176197	0.171532	0.145845	0.0256873	0.00466478	0.829513	0.0455273	1.15907	0.042249	1.7833e-05
10024	1	100	7	500	0.176116	0.173954	0.150511	0.0234431	0.00216135	0.827247	0.0440083	1.16333	0.0407138	1.71455e-05
10025	1	100	7	500	0.177287	0.175164	0.152594	0.0225706	0.00212265	0.825692	0.0436095	1.16322	0.0406617	1.68534e-05
10026	1	100	10	500	0.184931	0.182594	0.165621	0.0169732	0.00233669	0.819035	0.0381617	1.17059	0.0350331	1.71462e-05
10027	1	100	6	500	0.180732	0.178706	0.159487	0.0192188	0.0020265	0.822296	0.0413361	1.1677	0.037701	1.69426e-05
10028	1	100	7	500	0.182703	0.180776	0.163186	0.0175904	0.00192737	0.820506	0.0422767	1.17023	0.0395228	1.68871e-05
10029	1	100	7	500	0.181168	0.179156	0.160525	0.0186316	0.00201112	0.822095	0.0426347	1.16807	0.0389698	1.72576e-05
10030	1	100	8	500	0.179188	0.177036	0.156675	0.0203611	0.00215244	0.824421	0.0409896	1.16648	0.038856	1.78655e-05
10031	1	100	8	500	0.179425	0.177114	0.156116	0.020998	0.00231132	0.824357	0.041486	1.16538	0.0398426	1.7877e-05
10032	1	100	11	500	0.187106	0.18472	0.169731	0.0149891	0.0023858	0.816807	0.035767	1.17294	0.0329938	1.70182e-05
10033	1	100	9	500	0.188633	0.186398	0.173393	0.0130049	0.00223479	0.814766	0.033179	1.17391	0.0322333	1.74564e-05
10034	1	100	9	500	0.196959	0.193671	0.185882	0.00778904	0.00328806	0.807658	0.0243331	1.17988	0.0248127	1.74059e-05
10035	1	100	10	500	0.200813	0.197872	0.1943	0.00357268	0.00294032	0.803834	0.0142691	1.18445	0.0133329	1.73181e-05
10036	1	100	14	500	0.197793	0.193998	0.186719	0.00727937	0.00379488	0.807449	0.023748	1.18062	0.021681	1.81767e-05
10037	1	100	6	500	0.00576642	0.00292308	0.0014016	0.00152148	0.00284333	0.997453	0.00264868	0.999278	0.00338468	1.73663e-05
10038	1	100	6	500	0.00768869	0.00317248	0.00138257	0.00178991	0.00451621	0.996538	0.0054542	0.997987	0.00589213	1.71497e-05
10039	1	100	13	500	0.00950154	0.00394054	0.00188943	0.00205111	0.005561	0.995953	0.00612577	0.997403	0.00671922	1.64608e-05
10040	1	100	11	500	0.0141111	0.0045004	0.00165242	0.00284799	0.00961065	0.995264	0.00796909	0.996473	0.00849844	1.82679e-05
10041	1	100	9	500	0.0104555	0.00372701	0.00183077	0.00189624	0.00672846	0.995985	0.00681222	0.996423	0.00689033	1.85493e-05
10042	1	100	10	500	0.0148911	0.00477894	0.0020445	0.00273444	0.0101121	0.995532	0.00720073	0.995956	0.00743181	1.83362e-05
10043	1	100	11	500	0.0142805	0.00470195	0.00216324	0.00253871	0.00957855	0.995621	0.00777605	0.996067	0.00780945	1.81929e-05
10044	1	100	8	500	0.0175178	0.00587088	0.00279941	0.00307147	0.0116469	0.994338	0.0104495	0.994814	0.0105113	1.8097e-05
10045	1	100	11	500	0.0104458	0.00400339	0.0023121	0.00169129	0.00644239	0.996218	0.00709163	0.996511	0.00662743	1.80201e-05
10046	1	100	10	500	0.0134925	0.00468529	0.00248347	0.00220181	0.00880726	0.995229	0.00756059	0.995525	0.00751444	1.66708e-05
10047	1	100	8	500	0.013339	0.0053848	0.0027906	0.0025942	0.00795425	0.993916	0.00927032	0.995132	0.00947791	1.72965e-05
10048	1	100	7	500	0.0119114	0.00491726	0.00316873	0.00174853	0.00699412	0.99517	0.0060051	0.99517	0.00600511	1.72039e-05
10049	1	100	6	500	0.0149122	0.00564096	0.00332315	0.00231781	0.00927125	0.993443	0.00917558	0.993443	0.00917559	1.72485e-05
10050	1	100	9	500	0.0218243	0.00782647	0.00428639	0.00354009	0.0139978	0.992817	0.00979102	0.993044	0.00969525	1.71968e-05
10051	1	100	12	500	0.0229278	0.00797576	0.00423776	0.003738	0.014952	0.989144	0.0348807	0.989144	0.0348807	1.69738e-05
10052	1	100	12	500	0.0394195	0.0119634	0.00508445	0.00687897	0.027456	0.988566	0.0214103	0.988718	0.0213109	1.6697e-05
10053	1	100	17	500	0.0323454	0.0111387	0.0052177	0.00592101	0.0212067	0.989269	0.0175648	0.990656	0.0182139	1.5975e-05
10054	1	100	12	500	0.0271082	0.0108515	0.00520305	0.00564845	0.0162567	0.989231	0.0178568	0.992605	0.0193435	1.52122e-05
10055	1	100	13	500	0.0461748	0.0153216	0.00567043	0.00965115	0.0308532	0.984769	0.0267204	0.98877	0.0285116	1.56226e-05
10056	1	100	14	500	0.0520358	0.015635	0.00591551	0.00971954	0.0364008	0.985415	0.0246498	0.986767	0.0253362	1.59703e-05
10057	1	100	14	500	0.0560215	0.017861	0.00650034	0.0113606	0.0381605	0.973685	0.0894008	0.977414	0.0901494	1.56879e-05
10058	1	100	18	500	0.0593229	0.0192493	0.00592375	0.0133256	0.0400736	0.982036	0.02525	0.989078	0.028188	1.68743e-05
10059	1	100	12	500	0.0556938	0.0187059	0.00682744	0.0118785	0.0369879	0.982639	0.0184108	0.988236	0.0214959	1.63113e-05
10060	1	100	12	500	0.0521982	0.0179097	0.00739969	0.01051	0.0342885	0.98315	0.0178416	0.987185	0.0184971	1.57969e-05
10061	1	100	9	500	0.0599442	0.0205696	0.0076981	0.0128715	0.0393746	0.981558	0.0175949	0.988005	0.0213786	1.59982e-05
10062	1	100	13	500	0.054333	0.019727	0.00662933	0.0130977	0.034606	0.981671	0.0206993	0.991251	0.0241182	1.75523e-05
10063	1	100	13	500	0.0493053	0.018677	0.00749158	0.0111854	0.0306283	0.980969	0.0319306	0.988459	0.0348382	1.8097e-05
10064	1	100	13	500	0.0518392	0.0201987	0.00756966	0.012629	0.0316405	0.981456	0.0177128	0.991602	0.0201617	1.8833e-05
10065	1	100	15	500	0.0523292	0.0213664	0.00860487	0.0127615	0.0309628	0.976543	0.034263	0.987498	0.0382242	1.82561e-05
10066	1	100	13	500	0.0623233	0.0226338	0.00918305	0.0134508	0.0396895	0.979953	0.0178864	0.987433	0.022619	1.81267e-05
10067	1	100	13	500	0.0590156	0.0206123	0.00837993	0.0122323	0.0384033	0.980983	0.0193372	0.986418	0.0204759	1.78624e-05
10068	1	100	14	500	0.0441776	0.0167631	0.00682551	0.00993758	0.0274146	0.984418	0.0177999	0.991177	0.0203686	1.78666e-05
10069	1	100	12	500	0.0412299	0.0159559	0.00723515	0.00872079	0.025274	0.984893	0.0137283	0.990017	0.017092	1.76553e-05
10070	1	100	11	500	0.0398899	0.0164333	0.00988859	0.00654473	0.0234566	0.983789	0.0142311	0.985161	0.0153809	1.58679e-05
10071	1	100	15	500	0.0512197	0.0192081	0.0102809	0.00892721	0.0320115	0.981102	0.0180701	0.982966	0.0191706	1.63557e-05
10072	1	100	9	500	0.069283	0.0244359	0.0129831	0.0114528	0.0448471	0.975002	0.0369097	0.97547	0.0368464	1.69168e-05
10073	1	100	12	500	0.061722	0.0215976	0.0115665	0.0100311	0.0401244	0.980543	0.0212747	0.980634	0.0212766	1.70689e-05
10074	1	100	10	500	0.0631711	0.0229871	0.0129262	0.0100609	0.0401841	0.978673	0.0206272	0.978741	0.0206296	1.60249e-05
10075	1	100	9	500	0.0522131	0.0202965	0.0123174	0.00797914	0.0319166	0.981151	0.0191854	0.981196	0.0192086	1.56308e-05
10076	1	100	12	500	0.0494543	0.0206336	0.0133575	0.00727614	0.0288207	0.981528	0.0171677	0.981666	0.0170892	1.46493e-05
10077	1	100	13	500	0.0466778	0.0197678	0.0130403	0.00672751	0.0269101	0.980897	0.0148199	0.980897	0.0148199	1.45931e-05
10078	1	100	12	500	0.0483829	0.0203569	0.0133504	0.00700649	0.028026	0.979355	0.0177479	0.979384	0.0177194	1.4732e-05
10079	1	100	18	500	0.0680195	0.0254653	0.0148268	0.0106386	0.0425542	0.976687	0.0196809	0.976687	0.0196809	1.42714e-05
10080	1	100	17	500	0.0667681	0.0259263	0.0157159	0.0102104	0.0408418	0.975163	0.0193465	0.975372	0.0192069	1.34442e-05
10081	1	100	16	500	0.0820152	0.0298027	0.0167096	0.0130932	0.0522124	0.971988	0.0235936	0.972099	0.0234327	1.21035e-05
10082	1	100	14	500	0.0860356	0.0330639	0.019821	0.0132429	0.0529717	0.967919	0.0228408	0.967919	0.0228408	1.20042e-05
10083	1	100	16	500	0.092552	0.033469	0.0186982	0.0147708	0.059083	0.968455	0.021188	0.968464	0.0211887	1.32254e-05
10084	1	100	14	500	0.100653	0.0355722	0.019302	0.0162702	0.0650807	0.96913	0.0200594	0.969278	0.0200482	1.4672e-05
10085	1	100	10	500	0.137817	0.0478015	0.0252977	0.0225038	0.0900153	0.953501	0.0565874	0.953501	0.0565874	1.50481e-05
10086	1	100	11	500	0.150639	0.0519894	0.0273271	0.0246624	0.0986495	0.957456	0.0316045	0.957456	0.0316045	1.61143e-05
10087	1	100	13	500	0.117353	0.0414191	0.0224357	0.0189834	0.0759337	0.962643	0.0385734	0.962643	0.0385734	1.38308e-05
10088	1	100	11	500	0.139968	0.0489844	0.0262386	0.0227458	0.0909832	0.955058	0.0569932	0.955058	0.0569932	1.38175e-05
10089	1	100	11	500	0.132619	0.0473673	0.0260544	0.021313	0.0852518	0.954315	0.0630231	0.954347	0.0630251	1.4355e-05
10090	1	100	7	500	0.121127	0.047991	0.0297071	0.0182839	0.0731356	0.951057	0.0771628	0.951057	0.0771628	1.31058e-05
10091	1	100	11	500	0.114915	0.0439551	0.0262152	0.0177399	0.0709597	0.958295	0.0607861	0.958637	0.0607702	1.22572e-05
10092	1	100	10	500	0.0969037	0.0429371	0.0286607	0.0142764	0.0539666	0.965912	0.0435828	0.967643	0.0434096	1.12381e-05
10093	1	100	7	500	0.0949658	0.0419031	0.0286374	0.0132657	0.0530627	0.955688	0.072624	0.955735	0.0726469	1.14112e-05
10094	1	100	9	500	0.110435	0.0488967	0.0335123	0.0153845	0.0615379	0.951404	0.0796565	0.951417	0.0796084	1.2441e-05
10095	1	100	8	500	0.130481	0.054099	0.0350035	0.0190956	0.0763823	0.943285	0.090736	0.943285	0.090736	1.24185e-05
10096	1	100	13	500	0.117718	0.0511001	0.0343418	0.0167583	0.0666183	0.940089	0.0966314	0.940264	0.0961363	1.25116e-05
10097	1	100	11	500	0.133297	0.0532333	0.0332174	0.020016	0.0800639	0.94898	0.0757367	0.948979	0.0757367	1.332e-05
10098	1	100	12	500	0.152883	0.0629869	0.0405129	0.0224739	0.0898958	0.94559	0.0758324	0.945622	0.0758429	1.24125e-05
10099	1	100	12	500	0.157877	0.067315	0.0446744	0.0226406	0.0905623	0.938701	0.0828307	0.938701	0.0828307	1.284e-05
10100	1	100	13	500	0.149279	0.0586543	0.0359983	0.0226561	0.0906242	0.938954	0.0921345	0.938954	0.0921345	1.35749e-05
10101	1	100	14	500	0.152181	0.0598172	0.0367264	0.0230908	0.0923633	0.930837	0.128097	0.932336	0.115441	1.3358e-05
