Generation	PopulationID	SampleSize	UniqueMutations	PopulationSize	totalLoad	RelzLoad	RelzLoadHomo	RelzLoadHetero	MskLoad	MeanFitness	SdFitness	MeanFitnessCached	SdFitnessCached	Heterozygosity	
10001	1	100	68	500	0.560196	0.524877	0.387063	0.137815	0.0353181	0.571915	0.049112	1.49676	0.0982373	3.80667e-05
10002	1	100	55	500	0.565887	0.52904	0.366384	0.162656	0.0368468	0.576	0.0560415	1.51347	0.110542	4.14288e-05
10003	1	100	45	500	0.546421	0.507822	0.331342	0.17648	0.038599	0.587317	0.0539251	1.48278	0.0938256	4.39087e-05
10004	1	100	48	500	0.566518	0.521549	0.341777	0.179772	0.0449694	0.580566	0.0626508	1.49976	0.110793	4.48702e-05
10005	1	100	42	500	0.535021	0.506405	0.323423	0.182982	0.0286158	0.590068	0.0582913	1.49809	0.108944	4.60304e-05
10006	1	100	42	500	0.529346	0.501791	0.306138	0.195654	0.0275546	0.594416	0.0620907	1.49497	0.108493	4.75304e-05
10007	1	100	35	500	0.523401	0.49978	0.301315	0.198464	0.0236214	0.596147	0.06478	1.49707	0.109646	4.80148e-05
10008	1	100	37	500	0.501962	0.477444	0.273811	0.203634	0.0245175	0.610601	0.0695564	1.47758	0.122512	4.81161e-05
10009	1	100	33	500	0.526924	0.504128	0.303677	0.200451	0.0227963	0.592497	0.0623107	1.51017	0.116097	4.68629e-05
10010	1	100	31	500	0.492587	0.472253	0.276729	0.195524	0.0203336	0.612062	0.0471158	1.4677	0.0823895	4.7321e-05
10011	1	100	32	500	0.487711	0.461388	0.260721	0.200668	0.026323	0.619694	0.0603392	1.45512	0.107147	4.72647e-05
10012	1	100	31	500	0.460467	0.441136	0.245131	0.196005	0.0193304	0.632786	0.0533928	1.43527	0.0864069	4.66439e-05
10013	1	100	32	500	0.467961	0.450362	0.252799	0.197562	0.017599	0.625361	0.0525614	1.4434	0.0851861	4.68286e-05
10014	1	100	30	500	0.454519	0.441395	0.252531	0.188864	0.0131244	0.632189	0.0476819	1.43513	0.078386	4.60753e-05
10015	1	100	33	500	0.443121	0.427383	0.236284	0.191099	0.0157379	0.641117	0.0547186	1.41627	0.084513	4.67963e-05
10016	1	100	31	500	0.436973	0.42044	0.227513	0.192927	0.0165334	0.646117	0.0457028	1.40904	0.0774351	4.7208e-05
10017	1	100	34	500	0.441006	0.422758	0.229046	0.193712	0.0182482	0.644741	0.0586735	1.41185	0.0912568	4.7682e-05
10018	1	100	30	500	0.441644	0.415033	0.221415	0.193618	0.0266114	0.64932	0.0519391	1.39528	0.0849037	4.75414e-05
10019	1	100	31	500	0.436645	0.407176	0.214836	0.19234	0.0294687	0.654801	0.0526615	1.38612	0.087947	4.69688e-05
10020	1	100	32	500	0.442822	0.415171	0.225351	0.18982	0.0276507	0.650582	0.0586877	1.39776	0.0899679	4.68926e-05
10021	1	100	32	500	0.4558	0.4244	0.252099	0.172301	0.0314	0.64271	0.0537027	1.40222	0.0842716	4.38231e-05
10022	1	100	26	500	0.428927	0.41041	0.245474	0.164936	0.0185169	0.651861	0.0566403	1.39264	0.0820831	4.13123e-05
10023	1	100	24	500	0.427523	0.405875	0.23911	0.166765	0.0216473	0.655557	0.0549668	1.38612	0.0821782	4.23265e-05
10024	1	100	25	500	0.429118	0.413257	0.246947	0.16631	0.0158617	0.649687	0.0439601	1.3936	0.0712549	4.1716e-05
10025	1	100	25	500	0.427951	0.416906	0.2678	0.149106	0.0110451	0.646043	0.0468228	1.39543	0.075596	3.78556e-05
10026	1	100	26	500	0.42826	0.422696	0.274156	0.14854	0.00556401	0.641255	0.0417629	1.40289	0.0703524	3.78327e-05
10027	1	100	27	500	0.429286	0.423828	0.2805	0.143329	0.00545808	0.641071	0.0473417	1.40416	0.0805135	3.68613e-05
10028	1	100	20	500	0.298254	0.296131	0.163171	0.13296	0.00212333	0.731131	0.0507175	1.32331	0.0754765	3.48155e-05
10029	1	100	20	500	0.333073	0.304818	0.170155	0.134663	0.0282553	0.7244	0.0506579	1.31717	0.0896233	3.2539e-05
10030	1	100	23	500	0.357225	0.304587	0.156872	0.147715	0.0526387	0.726298	0.0610769	1.30067	0.113056	3.36964e-05
10031	1	100	23	500	0.296656	0.28453	0.14791	0.13662	0.0121259	0.740675	0.0462142	1.303	0.0667967	3.3388e-05
10032	1	100	19	500	0.317742	0.30003	0.175921	0.124109	0.0177116	0.727964	0.0520623	1.31695	0.0743982	3.11043e-05
10033	1	100	19	500	0.290452	0.287748	0.167136	0.120612	0.00270396	0.736401	0.0520029	1.31044	0.0747101	3.15261e-05
10034	1	100	20	500	0.301185	0.298544	0.165004	0.13354	0.00264083	0.729556	0.0454535	1.32674	0.065943	3.26979e-05
10035	1	100	21	500	0.301547	0.298989	0.166043	0.132947	0.00255731	0.729423	0.0582686	1.32766	0.0906889	3.34774e-05
10036	1	100	22	500	0.285319	0.283515	0.14629	0.137226	0.00180411	0.742262	0.0625662	1.30992	0.096588	3.50734e-05
10037	1	100	22	500	0.277773	0.275582	0.138164	0.137418	0.00219088	0.748491	0.050773	1.29974	0.0733844	3.54872e-05
10038	1	100	23	500	0.273382	0.270638	0.135143	0.135495	0.00274451	0.752448	0.0526305	1.29288	0.0753801	3.50072e-05
10039	1	100	21	500	0.258811	0.256904	0.11333	0.143574	0.00190734	0.764093	0.0526657	1.27776	0.0750072	3.56071e-05
10040	1	100	24	500	0.251065	0.249909	0.109582	0.140327	0.00115516	0.770266	0.0519913	1.27077	0.0749146	3.56711e-05
10041	1	100	25	500	0.256217	0.253309	0.114747	0.138562	0.0029076	0.767111	0.0565877	1.27294	0.0793953	3.58212e-05
10042	1	100	23	500	0.259589	0.257049	0.126324	0.130725	0.00253945	0.763522	0.0514935	1.2769	0.0730902	3.301e-05
10043	1	100	23	500	0.255342	0.253181	0.122214	0.130967	0.00216115	0.767193	0.0547731	1.27315	0.0768157	3.34474e-05
10044	1	100	23	500	0.257728	0.255516	0.118293	0.137223	0.00221144	0.764752	0.0489376	1.27515	0.0659884	3.39453e-05
10045	1	100	28	500	0.259359	0.256238	0.117864	0.138374	0.00312046	0.763896	0.0518726	1.27501	0.0727986	3.50082e-05
10046	1	100	20	500	0.253874	0.252359	0.127102	0.125257	0.00151541	0.766729	0.0503256	1.27132	0.0689234	3.17574e-05
10047	1	100	20	500	0.251534	0.249072	0.119005	0.130067	0.00246233	0.769739	0.0466466	1.26704	0.0652504	3.30453e-05
10048	1	100	19	500	0.264713	0.262011	0.131553	0.130458	0.00270186	0.759217	0.0528986	1.28245	0.0738812	3.18126e-05
10049	1	100	20	500	0.27057	0.267028	0.132098	0.13493	0.00354192	0.755634	0.0492336	1.28855	0.0689974	3.27151e-05
10050	1	100	19	500	0.266181	0.262971	0.126076	0.136895	0.00320991	0.759274	0.0480942	1.2844	0.0684078	3.34765e-05
10051	1	100	22	500	0.27148	0.268442	0.124712	0.143729	0.00303822	0.754805	0.0517225	1.291	0.0730767	3.55989e-05
10052	1	100	25	500	0.280621	0.277283	0.129525	0.147758	0.00333876	0.747973	0.050759	1.30209	0.0734816	3.62922e-05
10053	1	100	24	500	0.287822	0.284359	0.132129	0.15223	0.00346345	0.742753	0.0553296	1.3111	0.0784781	3.76463e-05
10054	1	100	20	500	0.291395	0.287896	0.13181	0.156086	0.00349916	0.73978	0.0470337	1.31534	0.0682819	3.82499e-05
10055	1	100	16	500	0.277518	0.276426	0.128675	0.147751	0.00109144	0.748219	0.0536489	1.30205	0.0750413	3.81598e-05
10056	1	100	18	500	0.279141	0.275991	0.122782	0.153208	0.00315022	0.749009	0.0523225	1.3007	0.0757879	3.93136e-05
10057	1	100	17	500	0.279972	0.279864	0.13249	0.147373	0.000108457	0.745008	0.0532018	1.3063	0.0767702	3.78897e-05
10058	1	100	16	500	0.281885	0.281786	0.132312	0.149475	9.88837e-05	0.743794	0.0491562	1.30919	0.0734295	3.72986e-05
10059	1	100	15	500	0.286395	0.286011	0.14495	0.141061	0.000383587	0.740662	0.0587169	1.31447	0.0873118	3.5451e-05
10060	1	100	16	500	0.26722	0.267107	0.130374	0.136733	0.000112482	0.755289	0.0479324	1.29074	0.0664637	3.63752e-05
10061	1	100	18	500	0.262374	0.260875	0.113953	0.146922	0.00149945	0.760438	0.0491998	1.28238	0.0676736	3.94516e-05
10062	1	100	18	500	0.269259	0.266408	0.121602	0.144806	0.00285068	0.755991	0.0519799	1.28778	0.0688511	3.93316e-05
10063	1	100	21	500	0.272475	0.270212	0.133921	0.136291	0.00226283	0.752522	0.052133	1.29256	0.0710168	3.79194e-05
10064	1	100	20	500	0.272103	0.268519	0.133248	0.135271	0.00358376	0.75339	0.0536802	1.28939	0.0705626	3.80914e-05
10065	1	100	19	500	0.271084	0.267528	0.130436	0.137092	0.00355587	0.755152	0.0495765	1.28886	0.0672873	3.75085e-05
10066	1	100	20	500	0.276523	0.273728	0.14163	0.132098	0.00279523	0.749375	0.0473183	1.29584	0.0643767	3.62047e-05
10067	1	100	18	500	0.269105	0.267239	0.128931	0.138308	0.0018664	0.754728	0.05022	1.28918	0.0672036	3.78026e-05
10068	1	100	18	500	0.268893	0.265201	0.123536	0.141666	0.00369157	0.756465	0.0472151	1.28761	0.0642397	3.91357e-05
10069	1	100	22	500	0.266139	0.263989	0.120981	0.143008	0.00215037	0.757999	0.0465891	1.28555	0.0634334	3.87428e-05
10070	1	100	21	500	0.264379	0.262435	0.118636	0.1438	0.00194361	0.759285	0.0483638	1.2837	0.0650456	4.00702e-05
10071	1	100	20	500	0.264338	0.2617	0.118644	0.143055	0.00263881	0.760216	0.0515491	1.28227	0.067721	4.10924e-05
10072	1	100	21	500	0.273621	0.271037	0.134628	0.136409	0.00258433	0.751619	0.0495094	1.29181	0.0654835	3.90193e-05
10073	1	100	22	500	0.264179	0.261516	0.120902	0.140614	0.00266331	0.760037	0.0547061	1.28145	0.0737822	4.09635e-05
10074	1	100	19	500	0.270138	0.267458	0.132239	0.135219	0.00268005	0.754688	0.0496743	1.28743	0.0652781	4.05063e-05
10075	1	100	17	500	0.269628	0.267771	0.131633	0.136137	0.00185756	0.753919	0.05522	1.28749	0.0719701	4.12711e-05
10076	1	100	16	500	0.271132	0.269547	0.127712	0.141835	0.00158502	0.75325	0.0460668	1.29187	0.0637578	4.22571e-05
10077	1	100	21	500	0.26095	0.258933	0.115791	0.143142	0.00201699	0.762117	0.0545111	1.27873	0.0725392	4.35519e-05
10078	1	100	19	500	0.265462	0.263512	0.117169	0.146343	0.00195042	0.758646	0.054318	1.28487	0.0724172	4.37189e-05
10079	1	100	20	500	0.247985	0.24633	0.092682	0.153648	0.00165531	0.773008	0.0478059	1.26516	0.0625687	4.64553e-05
10080	1	100	20	500	0.241733	0.240358	0.090416	0.149942	0.00137475	0.777974	0.0566797	1.25813	0.0743754	4.62431e-05
10081	1	100	20	500	0.235889	0.234533	0.0841904	0.150342	0.00135641	0.782387	0.0498886	1.25103	0.0653558	4.71326e-05
10082	1	100	19	500	0.239766	0.237966	0.0893138	0.148652	0.00180037	0.780084	0.0513557	1.25543	0.0677918	4.62321e-05
10083	1	100	19	500	0.242226	0.239963	0.0947923	0.145171	0.00226313	0.778173	0.0488809	1.25715	0.0650083	4.53195e-05
10084	1	100	20	500	0.235805	0.234159	0.0982105	0.135948	0.00164645	0.783007	0.0557113	1.25071	0.072456	4.41286e-05
10085	1	100	17	500	0.231598	0.229773	0.0978994	0.131874	0.00182495	0.78615	0.0483568	1.24449	0.0628983	4.34073e-05
10086	1	100	21	500	0.234746	0.229955	0.0976394	0.132315	0.00479096	0.785901	0.0509603	1.24289	0.0683015	4.40752e-05
10087	1	100	23	500	0.229491	0.223055	0.0854015	0.137653	0.00643645	0.792316	0.0501193	1.23447	0.0677708	4.5586e-05
10088	1	100	19	500	0.22808	0.222428	0.0907976	0.13163	0.00565231	0.792503	0.0575865	1.23321	0.0747121	4.41736e-05
10089	1	100	18	500	0.232429	0.229038	0.095485	0.133553	0.00339111	0.787198	0.0587407	1.24271	0.0763549	4.40932e-05
10090	1	100	19	500	0.223349	0.218644	0.0901341	0.12851	0.00470516	0.79668	0.0572012	1.23051	0.0765975	4.37739e-05
10091	1	100	20	500	0.232332	0.228802	0.102067	0.126735	0.00352984	0.786876	0.0603112	1.2409	0.0773192	4.3163e-05
10092	1	100	21	500	0.242382	0.238931	0.106238	0.132693	0.00345139	0.778562	0.0565323	1.25445	0.0749768	4.41087e-05
10093	1	100	22	500	0.239386	0.237796	0.103807	0.133989	0.0015906	0.779329	0.0512449	1.25358	0.0674076	4.32323e-05
10094	1	100	21	500	0.225991	0.224499	0.0907834	0.133715	0.00149167	0.791478	0.0525847	1.23948	0.0694609	4.38854e-05
10095	1	100	22	500	0.222592	0.219508	0.0896634	0.129844	0.00308404	0.79528	0.0511713	1.23215	0.0682129	4.33237e-05
10096	1	100	21	500	0.225842	0.221047	0.110042	0.111005	0.00479474	0.792957	0.0563425	1.23072	0.0694924	3.8561e-05
10097	1	100	22	500	0.232297	0.226793	0.114136	0.112656	0.00550447	0.787784	0.050122	1.23627	0.0636011	3.85417e-05
10098	1	100	18	500	0.251584	0.243486	0.137618	0.105868	0.00809796	0.773141	0.0531325	1.25271	0.0649858	3.60161e-05
10099	1	100	19	500	0.247288	0.243147	0.140475	0.102672	0.00414119	0.773258	0.0436144	1.25528	0.0560408	3.63787e-05
10100	1	100	16	500	0.245212	0.240518	0.138666	0.101852	0.00469391	0.775588	0.0497967	1.25274	0.0633178	3.69731e-05
10101	1	100	17	500	0.249764	0.241353	0.134656	0.106697	0.0084116	0.775283	0.0516661	1.25109	0.0645878	3.8309e-05
