Generation	PopulationID	SampleSize	UniqueMutations	PopulationSize	totalLoad	RelzLoad	RelzLoadHomo	RelzLoadHetero	MskLoad	MeanFitness	SdFitness	MeanFitnessCached	SdFitnessCached	Heterozygosity	
10001	1	100	58	500	0.325523	0.26805	0.16615	0.1019	0.0574731	0.743868	0.0822553	1.21818	0.0806267	2.6983e-05
10002	1	100	40	500	0.322045	0.272673	0.176727	0.095946	0.049372	0.742821	0.0745619	1.22487	0.0763174	2.59006e-05
10003	1	100	33	500	0.312247	0.26734	0.169805	0.0975351	0.044907	0.745926	0.0708695	1.22728	0.0677015	2.56185e-05
10004	1	100	34	500	0.346089	0.288681	0.195301	0.0933805	0.0574082	0.727831	0.0853834	1.22458	0.0844835	2.55565e-05
10005	1	100	32	500	0.3618	0.295527	0.207718	0.0878084	0.0662736	0.72151	0.0766433	1.22513	0.0723246	2.59495e-05
10006	1	100	31	500	0.368881	0.302374	0.21932	0.0830544	0.0665066	0.72369	0.0660656	1.24337	0.0639111	2.58222e-05
10007	1	100	32	500	0.348739	0.286127	0.205508	0.0806192	0.0626116	0.725889	0.0855621	1.22298	0.0848307	2.48438e-05
10008	1	100	32	500	0.345254	0.289175	0.218895	0.0702796	0.0560786	0.723445	0.0705739	1.23758	0.0741917	2.5226e-05
10009	1	100	29	500	0.338474	0.284073	0.199459	0.0846144	0.0544007	0.731824	0.0827905	1.23066	0.0743688	2.60389e-05
10010	1	100	27	500	0.331318	0.28611	0.19968	0.0864307	0.0452073	0.727676	0.065967	1.24126	0.0655427	2.54914e-05
10011	1	100	31	500	0.361288	0.303807	0.222123	0.0816844	0.0574813	0.717561	0.0560102	1.25744	0.047507	2.56299e-05
10012	1	100	29	500	0.365036	0.310519	0.23731	0.0732091	0.0545168	0.708912	0.0469806	1.26065	0.0511489	2.55371e-05
10013	1	100	25	500	0.390693	0.324731	0.257083	0.0676482	0.0659623	0.695714	0.0498148	1.25784	0.0523904	2.63998e-05
10014	1	100	24	500	0.395958	0.330691	0.257197	0.0734945	0.0652668	0.6932	0.0447512	1.25858	0.0460013	2.68283e-05
10015	1	100	28	500	0.399875	0.331535	0.266403	0.0651325	0.0683401	0.69424	0.039479	1.26379	0.0377589	2.71291e-05
10016	1	100	25	500	0.414517	0.341809	0.289917	0.0518924	0.0727081	0.680432	0.0440516	1.2562	0.0591576	2.68155e-05
10017	1	100	27	500	0.422489	0.348175	0.300857	0.047318	0.0743139	0.67127	0.0517477	1.24976	0.0720192	2.68816e-05
10018	1	100	23	500	0.420849	0.345437	0.298746	0.0466913	0.0754114	0.681312	0.0414178	1.25809	0.0496148	2.65274e-05
10019	1	100	16	500	0.141469	0.0688219	0.0390244	0.0297976	0.0726471	0.94096	0.0596404	0.976956	0.0493554	2.52862e-05
10020	1	100	16	500	0.137772	0.0640293	0.0343281	0.0297011	0.0737432	0.936275	0.071539	0.9682	0.0494749	2.5399e-05
10021	1	100	16	500	0.139337	0.0694176	0.0402139	0.0292037	0.0699191	0.937398	0.0649799	0.973024	0.0483028	2.41857e-05
10022	1	100	16	500	0.144718	0.0716547	0.0417743	0.0298805	0.0730631	0.93458	0.0644692	0.969776	0.0495572	2.41777e-05
10023	1	100	15	500	0.140083	0.0653093	0.0355634	0.0297458	0.0747737	0.935933	0.0709246	0.966616	0.0500878	2.45043e-05
10024	1	100	16	500	0.134948	0.0669903	0.0386566	0.0283337	0.0679576	0.932782	0.0727095	0.965453	0.0557414	2.44988e-05
10025	1	100	15	500	0.139937	0.0654993	0.0356793	0.02982	0.0744373	0.933754	0.0736605	0.965401	0.0558628	2.45725e-05
10026	1	100	17	500	0.127938	0.0605509	0.0327586	0.0277922	0.0673867	0.942572	0.0656955	0.97331	0.0497581	2.48227e-05
10027	1	100	21	500	0.139191	0.0687215	0.0396843	0.0290372	0.0704694	0.936384	0.0686918	0.969825	0.0520429	2.47506e-05
10028	1	100	17	500	0.128822	0.0639315	0.0364168	0.0275146	0.0648903	0.940623	0.0720638	0.973061	0.053302	2.4958e-05
10029	1	100	16	500	0.118943	0.0589196	0.0328464	0.0260732	0.0600235	0.945557	0.065367	0.977172	0.0483376	2.51488e-05
10030	1	100	18	500	0.110502	0.0516754	0.0265168	0.0251586	0.0588269	0.958485	0.047783	0.987218	0.0317575	2.57167e-05
10031	1	100	15	500	0.0946644	0.0439748	0.0214476	0.0225272	0.0506896	0.954314	0.0628379	0.979603	0.0445739	2.55774e-05
10032	1	100	16	500	0.0811693	0.0383947	0.0182608	0.0201339	0.0427746	0.971019	0.0293973	0.996104	0.016125	2.48112e-05
10033	1	100	17	500	0.0874729	0.0419411	0.0206607	0.0212803	0.0455318	0.961946	0.0499876	0.988179	0.0374456	2.52834e-05
10034	1	100	15	500	0.0997752	0.0528163	0.0299653	0.0228511	0.0469589	0.949419	0.0649244	0.981044	0.0439511	2.53004e-05
10035	1	100	18	500	0.111877	0.0598074	0.0353043	0.0245031	0.0520697	0.950693	0.0588527	0.985662	0.0424893	2.5307e-05
10036	1	100	16	500	0.122661	0.0696868	0.0444415	0.0252453	0.0529739	0.931893	0.0824961	0.969194	0.0614111	2.49672e-05
10037	1	100	16	500	0.120978	0.0691437	0.0443188	0.0248249	0.0518347	0.942426	0.0665905	0.980578	0.0486405	2.48216e-05
10038	1	100	19	500	0.110748	0.0586915	0.0341458	0.0245457	0.0520568	0.948961	0.0613715	0.982377	0.0433879	2.51987e-05
10039	1	100	16	500	0.104378	0.0518407	0.0277204	0.0241203	0.0525371	0.952775	0.061178	0.98228	0.0402595	2.53594e-05
10040	1	100	16	500	0.108693	0.0568119	0.0324041	0.0244078	0.0518813	0.946258	0.0716285	0.978442	0.0509674	2.51698e-05
10041	1	100	19	500	0.114921	0.0645264	0.0393592	0.0251672	0.0503948	0.946022	0.0622744	0.984063	0.0442877	2.47684e-05
10042	1	100	20	500	0.113512	0.0619341	0.0370366	0.0248974	0.0515784	0.943641	0.0713245	0.978866	0.0507101	2.54953e-05
10043	1	100	16	500	0.111513	0.0602914	0.0353264	0.024965	0.0512215	0.947075	0.0654774	0.982278	0.0454972	2.51949e-05
10044	1	100	17	500	0.122357	0.0678279	0.0413967	0.0264312	0.0545293	0.934478	0.0769247	0.972419	0.0569163	2.50846e-05
10045	1	100	17	500	0.112533	0.06032	0.0347605	0.0255595	0.0522133	0.945902	0.0687073	0.981123	0.048339	2.54778e-05
10046	1	100	15	500	0.122439	0.0699529	0.0441415	0.0258114	0.0524865	0.929424	0.0806589	0.967643	0.0556885	2.5386e-05
10047	1	100	19	500	0.121793	0.0650612	0.0379609	0.0271003	0.0567321	0.940423	0.0670641	0.97763	0.0468365	2.59248e-05
10048	1	100	21	500	0.132592	0.0765205	0.0442845	0.032236	0.0560715	0.92621	0.0850508	0.975535	0.0668166	2.63933e-05
10049	1	100	21	500	0.120772	0.0663194	0.0322722	0.0340472	0.0544528	0.944059	0.0622221	0.995107	0.0543958	2.62276e-05
10050	1	100	19	500	0.103933	0.0497416	0.0255172	0.0242243	0.0541916	0.958859	0.0473459	0.988111	0.0325322	2.63267e-05
10051	1	100	18	500	0.107924	0.0470366	0.0215934	0.0254431	0.0608875	0.957067	0.0527312	0.982923	0.035869	2.64327e-05
10052	1	100	18	500	0.0909871	0.040998	0.0187723	0.0222257	0.049989	0.95942	0.05558	0.983421	0.0369859	2.66467e-05
10053	1	100	18	500	0.0978185	0.0412706	0.0178626	0.023408	0.056548	0.965184	0.035102	0.990896	0.0280197	2.65848e-05
10054	1	100	20	500	0.0934228	0.036801	0.0138835	0.0229175	0.0566218	0.967367	0.0446602	0.988508	0.0282124	2.5824e-05
10055	1	100	21	500	0.0982309	0.0371157	0.0139569	0.0231588	0.0611152	0.970181	0.0314077	0.989046	0.0216885	2.56264e-05
10056	1	100	17	500	0.0887082	0.0338054	0.0131994	0.020606	0.0549028	0.973278	0.0308429	0.988992	0.0200599	2.4768e-05
10057	1	100	19	500	0.0864352	0.0324977	0.0126556	0.0198421	0.0539375	0.972722	0.0345738	0.986893	0.0315819	2.45429e-05
10058	1	100	13	500	0.0928753	0.035499	0.0150043	0.0204947	0.0573764	0.971021	0.0371875	0.984869	0.0267344	2.38483e-05
10059	1	100	16	500	0.0867757	0.0330255	0.0167543	0.0162712	0.0537501	0.969685	0.0583303	0.975418	0.0579349	2.16809e-05
10060	1	100	16	500	0.106294	0.0426951	0.0243473	0.0183478	0.0635987	0.967336	0.0497371	0.972366	0.0500555	2.25739e-05
10061	1	100	17	500	0.114018	0.0437876	0.0240011	0.0197866	0.0702306	0.964509	0.0578694	0.968973	0.0570185	2.21984e-05
10062	1	100	16	500	0.119941	0.0507375	0.0307708	0.0199667	0.0692034	0.957079	0.0719503	0.962753	0.0734682	2.2312e-05
10063	1	100	17	500	0.0982419	0.0369913	0.0183362	0.0186551	0.0612507	0.970852	0.0456926	0.977865	0.0452924	2.31127e-05
10064	1	100	14	500	0.100239	0.0400567	0.0208177	0.0192391	0.0601819	0.968495	0.0495768	0.977666	0.049475	2.2857e-05
10065	1	100	14	500	0.0931937	0.0358908	0.0164282	0.0194626	0.0573029	0.97497	0.0185716	0.98634	0.0190087	2.33828e-05
10066	1	100	15	500	0.0837767	0.0310265	0.0136454	0.0173811	0.0527501	0.975384	0.0349365	0.984414	0.0333783	2.35183e-05
10067	1	100	14	500	0.0592025	0.0206909	0.00770879	0.0129821	0.0385116	0.980856	0.0337712	0.988577	0.0327288	2.2556e-05
10068	1	100	13	500	0.0725564	0.0260798	0.0110354	0.0150445	0.0464766	0.972401	0.0568894	0.97964	0.0569637	2.29083e-05
10069	1	100	15	500	0.0713046	0.025755	0.00986111	0.0158939	0.0455495	0.978774	0.0209419	0.988591	0.0175838	2.34738e-05
10070	1	100	13	500	0.0755729	0.0282678	0.0127364	0.0155314	0.0473051	0.976925	0.0315849	0.984776	0.0306716	2.16249e-05
10071	1	100	16	500	0.0650357	0.0239736	0.0107369	0.0132367	0.041062	0.979388	0.0297531	0.985391	0.0218558	2.00246e-05
10072	1	100	12	500	0.0808972	0.0313953	0.0153073	0.0160879	0.0495019	0.968715	0.0595304	0.976603	0.0592269	2.10194e-05
10073	1	100	13	500	0.0550544	0.0208412	0.00953685	0.0113043	0.0342132	0.982929	0.0179472	0.988652	0.0152285	1.76599e-05
10074	1	100	15	500	0.0688136	0.0263109	0.0133244	0.0129864	0.0425027	0.974753	0.0485682	0.979775	0.049132	1.86005e-05
10075	1	100	11	500	0.0830625	0.0327033	0.0172768	0.0154265	0.0503592	0.972204	0.0453192	0.977981	0.0431299	2.05488e-05
10076	1	100	12	500	0.077524	0.0274551	0.0137489	0.0137062	0.050069	0.980195	0.0201123	0.982805	0.0199703	2.09584e-05
10077	1	100	13	500	0.0794614	0.0307734	0.0164609	0.0143125	0.048688	0.972542	0.0475252	0.976942	0.0480667	2.28167e-05
10078	1	100	11	500	0.0805096	0.0295144	0.0144049	0.0151095	0.0509951	0.979265	0.0218807	0.984084	0.0188537	2.40782e-05
10079	1	100	11	500	0.0724776	0.0253019	0.0104167	0.0148852	0.0471757	0.976698	0.0420746	0.983335	0.0414886	2.35874e-05
10080	1	100	15	500	0.0718352	0.0234638	0.00794564	0.0155182	0.0483714	0.980217	0.0241205	0.987515	0.0221501	2.28428e-05
10081	1	100	14	500	0.0827129	0.0256506	0.00908896	0.0165616	0.0570623	0.978606	0.0237419	0.983319	0.0223028	2.33516e-05
10082	1	100	14	500	0.0817869	0.024769	0.00802277	0.0167462	0.057018	0.977745	0.0338038	0.983108	0.0323637	2.41249e-05
10083	1	100	14	500	0.0608624	0.017917	0.00585315	0.0120639	0.0429454	0.984733	0.0186174	0.987488	0.0181826	2.42455e-05
10084	1	100	11	500	0.0703784	0.0234863	0.0117633	0.011723	0.046892	0.976235	0.0529169	0.97627	0.0529323	2.31865e-05
10085	1	100	11	500	0.0845676	0.0298461	0.0161657	0.0136804	0.0547216	0.975609	0.0432132	0.975625	0.0432073	2.33665e-05
10086	1	100	12	500	0.0815603	0.0270638	0.0134396	0.0136241	0.0544965	0.980753	0.0201963	0.980753	0.0201963	2.21189e-05
10087	1	100	12	500	0.078892	0.0270032	0.014031	0.0129722	0.0518887	0.980295	0.0196841	0.98103	0.0203204	2.07999e-05
10088	1	100	12	500	0.0876984	0.0301692	0.0157869	0.0143823	0.0575292	0.968757	0.0621704	0.968757	0.0621704	2.17461e-05
10089	1	100	16	500	0.0948347	0.0296257	0.0133235	0.0163022	0.065209	0.977538	0.0233704	0.977543	0.0233736	2.11036e-05
10090	1	100	16	500	0.0805431	0.0254204	0.0116397	0.0137807	0.0551227	0.976711	0.0418594	0.976824	0.0419028	2.05884e-05
10091	1	100	13	500	0.0833416	0.0259191	0.0115634	0.0143556	0.0574226	0.979266	0.0209518	0.979266	0.0209518	1.92386e-05
10092	1	100	15	500	0.0901017	0.0294874	0.0143339	0.0151536	0.0606143	0.977543	0.0208343	0.977543	0.0208343	1.93579e-05
10093	1	100	19	500	0.11865	0.0382445	0.0181431	0.0201014	0.0804056	0.968487	0.0494674	0.968607	0.0495219	2.23955e-05
10094	1	100	18	500	0.116232	0.0351427	0.0148703	0.0202724	0.0810896	0.973135	0.0249588	0.973163	0.0249814	2.2921e-05
10095	1	100	18	500	0.118751	0.0373645	0.0170178	0.0203467	0.0813868	0.96764	0.0452238	0.967879	0.0453904	2.40452e-05
10096	1	100	17	500	0.131781	0.0415697	0.0190162	0.0225535	0.090211	0.968227	0.0352661	0.968277	0.0352085	2.25677e-05
10097	1	100	17	500	0.146203	0.0485123	0.0240897	0.0244226	0.0976903	0.960894	0.054406	0.960894	0.054406	2.42021e-05
10098	1	100	17	500	0.133768	0.0470446	0.0253637	0.0216809	0.0867237	0.964966	0.0489301	0.964966	0.0489301	2.52762e-05
10099	1	100	16	500	0.117365	0.039025	0.01944	0.019585	0.0783399	0.969609	0.0410086	0.969957	0.0410311	2.57739e-05
10100	1	100	13	500	0.119379	0.0382793	0.0180043	0.020275	0.0810999	0.967837	0.0492001	0.968178	0.0493563	2.56757e-05
10101	1	100	16	500	0.115388	0.0376424	0.0173716	0.0202709	0.0777453	0.973371	0.0238168	0.975004	0.0233306	2.6999e-05
