Generation	PopulationID	SampleSize	UniqueMutations	PopulationSize	totalLoad	RelzLoad	RelzLoadHomo	RelzLoadHetero	MskLoad	MeanFitness	SdFitness	MeanFitnessCached	SdFitnessCached	Heterozygosity	
10001	1	100	42	500	0.267699	0.247198	0.115558	0.131639	0.0205015	0.774533	0.0486848	1.23096	0.0750511	3.69531e-05
10002	1	100	32	500	0.259316	0.242419	0.124148	0.11827	0.0168968	0.780523	0.0372285	1.22848	0.0557962	3.44315e-05
10003	1	100	30	500	0.264489	0.249019	0.129157	0.119862	0.0154703	0.775456	0.0437251	1.23954	0.0660413	3.43156e-05
10004	1	100	31	500	0.265623	0.251658	0.139764	0.111894	0.0139644	0.771502	0.0408164	1.24314	0.062748	3.3671e-05
10005	1	100	28	500	0.258644	0.245064	0.138683	0.10638	0.0135798	0.776285	0.0376767	1.23719	0.0595364	3.3672e-05
10006	1	100	25	500	0.250899	0.239272	0.133912	0.105359	0.0116269	0.781434	0.0379109	1.23179	0.054616	3.24715e-05
10007	1	100	25	500	0.242416	0.230285	0.128179	0.102106	0.0121311	0.788277	0.0405499	1.21972	0.0611551	3.24604e-05
10008	1	100	28	500	0.230985	0.21857	0.12229	0.0962805	0.0124142	0.798185	0.0323866	1.20799	0.0463956	3.09923e-05
10009	1	100	26	500	0.234446	0.218748	0.124421	0.0943271	0.0156972	0.79811	0.0349173	1.2064	0.0510786	3.04666e-05
10010	1	100	26	500	0.232252	0.219661	0.126781	0.0928798	0.0125916	0.795947	0.0320575	1.20909	0.0468934	2.93139e-05
10011	1	100	22	500	0.22504	0.214175	0.125508	0.0886675	0.010865	0.801059	0.0310082	1.20452	0.0438876	2.97155e-05
10012	1	100	19	500	0.225414	0.215903	0.126297	0.0896064	0.00951094	0.79951	0.0277543	1.20636	0.0382701	2.99541e-05
10013	1	100	20	500	0.223089	0.213775	0.125295	0.0884795	0.00931433	0.802176	0.0310869	1.20547	0.0418408	3.02957e-05
10014	1	100	19	500	0.227878	0.218084	0.123786	0.0942975	0.00979467	0.798587	0.0314538	1.21076	0.044092	2.98923e-05
10015	1	100	23	500	0.227618	0.218735	0.126857	0.0918777	0.00888378	0.797782	0.0327013	1.21041	0.0458362	2.91506e-05
10016	1	100	15	500	0.23093	0.223219	0.12618	0.097039	0.007711	0.793709	0.0321609	1.21593	0.0454511	2.966e-05
10017	1	100	16	500	0.230022	0.220698	0.123374	0.0973247	0.00932386	0.795508	0.0309717	1.21095	0.045675	3.08572e-05
10018	1	100	21	500	0.23764	0.2286	0.131003	0.0975966	0.00904031	0.78928	0.0359241	1.22064	0.0511335	3.01073e-05
10019	1	100	19	500	0.23991	0.23195	0.136816	0.0951344	0.00795968	0.785631	0.032914	1.2236	0.0491387	2.8487e-05
10020	1	100	19	500	0.24292	0.233871	0.141051	0.0928195	0.00904923	0.784593	0.0372234	1.2268	0.0519152	2.94619e-05
10021	1	100	19	500	0.236773	0.229439	0.13924	0.0901984	0.00733433	0.787657	0.0346921	1.2223	0.0499304	2.89306e-05
10022	1	100	21	500	0.237875	0.229494	0.139781	0.0897131	0.00838123	0.788026	0.0357717	1.22209	0.0520378	2.94788e-05
10023	1	100	22	500	0.233736	0.227144	0.138189	0.0889543	0.00659272	0.789854	0.0366171	1.21999	0.0510717	2.87734e-05
10024	1	100	22	500	0.240968	0.232571	0.13973	0.0928414	0.00839629	0.785365	0.0323244	1.22558	0.0483014	2.82794e-05
10025	1	100	21	500	0.231252	0.222829	0.125179	0.0976492	0.00842301	0.794563	0.0310207	1.21422	0.0429842	3.2461e-05
10026	1	100	19	500	0.232342	0.224493	0.127763	0.0967308	0.00784839	0.792747	0.0337158	1.21713	0.048326	3.15532e-05
10027	1	100	18	500	0.226784	0.220109	0.123654	0.0964548	0.0066745	0.796601	0.0321411	1.21275	0.04471	3.04973e-05
10028	1	100	21	500	0.228658	0.217311	0.11827	0.0990413	0.0113471	0.798492	0.0284405	1.2046	0.0425803	3.09567e-05
10029	1	100	22	500	0.232309	0.220587	0.122548	0.0980389	0.0117211	0.79583	0.0274001	1.20882	0.0401896	3.0359e-05
10030	1	100	23	500	0.227372	0.213762	0.112405	0.101357	0.0136099	0.80068	0.027662	1.21736	0.0473212	2.90331e-05
10031	1	100	20	500	0.21914	0.208781	0.114835	0.0939468	0.0103588	0.805759	0.0315948	1.21585	0.0460896	2.75952e-05
10032	1	100	22	500	0.222303	0.208584	0.121666	0.0869172	0.013719	0.80543	0.0275192	1.21349	0.0410652	2.68485e-05
10033	1	100	21	500	0.22255	0.212719	0.124667	0.0880512	0.00983145	0.802184	0.025782	1.22141	0.0414177	2.68641e-05
10034	1	100	21	500	0.228651	0.211432	0.126293	0.0851387	0.0172192	0.803762	0.0267171	1.21441	0.0434253	2.57901e-05
10035	1	100	20	500	0.227174	0.20988	0.126623	0.0832574	0.0172939	0.80483	0.0209318	1.21188	0.0360736	2.59038e-05
10036	1	100	19	500	0.210906	0.20206	0.124209	0.0778517	0.00884623	0.811005	0.0210544	1.20941	0.0313787	2.6701e-05
10037	1	100	20	500	0.218971	0.206195	0.120642	0.085553	0.0127762	0.807515	0.0225541	1.21123	0.0375428	2.70337e-05
10038	1	100	18	500	0.220734	0.206049	0.119452	0.0865973	0.0146848	0.80572	0.03505	1.20676	0.0569436	2.77396e-05
10039	1	100	22	500	0.227324	0.210638	0.119766	0.0908724	0.0166854	0.804667	0.0223443	1.21426	0.0386811	2.83823e-05
10040	1	100	22	500	0.220824	0.208467	0.11842	0.0900469	0.0123569	0.805903	0.0222965	1.21454	0.0357859	2.93139e-05
10041	1	100	21	500	0.229509	0.208408	0.112516	0.095892	0.0211005	0.807035	0.0228245	1.20802	0.0375779	3.07174e-05
10042	1	100	20	500	0.252074	0.217714	0.115483	0.102231	0.0343604	0.80172	0.0296911	1.20548	0.0515851	3.16091e-05
10043	1	100	24	500	0.243762	0.220886	0.118568	0.102318	0.0228752	0.79256	0.0492832	1.21426	0.0828328	3.19505e-05
10044	1	100	24	500	0.236091	0.215515	0.113234	0.102282	0.0205758	0.79771	0.0431475	1.21054	0.0703487	3.29284e-05
10045	1	100	22	500	0.241783	0.21137	0.116895	0.0944749	0.0304135	0.804869	0.0298826	1.20389	0.051331	3.09463e-05
10046	1	100	21	500	0.244142	0.215516	0.113436	0.10208	0.0286266	0.800799	0.0303169	1.21055	0.0513221	3.26158e-05
10047	1	100	19	500	0.23377	0.214618	0.117128	0.0974906	0.0191514	0.800929	0.0279495	1.21601	0.0477925	3.14207e-05
10048	1	100	19	500	0.22331	0.207133	0.112525	0.0946077	0.0161771	0.806207	0.030382	1.20831	0.0455563	3.20877e-05
10049	1	100	22	500	0.230728	0.208825	0.112117	0.0967078	0.0219036	0.8062	0.02643	1.20817	0.046339	3.24208e-05
10050	1	100	18	500	0.22653	0.212362	0.111548	0.100814	0.0141683	0.802343	0.033022	1.21518	0.0488733	3.27248e-05
10051	1	100	18	500	0.22952	0.21935	0.117763	0.101587	0.0101696	0.796723	0.0348781	1.22692	0.0467762	3.22624e-05
10052	1	100	19	500	0.2348	0.224044	0.124557	0.099487	0.0107563	0.792486	0.0349684	1.23286	0.0519889	3.10869e-05
10053	1	100	19	500	0.234019	0.224234	0.130131	0.0941026	0.00978544	0.79254	0.038525	1.23437	0.0534745	3.03575e-05
10054	1	100	20	500	0.233652	0.225685	0.131035	0.0946505	0.00796623	0.790844	0.0380201	1.2368	0.0542702	3.00557e-05
10055	1	100	21	500	0.2371	0.226865	0.134891	0.0919743	0.010235	0.789916	0.0422416	1.23775	0.0585993	2.90768e-05
10056	1	100	25	500	0.226941	0.218362	0.12753	0.0908324	0.00857849	0.797124	0.0391712	1.22832	0.0536583	3.00328e-05
10057	1	100	20	500	0.230458	0.220878	0.121761	0.0991168	0.00958078	0.795851	0.0435261	1.23011	0.0583714	3.17994e-05
10058	1	100	21	500	0.218974	0.209698	0.111953	0.097745	0.00927589	0.80466	0.0359491	1.21636	0.0459307	3.26405e-05
10059	1	100	21	500	0.211742	0.203039	0.109504	0.0935352	0.00870237	0.810823	0.0354954	1.20968	0.0467389	3.29372e-05
10060	1	100	22	500	0.221025	0.212348	0.115837	0.0965113	0.00867619	0.802943	0.0322062	1.22046	0.0441415	3.23675e-05
10061	1	100	25	500	0.225482	0.213931	0.11379	0.100141	0.0115504	0.801118	0.036078	1.21908	0.0481765	3.34348e-05
10062	1	100	23	500	0.222909	0.214128	0.117566	0.0965625	0.00878095	0.80139	0.0423473	1.22288	0.0554256	3.28839e-05
10063	1	100	22	500	0.225509	0.213312	0.118673	0.0946385	0.0121968	0.801852	0.0332801	1.21897	0.0437989	3.3448e-05
10064	1	100	26	500	0.223801	0.21256	0.114456	0.0981038	0.0112415	0.802424	0.0359603	1.21813	0.0476953	3.40191e-05
10065	1	100	23	500	0.219113	0.212463	0.119673	0.0927904	0.0066492	0.802306	0.0379736	1.22255	0.050555	3.26268e-05
10066	1	100	24	500	0.216594	0.208905	0.118997	0.0899083	0.00768916	0.805249	0.0383345	1.2177	0.0524724	3.24874e-05
10067	1	100	25	500	0.216429	0.20781	0.124308	0.0835018	0.00861921	0.805968	0.03882	1.21612	0.0533985	3.02045e-05
10068	1	100	31	500	0.209502	0.197551	0.120195	0.077356	0.0119506	0.814641	0.0339434	1.20198	0.0475252	2.95054e-05
10069	1	100	27	500	0.212125	0.201525	0.122803	0.0787227	0.0105998	0.811262	0.0386252	1.20763	0.052375	2.97706e-05
10070	1	100	29	500	0.209267	0.198439	0.128119	0.0703194	0.0108284	0.813921	0.0412748	1.20402	0.0554242	2.75048e-05
10071	1	100	26	500	0.200509	0.189494	0.129024	0.0604696	0.0110149	0.821187	0.0321487	1.19316	0.0445901	2.62617e-05
10072	1	100	25	500	0.194132	0.187126	0.126372	0.0607537	0.00700557	0.823228	0.0352525	1.19328	0.0473093	2.6635e-05
10073	1	100	24	500	0.201591	0.190306	0.127991	0.062315	0.0112853	0.820155	0.0359767	1.19459	0.0481854	2.7055e-05
10074	1	100	24	500	0.202116	0.189732	0.123275	0.0664569	0.0123842	0.821138	0.0411101	1.19219	0.0538434	2.87934e-05
10075	1	100	27	500	0.181429	0.170805	0.120505	0.0503004	0.0106237	0.83733	0.0279262	1.17172	0.0360379	2.73292e-05
10076	1	100	21	500	0.183962	0.174589	0.124354	0.0502349	0.00937253	0.832883	0.032077	1.1768	0.0406294	2.71488e-05
10077	1	100	20	500	0.198834	0.175431	0.122644	0.052787	0.0234025	0.833308	0.037765	1.16958	0.0512548	2.76309e-05
10078	1	100	23	500	0.200306	0.179706	0.119827	0.0598794	0.0205997	0.829475	0.0343204	1.17618	0.0497508	2.93274e-05
10079	1	100	24	500	0.186877	0.172831	0.118337	0.0544941	0.0140464	0.834372	0.0319432	1.17044	0.0427928	2.91009e-05
10080	1	100	23	500	0.188122	0.175666	0.118941	0.0567258	0.0124555	0.833146	0.0272595	1.17614	0.0373831	2.93573e-05
10081	1	100	22	500	0.180852	0.173395	0.116264	0.0571311	0.00745668	0.834918	0.0281713	1.17639	0.0349998	3.00816e-05
10082	1	100	24	500	0.18227	0.173806	0.117103	0.0567038	0.00846326	0.834382	0.0331156	1.17583	0.0426216	3.00954e-05
10083	1	100	20	500	0.179204	0.17329	0.118138	0.0551529	0.0059133	0.834901	0.0298776	1.1773	0.0386173	2.94602e-05
10084	1	100	21	500	0.175568	0.17009	0.113692	0.0563979	0.00547837	0.837943	0.0331713	1.17427	0.0417365	2.99921e-05
10085	1	100	21	500	0.183887	0.177112	0.113174	0.0639381	0.00677429	0.832007	0.0308517	1.18118	0.0403326	3.12422e-05
10086	1	100	18	500	0.184586	0.180474	0.117374	0.0631003	0.00411104	0.828866	0.0287882	1.18659	0.0368571	3.06881e-05
10087	1	100	19	500	0.181285	0.177585	0.116518	0.0610669	0.00369966	0.831167	0.0315968	1.18374	0.0421474	3.03448e-05
10088	1	100	22	500	0.176966	0.173352	0.11679	0.0565615	0.00361389	0.834682	0.0294124	1.17855	0.0395399	2.95464e-05
10089	1	100	21	500	0.170531	0.167351	0.113822	0.0535281	0.00318099	0.839777	0.0289365	1.17126	0.040259	2.9997e-05
10090	1	100	21	500	0.170827	0.166638	0.114789	0.0518487	0.00418894	0.840898	0.0360605	1.17054	0.0494599	2.8992e-05
10091	1	100	21	500	0.177955	0.173332	0.11407	0.0592618	0.00462312	0.834954	0.0339173	1.17784	0.0465056	2.96773e-05
10092	1	100	23	500	0.173381	0.167866	0.115578	0.0522888	0.00551404	0.840015	0.0343828	1.17117	0.0476391	2.87136e-05
10093	1	100	15	500	0.0635506	0.0590135	0.0146067	0.0444068	0.00453709	0.942034	0.0369396	1.05649	0.0418844	2.77376e-05
10094	1	100	19	500	0.0719789	0.0647649	0.0150214	0.0497435	0.00721407	0.936508	0.0394328	1.06054	0.0434631	2.85928e-05
10095	1	100	18	500	0.0670306	0.0606412	0.0155634	0.0450777	0.00638946	0.940777	0.0405236	1.05725	0.0450349	2.824e-05
10096	1	100	16	500	0.0653482	0.0586184	0.0152044	0.043414	0.00672972	0.942562	0.0391994	1.05467	0.0428793	2.83326e-05
10097	1	100	15	500	0.0656147	0.0614369	0.0147744	0.0466625	0.00417787	0.939648	0.0411838	1.05895	0.045087	2.92824e-05
10098	1	100	19	500	0.0597466	0.0555887	0.0126735	0.0429152	0.00415782	0.945402	0.043314	1.05272	0.0475172	3.00229e-05
10099	1	100	20	500	0.0632893	0.0583933	0.0135229	0.0448704	0.00489604	0.942092	0.0421623	1.05484	0.0461907	3.00617e-05
10100	1	100	16	500	0.0636683	0.0533867	0.0113164	0.0420704	0.0102816	0.947511	0.0415001	1.04704	0.0453492	2.95261e-05
10101	1	100	15	500	0.0595929	0.0555881	0.0123139	0.0432742	0.00400476	0.945471	0.0380232	1.05285	0.0418447	2.93154e-05
