Generation	PopulationID	SampleSize	UniqueMutations	PopulationSize	totalLoad	RelzLoad	RelzLoadHomo	RelzLoadHetero	MskLoad	MeanFitness	SdFitness	MeanFitnessCached	SdFitnessCached	Heterozygosity	
10001	1	100	46	500	0.211771	0.194002	0.142398	0.0516037	0.0177699	0.818346	0.0408361	1.15881	0.0520388	2.46316e-05
10002	1	100	34	500	0.251844	0.199662	0.138589	0.0610724	0.0521826	0.815817	0.0474942	1.14378	0.0503913	2.61145e-05
10003	1	100	33	500	0.262005	0.202405	0.137492	0.0649127	0.0595998	0.815017	0.0509325	1.14296	0.0553176	2.61613e-05
10004	1	100	32	500	0.251936	0.198118	0.137182	0.0609358	0.0538182	0.817537	0.0515662	1.14103	0.0560841	2.58663e-05
10005	1	100	30	500	0.274471	0.204412	0.140926	0.0634863	0.0700594	0.813561	0.0417639	1.13559	0.0472315	2.54983e-05
10006	1	100	33	500	0.264781	0.202924	0.137499	0.0654254	0.0618562	0.813518	0.0537472	1.13781	0.0588827	2.66651e-05
10007	1	100	31	500	0.249344	0.1926	0.127222	0.0653783	0.0567439	0.823127	0.0468192	1.13437	0.0505678	2.79515e-05
10008	1	100	31	500	0.248615	0.192142	0.125406	0.0667365	0.0564723	0.825088	0.0488492	1.13224	0.055342	2.80449e-05
10009	1	100	27	500	0.203329	0.152208	0.0871201	0.0650878	0.0511212	0.857595	0.0441069	1.12595	0.0524781	2.78022e-05
10010	1	100	25	500	0.212018	0.155912	0.0899569	0.0659547	0.0561061	0.854402	0.0482808	1.12574	0.0561727	2.7402e-05
10011	1	100	24	500	0.205056	0.155343	0.093226	0.062117	0.0497128	0.854231	0.0484606	1.12907	0.0541082	2.64962e-05
10012	1	100	29	500	0.213921	0.15356	0.0906979	0.0628619	0.0603609	0.849829	0.0771753	1.10969	0.0982871	2.70508e-05
10013	1	100	24	500	0.199589	0.149451	0.0890845	0.0603664	0.0501379	0.858243	0.0452621	1.12059	0.0597074	2.68211e-05
10014	1	100	25	500	0.209413	0.1518	0.0862082	0.0655917	0.0576135	0.855508	0.0544531	1.11672	0.0686807	2.6798e-05
10015	1	100	20	500	0.201545	0.142019	0.0834535	0.0585659	0.0595257	0.868203	0.0459666	1.10806	0.0617121	2.66836e-05
10016	1	100	21	500	0.186255	0.137185	0.0835747	0.0536105	0.04907	0.871149	0.0492195	1.10918	0.0597162	2.67711e-05
10017	1	100	20	500	0.197589	0.136567	0.0787871	0.0577796	0.061022	0.867493	0.074301	1.09076	0.0716683	2.72888e-05
10018	1	100	20	500	0.192543	0.138501	0.0759896	0.0625116	0.0540421	0.870831	0.0392085	1.10834	0.0553531	2.842e-05
10019	1	100	18	500	0.198313	0.139553	0.0744524	0.0651004	0.0587598	0.870785	0.0481965	1.10647	0.0660649	2.75213e-05
10020	1	100	20	500	0.201653	0.143342	0.0717838	0.0715582	0.0583111	0.857188	0.0896488	1.09806	0.119368	2.84252e-05
10021	1	100	26	500	0.181697	0.141585	0.0749027	0.066682	0.040112	0.866389	0.0505218	1.11491	0.0637899	2.91583e-05
10022	1	100	19	500	0.193988	0.140926	0.0751751	0.0657504	0.0530628	0.868472	0.0465681	1.10627	0.0584838	2.92137e-05
10023	1	100	18	500	0.161422	0.130193	0.0691897	0.0610035	0.0312286	0.877569	0.0450509	1.1111	0.0577432	2.80782e-05
10024	1	100	15	500	0.163582	0.122216	0.0623727	0.0598437	0.0413654	0.887689	0.0427597	1.09204	0.051024	3.01126e-05
10025	1	100	15	500	0.152372	0.112903	0.0585312	0.0543723	0.0394684	0.893544	0.0446166	1.08226	0.0528935	3.0254e-05
10026	1	100	18	500	0.153324	0.114579	0.0571399	0.0574396	0.0387447	0.891774	0.0418445	1.08436	0.0500174	2.97485e-05
10027	1	100	15	500	0.157982	0.120477	0.0599154	0.0605616	0.0375051	0.884442	0.0452577	1.08567	0.0621066	2.93152e-05
10028	1	100	14	500	0.15579	0.118781	0.0615228	0.0572577	0.0370096	0.89024	0.0439749	1.09375	0.0514483	2.8392e-05
10029	1	100	18	500	0.14846	0.116066	0.0643318	0.051734	0.0323946	0.890131	0.0384686	1.09267	0.0537815	2.72671e-05
10030	1	100	15	500	0.144734	0.114903	0.0612855	0.0536172	0.029831	0.8917	0.0402894	1.09196	0.0499085	2.74164e-05
10031	1	100	16	500	0.154228	0.121508	0.0627981	0.05871	0.0327198	0.888332	0.0419928	1.09615	0.0530741	2.97422e-05
10032	1	100	16	500	0.150735	0.121877	0.0661778	0.0556989	0.0288584	0.887521	0.0411612	1.10104	0.0571741	2.87328e-05
10033	1	100	12	500	0.159246	0.129088	0.0685844	0.0605037	0.030158	0.882333	0.0426071	1.10684	0.0568367	2.84875e-05
10034	1	100	15	500	0.175935	0.142292	0.0725591	0.0697334	0.0336425	0.871427	0.0456595	1.11812	0.0659747	2.87934e-05
10035	1	100	15	500	0.172858	0.138262	0.0709647	0.0672976	0.0345954	0.87058	0.0433706	1.11138	0.0657192	2.86405e-05
10036	1	100	17	500	0.170851	0.136458	0.0720473	0.0644108	0.0343927	0.871411	0.0463288	1.11004	0.0722115	2.9222e-05
10037	1	100	16	500	0.157965	0.13115	0.072116	0.0590342	0.0268149	0.876738	0.0483553	1.11211	0.0693476	2.81011e-05
10038	1	100	17	500	0.147256	0.127727	0.075968	0.0517587	0.0195293	0.88004	0.0464596	1.1173	0.0591735	2.56605e-05
10039	1	100	17	500	0.162682	0.144517	0.0862583	0.058259	0.0181646	0.86309	0.0519179	1.13676	0.0721552	2.46786e-05
10040	1	100	18	500	0.166554	0.149988	0.0884093	0.0615789	0.0165656	0.859093	0.0477037	1.14534	0.0656444	2.51654e-05
10041	1	100	18	500	0.16775	0.151895	0.0896886	0.062206	0.0158554	0.857088	0.0511469	1.14812	0.070698	2.54795e-05
10042	1	100	18	500	0.174462	0.15985	0.0974978	0.0623518	0.0146127	0.849833	0.0525262	1.1576	0.073341	2.42718e-05
10043	1	100	19	500	0.184502	0.161941	0.0935541	0.0683869	0.0225613	0.849501	0.0474399	1.15393	0.0665853	2.69043e-05
10044	1	100	18	500	0.183647	0.157256	0.0906311	0.0666253	0.0263907	0.852406	0.0518261	1.145	0.0747558	2.73362e-05
10045	1	100	17	500	0.188616	0.165057	0.0967453	0.0683116	0.0235591	0.845337	0.0524847	1.15721	0.0693919	2.56532e-05
10046	1	100	17	500	0.16836	0.147582	0.0851501	0.0624316	0.020778	0.861275	0.049208	1.14106	0.0695967	2.55531e-05
10047	1	100	19	500	0.178398	0.149802	0.0870678	0.0627346	0.0285954	0.86059	0.0537778	1.13679	0.0712538	2.631e-05
10048	1	100	18	500	0.178916	0.150749	0.0869319	0.0638173	0.0281666	0.85832	0.0539368	1.1341	0.0652008	2.70603e-05
10049	1	100	18	500	0.182957	0.153952	0.0906593	0.0632927	0.0290047	0.855446	0.055912	1.1365	0.0728434	2.61278e-05
10050	1	100	20	500	0.189152	0.159155	0.0967966	0.0623582	0.0299972	0.852648	0.0619422	1.14431	0.0800088	2.58187e-05
10051	1	100	25	500	0.22978	0.180862	0.109956	0.0709059	0.0489183	0.834691	0.0546005	1.15533	0.0719047	2.64845e-05
10052	1	100	22	500	0.232274	0.175297	0.104469	0.0708281	0.056977	0.838641	0.0646461	1.14052	0.079091	2.62283e-05
10053	1	100	23	500	0.234131	0.175289	0.104178	0.0711112	0.0588416	0.839353	0.0592471	1.14212	0.0652013	2.59134e-05
10054	1	100	23	500	0.224483	0.168178	0.0985623	0.0696162	0.0563042	0.845142	0.0585507	1.13703	0.0691416	2.54535e-05
10055	1	100	26	500	0.229835	0.162524	0.0921185	0.070405	0.0673113	0.852012	0.0609914	1.12165	0.0653292	2.76031e-05
10056	1	100	23	500	0.221246	0.15577	0.0896437	0.0661259	0.0654767	0.8574	0.0538782	1.11405	0.0562138	2.63714e-05
10057	1	100	23	500	0.221031	0.155716	0.0891637	0.0665519	0.0653149	0.859079	0.0571063	1.11467	0.0647234	2.69839e-05
10058	1	100	18	500	0.222504	0.162247	0.0970349	0.0652117	0.0602577	0.850452	0.0603924	1.12114	0.0672516	2.53953e-05
10059	1	100	22	500	0.238493	0.171372	0.100308	0.071064	0.0671213	0.839907	0.0686482	1.12237	0.069311	2.59821e-05
10060	1	100	22	500	0.234313	0.164709	0.0960835	0.0686251	0.0696044	0.849518	0.0632682	1.12248	0.0706709	2.55807e-05
10061	1	100	25	500	0.21904	0.150558	0.0889256	0.061632	0.0684819	0.860478	0.0626114	1.10432	0.0596953	2.50723e-05
10062	1	100	28	500	0.232135	0.153415	0.0892103	0.0642047	0.0787202	0.859097	0.061278	1.10317	0.0606058	2.55951e-05
10063	1	100	23	500	0.195696	0.138884	0.0843619	0.0545218	0.0568124	0.869766	0.0582083	1.10028	0.0575575	2.54577e-05
10064	1	100	27	500	0.197675	0.136863	0.0821743	0.0546885	0.0608125	0.872652	0.0525998	1.09904	0.0570505	2.51621e-05
10065	1	100	24	500	0.19536	0.125916	0.0765242	0.049392	0.0694439	0.882536	0.0505962	1.08383	0.0486228	2.39674e-05
10066	1	100	25	500	0.173296	0.117131	0.0739925	0.0431386	0.0561646	0.889534	0.0453078	1.07992	0.0455359	2.51415e-05
10067	1	100	22	500	0.205139	0.129103	0.0805846	0.0485183	0.0760363	0.88096	0.0502631	1.08092	0.0494917	2.44106e-05
10068	1	100	23	500	0.199755	0.127985	0.0809191	0.0470662	0.0717701	0.880673	0.0533751	1.07993	0.0558689	2.46088e-05
10069	1	100	25	500	0.200515	0.126528	0.0775695	0.0489581	0.0739871	0.883009	0.0522779	1.0788	0.0566198	2.61497e-05
10070	1	100	22	500	0.192728	0.128024	0.0802188	0.0478051	0.0647044	0.880172	0.0517739	1.08551	0.0526091	2.49829e-05
10071	1	100	22	500	0.20899	0.135118	0.0809026	0.054215	0.073872	0.874526	0.0544125	1.09152	0.0660343	2.44318e-05
10072	1	100	21	500	0.197091	0.138392	0.0837737	0.0546179	0.0586994	0.870798	0.0587249	1.10449	0.071277	2.34823e-05
10073	1	100	21	500	0.204945	0.150467	0.0877093	0.0627575	0.0544785	0.859077	0.0548712	1.11847	0.0738785	2.56946e-05
10074	1	100	21	500	0.231047	0.165555	0.0954357	0.0701192	0.0654917	0.847748	0.0560746	1.12508	0.0778281	2.81395e-05
10075	1	100	23	500	0.215996	0.162382	0.0962458	0.0661361	0.0536137	0.85027	0.0533935	1.13036	0.0723299	2.77589e-05
10076	1	100	26	500	0.219842	0.15878	0.093221	0.0655589	0.061062	0.853162	0.0571564	1.12424	0.0786855	2.70089e-05
10077	1	100	26	500	0.216423	0.157303	0.0922089	0.0650941	0.0591196	0.851396	0.0738418	1.11948	0.0990984	2.74585e-05
10078	1	100	23	500	0.192575	0.148626	0.0910556	0.0575704	0.043949	0.860862	0.0453855	1.12647	0.0662014	2.43684e-05
10079	1	100	24	500	0.195754	0.146542	0.0879561	0.0585863	0.0492115	0.862781	0.052968	1.12194	0.0688252	2.29649e-05
10080	1	100	24	500	0.199961	0.149666	0.0867836	0.062882	0.050295	0.860781	0.0569385	1.12522	0.087533	2.50277e-05
10081	1	100	24	500	0.194608	0.150559	0.0889327	0.0616268	0.044049	0.859353	0.0456274	1.12975	0.0676965	2.5011e-05
10082	1	100	25	500	0.188549	0.147224	0.0877732	0.0594503	0.0413257	0.862062	0.0554782	1.12709	0.0803837	2.44763e-05
10083	1	100	20	500	0.188844	0.144447	0.0868652	0.0575819	0.0443973	0.864241	0.0508345	1.11873	0.0743422	2.63772e-05
10084	1	100	21	500	0.175529	0.140218	0.0862867	0.0539317	0.0353105	0.866755	0.0553522	1.11875	0.0758958	2.56513e-05
10085	1	100	18	500	0.153277	0.130688	0.0860654	0.0446229	0.0225888	0.87421	0.0514346	1.1162	0.0761811	2.2349e-05
10086	1	100	22	500	0.160786	0.130501	0.0840908	0.0464105	0.0302848	0.875609	0.0505266	1.11242	0.0730404	2.34598e-05
10087	1	100	20	500	0.152496	0.129391	0.0849654	0.0444251	0.0231055	0.876758	0.0518803	1.11481	0.0740591	2.42493e-05
10088	1	100	22	500	0.151695	0.120717	0.0784664	0.0422509	0.0309775	0.886833	0.0450877	1.10266	0.0635847	2.47911e-05
10089	1	100	24	500	0.149799	0.12265	0.0786441	0.0440062	0.0271489	0.883927	0.0489187	1.10873	0.0587861	2.30241e-05
10090	1	100	27	500	0.143022	0.115787	0.0762705	0.0395162	0.0272357	0.889917	0.0452703	1.10118	0.0563628	2.1255e-05
10091	1	100	22	500	0.175353	0.131341	0.0780871	0.0532541	0.0440118	0.877676	0.0455956	1.10667	0.0702548	2.4202e-05
10092	1	100	20	500	0.178594	0.121621	0.0722066	0.0494144	0.0569733	0.890121	0.0459679	1.08168	0.0569382	2.14429e-05
10093	1	100	21	500	0.194252	0.124043	0.0732688	0.0507744	0.0702084	0.885957	0.0710968	1.06386	0.0871218	2.32521e-05
10094	1	100	21	500	0.178479	0.114598	0.0706916	0.0439065	0.0638811	0.897768	0.0385292	1.06771	0.0477695	2.17402e-05
10095	1	100	21	500	0.161139	0.106375	0.0693809	0.0369942	0.0547641	0.902294	0.0370637	1.06861	0.0427158	2.03654e-05
10096	1	100	23	500	0.153039	0.105922	0.0696997	0.0362221	0.0471175	0.900923	0.0365883	1.07497	0.049602	1.95024e-05
10097	1	100	22	500	0.175731	0.117056	0.071332	0.0457242	0.0586749	0.893571	0.0411571	1.0763	0.0554095	2.25817e-05
10098	1	100	22	500	0.187443	0.125762	0.0738216	0.0519402	0.0616812	0.88644	0.0436587	1.08406	0.0646604	2.49472e-05
10099	1	100	24	500	0.20309	0.131503	0.074311	0.057192	0.0715868	0.882259	0.0621022	1.07386	0.0800328	2.57291e-05
10100	1	100	23	500	0.222221	0.142566	0.0797294	0.0628369	0.0796548	0.87888	0.0448054	1.07929	0.0678835	2.71363e-05
10101	1	100	19	500	0.186166	0.125044	0.0734032	0.0516409	0.0611219	0.889	0.0479891	1.08009	0.0576316	2.31294e-05
