Generation	PopulationID	SampleSize	UniqueMutations	PopulationSize	totalLoad	RelzLoad	RelzLoadHomo	RelzLoadHetero	MskLoad	MeanFitness	SdFitness	MeanFitnessCached	SdFitnessCached	Heterozygosity	
10001	1	100	51	500	0.417936	0.412406	0.348401	0.0640052	0.0055297	0.648995	0.046434	1.47993	0.0899503	3.29541e-05
10002	1	100	34	500	0.30296	0.296986	0.221528	0.0754576	0.00597471	0.734215	0.0518019	1.32718	0.0838238	3.52327e-05
10003	1	100	29	500	0.315607	0.308288	0.241952	0.0663352	0.00731906	0.72528	0.0568797	1.34083	0.0925129	3.16221e-05
10004	1	100	25	500	0.306086	0.294759	0.221535	0.0732237	0.0113272	0.735864	0.0478468	1.32065	0.0808909	3.38995e-05
10005	1	100	27	500	0.306965	0.292744	0.220276	0.0724677	0.0142206	0.736836	0.0506474	1.3142	0.0897952	3.44505e-05
10006	1	100	21	500	0.301791	0.292373	0.225499	0.0668743	0.00941793	0.73672	0.0517015	1.3186	0.085043	3.47139e-05
10007	1	100	22	500	0.308802	0.292434	0.216621	0.0758134	0.0163679	0.738383	0.0522173	1.31299	0.083985	3.62757e-05
10008	1	100	25	500	0.29954	0.290201	0.21782	0.0723816	0.0093381	0.739286	0.0570437	1.31592	0.089175	3.51423e-05
10009	1	100	20	500	0.287133	0.282143	0.212711	0.0694324	0.00498972	0.744658	0.0493839	1.30852	0.0794265	3.5704e-05
10010	1	100	21	500	0.311926	0.287302	0.214452	0.0728503	0.024624	0.741265	0.0534291	1.30181	0.094027	3.52014e-05
10011	1	100	19	500	0.313256	0.293054	0.22531	0.0677434	0.020202	0.736458	0.0467102	1.31152	0.0831272	3.41812e-05
10012	1	100	21	500	0.335954	0.297777	0.229626	0.068151	0.0381773	0.733024	0.0438198	1.30489	0.0886716	3.29443e-05
10013	1	100	23	500	0.395842	0.310282	0.219907	0.0903745	0.0855605	0.726961	0.0531509	1.28437	0.118327	3.39818e-05
10014	1	100	22	500	0.346991	0.294695	0.216478	0.0782169	0.0522958	0.736378	0.0536181	1.29054	0.09772	3.50405e-05
10015	1	100	28	500	0.33576	0.281568	0.195722	0.085846	0.0541913	0.747471	0.057925	1.27451	0.104332	3.71992e-05
10016	1	100	25	500	0.343064	0.287583	0.195412	0.0921717	0.0554809	0.736333	0.111919	1.27695	0.143478	3.77692e-05
10017	1	100	23	500	0.347703	0.285806	0.188156	0.0976502	0.0618967	0.74462	0.0558349	1.27288	0.1125	3.78038e-05
10018	1	100	21	500	0.361784	0.290811	0.18095	0.109861	0.0709737	0.742999	0.0634512	1.27282	0.128886	3.80466e-05
10019	1	100	23	500	0.355977	0.273968	0.157724	0.116243	0.082009	0.756729	0.0609813	1.24191	0.113512	3.9858e-05
10020	1	100	21	500	0.325084	0.271276	0.16686	0.104416	0.0538082	0.755526	0.0643438	1.25897	0.119388	3.98698e-05
10021	1	100	22	500	0.362651	0.283397	0.179724	0.103673	0.0792539	0.748805	0.062069	1.25864	0.130848	3.83632e-05
10022	1	100	22	500	0.33039	0.281694	0.186633	0.0950608	0.0486961	0.747718	0.0542436	1.27889	0.107748	3.7306e-05
10023	1	100	24	500	0.315603	0.282304	0.197448	0.0848558	0.0332992	0.746472	0.0578492	1.29039	0.098857	3.64892e-05
10024	1	100	22	500	0.296096	0.281496	0.204188	0.0773082	0.0146005	0.746792	0.0581916	1.30097	0.0869211	3.63957e-05
10025	1	100	21	500	0.304568	0.286393	0.218525	0.0678684	0.0181746	0.741848	0.0447701	1.30244	0.0696667	3.48407e-05
10026	1	100	20	500	0.306515	0.284332	0.217479	0.0668536	0.0221827	0.744351	0.056656	1.29775	0.0832994	3.40244e-05
10027	1	100	17	500	0.288291	0.273227	0.206175	0.0670519	0.0150643	0.752844	0.053611	1.28933	0.0790369	3.46327e-05
10028	1	100	18	500	0.29744	0.279398	0.211797	0.0676011	0.0180412	0.747851	0.0495975	1.29496	0.0733757	3.39055e-05
10029	1	100	21	500	0.296295	0.276291	0.212204	0.0640865	0.020004	0.749771	0.0497559	1.28884	0.0731264	3.42502e-05
10030	1	100	20	500	0.294541	0.276443	0.214432	0.0620107	0.0180982	0.7497	0.0534616	1.29091	0.07886	3.51872e-05
10031	1	100	21	500	0.290022	0.271876	0.213	0.0588764	0.0181465	0.752876	0.0485191	1.28323	0.0703717	3.59804e-05
10032	1	100	18	500	0.289834	0.279327	0.223638	0.0556885	0.0105069	0.747126	0.048854	1.29911	0.0743816	3.4645e-05
10033	1	100	23	500	0.288853	0.276595	0.220346	0.0562484	0.0122577	0.748932	0.0508823	1.29418	0.0867525	3.53482e-05
10034	1	100	18	500	0.300127	0.285521	0.244619	0.0409019	0.0146063	0.741625	0.0449277	1.30347	0.0714755	3.28184e-05
10035	1	100	18	500	0.196653	0.170298	0.119893	0.0504047	0.0263549	0.839341	0.0575663	1.16071	0.0683668	3.49682e-05
10036	1	100	20	500	0.225341	0.186696	0.137027	0.0496692	0.0386445	0.82546	0.0537251	1.17133	0.0682103	3.385e-05
10037	1	100	18	500	0.221802	0.184863	0.136736	0.0481271	0.0369392	0.827397	0.0586903	1.16921	0.0658201	3.41602e-05
10038	1	100	19	500	0.209726	0.179719	0.132777	0.0469416	0.0300075	0.830202	0.0475575	1.16851	0.0690659	3.41518e-05
10039	1	100	20	500	0.218753	0.190433	0.143204	0.0472289	0.0283202	0.822036	0.0527997	1.18051	0.0623174	3.09003e-05
10040	1	100	15	500	0.217757	0.194123	0.152758	0.0413655	0.0236331	0.818061	0.0462081	1.18796	0.0570756	2.93062e-05
10041	1	100	15	500	0.227493	0.195662	0.146244	0.0494177	0.0318312	0.818408	0.0488513	1.18276	0.0620467	3.08731e-05
10042	1	100	15	500	0.243675	0.211429	0.17035	0.041079	0.032246	0.803334	0.0478394	1.197	0.0650378	2.87945e-05
10043	1	100	16	500	0.245009	0.213419	0.175161	0.0382573	0.0315904	0.802674	0.041355	1.20136	0.0515792	2.83077e-05
10044	1	100	16	500	0.256533	0.218619	0.178672	0.0399468	0.0379141	0.796326	0.056406	1.19425	0.0776869	2.75975e-05
10045	1	100	16	500	0.258146	0.212092	0.172525	0.0395671	0.0460537	0.807822	0.045878	1.18459	0.0533438	2.74899e-05
10046	1	100	19	500	0.238406	0.204629	0.163527	0.0411021	0.0337776	0.810519	0.044776	1.19088	0.0591234	2.91011e-05
10047	1	100	18	500	0.259885	0.217289	0.172214	0.0450754	0.0425957	0.801806	0.0446362	1.19626	0.0606449	2.841e-05
10048	1	100	21	500	0.249393	0.213531	0.162597	0.0509345	0.0358621	0.803486	0.0501736	1.19808	0.065217	2.92479e-05
10049	1	100	17	500	0.254641	0.216448	0.165002	0.0514458	0.0381932	0.800036	0.0562462	1.19755	0.0750023	2.85472e-05
10050	1	100	18	500	0.237633	0.213773	0.161328	0.0524455	0.02386	0.801656	0.048622	1.2101	0.0638831	2.93868e-05
10051	1	100	18	500	0.232937	0.209258	0.163253	0.0460056	0.0236784	0.805711	0.0539232	1.20448	0.0654036	2.83055e-05
10052	1	100	18	500	0.233509	0.209307	0.163599	0.0457074	0.0242021	0.805104	0.0423336	1.20486	0.0636656	2.79699e-05
10053	1	100	15	500	0.230843	0.206482	0.16255	0.0439322	0.0243613	0.805592	0.0552826	1.19703	0.0662992	2.85537e-05
10054	1	100	17	500	0.209357	0.192579	0.146827	0.0457522	0.0167777	0.819418	0.0495711	1.19115	0.0567942	3.08805e-05
10055	1	100	19	500	0.219884	0.200787	0.152734	0.0480528	0.0190976	0.812287	0.049339	1.19943	0.0645191	3.06988e-05
10056	1	100	17	500	0.21194	0.194781	0.145969	0.048812	0.0171592	0.81756	0.0507642	1.19447	0.0617659	3.1177e-05
10057	1	100	20	500	0.202337	0.189248	0.139131	0.0501165	0.0130895	0.821619	0.0607388	1.19022	0.0719445	3.19741e-05
10058	1	100	16	500	0.209491	0.192722	0.14091	0.0518119	0.0167695	0.819473	0.0526908	1.1922	0.0673245	3.14719e-05
10059	1	100	19	500	0.20665	0.193713	0.14121	0.0525028	0.012937	0.817848	0.0522274	1.1961	0.0682595	3.10136e-05
10060	1	100	17	500	0.198316	0.177055	0.120398	0.0566564	0.0212614	0.833344	0.0566951	1.17294	0.0657521	3.33724e-05
10061	1	100	15	500	0.191732	0.179245	0.128937	0.0503086	0.0124862	0.830517	0.0574083	1.18048	0.0714495	3.27351e-05
10062	1	100	18	500	0.186407	0.178192	0.132835	0.0453574	0.0082148	0.831002	0.0539048	1.18227	0.065914	3.28297e-05
10063	1	100	18	500	0.196453	0.187782	0.154366	0.0334159	0.0086708	0.821983	0.0443293	1.19134	0.0533679	3.06744e-05
10064	1	100	17	500	0.201897	0.191429	0.154084	0.0373451	0.0104683	0.819167	0.0463286	1.19429	0.0620278	3.04965e-05
10065	1	100	20	500	0.19185	0.183755	0.14561	0.0381447	0.008095	0.825522	0.0491625	1.18713	0.064038	3.12143e-05
10066	1	100	18	500	0.196854	0.191906	0.157254	0.0346528	0.00494729	0.818693	0.0458101	1.19849	0.0591632	3.05816e-05
10067	1	100	13	500	0.181761	0.179788	0.13619	0.0435982	0.00197292	0.82947	0.0581908	1.18711	0.0707819	3.26204e-05
10068	1	100	14	500	0.181296	0.179107	0.140656	0.0384516	0.00218858	0.830037	0.0526082	1.18624	0.0632074	3.2119e-05
10069	1	100	13	500	0.189217	0.186904	0.152209	0.0346941	0.00231365	0.822786	0.0456157	1.19448	0.0560817	3.05228e-05
10070	1	100	14	500	0.200692	0.198328	0.167046	0.0312815	0.00236395	0.812727	0.0444243	1.20726	0.0569209	2.8105e-05
10071	1	100	14	500	0.20221	0.199334	0.170652	0.028682	0.00287559	0.812025	0.0410147	1.20748	0.0522672	2.8637e-05
10072	1	100	15	500	0.199461	0.196475	0.172879	0.0235962	0.00298588	0.814029	0.0370951	1.20318	0.0469601	2.77757e-05
10073	1	100	20	500	0.201627	0.198831	0.177285	0.0215457	0.00279601	0.811269	0.0346926	1.20492	0.0441486	2.72797e-05
10074	1	100	17	500	0.197495	0.194756	0.171187	0.0235692	0.00273887	0.815404	0.0388869	1.20145	0.0490694	2.73011e-05
10075	1	100	16	500	0.207592	0.203422	0.180873	0.0225487	0.0041699	0.807876	0.0359616	1.21039	0.049172	2.60768e-05
10076	1	100	18	500	0.203163	0.200784	0.183871	0.0169125	0.00237878	0.809096	0.0293384	1.20745	0.0393616	2.53075e-05
10077	1	100	15	500	0.198689	0.196581	0.179002	0.0175794	0.0021079	0.813095	0.0300653	1.20449	0.0379538	2.51391e-05
10078	1	100	14	500	0.191678	0.19011	0.164396	0.0257147	0.00156813	0.819091	0.038437	1.19825	0.0483898	2.72061e-05
10079	1	100	17	500	0.183869	0.182179	0.156861	0.0253184	0.0016895	0.826397	0.0417308	1.18948	0.0500969	2.73615e-05
10080	1	100	17	500	0.19132	0.189062	0.163021	0.0260407	0.00225777	0.820344	0.0459965	1.19637	0.0552376	2.82212e-05
10081	1	100	17	500	0.186576	0.18472	0.161	0.0237205	0.00185578	0.823711	0.038891	1.1913	0.0466213	2.60244e-05
10082	1	100	12	500	0.188181	0.186401	0.16302	0.0233808	0.00177994	0.822111	0.0360368	1.19324	0.0433008	2.55399e-05
10083	1	100	14	500	0.195728	0.193606	0.172638	0.0209676	0.00212219	0.816146	0.0349094	1.20163	0.0434495	2.44466e-05
10084	1	100	14	500	0.188036	0.185876	0.160422	0.0254544	0.00215971	0.822923	0.0401071	1.19293	0.047256	2.67874e-05
10085	1	100	16	500	0.184306	0.180949	0.159073	0.0218754	0.00335697	0.827273	0.0389945	1.18625	0.0452093	2.73661e-05
10086	1	100	15	500	0.182059	0.179234	0.156181	0.0230526	0.00282488	0.828849	0.0405267	1.18478	0.0480926	2.71652e-05
10087	1	100	16	500	0.176367	0.173288	0.144032	0.0292566	0.00307892	0.834288	0.0455417	1.17793	0.0528762	2.8706e-05
10088	1	100	17	500	0.176258	0.172718	0.139563	0.0331557	0.00354002	0.83547	0.0470406	1.17798	0.055858	3.1284e-05
10089	1	100	15	500	0.166495	0.16211	0.12945	0.0326602	0.00438485	0.844579	0.0470397	1.16483	0.0532304	3.11924e-05
10090	1	100	17	500	0.161317	0.157534	0.119394	0.0381401	0.00378323	0.849295	0.0536218	1.16145	0.0616516	3.11136e-05
10091	1	100	16	500	0.161391	0.156935	0.121478	0.0354573	0.00445604	0.849685	0.0472678	1.15962	0.0543739	3.0922e-05
10092	1	100	17	500	0.158021	0.154068	0.118688	0.0353799	0.00395312	0.852224	0.0516777	1.15716	0.0577925	2.96369e-05
10093	1	100	17	500	0.15758	0.153014	0.118627	0.0343875	0.00456612	0.852837	0.0500946	1.15482	0.0552094	2.87271e-05
10094	1	100	19	500	0.160348	0.156036	0.123551	0.0324848	0.0043122	0.850216	0.0476536	1.1589	0.052891	2.81322e-05
10095	1	100	16	500	0.164543	0.160961	0.131909	0.029052	0.00358139	0.845421	0.0471161	1.16437	0.0524763	2.71895e-05
10096	1	100	15	500	0.156909	0.153322	0.119595	0.0337274	0.00358654	0.85251	0.0508869	1.15612	0.0563583	3.01958e-05
10097	1	100	16	500	0.166729	0.16311	0.135365	0.027745	0.00361935	0.84339	0.0438321	1.1663	0.0491361	2.90903e-05
10098	1	100	17	500	0.158542	0.155415	0.123034	0.032381	0.00312663	0.850484	0.0556504	1.15846	0.0613596	3.14387e-05
10099	1	100	18	500	0.157441	0.151656	0.116085	0.0355705	0.00578526	0.8537	0.045318	1.15232	0.0518053	3.23854e-05
10100	1	100	17	500	0.16654	0.160283	0.129611	0.0306725	0.00625644	0.846143	0.0472931	1.16206	0.0553429	2.98068e-05
10101	1	100	18	500	0.165416	0.160616	0.130754	0.0298626	0.00480011	0.845681	0.0435966	1.16301	0.0495635	2.76258e-05
