Generation	PopulationID	SampleSize	UniqueMutations	PopulationSize	totalLoad	RelzLoad	RelzLoadHomo	RelzLoadHetero	MskLoad	MeanFitness	SdFitness	MeanFitnessCached	SdFitnessCached	Heterozygosity	
10001	1	100	55	500	0.168898	0.151318	0.0872282	0.0640893	0.01758	0.854394	0.02468	1.14098	0.0341773	3.19695e-05
10002	1	100	39	500	0.173542	0.150076	0.0877278	0.0623483	0.0234662	0.856172	0.0267717	1.13646	0.0374694	3.25995e-05
10003	1	100	36	500	0.172414	0.155198	0.105507	0.0496906	0.0172162	0.85234	0.0223309	1.14694	0.0316971	3.09561e-05
10004	1	100	36	500	0.184199	0.157781	0.114872	0.0429093	0.0264173	0.850461	0.0198109	1.14336	0.0325627	3.11835e-05
10005	1	100	30	500	0.189029	0.158974	0.11118	0.047794	0.0300552	0.848199	0.0187257	1.14136	0.0437506	3.18652e-05
10006	1	100	30	500	0.186882	0.159989	0.108243	0.0517455	0.0268934	0.849272	0.022796	1.14562	0.0355572	3.3109e-05
10007	1	100	31	500	0.197457	0.161831	0.109417	0.0524144	0.0356258	0.847939	0.0225006	1.142	0.0386846	3.21155e-05
10008	1	100	31	500	0.205558	0.167555	0.116517	0.0510377	0.0380038	0.84257	0.0211232	1.14752	0.0394989	3.23832e-05
10009	1	100	31	500	0.205046	0.169043	0.118921	0.0501224	0.0360035	0.841535	0.0236008	1.14979	0.0410318	3.16634e-05
10010	1	100	26	500	0.212176	0.166031	0.117051	0.0489799	0.0461455	0.845423	0.0186077	1.13721	0.0343391	3.19455e-05
10011	1	100	23	500	0.206839	0.163072	0.111777	0.0512959	0.0437664	0.847445	0.0175821	1.13718	0.0353753	3.37556e-05
10012	1	100	25	500	0.201769	0.163541	0.116956	0.0465846	0.038228	0.846698	0.0185379	1.1409	0.0324697	3.39957e-05
10013	1	100	25	500	0.202904	0.165538	0.123776	0.0417624	0.0373658	0.845068	0.0168157	1.14343	0.0326735	3.26232e-05
10014	1	100	23	500	0.202517	0.166731	0.128528	0.0382029	0.0357864	0.843834	0.0162865	1.14535	0.0303107	3.25581e-05
10015	1	100	22	500	0.198218	0.163238	0.120819	0.0424192	0.0349799	0.847026	0.0188082	1.14224	0.0314667	3.33393e-05
10016	1	100	23	500	0.196349	0.163778	0.124139	0.0396385	0.0325714	0.845072	0.016889	1.14333	0.0376355	3.25812e-05
10017	1	100	26	500	0.194649	0.164988	0.130206	0.0347814	0.0296612	0.843373	0.0170348	1.14723	0.0269512	3.21909e-05
10018	1	100	26	500	0.199893	0.165246	0.127682	0.0375646	0.0346462	0.844577	0.0155368	1.14509	0.0321348	3.25764e-05
10019	1	100	25	500	0.192397	0.16358	0.128071	0.0355087	0.0288172	0.845613	0.0162756	1.14665	0.0288362	3.35909e-05
10020	1	100	26	500	0.201793	0.16682	0.130846	0.0359737	0.034973	0.843456	0.0165164	1.14579	0.028792	3.37399e-05
10021	1	100	26	500	0.207556	0.170522	0.138432	0.0320898	0.0370344	0.838716	0.0144128	1.14534	0.037833	3.14257e-05
10022	1	100	24	500	0.21398	0.172455	0.139891	0.0325647	0.0415243	0.839714	0.015759	1.14544	0.0307657	3.04466e-05
10023	1	100	28	500	0.210578	0.170517	0.137948	0.032569	0.0400609	0.84086	0.0158146	1.14555	0.0292445	3.17373e-05
10024	1	100	24	500	0.218807	0.174671	0.14529	0.0293808	0.044136	0.837888	0.0153494	1.14487	0.0286049	2.96694e-05
10025	1	100	22	500	0.232972	0.181695	0.152129	0.0295655	0.0512776	0.834268	0.0125136	1.14388	0.0310612	2.79308e-05
10026	1	100	23	500	0.215558	0.176093	0.153589	0.0225039	0.0394654	0.836092	0.01223	1.14859	0.0262322	2.802e-05
10027	1	100	24	500	0.198266	0.171429	0.155691	0.0157378	0.0268375	0.834807	0.0387704	1.14877	0.0584677	2.71374e-05
10028	1	100	26	500	0.186225	0.169875	0.162232	0.00764267	0.0163503	0.839243	0.00805312	1.15815	0.0140873	2.64813e-05
10029	1	100	29	500	0.192736	0.170832	0.159255	0.0115771	0.0219038	0.838062	0.00999658	1.15524	0.0187515	2.60367e-05
10030	1	100	28	500	0.194563	0.169772	0.1542	0.0155723	0.0247908	0.839651	0.0111084	1.15381	0.0208817	2.80407e-05
10031	1	100	27	500	0.193564	0.167097	0.145671	0.0214256	0.0264669	0.842521	0.0137441	1.15072	0.0231789	2.90962e-05
10032	1	100	27	500	0.192986	0.168269	0.150101	0.0181673	0.0247176	0.839836	0.0118998	1.1521	0.024943	2.71967e-05
10033	1	100	26	500	0.192696	0.168643	0.153447	0.0151962	0.0240524	0.839575	0.0123447	1.15322	0.0199816	2.59925e-05
10034	1	100	29	500	0.19342	0.167235	0.144322	0.0229135	0.0261847	0.842517	0.0151175	1.15078	0.0241692	3.06037e-05
10035	1	100	24	500	0.194572	0.168389	0.145041	0.0233478	0.0261834	0.840822	0.0162891	1.14875	0.0268073	3.03434e-05
10036	1	100	22	500	0.189165	0.16679	0.145566	0.0212238	0.0223753	0.840937	0.0162297	1.14958	0.0275263	3.01801e-05
10037	1	100	19	500	0.192727	0.165305	0.138221	0.0270846	0.0274218	0.843175	0.0154955	1.14422	0.039445	3.14755e-05
10038	1	100	23	500	0.197813	0.166961	0.139621	0.0273397	0.030852	0.843724	0.0167888	1.14561	0.0319012	3.06688e-05
10039	1	100	21	500	0.195171	0.165846	0.137748	0.0280979	0.0293253	0.843773	0.0171074	1.14394	0.0295429	3.08162e-05
10040	1	100	21	500	0.191725	0.164297	0.135552	0.0287453	0.0274283	0.84536	0.0154726	1.14458	0.0291126	3.13248e-05
10041	1	100	21	500	0.18877	0.164537	0.139816	0.0247214	0.0242326	0.845246	0.0134637	1.14852	0.0273497	2.99052e-05
10042	1	100	19	500	0.187464	0.162618	0.132663	0.0299552	0.0248458	0.847247	0.0156836	1.14481	0.0310517	2.97725e-05
10043	1	100	23	500	0.191647	0.163931	0.130936	0.0329944	0.0277161	0.846723	0.0162382	1.1425	0.0307986	3.12466e-05
10044	1	100	21	500	0.186162	0.165115	0.141648	0.0234674	0.021047	0.843907	0.0134269	1.14884	0.0278345	2.79655e-05
10045	1	100	20	500	0.189649	0.165405	0.136926	0.0284793	0.0242434	0.8447	0.0154274	1.14568	0.0285244	2.94002e-05
10046	1	100	20	500	0.19291	0.166626	0.136741	0.0298849	0.0262838	0.843887	0.0142757	1.14708	0.0288741	3.07173e-05
10047	1	100	23	500	0.189549	0.165678	0.137717	0.0279611	0.0238711	0.843098	0.0176772	1.14796	0.0349853	3.00945e-05
10048	1	100	20	500	0.186276	0.166163	0.14767	0.0184926	0.0201126	0.842721	0.0107044	1.15161	0.0265891	2.72924e-05
10049	1	100	22	500	0.193796	0.167569	0.144521	0.0230471	0.0262279	0.842998	0.0105585	1.14817	0.0299093	2.68722e-05
10050	1	100	21	500	0.197585	0.167678	0.140771	0.0269064	0.0299073	0.843419	0.0113294	1.14407	0.0329813	2.83084e-05
10051	1	100	21	500	0.194923	0.169076	0.148176	0.0209005	0.0258466	0.840983	0.0113805	1.1481	0.028682	2.66559e-05
10052	1	100	22	500	0.191624	0.16881	0.15243	0.0163798	0.0228134	0.840316	0.0106279	1.15163	0.0253066	2.7509e-05
10053	1	100	23	500	0.184646	0.170122	0.164266	0.00585626	0.0145242	0.83775	0.0108388	1.15696	0.0176848	2.45946e-05
10054	1	100	22	500	0.187277	0.168738	0.158198	0.0105397	0.0185393	0.840216	0.00741643	1.15664	0.0194564	2.7141e-05
10055	1	100	20	500	0.185429	0.168292	0.157467	0.0108249	0.0171365	0.839595	0.00981813	1.15507	0.021564	2.58283e-05
10056	1	100	19	500	0.184118	0.168556	0.158725	0.00983174	0.0155613	0.838156	0.0107535	1.15389	0.0216572	2.68571e-05
10057	1	100	24	500	0.189545	0.170337	0.161317	0.00901951	0.0192085	0.838576	0.00768411	1.15616	0.018742	2.57603e-05
10058	1	100	21	500	0.192384	0.170053	0.158992	0.0110614	0.0223306	0.838647	0.00925388	1.15482	0.0200172	2.61392e-05
10059	1	100	23	500	0.191635	0.170091	0.159227	0.0108647	0.021544	0.839332	0.00783031	1.15577	0.0198553	2.60788e-05
10060	1	100	20	500	0.18904	0.169476	0.158932	0.0105443	0.0195644	0.839479	0.0089285	1.15611	0.0200565	2.51327e-05
10061	1	100	24	500	0.203184	0.172583	0.161087	0.0114959	0.030601	0.836231	0.0170013	1.15427	0.026181	2.56115e-05
10062	1	100	25	500	0.225372	0.17699	0.158332	0.0186583	0.0483817	0.833577	0.0218415	1.14815	0.0332513	2.54203e-05
10063	1	100	26	500	0.21574	0.174759	0.159642	0.0151177	0.0409809	0.834972	0.0170867	1.15065	0.0327177	2.41691e-05
10064	1	100	24	500	0.218827	0.175395	0.15951	0.0158851	0.043432	0.83452	0.0198843	1.14983	0.0301566	2.48258e-05
10065	1	100	22	500	0.199655	0.169695	0.153299	0.0163958	0.0299598	0.838298	0.017057	1.15114	0.0371878	2.59664e-05
10066	1	100	25	500	0.206828	0.170777	0.151088	0.0196892	0.0360511	0.838638	0.0166374	1.14912	0.0306418	2.71058e-05
10067	1	100	25	500	0.234814	0.177681	0.153195	0.0244859	0.0571328	0.83377	0.0226848	1.14299	0.0345394	2.71438e-05
10068	1	100	24	500	0.237081	0.180223	0.160317	0.0199063	0.0568573	0.830793	0.0241861	1.14381	0.0351599	2.50688e-05
10069	1	100	23	500	0.234045	0.179314	0.160152	0.0191617	0.0547319	0.831214	0.0218119	1.14454	0.03249	2.44418e-05
10070	1	100	24	500	0.245311	0.182279	0.161685	0.0205942	0.0630325	0.829771	0.0212372	1.14326	0.0328981	2.42395e-05
10071	1	100	21	500	0.245783	0.183912	0.166219	0.0176928	0.0618705	0.829232	0.0239772	1.14521	0.0339203	2.14068e-05
10072	1	100	12	500	0.0454778	0.0112287	0.00261798	0.00861069	0.0342491	0.990396	0.0191229	0.990548	0.019051	1.9657e-05
10073	1	100	12	500	0.0427189	0.0107859	0.00280259	0.00798327	0.0319331	0.989685	0.0197108	0.989809	0.019468	2.0252e-05
10074	1	100	13	500	0.0566326	0.0147286	0.00361552	0.0111131	0.0419039	0.987252	0.0222721	0.988588	0.0227528	2.11313e-05
10075	1	100	11	500	0.0278852	0.00807359	0.00184068	0.00623291	0.0198116	0.991753	0.0144111	0.99453	0.0149106	2.0549e-05
10076	1	100	13	500	0.0227458	0.00638847	0.00158868	0.0047998	0.0163573	0.992088	0.0386754	0.993494	0.0381636	2.00724e-05
10077	1	100	11	500	0.0310124	0.00773479	0.00189966	0.00583513	0.0232776	0.99265	0.0148869	0.992682	0.0148991	1.86118e-05
10078	1	100	11	500	0.0342125	0.00847859	0.00201884	0.00645975	0.0257339	0.992785	0.0152168	0.992838	0.0152417	1.69755e-05
10079	1	100	6	500	0.0453187	0.0116998	0.00329504	0.00840472	0.0336189	0.990744	0.016497	0.990744	0.016497	1.73978e-05
10080	1	100	9	500	0.0493566	0.0131478	0.00409563	0.0090522	0.0362088	0.98462	0.0584686	0.984675	0.0584786	1.64915e-05
10081	1	100	6	500	0.0456715	0.0122546	0.00383393	0.00842067	0.0334169	0.990382	0.0177144	0.99074	0.0175574	1.81264e-05
10082	1	100	6	500	0.052567	0.0144353	0.00490235	0.00953292	0.0381317	0.988577	0.0188478	0.988597	0.0188604	1.90921e-05
10083	1	100	8	500	0.0368253	0.00946681	0.00262718	0.00683963	0.0273585	0.991451	0.0163912	0.991923	0.0165399	1.98412e-05
10084	1	100	12	500	0.032147	0.00777158	0.00167773	0.00609385	0.0243754	0.991687	0.0255027	0.991687	0.0255027	1.89112e-05
10085	1	100	12	500	0.030142	0.00739527	0.0017086	0.00568668	0.0227467	0.993474	0.0127801	0.993474	0.0127801	2.01877e-05
10086	1	100	13	500	0.0435512	0.0103517	0.00198298	0.00836873	0.0331995	0.990656	0.0148699	0.990793	0.0148955	1.98299e-05
10087	1	100	12	500	0.0462944	0.0118436	0.00221256	0.00963101	0.0344508	0.989564	0.0183166	0.991631	0.0193509	1.93195e-05
10088	1	100	12	500	0.0586633	0.0137886	0.00256994	0.0112187	0.0448747	0.987657	0.0282942	0.987657	0.0282942	2.03654e-05
10089	1	100	11	500	0.0474795	0.0115006	0.00250585	0.00899474	0.035979	0.986525	0.0270245	0.986632	0.0270711	2.1094e-05
10090	1	100	14	500	0.0706352	0.0165355	0.00301064	0.0135249	0.0540996	0.985318	0.0263337	0.985324	0.026326	2.14594e-05
10091	1	100	17	500	0.0666766	0.0156303	0.00282935	0.012801	0.0510463	0.986304	0.0288416	0.986521	0.0289289	2.20448e-05
10092	1	100	16	500	0.0692641	0.0161314	0.00284822	0.0132832	0.0531327	0.985508	0.0314665	0.985518	0.0314702	2.13392e-05
10093	1	100	17	500	0.106215	0.0256029	0.00544977	0.0201531	0.0806124	0.968171	0.127913	0.97063	0.104781	2.13359e-05
10094	1	100	14	500	0.100066	0.0242403	0.00528398	0.0189564	0.0758254	0.97932	0.045235	0.97932	0.045235	2.08696e-05
10095	1	100	17	500	0.117844	0.0290029	0.00659879	0.0224041	0.0888411	0.975576	0.0458536	0.976042	0.0460632	1.90996e-05
10096	1	100	21	500	0.161006	0.0439042	0.0121388	0.0317654	0.117102	0.965699	0.0544996	0.970731	0.0571409	2.16537e-05
10097	1	100	20	500	0.165123	0.0475062	0.0126377	0.0348685	0.117617	0.952716	0.131363	0.966416	0.113165	2.24225e-05
10098	1	100	15	500	0.130966	0.0360802	0.00855512	0.027525	0.0948863	0.969476	0.0496084	0.97704	0.0486311	2.30709e-05
10099	1	100	14	500	0.182927	0.0546203	0.0161699	0.0384503	0.128307	0.954912	0.0633455	0.968027	0.0649964	2.33014e-05
10100	1	100	15	500	0.163845	0.0505586	0.0128451	0.0377135	0.113286	0.958457	0.0537543	0.978365	0.0627752	2.42463e-05
10101	1	100	13	500	0.135042	0.0423027	0.00972588	0.0325768	0.092739	0.962671	0.0472622	0.982468	0.0566684	2.55097e-05
