Generation	PopulationID	SampleSize	UniqueMutations	PopulationSize	totalLoad	RelzLoad	RelzLoadHomo	RelzLoadHetero	MskLoad	MeanFitness	SdFitness	MeanFitnessCached	SdFitnessCached	Heterozygosity	
10001	1	100	54	500	0.206771	0.170677	0.0859887	0.0846878	0.0360941	0.840558	0.0761685	1.13238	0.049317	4.02456e-05
10002	1	100	39	500	0.205769	0.165498	0.0848701	0.0806283	0.0402707	0.848637	0.0679049	1.13017	0.049413	3.80779e-05
10003	1	100	38	500	0.19242	0.157905	0.084346	0.073559	0.0345152	0.854535	0.0672348	1.12595	0.0489376	3.8631e-05
10004	1	100	32	500	0.204964	0.171306	0.0882887	0.0830173	0.0336581	0.841796	0.0782223	1.12932	0.0474253	3.95947e-05
10005	1	100	30	500	0.182911	0.149859	0.0742667	0.0755923	0.033052	0.863571	0.0544887	1.12355	0.0445209	4.18656e-05
10006	1	100	31	500	0.170314	0.142433	0.0686275	0.0738055	0.0278807	0.868598	0.0523315	1.12171	0.0472096	4.40059e-05
10007	1	100	29	500	0.171395	0.143882	0.0671225	0.07676	0.0275128	0.868374	0.0560341	1.12234	0.0457232	4.45508e-05
10008	1	100	30	500	0.154435	0.131312	0.05955	0.071762	0.023123	0.877522	0.0503036	1.11605	0.0399755	4.70711e-05
10009	1	100	29	500	0.157591	0.134749	0.0598048	0.0749439	0.0228422	0.874688	0.0504438	1.11946	0.0409991	4.61009e-05
10010	1	100	25	500	0.15514	0.134219	0.0565295	0.07769	0.0209201	0.875109	0.0477855	1.12159	0.0447535	4.77135e-05
10011	1	100	25	500	0.154779	0.133498	0.0561321	0.0773655	0.0212813	0.876403	0.0442247	1.12152	0.0437187	4.80758e-05
10012	1	100	24	500	0.150998	0.132735	0.0546144	0.0781201	0.0182631	0.872447	0.0720843	1.11639	0.0415901	4.89831e-05
10013	1	100	23	500	0.153914	0.137059	0.0543331	0.0827259	0.0168553	0.873042	0.0472524	1.12888	0.0474086	5.02271e-05
10014	1	100	21	500	0.148723	0.130672	0.0546031	0.0760684	0.018051	0.877865	0.04316	1.12233	0.0443518	4.91237e-05
10015	1	100	22	500	0.16332	0.139712	0.0561723	0.0835393	0.0236084	0.869802	0.0496143	1.1265	0.0472863	5.03465e-05
10016	1	100	22	500	0.141898	0.121837	0.0527977	0.0690389	0.0200616	0.885056	0.0422309	1.11301	0.0454857	4.98219e-05
10017	1	100	23	500	0.143138	0.121506	0.0546605	0.0668455	0.0216322	0.885407	0.0366572	1.1108	0.0376789	4.93757e-05
10018	1	100	23	500	0.145387	0.11972	0.053148	0.0665722	0.0256664	0.887206	0.0397602	1.10661	0.0410115	4.96698e-05
10019	1	100	27	500	0.141983	0.122515	0.0504026	0.0721129	0.0194677	0.884475	0.0411181	1.11356	0.0401729	5.06477e-05
10020	1	100	26	500	0.134423	0.117586	0.049452	0.0681344	0.0168369	0.887135	0.0411795	1.10802	0.0321017	4.99907e-05
10021	1	100	25	500	0.138772	0.124034	0.0517742	0.0722596	0.0147385	0.883743	0.0409127	1.11642	0.0389333	5.03332e-05
10022	1	100	25	500	0.138313	0.123168	0.0527153	0.070453	0.0151449	0.884614	0.0421014	1.11491	0.0400059	4.85886e-05
10023	1	100	23	500	0.136	0.120928	0.0514955	0.0694324	0.0150724	0.886259	0.0387675	1.1132	0.0366828	4.88791e-05
10024	1	100	23	500	0.164458	0.127021	0.0534647	0.0735563	0.037437	0.881512	0.0469066	1.1055	0.041735	4.81576e-05
10025	1	100	24	500	0.182023	0.134818	0.0534055	0.0814122	0.0472048	0.873468	0.0557538	1.10359	0.0462482	4.88511e-05
10026	1	100	25	500	0.209911	0.142542	0.0566532	0.0858892	0.0673685	0.870055	0.0530699	1.10247	0.0559518	4.9388e-05
10027	1	100	22	500	0.148131	0.129435	0.0588415	0.0705938	0.0186956	0.876838	0.0526973	1.11013	0.0381675	4.77678e-05
10028	1	100	23	500	0.135783	0.119586	0.0524183	0.0671672	0.0161971	0.884963	0.0535433	1.10657	0.0379884	4.939e-05
10029	1	100	23	500	0.132967	0.117256	0.0528292	0.0644269	0.0157112	0.89012	0.0390808	1.10705	0.0350443	4.7702e-05
10030	1	100	21	500	0.143327	0.124857	0.0573242	0.0675332	0.0184692	0.883847	0.0526792	1.10964	0.0439599	4.70343e-05
10031	1	100	20	500	0.130021	0.114394	0.053105	0.0612888	0.0156267	0.892769	0.0392698	1.10399	0.0340538	4.66598e-05
10032	1	100	24	500	0.11698	0.104067	0.0514891	0.0525782	0.0129123	0.900997	0.0414828	1.09655	0.0385624	4.5292e-05
10033	1	100	20	500	0.097732	0.0900085	0.0493846	0.0406239	0.00772352	0.913059	0.033464	1.08629	0.0316227	4.38997e-05
10034	1	100	19	500	0.0955087	0.0894048	0.0476414	0.0417633	0.00610392	0.913283	0.0304338	1.08684	0.0299141	4.55484e-05
10035	1	100	22	500	0.0981224	0.092173	0.0456909	0.0464821	0.00594942	0.910761	0.0312679	1.0901	0.03158	4.77532e-05
10036	1	100	19	500	0.0935201	0.0891256	0.0463894	0.0427361	0.00439449	0.913367	0.0305287	1.08771	0.0323281	4.75717e-05
10037	1	100	19	500	0.0930558	0.0889046	0.0453939	0.0435107	0.00415116	0.91379	0.0279049	1.08805	0.0304938	4.85912e-05
10038	1	100	24	500	0.0988202	0.0918103	0.0470187	0.0447916	0.00700991	0.911352	0.0312556	1.08927	0.0318869	4.81419e-05
10039	1	100	21	500	0.101457	0.0951021	0.0464942	0.048608	0.00635448	0.908143	0.0283065	1.09313	0.0289306	4.92551e-05
10040	1	100	22	500	0.100353	0.0948937	0.0468225	0.0480712	0.00545901	0.9081	0.0322664	1.09342	0.0340046	4.93391e-05
10041	1	100	27	500	0.0999956	0.0920472	0.0475771	0.0444701	0.0079484	0.91106	0.0313168	1.08871	0.0320508	4.74165e-05
10042	1	100	21	500	0.0994042	0.0918214	0.0476465	0.0441749	0.00758279	0.91099	0.0366496	1.08823	0.0375374	4.72567e-05
10043	1	100	21	500	0.104568	0.0939725	0.050408	0.0435645	0.010595	0.909595	0.0345868	1.08872	0.0342364	4.68977e-05
10044	1	100	22	500	0.0943342	0.0860343	0.049118	0.0369163	0.00829981	0.916692	0.0284433	1.08208	0.0295691	4.57795e-05
10045	1	100	18	500	0.11119	0.098722	0.0511436	0.0475784	0.0124684	0.905241	0.0383157	1.09243	0.0358891	4.578e-05
10046	1	100	23	500	0.122521	0.107866	0.0515986	0.0562676	0.014655	0.897842	0.039034	1.09979	0.0367303	4.79651e-05
10047	1	100	22	500	0.141666	0.122489	0.0572608	0.0652277	0.0191772	0.884733	0.0531071	1.10632	0.040956	4.82233e-05
10048	1	100	24	500	0.132172	0.114291	0.057029	0.0572623	0.0178805	0.893309	0.0413722	1.10164	0.0368505	4.53398e-05
10049	1	100	19	500	0.12895	0.113131	0.0517887	0.0613428	0.015819	0.893397	0.0393976	1.10367	0.0369507	4.8471e-05
10050	1	100	21	500	0.132511	0.115958	0.0529075	0.0630508	0.0165532	0.890145	0.0507894	1.1035	0.0410871	4.699e-05
10051	1	100	24	500	0.143772	0.11467	0.0548435	0.0598261	0.0291019	0.890663	0.0552182	1.09382	0.0388944	4.38067e-05
10052	1	100	21	500	0.173253	0.131781	0.0613314	0.0704496	0.0414719	0.878372	0.0502139	1.10293	0.0415898	4.48821e-05
10053	1	100	20	500	0.18885	0.14023	0.0594596	0.0807706	0.0486194	0.870473	0.0627824	1.10484	0.04197	4.84833e-05
10054	1	100	23	500	0.200407	0.141084	0.0616123	0.0794712	0.0593231	0.872161	0.0576396	1.09971	0.0466011	4.77413e-05
10055	1	100	20	500	0.206839	0.142368	0.0652539	0.0771136	0.0644712	0.871919	0.0620133	1.09526	0.0506473	4.63343e-05
10056	1	100	21	500	0.202516	0.136566	0.0600691	0.0764973	0.0659497	0.875792	0.0622697	1.08972	0.0495519	4.59222e-05
10057	1	100	22	500	0.218213	0.140325	0.058715	0.0816103	0.0778881	0.874555	0.0603723	1.08576	0.0540444	4.74659e-05
10058	1	100	22	500	0.180127	0.120809	0.0512805	0.0695281	0.0593185	0.888433	0.048408	1.08335	0.0500363	4.65228e-05
10059	1	100	22	500	0.194711	0.123958	0.0521577	0.0718004	0.0707533	0.888307	0.0518026	1.07824	0.0540941	4.77283e-05
10060	1	100	20	500	0.155391	0.106826	0.0473382	0.059488	0.0485652	0.899882	0.0429726	1.07838	0.0473852	4.60936e-05
10061	1	100	20	500	0.162892	0.106911	0.0493917	0.0575191	0.0559811	0.900716	0.0445778	1.07264	0.0488266	4.53242e-05
10062	1	100	22	500	0.188484	0.118535	0.053968	0.0645669	0.0699487	0.893094	0.0547618	1.07285	0.049217	4.48419e-05
10063	1	100	21	500	0.149128	0.10318	0.0513202	0.0518594	0.0459483	0.903401	0.0460502	1.07564	0.0437347	4.28172e-05
10064	1	100	26	500	0.20341	0.120878	0.0629877	0.0578908	0.0825313	0.885843	0.101806	1.05185	0.105126	4.02664e-05
10065	1	100	20	500	0.232149	0.135648	0.068988	0.0666597	0.0965017	0.884711	0.0586442	1.06392	0.0589829	4.10794e-05
10066	1	100	22	500	0.201715	0.121854	0.0582186	0.0636349	0.0798619	0.891891	0.0499352	1.06739	0.0513303	4.29421e-05
10067	1	100	23	500	0.223187	0.131682	0.0625152	0.0691668	0.0915052	0.877244	0.109794	1.05461	0.120385	4.37523e-05
10068	1	100	21	500	0.267268	0.157697	0.0714157	0.0862817	0.109571	0.87063	0.07062	1.07194	0.0476767	4.7151e-05
10069	1	100	22	500	0.220041	0.129262	0.0613122	0.0679503	0.0907788	0.88858	0.0611962	1.06378	0.046325	4.34062e-05
10070	1	100	21	500	0.192825	0.114724	0.0568536	0.0578707	0.0781006	0.888062	0.120937	1.0467	0.130658	4.26034e-05
10071	1	100	21	500	0.194494	0.113136	0.0579877	0.055148	0.0813587	0.901025	0.0614639	1.05659	0.0412264	4.03152e-05
10072	1	100	24	500	0.127894	0.0860001	0.0476093	0.0383908	0.0418942	0.918569	0.0421656	1.06116	0.038259	3.93267e-05
10073	1	100	20	500	0.135213	0.0877805	0.0496083	0.0381721	0.0474327	0.917564	0.0456956	1.05847	0.0360995	3.86871e-05
10074	1	100	22	500	0.121559	0.0850219	0.04761	0.0374119	0.036537	0.918906	0.0432287	1.06335	0.032897	3.94179e-05
10075	1	100	22	500	0.133508	0.0871225	0.0513918	0.0357307	0.0463853	0.917877	0.0489572	1.05839	0.029781	3.79463e-05
10076	1	100	23	500	0.141201	0.090039	0.0493199	0.040719	0.0511617	0.915734	0.0432819	1.05889	0.0396781	3.91811e-05
10077	1	100	21	500	0.12356	0.0827896	0.0500979	0.0326917	0.0407706	0.920414	0.0439379	1.05827	0.0353953	3.69597e-05
10078	1	100	22	500	0.113515	0.0795251	0.047818	0.0317071	0.0339897	0.923918	0.0373725	1.05948	0.0329958	3.83201e-05
10079	1	100	23	500	0.118024	0.0818287	0.0476479	0.0341808	0.0361949	0.921464	0.037325	1.06043	0.0386064	3.85328e-05
10080	1	100	22	500	0.148124	0.0936793	0.0503817	0.0432975	0.0544445	0.913179	0.0485169	1.05945	0.0396319	4.04383e-05
10081	1	100	21	500	0.109082	0.0829232	0.0454308	0.0374924	0.0261585	0.920172	0.0370943	1.06861	0.0317095	4.01774e-05
10082	1	100	20	500	0.13171	0.0898849	0.0477734	0.0421115	0.0418249	0.914989	0.0429715	1.06516	0.0401795	3.73201e-05
10083	1	100	22	500	0.179554	0.112467	0.0512916	0.0611751	0.0670873	0.898644	0.0582677	1.0689	0.0427872	4.18423e-05
10084	1	100	23	500	0.15415	0.102052	0.0485902	0.0534615	0.0520982	0.898295	0.100781	1.06077	0.109222	4.00654e-05
10085	1	100	24	500	0.145062	0.102155	0.0450639	0.0570914	0.0429066	0.904193	0.0554676	1.07739	0.0344036	4.47435e-05
10086	1	100	21	500	0.172901	0.115329	0.0478456	0.0674833	0.0575722	0.886776	0.110795	1.06788	0.118288	4.60238e-05
10087	1	100	28	500	0.13838	0.100424	0.0440561	0.0563677	0.0379561	0.905218	0.0520213	1.07932	0.0334137	4.40408e-05
10088	1	100	25	500	0.141825	0.0993392	0.0460259	0.0533133	0.0424861	0.906725	0.053942	1.07434	0.0331884	4.07273e-05
10089	1	100	26	500	0.101016	0.0808536	0.0449699	0.0358837	0.0201619	0.921498	0.0347777	1.07013	0.0356999	3.6878e-05
10090	1	100	21	500	0.102344	0.0810895	0.0439237	0.0371658	0.0212542	0.921224	0.0267733	1.06989	0.0370575	3.65143e-05
10091	1	100	24	500	0.0943085	0.0827935	0.0418909	0.0409027	0.011515	0.919422	0.0289039	1.07771	0.0370439	4.03335e-05
10092	1	100	20	500	0.0799216	0.0785809	0.0419777	0.0366033	0.00134061	0.921328	0.0256485	1.07689	0.0315356	4.04178e-05
10093	1	100	23	500	0.0951396	0.0822673	0.0421923	0.0400749	0.0128723	0.920074	0.0271077	1.07631	0.0320152	3.97459e-05
10094	1	100	23	500	0.110186	0.0870608	0.042479	0.0445818	0.0231257	0.915939	0.0317114	1.07542	0.0395601	4.1301e-05
10095	1	100	22	500	0.115282	0.0823094	0.0465062	0.0358032	0.0329729	0.92109	0.03076	1.06344	0.0408297	3.55488e-05
10096	1	100	23	500	0.121135	0.0916379	0.0430789	0.048559	0.0294969	0.912337	0.0331697	1.07587	0.040833	4.31954e-05
10097	1	100	24	500	0.11862	0.0896614	0.0432242	0.0464372	0.0289582	0.913896	0.0328285	1.07385	0.0402219	4.16274e-05
10098	1	100	22	500	0.11753	0.0905273	0.0428801	0.0476472	0.0270026	0.91327	0.0321184	1.07639	0.038108	4.27932e-05
10099	1	100	25	500	0.106693	0.0875061	0.0421588	0.0453473	0.0191868	0.915376	0.0310551	1.07819	0.0388258	4.35201e-05
10100	1	100	25	500	0.0881269	0.0845546	0.0418102	0.0427444	0.00357223	0.916554	0.0304468	1.08221	0.0338694	4.4311e-05
10101	1	100	27	500	0.0883673	0.0834523	0.0421011	0.0413512	0.00491496	0.918919	0.0282573	1.08176	0.0304665	4.34257e-05
