Generation	PopulationID	SampleSize	UniqueMutations	PopulationSize	totalLoad	RelzLoad	RelzLoadHomo	RelzLoadHetero	MskLoad	MeanFitness	SdFitness	MeanFitnessCached	SdFitnessCached	Heterozygosity	
10001	1	100	43	500	0.391025	0.379949	0.362951	0.0169984	0.0110762	0.66437	0.0227309	1.42037	0.0386012	2.08654e-05
10002	1	100	29	500	0.386301	0.371752	0.344197	0.0275544	0.0145493	0.671091	0.027416	1.40782	0.0475812	2.32016e-05
10003	1	100	26	500	0.400564	0.379	0.35648	0.0225202	0.0215639	0.666428	0.027395	1.41097	0.0429466	2.27327e-05
10004	1	100	21	500	0.242016	0.232333	0.217729	0.0146035	0.0096833	0.779722	0.0255489	1.23798	0.0316552	2.24954e-05
10005	1	100	24	500	0.238747	0.230412	0.21437	0.0160415	0.00833542	0.781168	0.0271448	1.23638	0.0334701	2.35329e-05
10006	1	100	22	500	0.24315	0.230161	0.211296	0.0188652	0.0129882	0.781758	0.02969	1.23315	0.0360232	2.38849e-05
10007	1	100	22	500	0.23967	0.22943	0.210668	0.018762	0.0102394	0.782341	0.029463	1.23429	0.0348792	2.38787e-05
10008	1	100	19	500	0.24764	0.232297	0.213726	0.0185712	0.0153427	0.780303	0.0281203	1.2343	0.0354905	2.404e-05
10009	1	100	21	500	0.24965	0.232343	0.213637	0.0187055	0.0173074	0.779849	0.0294758	1.23193	0.0349465	2.41311e-05
10010	1	100	21	500	0.236681	0.223808	0.200028	0.0237804	0.0128727	0.787392	0.0295187	1.22638	0.0393787	2.63844e-05
10011	1	100	18	500	0.241808	0.228138	0.206955	0.0211833	0.0136694	0.783551	0.0330123	1.23057	0.0377987	2.62304e-05
10012	1	100	20	500	0.23998	0.222656	0.19651	0.0261457	0.0173237	0.788941	0.0370129	1.22255	0.0407291	2.8379e-05
10013	1	100	18	500	0.240235	0.220637	0.191533	0.0291041	0.0195978	0.791244	0.0367128	1.21822	0.0399762	2.85903e-05
10014	1	100	17	500	0.244309	0.22395	0.196877	0.0270728	0.0203588	0.788112	0.0352678	1.22075	0.0402833	2.80569e-05
10015	1	100	18	500	0.240435	0.221824	0.194038	0.0277857	0.0186117	0.790038	0.0333184	1.22015	0.0401733	2.74799e-05
10016	1	100	15	500	0.241745	0.220467	0.190015	0.0304523	0.021278	0.791947	0.0414562	1.2162	0.0447619	2.77498e-05
10017	1	100	17	500	0.233164	0.221852	0.197758	0.0240941	0.0113119	0.789181	0.032241	1.22507	0.0402051	2.68448e-05
10018	1	100	17	500	0.234311	0.222906	0.198587	0.0243188	0.0114046	0.788503	0.0341229	1.22602	0.0380383	2.69933e-05
10019	1	100	17	500	0.25481	0.229252	0.203426	0.0258259	0.025558	0.784154	0.0359868	1.22379	0.0386061	2.64846e-05
10020	1	100	16	500	0.256772	0.229656	0.202984	0.0266711	0.0271165	0.784237	0.0335775	1.22231	0.0436664	2.63885e-05
10021	1	100	18	500	0.269618	0.23429	0.20757	0.0267198	0.0353277	0.779777	0.0404056	1.21907	0.0438648	2.59413e-05
10022	1	100	19	500	0.255296	0.230406	0.205992	0.0244144	0.0248899	0.783491	0.0377976	1.22417	0.0410356	2.57363e-05
10023	1	100	17	500	0.246222	0.22553	0.199118	0.0264116	0.0206923	0.788045	0.0394946	1.22145	0.0454645	2.76973e-05
10024	1	100	20	500	0.246049	0.221918	0.191605	0.030313	0.0241316	0.791774	0.0419283	1.21501	0.04373	2.86649e-05
10025	1	100	20	500	0.196128	0.15484	0.122178	0.0326623	0.0412879	0.850766	0.0433304	1.12671	0.0422664	2.80742e-05
10026	1	100	21	500	0.183451	0.143443	0.104917	0.038526	0.0400088	0.860998	0.0503673	1.11763	0.0480894	3.02033e-05
10027	1	100	16	500	0.195494	0.151861	0.115891	0.0359705	0.0436331	0.85352	0.0517218	1.12053	0.0467436	2.98101e-05
10028	1	100	17	500	0.199719	0.155199	0.119855	0.0353438	0.0445199	0.849794	0.0536554	1.11882	0.050689	2.99347e-05
10029	1	100	19	500	0.222504	0.165837	0.131657	0.03418	0.0566672	0.842063	0.0469954	1.12274	0.0462276	2.89708e-05
10030	1	100	18	500	0.213074	0.160598	0.125822	0.0347752	0.0524764	0.846463	0.0438792	1.12321	0.0411903	3.00837e-05
10031	1	100	18	500	0.217805	0.164329	0.129292	0.0350368	0.0534759	0.839306	0.0671421	1.1131	0.0703298	3.03039e-05
10032	1	100	22	500	0.210426	0.162355	0.129377	0.0329779	0.0480718	0.841787	0.0546476	1.11886	0.0521554	3.00059e-05
10033	1	100	19	500	0.21017	0.156866	0.117144	0.0397215	0.053304	0.847639	0.0609446	1.10764	0.0623551	3.19937e-05
10034	1	100	22	500	0.219574	0.160576	0.119531	0.0410445	0.0589986	0.847438	0.0598303	1.10757	0.0527355	3.20754e-05
10035	1	100	20	500	0.219014	0.16019	0.120527	0.0396632	0.0588234	0.839897	0.0801179	1.10256	0.0895119	3.23054e-05
10036	1	100	23	500	0.241817	0.171811	0.133078	0.038733	0.0700058	0.831363	0.0748064	1.1043	0.0832761	3.20085e-05
10037	1	100	21	500	0.245546	0.168792	0.121738	0.0470537	0.076754	0.844366	0.0635171	1.09745	0.0563265	3.27441e-05
10038	1	100	19	500	0.255999	0.178413	0.137463	0.04095	0.0775858	0.829762	0.0632792	1.10047	0.0581477	3.11738e-05
10039	1	100	16	500	0.261132	0.183933	0.145102	0.0388315	0.0771988	0.827651	0.0655472	1.10415	0.0647437	3.10566e-05
10040	1	100	22	500	0.264774	0.180388	0.13444	0.0459485	0.0843857	0.82289	0.0902877	1.07961	0.0931797	3.29465e-05
10041	1	100	20	500	0.291887	0.193707	0.146709	0.0469981	0.0981799	0.818986	0.0809599	1.08322	0.084287	3.16852e-05
10042	1	100	20	500	0.276294	0.187414	0.142967	0.044447	0.0888797	0.83093	0.062005	1.09994	0.0591815	3.23227e-05
10043	1	100	21	500	0.307039	0.208547	0.169231	0.0393164	0.0984919	0.804089	0.0832453	1.08629	0.093361	2.9996e-05
10044	1	100	20	500	0.284314	0.193729	0.152161	0.0415687	0.0905845	0.812915	0.0868149	1.08556	0.0946155	3.0836e-05
10045	1	100	18	500	0.281075	0.19124	0.149008	0.0422319	0.089835	0.820429	0.0737389	1.09365	0.0797081	3.14054e-05
10046	1	100	20	500	0.268758	0.187749	0.150442	0.0373073	0.081009	0.82411	0.0634315	1.10713	0.0674796	3.16696e-05
10047	1	100	16	500	0.252416	0.180508	0.143854	0.0366536	0.0719082	0.832313	0.0487649	1.11352	0.043046	3.21502e-05
10048	1	100	19	500	0.252762	0.179034	0.140469	0.0385646	0.0737277	0.828903	0.0613883	1.10413	0.0625404	3.23121e-05
10049	1	100	21	500	0.249454	0.175988	0.134721	0.0412677	0.0734657	0.837326	0.0554327	1.1063	0.0486501	3.30716e-05
10050	1	100	21	500	0.245862	0.168909	0.123883	0.0450255	0.0769535	0.840107	0.0678633	1.09975	0.0676737	3.43188e-05
10051	1	100	21	500	0.251974	0.172185	0.128024	0.044161	0.0797889	0.834393	0.0688358	1.09737	0.0615981	3.45863e-05
10052	1	100	21	500	0.267541	0.181061	0.137311	0.0437503	0.0864797	0.830927	0.0667882	1.10091	0.0671941	3.35717e-05
10053	1	100	20	500	0.274718	0.183236	0.138365	0.0448702	0.091482	0.828481	0.0636316	1.09749	0.0641987	3.35222e-05
10054	1	100	18	500	0.286213	0.19098	0.149116	0.041864	0.095233	0.825818	0.0557035	1.10658	0.052097	3.25217e-05
10055	1	100	18	500	0.284708	0.185341	0.138159	0.047182	0.0993668	0.820964	0.0807551	1.08576	0.084927	3.44541e-05
10056	1	100	20	500	0.288183	0.187072	0.140834	0.0462379	0.101111	0.826811	0.0642573	1.09845	0.0624728	3.48503e-05
10057	1	100	20	500	0.287973	0.18688	0.139266	0.0476136	0.101093	0.825823	0.0668908	1.09268	0.0655108	3.56027e-05
10058	1	100	20	500	0.314343	0.203033	0.153206	0.0498273	0.11131	0.814597	0.0750205	1.07821	0.0701725	3.47153e-05
10059	1	100	21	500	0.282993	0.186716	0.135167	0.0515489	0.0962768	0.820103	0.0873947	1.06536	0.078022	3.61836e-05
10060	1	100	20	500	0.306218	0.196168	0.144765	0.0514027	0.11005	0.822334	0.0759273	1.08206	0.0682772	3.63065e-05
10061	1	100	21	500	0.309163	0.196961	0.145347	0.051614	0.112202	0.813572	0.0839832	1.07106	0.0791232	3.66575e-05
10062	1	100	24	500	0.29992	0.188651	0.135356	0.0532955	0.111268	0.823532	0.0754794	1.0782	0.0693114	3.70488e-05
10063	1	100	21	500	0.263731	0.169033	0.115741	0.0532914	0.0946982	0.846975	0.056536	1.09398	0.0461802	3.83061e-05
10064	1	100	22	500	0.273979	0.172573	0.117427	0.0551458	0.101406	0.843317	0.0656324	1.08776	0.0515859	3.81434e-05
10065	1	100	21	500	0.281516	0.176707	0.121215	0.0554916	0.10481	0.83161	0.0840702	1.074	0.0747561	3.74878e-05
10066	1	100	22	500	0.28264	0.17963	0.125663	0.0539673	0.103009	0.832231	0.0813509	1.07969	0.0772238	3.76769e-05
10067	1	100	20	500	0.256984	0.178297	0.132703	0.0455945	0.078687	0.838	0.0634993	1.09689	0.0531596	3.67218e-05
10068	1	100	24	500	0.2751	0.18085	0.131543	0.0493069	0.0942506	0.828066	0.0801821	1.0837	0.076002	3.69909e-05
10069	1	100	23	500	0.263149	0.175706	0.127604	0.0481015	0.0874432	0.835345	0.0672081	1.09195	0.0645218	3.70883e-05
10070	1	100	26	500	0.2659	0.17543	0.12825	0.0471795	0.0904697	0.823709	0.0872659	1.08206	0.0887926	3.65621e-05
10071	1	100	24	500	0.282102	0.180807	0.130191	0.0506166	0.101294	0.825549	0.0781429	1.08235	0.0764064	3.75648e-05
10072	1	100	25	500	0.276676	0.180078	0.132553	0.0475256	0.0965981	0.832347	0.0594452	1.09922	0.0609523	3.70272e-05
10073	1	100	22	500	0.290375	0.182605	0.131843	0.0507613	0.10777	0.836066	0.0474338	1.10316	0.0475253	3.76061e-05
10074	1	100	24	500	0.278243	0.17844	0.127345	0.0510957	0.0998025	0.83128	0.0745446	1.08771	0.0769839	3.85155e-05
10075	1	100	24	500	0.269772	0.178273	0.132652	0.0456209	0.0914989	0.832597	0.0604235	1.10101	0.0584918	3.81272e-05
10076	1	100	22	500	0.274648	0.186102	0.14474	0.0413615	0.0885465	0.822451	0.0722038	1.09859	0.0748825	3.84876e-05
10077	1	100	23	500	0.268946	0.185605	0.146405	0.0392	0.0833408	0.824929	0.0602097	1.10474	0.060316	3.80456e-05
10078	1	100	23	500	0.291576	0.197586	0.156693	0.040893	0.0939905	0.814998	0.0684791	1.09396	0.0687066	3.84876e-05
10079	1	100	23	500	0.284375	0.193018	0.152949	0.0400694	0.0913567	0.816222	0.0649768	1.09588	0.063676	3.88495e-05
10080	1	100	19	500	0.277467	0.189251	0.151053	0.0381975	0.0882165	0.82462	0.0574511	1.11042	0.0561531	3.78863e-05
10081	1	100	21	500	0.235878	0.168604	0.130129	0.0384748	0.0672749	0.839051	0.0508435	1.11323	0.0466126	3.76955e-05
10082	1	100	24	500	0.254814	0.176015	0.135238	0.0407767	0.0787996	0.833462	0.0557606	1.10731	0.0525622	3.80556e-05
10083	1	100	23	500	0.258781	0.173423	0.129743	0.04368	0.0853586	0.836475	0.059685	1.10679	0.0483384	3.79162e-05
10084	1	100	23	500	0.291391	0.189741	0.150183	0.0395581	0.101649	0.821231	0.0509	1.11265	0.053335	3.49456e-05
10085	1	100	23	500	0.268486	0.183317	0.145571	0.0377454	0.0851694	0.824357	0.058035	1.10943	0.0572661	3.58215e-05
10086	1	100	23	500	0.311543	0.200253	0.162231	0.0380222	0.11129	0.810898	0.0614222	1.10949	0.0680594	3.40788e-05
10087	1	100	21	500	0.301636	0.197052	0.163161	0.0338917	0.104584	0.811758	0.0503533	1.11651	0.0642287	3.23059e-05
10088	1	100	24	500	0.312958	0.200413	0.162756	0.0376573	0.112545	0.812653	0.0621052	1.1132	0.0706476	3.32924e-05
10089	1	100	24	500	0.348161	0.214012	0.170208	0.0438037	0.134149	0.805242	0.0542079	1.11514	0.0770108	3.2574e-05
10090	1	100	29	500	0.421118	0.243256	0.190209	0.0530474	0.177862	0.789673	0.091981	1.09076	0.116218	3.32018e-05
10091	1	100	28	500	0.360919	0.221184	0.176913	0.0442707	0.139736	0.797682	0.0718421	1.09962	0.0913038	3.14439e-05
10092	1	100	25	500	0.416809	0.243743	0.184339	0.0594037	0.173066	0.792939	0.0885765	1.08659	0.106453	3.37107e-05
10093	1	100	24	500	0.479571	0.269191	0.196314	0.0728775	0.21038	0.770655	0.175553	1.03283	0.211051	3.68184e-05
10094	1	100	26	500	0.44234	0.255791	0.191633	0.0641584	0.186549	0.790299	0.0717823	1.08751	0.0951466	3.31333e-05
10095	1	100	25	500	0.449752	0.257179	0.190299	0.0668797	0.192573	0.783508	0.0857271	1.08819	0.105386	3.28423e-05
10096	1	100	26	500	0.46406	0.262415	0.197501	0.0649138	0.201644	0.788458	0.072272	1.08642	0.0951589	3.28718e-05
10097	1	100	25	500	0.444719	0.254064	0.197433	0.056631	0.190655	0.783892	0.100584	1.07703	0.130706	3.14923e-05
10098	1	100	25	500	0.41421	0.234549	0.17641	0.0581388	0.179661	0.778468	0.161807	1.06284	0.202955	3.28697e-05
10099	1	100	26	500	0.373527	0.219579	0.16843	0.0511493	0.153948	0.800521	0.0790449	1.09205	0.0921209	3.12535e-05
10100	1	100	25	500	0.338686	0.212068	0.174531	0.0375375	0.126618	0.804671	0.0629616	1.11224	0.0784537	2.78748e-05
10101	1	100	26	500	0.344019	0.214965	0.180695	0.0342704	0.129054	0.799893	0.0635735	1.11603	0.0905537	2.50864e-05
