Generation	PopulationID	SampleSize	UniqueMutations	PopulationSize	totalLoad	RelzLoad	RelzLoadHomo	RelzLoadHetero	MskLoad	MeanFitness	SdFitness	MeanFitnessCached	SdFitnessCached	Heterozygosity	
10001	1	100	51	500	0.0297305	0.01926	0.00137887	0.0178811	0.0104705	0.979772	0.0315874	1.01337	0.031971	3.73728e-05
10002	1	100	26	500	0.0254842	0.0198333	0.00143474	0.0183986	0.00565087	0.980099	0.0314416	1.01658	0.0320385	3.73723e-05
10003	1	100	23	500	0.0276137	0.0210616	0.001541	0.0195206	0.00655208	0.979144	0.0325246	1.01747	0.0337246	3.7135e-05
10004	1	100	20	500	0.0306946	0.0237308	0.00197041	0.0217604	0.00696377	0.976725	0.0347914	1.01975	0.0353214	3.57623e-05
10005	1	100	22	500	0.0318516	0.0222299	0.00177974	0.0204502	0.00962162	0.978342	0.0287357	1.01634	0.0302924	3.51908e-05
10006	1	100	23	500	0.0362559	0.0265763	0.00229015	0.0242861	0.00967959	0.973355	0.0354102	1.02001	0.0386381	3.50813e-05
10007	1	100	22	500	0.0417459	0.0330307	0.00309393	0.0299367	0.00871529	0.967305	0.0357376	1.02746	0.0363887	3.55219e-05
10008	1	100	25	500	0.0537464	0.0356702	0.00352595	0.0321443	0.0180761	0.965431	0.0363927	1.02528	0.0343744	3.43488e-05
10009	1	100	23	500	0.0733556	0.0409166	0.00518258	0.035734	0.0324391	0.959597	0.0416752	1.01958	0.0423531	3.4737e-05
10010	1	100	21	500	0.0815484	0.0461643	0.00599376	0.0401705	0.0353841	0.955793	0.0484154	1.024	0.044563	3.38853e-05
10011	1	100	20	500	0.0899246	0.0494005	0.00685504	0.0425455	0.0405241	0.950625	0.0473571	1.0211	0.0482586	3.42642e-05
10012	1	100	21	500	0.0976346	0.0543129	0.0074425	0.0468704	0.0433217	0.947737	0.0487398	1.02721	0.046141	3.29344e-05
10013	1	100	19	500	0.122372	0.0604294	0.0106673	0.0497621	0.0619422	0.93512	0.123579	1.00822	0.127857	3.26923e-05
10014	1	100	21	500	0.129849	0.0626776	0.0118547	0.0508229	0.0671719	0.940971	0.0554769	1.01576	0.0497295	3.31663e-05
10015	1	100	22	500	0.147722	0.0667316	0.012973	0.0537586	0.0809905	0.937017	0.0488467	1.01169	0.0573217	3.24811e-05
10016	1	100	23	500	0.13461	0.0641508	0.0119138	0.052237	0.0704596	0.938427	0.0492562	1.01659	0.0593078	3.3289e-05
10017	1	100	22	500	0.122504	0.0609851	0.010287	0.0506982	0.0615185	0.942215	0.0483062	1.02177	0.0571255	3.43902e-05
10018	1	100	21	500	0.122754	0.0593105	0.0095041	0.0498064	0.0634439	0.944049	0.0507773	1.01927	0.0502536	3.51161e-05
10019	1	100	22	500	0.157172	0.0711266	0.0137653	0.0573613	0.0860453	0.935876	0.0584112	1.01525	0.0470699	3.5411e-05
10020	1	100	22	500	0.141638	0.065224	0.0116129	0.0536112	0.0764135	0.938443	0.0461319	1.01751	0.0559787	3.59299e-05
10021	1	100	23	500	0.13429	0.0686276	0.0104281	0.0581996	0.065662	0.930159	0.0787511	1.02671	0.0912248	3.71017e-05
10022	1	100	21	500	0.116989	0.0605969	0.0105484	0.0500485	0.0563916	0.942819	0.0409635	1.02797	0.0476125	3.72963e-05
10023	1	100	23	500	0.107546	0.0581117	0.0116834	0.0464283	0.0494339	0.936756	0.0834336	1.0239	0.0978376	3.741e-05
10024	1	100	21	500	0.0903973	0.053667	0.0111363	0.0425307	0.0367303	0.948131	0.0329719	1.0337	0.0451782	3.75223e-05
10025	1	100	19	500	0.103442	0.0552727	0.0128637	0.0424089	0.0481689	0.947415	0.0350206	1.0282	0.0469475	3.73087e-05
10026	1	100	22	500	0.118843	0.0662237	0.0189135	0.0473102	0.0526189	0.936676	0.0326058	1.03606	0.0528226	3.54847e-05
10027	1	100	18	500	0.108929	0.0659596	0.0192883	0.0466713	0.0429691	0.936276	0.0252987	1.04134	0.045671	3.55761e-05
10028	1	100	23	500	0.131658	0.0701551	0.0194434	0.0507117	0.0615031	0.934214	0.0300083	1.03361	0.0541635	3.61634e-05
10029	1	100	20	500	0.167049	0.0813902	0.0237174	0.0576728	0.0856586	0.915904	0.0943842	1.0154	0.117213	3.6274e-05
10030	1	100	21	500	0.154217	0.0759599	0.0230029	0.052957	0.0782569	0.930348	0.0293738	1.02783	0.0558038	3.62243e-05
10031	1	100	15	500	0.207936	0.0923524	0.0324464	0.059906	0.115584	0.909753	0.0975356	1.00106	0.122148	3.61603e-05
10032	1	100	20	500	0.181562	0.0870098	0.030284	0.0567258	0.0945525	0.922153	0.0296268	1.02763	0.0545119	3.53367e-05
10033	1	100	17	500	0.203386	0.0910811	0.0313202	0.0597609	0.112305	0.921837	0.0310384	1.0171	0.0547001	3.65499e-05
10034	1	100	20	500	0.211293	0.0963777	0.0357528	0.060625	0.114915	0.911752	0.0798434	1.00844	0.10167	3.63717e-05
10035	1	100	17	500	0.190233	0.0939898	0.0370502	0.0569396	0.0962427	0.915469	0.056134	1.02445	0.0767708	3.52549e-05
10036	1	100	17	500	0.173356	0.0855553	0.0306123	0.054943	0.0878007	0.918278	0.0705838	1.02311	0.0878415	3.49587e-05
10037	1	100	19	500	0.178054	0.0884672	0.0331088	0.0553584	0.0895871	0.921456	0.0393679	1.02698	0.0626663	3.48012e-05
10038	1	100	19	500	0.182673	0.0896243	0.0333241	0.0563002	0.0930491	0.921347	0.0320669	1.02783	0.0503456	3.51616e-05
10039	1	100	20	500	0.199507	0.0933674	0.034311	0.0590564	0.106139	0.920278	0.0349731	1.02143	0.0552253	3.54757e-05
10040	1	100	19	500	0.178438	0.0864366	0.031387	0.0550496	0.0920012	0.916735	0.0816058	1.01711	0.0997557	3.45496e-05
10041	1	100	16	500	0.152072	0.08088	0.0293484	0.0515316	0.0711924	0.920367	0.0710453	1.03317	0.085504	3.48192e-05
10042	1	100	16	500	0.174408	0.0846155	0.0295433	0.0550721	0.089793	0.919253	0.0716872	1.02142	0.0886829	3.60935e-05
10043	1	100	15	500	0.178874	0.0876838	0.0318583	0.0558255	0.0911898	0.922112	0.0331699	1.02931	0.053125	3.55225e-05
10044	1	100	15	500	0.229025	0.102846	0.0416286	0.0612173	0.126179	0.91569	0.0357647	1.01398	0.0490769	3.42923e-05
10045	1	100	16	500	0.228083	0.10272	0.0409045	0.061815	0.125363	0.90311	0.0980753	1.00253	0.119954	3.51954e-05
10046	1	100	19	500	0.207274	0.094197	0.0374705	0.0567265	0.113077	0.910167	0.0903928	1.00744	0.109104	3.36907e-05
10047	1	100	17	500	0.192958	0.0868363	0.0355825	0.0512538	0.106121	0.925634	0.0372054	1.01574	0.0571128	3.15297e-05
10048	1	100	16	500	0.177327	0.0816409	0.035955	0.0456859	0.0956865	0.92806	0.0332972	1.02089	0.0508254	2.81844e-05
10049	1	100	17	500	0.178811	0.0831677	0.0385429	0.0446248	0.0956431	0.92712	0.0388041	1.02183	0.0508902	2.76019e-05
10050	1	100	14	500	0.190372	0.0867996	0.0425211	0.0442786	0.103572	0.919198	0.0770032	1.01301	0.0919996	2.65532e-05
10051	1	100	16	500	0.170211	0.0808123	0.038772	0.0420403	0.0893986	0.92775	0.0356369	1.02472	0.0457003	2.65924e-05
10052	1	100	16	500	0.182418	0.0871107	0.0467104	0.0404003	0.0953069	0.925882	0.0386438	1.02138	0.0500933	2.44896e-05
10053	1	100	16	500	0.211367	0.0953301	0.0506147	0.0447154	0.116037	0.914823	0.0865194	1.0055	0.0965575	2.47906e-05
10054	1	100	17	500	0.228346	0.101107	0.0478881	0.0532191	0.127239	0.91444	0.0589724	1.00973	0.0763571	2.78649e-05
10055	1	100	22	500	0.209018	0.0967893	0.0477312	0.0490581	0.112229	0.912723	0.0789463	1.01338	0.0926442	2.61429e-05
10056	1	100	21	500	0.184302	0.0874401	0.0371264	0.0503138	0.0968615	0.918364	0.0660313	1.02046	0.0811478	2.94243e-05
10057	1	100	20	500	0.188114	0.089368	0.0361207	0.0532473	0.0987464	0.921409	0.0298674	1.02517	0.0522584	3.14549e-05
10058	1	100	21	500	0.189585	0.0896706	0.038257	0.0514136	0.0999144	0.921151	0.0356392	1.02552	0.0557518	2.99297e-05
10059	1	100	21	500	0.176981	0.0873252	0.0355914	0.0517338	0.089656	0.919581	0.0511398	1.02819	0.0677651	3.11329e-05
10060	1	100	23	500	0.179291	0.0911332	0.0405594	0.0505739	0.0881574	0.916008	0.0781912	1.01752	0.0994096	3.19446e-05
10061	1	100	21	500	0.170487	0.0910589	0.041057	0.0500019	0.0794276	0.916638	0.0772392	1.02133	0.100852	3.24696e-05
10062	1	100	14	500	0.157341	0.0852062	0.0399967	0.0452095	0.0721347	0.928182	0.022642	1.03041	0.0476473	2.99919e-05
10063	1	100	16	500	0.166333	0.0888647	0.0425583	0.0463064	0.077468	0.927119	0.0229178	1.02745	0.0500036	3.04215e-05
10064	1	100	13	500	0.180197	0.0948261	0.0486297	0.0461964	0.0853709	0.915063	0.0873405	1.01261	0.110339	2.85111e-05
10065	1	100	17	500	0.207543	0.107254	0.0592083	0.0480454	0.100289	0.917607	0.0676159	1.0067	0.0875619	2.91758e-05
10066	1	100	14	500	0.190652	0.0974773	0.0557579	0.0417194	0.0931747	0.919732	0.0727158	1.00844	0.0936302	2.59465e-05
10067	1	100	19	500	0.200769	0.101715	0.0619538	0.0397616	0.0990531	0.905432	0.124012	0.988211	0.146754	2.40826e-05
10068	1	100	16	500	0.212872	0.108711	0.0661302	0.0425808	0.104161	0.907858	0.110652	0.989802	0.132373	2.59591e-05
10069	1	100	15	500	0.198424	0.100525	0.0608311	0.0396941	0.0978984	0.919416	0.0782629	1.00268	0.0980056	2.5207e-05
10070	1	100	15	500	0.1913	0.0968296	0.0556998	0.0411298	0.0944705	0.928555	0.0233296	1.01198	0.0500404	2.67939e-05
10071	1	100	13	500	0.20484	0.104121	0.0594969	0.0446245	0.100719	0.900637	0.135706	0.982126	0.159017	2.898e-05
10072	1	100	11	500	0.199787	0.102433	0.0560665	0.046366	0.0973541	0.908795	0.110704	0.994979	0.133823	3.03134e-05
10073	1	100	12	500	0.218649	0.112605	0.0643109	0.048294	0.106044	0.888365	0.154911	0.971237	0.181619	3.14324e-05
10074	1	100	12	500	0.204359	0.104896	0.0579632	0.0469329	0.0994625	0.903688	0.123388	0.989351	0.147701	3.12889e-05
10075	1	100	13	500	0.202724	0.10449	0.0560482	0.0484417	0.0982343	0.900749	0.129607	0.988608	0.153852	3.24291e-05
10076	1	100	15	500	0.23275	0.114989	0.0686355	0.0463532	0.117761	0.903599	0.117855	0.981183	0.139967	2.98542e-05
10077	1	100	15	500	0.220922	0.105721	0.0578603	0.0478604	0.115202	0.901407	0.123947	0.984291	0.146411	3.03414e-05
10078	1	100	15	500	0.227936	0.110144	0.05925	0.0508938	0.117792	0.912059	0.0845454	0.996003	0.105178	3.26035e-05
10079	1	100	19	500	0.24992	0.122132	0.0675234	0.0546088	0.127788	0.882193	0.15429	0.965048	0.180665	3.46855e-05
10080	1	100	15	500	0.21517	0.102274	0.0522781	0.0499964	0.112896	0.916609	0.0692172	1.00458	0.0907123	3.29434e-05
10081	1	100	14	500	0.232345	0.120518	0.0689009	0.0516176	0.111827	0.908597	0.0956277	0.990564	0.116069	3.62472e-05
10082	1	100	14	500	0.213766	0.110274	0.0566115	0.0536628	0.103492	0.906522	0.102676	0.997284	0.127332	3.78258e-05
10083	1	100	15	500	0.238669	0.123546	0.0674919	0.0560539	0.115124	0.89871	0.119752	0.982694	0.142855	3.90794e-05
10084	1	100	15	500	0.244164	0.127589	0.0702374	0.0573514	0.116575	0.884668	0.146455	0.972194	0.173391	3.97537e-05
10085	1	100	14	500	0.247209	0.129303	0.0717364	0.0575666	0.117906	0.884142	0.146268	0.971386	0.173874	3.96149e-05
10086	1	100	13	500	0.28872	0.156931	0.101268	0.0556631	0.131789	0.861578	0.182853	0.933776	0.209803	3.86019e-05
10087	1	100	9	500	0.329281	0.187995	0.125476	0.0625187	0.141286	0.824169	0.217474	0.899274	0.252789	4.15613e-05
10088	1	100	11	500	0.293426	0.164037	0.101933	0.0621045	0.129389	0.859884	0.173555	0.944107	0.204218	4.19718e-05
10089	1	100	9	500	0.25644	0.137941	0.0784884	0.0594523	0.1185	0.885373	0.13784	0.974058	0.165416	4.17673e-05
10090	1	100	12	500	0.232549	0.122593	0.0663117	0.0562812	0.109956	0.884935	0.148889	0.975306	0.177225	4.06592e-05
10091	1	100	11	500	0.213101	0.111305	0.0573963	0.0539091	0.101796	0.911785	0.0820711	1.00412	0.105399	3.96812e-05
10092	1	100	12	500	0.227508	0.119609	0.0638899	0.055719	0.107899	0.905604	0.0951521	0.996183	0.118442	4.08097e-05
10093	1	100	15	500	0.230862	0.119829	0.063376	0.0564527	0.111033	0.907812	0.0864336	0.998297	0.109581	4.08183e-05
10094	1	100	13	500	0.25535	0.135563	0.0806318	0.0549311	0.119787	0.873628	0.168232	0.953827	0.196679	3.96809e-05
10095	1	100	12	500	0.202326	0.102563	0.0529142	0.049649	0.0997626	0.909318	0.103655	0.99888	0.125552	3.78342e-05
10096	1	100	15	500	0.23712	0.121363	0.0719255	0.0494376	0.115757	0.884252	0.156658	0.962427	0.182327	3.69607e-05
10097	1	100	14	500	0.252371	0.128495	0.0781153	0.0503801	0.123876	0.89267	0.137044	0.967746	0.159192	3.71687e-05
10098	1	100	15	500	0.213285	0.107044	0.0616731	0.0453713	0.10624	0.904756	0.120393	0.985718	0.143186	3.50784e-05
10099	1	100	13	500	0.192954	0.0959373	0.0537222	0.0422151	0.0970171	0.928149	0.025311	1.01197	0.048383	3.36745e-05
10100	1	100	13	500	0.194215	0.0955147	0.0549106	0.0406041	0.0987006	0.921532	0.0732617	1.00371	0.0921624	3.2178e-05
10101	1	100	12	500	0.153827	0.0778944	0.044733	0.0331614	0.0759331	0.925813	0.078772	1.01482	0.0959919	2.83492e-05
