Generation	PopulationID	SampleSize	UniqueMutations	PopulationSize	totalLoad	RelzLoad	RelzLoadHomo	RelzLoadHetero	MskLoad	MeanFitness	SdFitness	MeanFitnessCached	SdFitnessCached	
5001	1	100	51	500	0.225278	0.202198	0.166662	0.0355355	0.0230805	0.808374	0.0335869	1.1867	0.0365962
5002	1	100	58	500	0.217889	0.199186	0.163029	0.036157	0.0187031	0.810312	0.0323793	1.18469	0.0367432
5003	1	100	60	500	0.223325	0.198882	0.162963	0.0359189	0.024443	0.811696	0.034135	1.18315	0.0364608
5004	1	100	53	500	0.217033	0.199474	0.165087	0.0343866	0.0175587	0.810288	0.0320783	1.18701	0.0361045
5005	1	100	49	500	0.216155	0.198764	0.163745	0.0350191	0.0173907	0.810817	0.031532	1.18694	0.0341364
5006	1	100	41	500	0.218366	0.202132	0.166371	0.0357608	0.0162337	0.808276	0.0307709	1.19087	0.0329789
5007	1	100	48	500	0.223351	0.20341	0.167547	0.0358628	0.0199414	0.807352	0.0326013	1.1894	0.0339066
5008	1	100	52	500	0.219893	0.202554	0.169044	0.0335105	0.0173394	0.807744	0.0315099	1.18806	0.033184
5009	1	100	51	500	0.223777	0.204899	0.17127	0.0336287	0.0188784	0.805629	0.031527	1.18876	0.0335296
5010	1	100	51	500	0.230507	0.208436	0.17329	0.0351459	0.0220716	0.802975	0.0316166	1.19044	0.0350527
5011	1	100	49	500	0.104714	0.0865812	0.0504848	0.0360963	0.0181329	0.914406	0.0357175	1.06285	0.0298196
5012	1	100	55	500	0.106947	0.0886077	0.0516279	0.0369799	0.0183395	0.911206	0.0379416	1.06319	0.0318702
5013	1	100	55	500	0.110231	0.0901766	0.0507579	0.0394187	0.020054	0.910677	0.036263	1.06568	0.0327123
5014	1	100	46	500	0.10665	0.0880092	0.0509038	0.0371054	0.0186409	0.911946	0.0444844	1.0634	0.0448528
5015	1	100	55	500	0.111095	0.0926737	0.054341	0.0383327	0.0184218	0.908665	0.0334519	1.06787	0.0306454
5016	1	100	54	500	0.120317	0.0961426	0.0564074	0.0397352	0.0241746	0.905401	0.0364724	1.06743	0.0334913
5017	1	100	47	500	0.117871	0.0957715	0.0542918	0.0414797	0.0220997	0.905086	0.0369818	1.06809	0.0358747
5018	1	100	47	500	0.116208	0.0944978	0.053713	0.0407848	0.0217099	0.907141	0.0347322	1.069	0.0335511
5019	1	100	41	500	0.112536	0.0939357	0.0530799	0.0408558	0.0186004	0.907224	0.036555	1.06838	0.0345482
5020	1	100	46	500	0.118242	0.0958035	0.0546518	0.0411517	0.0224382	0.905471	0.0375837	1.06704	0.0339989
5021	1	100	53	500	0.125139	0.0956386	0.0547436	0.040895	0.0295	0.906423	0.0376999	1.06488	0.0354027
5022	1	100	54	500	0.116966	0.0934558	0.0541619	0.0392939	0.0235103	0.908232	0.0367698	1.06523	0.0335415
5023	1	100	47	500	0.117667	0.0939497	0.0564128	0.0375369	0.0237168	0.907847	0.0353161	1.06532	0.0311894
5024	1	100	42	500	0.113553	0.0930723	0.0566654	0.036407	0.020481	0.909361	0.0346399	1.06666	0.0298284
5025	1	100	49	500	0.122006	0.0941586	0.0557225	0.0384361	0.0278478	0.907674	0.0377334	1.06359	0.0349026
5026	1	100	42	500	0.122187	0.0923036	0.0522681	0.0400356	0.0298832	0.909653	0.0391158	1.0613	0.0350298
5027	1	100	45	500	0.121268	0.0929102	0.050738	0.0421722	0.0283575	0.90851	0.0379863	1.0637	0.0359755
5028	1	100	56	500	0.12779	0.0957842	0.0542264	0.0415579	0.0320054	0.905615	0.0376023	1.06408	0.0362409
5029	1	100	49	500	0.127701	0.0966216	0.0541325	0.0424891	0.0310796	0.904552	0.0388796	1.06578	0.0353589
5030	1	100	51	500	0.116229	0.0932948	0.0534804	0.0398145	0.022934	0.906808	0.0368963	1.06611	0.0350285
5031	1	100	49	500	0.122918	0.0955597	0.0530482	0.0425115	0.027358	0.905272	0.0382089	1.06635	0.0352222
5032	1	100	47	500	0.123884	0.0966804	0.0560635	0.0406169	0.0272036	0.902671	0.0371656	1.06667	0.0361195
5033	1	100	53	500	0.130178	0.0993419	0.0545129	0.044829	0.0308357	0.90326	0.0377123	1.06815	0.0351828
5034	1	100	42	500	0.126311	0.100053	0.0565059	0.0435467	0.026258	0.900452	0.0420845	1.06798	0.0440475
5035	1	100	43	500	0.119807	0.100275	0.0569901	0.0432848	0.0195318	0.898783	0.0382547	1.06922	0.0373851
5036	1	100	50	500	0.135723	0.104559	0.0604257	0.0441338	0.031164	0.898389	0.035589	1.07005	0.0350224
5037	1	100	48	500	0.131515	0.101437	0.0591134	0.0423234	0.0300786	0.901312	0.0368391	1.06817	0.0358827
5038	1	100	52	500	0.129766	0.101419	0.0598765	0.0415426	0.0283465	0.899196	0.0368538	1.06835	0.0370595
5039	1	100	54	500	0.133114	0.105804	0.0614001	0.0444038	0.0273098	0.896924	0.0367029	1.07158	0.0381626
5040	1	100	53	500	0.136565	0.105888	0.06207	0.0438182	0.030677	0.897107	0.0385046	1.06975	0.0370279
5041	1	100	48	500	0.131862	0.10508	0.0638536	0.0412262	0.0267819	0.896835	0.0369754	1.07102	0.0383103
5042	1	100	55	500	0.135015	0.108001	0.0659082	0.0420929	0.027014	0.89466	0.037264	1.0722	0.0387541
5043	1	100	52	500	0.138694	0.109518	0.0665045	0.0430138	0.0291753	0.892476	0.039146	1.07271	0.0379665
5044	1	100	44	500	0.136457	0.110328	0.0663981	0.0439303	0.0261289	0.891461	0.0386055	1.07392	0.0382998
5045	1	100	43	500	0.144457	0.112604	0.0661629	0.0464412	0.0318525	0.890073	0.0390384	1.07364	0.0400127
5046	1	100	46	500	0.137474	0.112838	0.0660545	0.0467839	0.0246357	0.889332	0.0400627	1.07756	0.0389493
5047	1	100	45	500	0.1432	0.116516	0.066465	0.050051	0.0266838	0.886839	0.0377509	1.08081	0.0400665
5048	1	100	49	500	0.142115	0.116554	0.0662825	0.0502713	0.0255614	0.886973	0.0379649	1.08299	0.0396807
5049	1	100	44	500	0.139535	0.11516	0.0648121	0.0503483	0.0243749	0.887542	0.0396615	1.08172	0.0423643
5050	1	100	51	500	0.143542	0.116496	0.0676436	0.0488527	0.0270456	0.887462	0.0377147	1.08155	0.0412775
5051	1	100	51	500	0.139788	0.114389	0.0676313	0.0467582	0.0253989	0.888142	0.0387053	1.07903	0.0411148
5052	1	100	47	500	0.14533	0.114559	0.0628337	0.0517252	0.0307714	0.888466	0.0406321	1.07971	0.0421643
5053	1	100	45	500	0.140954	0.114606	0.0622551	0.0523508	0.0263486	0.887931	0.0415736	1.08188	0.0445507
5054	1	100	53	500	0.144218	0.116437	0.0613214	0.0551153	0.0277814	0.886582	0.0413752	1.08335	0.0438876
5055	1	100	54	500	0.151213	0.119632	0.062224	0.0574077	0.0315811	0.884593	0.040384	1.08614	0.0459357
5056	1	100	53	500	0.14902	0.119054	0.0618571	0.0571965	0.0299664	0.883899	0.0418674	1.08483	0.0480809
5057	1	100	54	500	0.150577	0.116976	0.0572881	0.059688	0.0336006	0.887125	0.0431715	1.08455	0.0509534
5058	1	100	56	500	0.151352	0.117585	0.0585325	0.0590528	0.0337666	0.885991	0.0415378	1.08384	0.0466485
5059	1	100	52	500	0.156283	0.120243	0.0592326	0.0610099	0.0360408	0.883924	0.0426267	1.08639	0.0446894
5060	1	100	56	500	0.159939	0.122382	0.059725	0.062657	0.0375568	0.882215	0.0429562	1.08853	0.0481242
5061	1	100	58	500	0.16227	0.126971	0.0635058	0.0634653	0.0352989	0.877568	0.042771	1.09162	0.047017
5062	1	100	54	500	0.158864	0.127578	0.0627209	0.0648568	0.0312865	0.875939	0.0464667	1.09308	0.0512821
5063	1	100	57	500	0.165127	0.12983	0.0641957	0.0656339	0.0352973	0.874364	0.0413639	1.09312	0.047851
5064	1	100	56	500	0.172512	0.131611	0.0631987	0.068412	0.0409009	0.873174	0.0439969	1.09315	0.049875
5065	1	100	59	500	0.166793	0.13028	0.0631637	0.0671163	0.0365133	0.873516	0.0440471	1.09518	0.0488055
5066	1	100	54	500	0.168795	0.132369	0.0637367	0.0686325	0.0364262	0.872468	0.0455822	1.09761	0.050422
5067	1	100	52	500	0.161481	0.131356	0.0636461	0.06771	0.030125	0.871684	0.0463677	1.0996	0.0518309
5068	1	100	64	500	0.175123	0.140004	0.0671663	0.072838	0.0351189	0.865586	0.0427499	1.10639	0.049836
5069	1	100	51	500	0.172343	0.141458	0.0689439	0.0725143	0.030885	0.861961	0.0483905	1.1095	0.0548676
5070	1	100	61	500	0.172217	0.143365	0.068885	0.0744803	0.0288513	0.86203	0.0439058	1.11397	0.0496328
5071	1	100	55	500	0.169298	0.14264	0.0679997	0.0746407	0.0266573	0.862636	0.0453092	1.11446	0.0501043
5072	1	100	46	500	0.168236	0.145077	0.070661	0.0744162	0.0231583	0.859211	0.0448946	1.11895	0.0498818
5073	1	100	53	500	0.174949	0.150341	0.0733799	0.076961	0.0246085	0.855055	0.0442176	1.12112	0.0514684
5074	1	100	54	500	0.180125	0.15258	0.0735448	0.0790356	0.0275445	0.85367	0.0455097	1.12273	0.0500314
5075	1	100	46	500	0.176181	0.153653	0.0749531	0.0786999	0.0225277	0.851539	0.0458705	1.12615	0.0495387
5076	1	100	45	500	0.181271	0.155857	0.0755139	0.0803434	0.0254139	0.849188	0.0454003	1.12651	0.050603
5077	1	100	51	500	0.189063	0.161332	0.0794044	0.0819275	0.0277308	0.844824	0.0474653	1.13143	0.0519056
5078	1	100	58	500	0.195173	0.163413	0.0796598	0.0837534	0.0317594	0.843664	0.0448779	1.13055	0.0513552
5079	1	100	57	500	0.190472	0.163865	0.0805775	0.0832873	0.0266071	0.843633	0.0455391	1.13413	0.0480999
5080	1	100	52	500	0.189524	0.162746	0.0808848	0.0818612	0.0267775	0.844267	0.0472195	1.13247	0.0494486
5081	1	100	49	500	0.188006	0.161209	0.0818993	0.0793093	0.0267976	0.84347	0.0438007	1.13217	0.0465836
5082	1	100	57	500	0.190556	0.163652	0.0818959	0.0817557	0.0269046	0.843105	0.0462722	1.13185	0.0491021
5083	1	100	53	500	0.191855	0.165882	0.084106	0.0817763	0.025973	0.841178	0.0440947	1.13447	0.0463542
5084	1	100	53	500	0.194819	0.166358	0.0841923	0.0821657	0.0284607	0.841278	0.0467085	1.1355	0.0498605
5085	1	100	53	500	0.191337	0.16754	0.0870752	0.0804648	0.0237972	0.837996	0.0506164	1.13574	0.0578736
5086	1	100	52	500	0.195082	0.168618	0.0876677	0.0809507	0.026464	0.838378	0.0438518	1.138	0.0493318
5087	1	100	52	500	0.193521	0.168473	0.0882122	0.0802612	0.0250474	0.839256	0.0443458	1.13939	0.0483629
5088	1	100	52	500	0.194041	0.168155	0.0885382	0.0796171	0.0258857	0.838938	0.0433837	1.13736	0.0479566
5089	1	100	57	500	0.196577	0.168157	0.0865973	0.0815599	0.0284194	0.839893	0.0446296	1.138	0.0471198
5090	1	100	54	500	0.197992	0.170868	0.0918805	0.078987	0.0271247	0.834602	0.0433241	1.14023	0.0484567
5091	1	100	49	500	0.198616	0.174604	0.0946796	0.0799248	0.0240118	0.832525	0.0439534	1.14387	0.0478013
5092	1	100	53	500	0.205685	0.180683	0.102755	0.0779282	0.0250019	0.826906	0.0454332	1.14962	0.0466928
5093	1	100	52	500	0.206844	0.183395	0.105477	0.0779177	0.0234494	0.824368	0.0449501	1.15162	0.0452729
5094	1	100	58	500	0.212869	0.186425	0.106145	0.0802801	0.0264441	0.82228	0.0457329	1.15059	0.0487014
5095	1	100	52	500	0.212045	0.188422	0.109829	0.0785931	0.0236234	0.821298	0.0435884	1.15632	0.0463362
5096	1	100	50	500	0.215486	0.191697	0.114729	0.0769675	0.0237896	0.818887	0.0448781	1.16052	0.0469068
5097	1	100	47	500	0.213301	0.190913	0.115138	0.0757746	0.0223885	0.818524	0.0445826	1.15922	0.0445631
5098	1	100	43	500	0.217498	0.19249	0.116058	0.0764327	0.0250081	0.817961	0.0445665	1.16031	0.0474624
5099	1	100	51	500	0.218307	0.19513	0.121268	0.0738616	0.023177	0.816231	0.0456727	1.16557	0.0443999
5100	1	100	47	500	0.222537	0.198392	0.124122	0.0742697	0.0241447	0.812462	0.0433567	1.16621	0.0449574
5101	1	100	47	500	0.224793	0.201975	0.129336	0.0726394	0.0228179	0.809352	0.045069	1.16969	0.04561
