Generation	PopulationID	SampleSize	UniqueMutations	PopulationSize	totalLoad	RelzLoad	RelzLoadHomo	RelzLoadHetero	MskLoad	MeanFitness	SdFitness	MeanFitnessCached	SdFitnessCached	Heterozygosity	
10001	1	100	42	500	0.265967	0.241161	0.219153	0.0220086	0.0248062	0.772884	0.0277913	1.23406	0.0399835	2.45876e-05
10002	1	100	27	500	0.264587	0.246266	0.227568	0.0186983	0.0183204	0.769533	0.0256067	1.24415	0.038978	2.32272e-05
10003	1	100	32	500	0.272156	0.24859	0.228401	0.0201886	0.0235664	0.767493	0.0278536	1.24338	0.0431554	2.34367e-05
10004	1	100	28	500	0.276299	0.250695	0.230769	0.0199262	0.0256039	0.766556	0.0310956	1.24084	0.0477481	2.33313e-05
10005	1	100	25	500	0.278421	0.250511	0.222582	0.0279292	0.0279094	0.766561	0.0389051	1.2404	0.0591578	2.37352e-05
10006	1	100	26	500	0.280544	0.255089	0.225437	0.0296518	0.0254551	0.764812	0.0328112	1.25283	0.0557247	2.44342e-05
10007	1	100	24	500	0.137244	0.113113	0.0926004	0.0205127	0.024131	0.888326	0.0283545	1.09318	0.0373646	2.31145e-05
10008	1	100	22	500	0.133469	0.109897	0.0876271	0.0222698	0.0235723	0.894085	0.0275565	1.09428	0.0351889	2.338e-05
10009	1	100	21	500	0.127168	0.103872	0.085304	0.0185679	0.0232958	0.897771	0.0274152	1.087	0.0336522	2.44041e-05
10010	1	100	23	500	0.128374	0.106389	0.0859243	0.020465	0.0219843	0.895862	0.0263165	1.09173	0.0306244	2.37312e-05
10011	1	100	22	500	0.131488	0.108463	0.0895516	0.0189118	0.0230245	0.892457	0.0292155	1.09103	0.0359545	2.37244e-05
10012	1	100	20	500	0.12636	0.107756	0.0927426	0.015013	0.018604	0.892911	0.0217523	1.09526	0.0341009	2.24096e-05
10013	1	100	21	500	0.12699	0.110312	0.0962735	0.0140381	0.0166787	0.891444	0.0226098	1.10061	0.0255366	2.29092e-05
10014	1	100	17	500	0.121774	0.109416	0.0979376	0.0114787	0.0123574	0.891852	0.0182111	1.10214	0.0253824	2.14003e-05
10015	1	100	14	500	0.118795	0.107036	0.0960493	0.0109871	0.0117586	0.892954	0.01647	1.09871	0.0315057	2.0937e-05
10016	1	100	15	500	0.119282	0.103446	0.0880092	0.0154368	0.0158358	0.89845	0.0208921	1.09349	0.0284751	2.06792e-05
10017	1	100	15	500	0.120349	0.10327	0.0906017	0.0126686	0.0170791	0.897202	0.0210707	1.09078	0.0263467	2.07383e-05
10018	1	100	14	500	0.114126	0.100819	0.0900232	0.0107958	0.0133066	0.899756	0.0161681	1.09142	0.0244792	1.99989e-05
10019	1	100	16	500	0.117386	0.104112	0.0936892	0.010423	0.0132742	0.89635	0.0194198	1.09455	0.0256867	2.10119e-05
10020	1	100	15	500	0.117713	0.104238	0.0942933	0.0099443	0.013475	0.895618	0.0204186	1.0939	0.0281313	2.08932e-05
10021	1	100	11	500	0.112163	0.100362	0.0912541	0.00910778	0.0118012	0.899962	0.0141588	1.09193	0.0217779	2.06974e-05
10022	1	100	13	500	0.114235	0.102351	0.0934115	0.00893987	0.0118833	0.89776	0.013942	1.09375	0.0216824	2.14548e-05
10023	1	100	13	500	0.113539	0.101401	0.0903664	0.0110348	0.0121375	0.899646	0.0158872	1.09342	0.0238285	2.20633e-05
10024	1	100	13	500	0.115246	0.102462	0.0899359	0.012526	0.0127841	0.898966	0.0170957	1.09435	0.0254794	2.2474e-05
10025	1	100	13	500	0.114953	0.101243	0.0893094	0.0119331	0.0137101	0.899986	0.0159974	1.09202	0.0251376	2.21481e-05
10026	1	100	13	500	0.118305	0.101914	0.0863089	0.0156048	0.0163914	0.898071	0.0160653	1.08894	0.0360291	2.38214e-05
10027	1	100	16	500	0.120305	0.10432	0.0898478	0.0144718	0.0159857	0.896952	0.0177134	1.09384	0.0256664	2.40512e-05
10028	1	100	19	500	0.121834	0.10221	0.0846153	0.0175942	0.0196243	0.898729	0.0208425	1.08826	0.0356583	2.4597e-05
10029	1	100	18	500	0.119073	0.103624	0.0890332	0.014591	0.0154489	0.89437	0.0163968	1.09078	0.047294	2.32917e-05
10030	1	100	18	500	0.117648	0.102034	0.0876735	0.0143601	0.0156146	0.898716	0.019115	1.09109	0.0265515	2.30089e-05
10031	1	100	21	500	0.122662	0.10593	0.0937439	0.0121863	0.0167314	0.895028	0.0164408	1.09565	0.0237356	2.16574e-05
10032	1	100	20	500	0.125233	0.106944	0.094824	0.0121197	0.0182891	0.894343	0.0138247	1.09654	0.0222888	2.11039e-05
10033	1	100	17	500	0.122426	0.105114	0.0954882	0.00962566	0.0173119	0.895152	0.0165114	1.09362	0.0241301	1.99359e-05
10034	1	100	21	500	0.135693	0.110384	0.0966386	0.0137456	0.025309	0.891584	0.0190806	1.09402	0.026314	1.95339e-05
10035	1	100	17	500	0.138625	0.113495	0.100087	0.013408	0.0251298	0.888382	0.0233185	1.09582	0.0301962	1.89978e-05
10036	1	100	21	500	0.134866	0.112256	0.100542	0.0117147	0.0226102	0.888835	0.0207677	1.09669	0.0290549	1.80623e-05
10037	1	100	18	500	0.135964	0.115353	0.100292	0.0150615	0.0206112	0.886228	0.0257618	1.10269	0.0360015	1.73846e-05
10038	1	100	16	500	0.1377	0.115754	0.0959611	0.0197931	0.0219456	0.886862	0.0310382	1.10269	0.0420457	1.58391e-05
10039	1	100	16	500	0.135243	0.120381	0.0990566	0.0213247	0.014862	0.881479	0.0336831	1.1123	0.0452389	1.41717e-05
10040	1	100	14	500	0.126144	0.115744	0.0994306	0.0163134	0.0104002	0.885827	0.0285932	1.10943	0.0378375	1.30339e-05
10041	1	100	13	500	0.127248	0.117044	0.102016	0.0150279	0.0102042	0.884181	0.0277809	1.11083	0.0365802	1.27042e-05
10042	1	100	11	500	0.0187249	0.0131854	0.00153017	0.0116552	0.0055395	0.986413	0.028342	1.00836	0.0298499	1.11245e-05
10043	1	100	11	500	0.0261942	0.0160848	0.00172882	0.014356	0.0101093	0.98387	0.0302603	1.00954	0.0320308	1.05913e-05
10044	1	100	10	500	0.0283991	0.0237741	0.00343291	0.0203412	0.004625	0.976609	0.0430897	1.02074	0.0438758	9.84471e-06
10045	1	100	11	500	0.0259024	0.0193907	0.00219582	0.0171948	0.00651169	0.980726	0.0369434	1.01542	0.0380969	1.13535e-05
10046	1	100	12	500	0.0305563	0.023047	0.00294592	0.0201011	0.00750933	0.976889	0.0412777	1.01889	0.0426902	1.17477e-05
10047	1	100	11	500	0.031845	0.0224719	0.00289659	0.0195753	0.0093731	0.977822	0.0388568	1.01667	0.0397323	1.14925e-05
10048	1	100	12	500	0.0248874	0.0156809	0.00199277	0.0136881	0.00920655	0.982758	0.0342561	1.0072	0.0357014	1.13932e-05
10049	1	100	15	500	0.0222382	0.0148137	0.00222868	0.012585	0.00742451	0.985642	0.028994	1.00862	0.0299376	1.21588e-05
10050	1	100	15	500	0.0238989	0.0153601	0.00190783	0.0134523	0.00853878	0.984643	0.0294899	1.00909	0.031506	1.2297e-05
10051	1	100	10	500	0.0319777	0.0218348	0.00320428	0.0186305	0.0101429	0.977866	0.034816	1.0141	0.0381527	1.43596e-05
10052	1	100	10	500	0.0434802	0.0285186	0.00486306	0.0236555	0.0149617	0.971591	0.0414563	1.01751	0.0420789	1.54132e-05
10053	1	100	12	500	0.0484022	0.0289677	0.00490485	0.0240628	0.0194345	0.970843	0.0395314	1.01504	0.0454469	1.52465e-05
10054	1	100	12	500	0.0476073	0.0244682	0.00447514	0.019993	0.0231391	0.97736	0.0358382	1.00851	0.0363121	1.62542e-05
10055	1	100	10	500	0.051984	0.0301408	0.00562919	0.0245116	0.0218432	0.970094	0.0372307	1.01384	0.0446056	1.68609e-05
10056	1	100	7	500	0.0668555	0.0383007	0.00784218	0.0304585	0.0285548	0.961749	0.0423347	1.01767	0.0531371	1.58562e-05
10057	1	100	12	500	0.0622204	0.0354831	0.0076777	0.0278054	0.0267373	0.965508	0.0408702	1.01493	0.0493521	1.64043e-05
10058	1	100	13	500	0.0821608	0.0427604	0.0101573	0.0326031	0.0394005	0.959861	0.0447118	1.01355	0.0483939	1.7313e-05
10059	1	100	12	500	0.0438025	0.0329502	0.00812459	0.0248256	0.0108524	0.966478	0.0438951	1.01862	0.0505925	1.8711e-05
10060	1	100	9	500	0.0538503	0.0433313	0.0114279	0.0319034	0.010519	0.956748	0.0484209	1.03194	0.0547101	1.94609e-05
10061	1	100	8	500	0.0497791	0.0400784	0.0104008	0.0296776	0.00970073	0.958675	0.0467232	1.02711	0.0542689	1.79853e-05
10062	1	100	12	500	0.04895	0.0386818	0.0097764	0.0289054	0.0102683	0.961971	0.0501008	1.02743	0.0553097	1.74036e-05
10063	1	100	12	500	0.0439841	0.0317779	0.00748648	0.0242914	0.0122062	0.967892	0.0389302	1.01774	0.0436004	1.77934e-05
10064	1	100	11	500	0.0465786	0.0343557	0.00831927	0.0260364	0.0122229	0.965863	0.0387855	1.02057	0.0428657	1.78544e-05
10065	1	100	12	500	0.0503552	0.0347204	0.00886643	0.025854	0.0156347	0.964386	0.0448844	1.01601	0.0501809	1.70578e-05
10066	1	100	10	500	0.0483385	0.0310607	0.0086984	0.0223623	0.0172778	0.970414	0.0380391	1.01132	0.0421955	1.58722e-05
10067	1	100	12	500	0.0479803	0.0297876	0.0088805	0.0209071	0.0181927	0.970965	0.036368	1.00754	0.04276	1.59371e-05
10068	1	100	9	500	0.0452637	0.0270578	0.00968603	0.0173718	0.0182059	0.972441	0.0334846	1.00044	0.0416644	1.37188e-05
10069	1	100	11	500	0.0439485	0.0251804	0.00738775	0.0177926	0.0187681	0.976472	0.0338651	1.00529	0.0392889	1.57272e-05
10070	1	100	10	500	0.0391458	0.0265788	0.00642694	0.0201518	0.0125671	0.973629	0.0348111	1.01183	0.0390112	1.82874e-05
10071	1	100	10	500	0.0374062	0.0228476	0.00593931	0.0169083	0.0145586	0.977445	0.0307924	1.00643	0.0358081	1.89693e-05
10072	1	100	11	500	0.0389085	0.0244939	0.00664994	0.0178439	0.0144146	0.976669	0.037724	1.00795	0.0408159	1.9517e-05
10073	1	100	9	500	0.0274598	0.0165432	0.0060887	0.0104545	0.0109165	0.982442	0.02818	0.998649	0.0324437	2.06711e-05
10074	1	100	8	500	0.0282685	0.0172201	0.00585325	0.0113668	0.0110485	0.983297	0.0267986	1.00149	0.0305299	2.1088e-05
10075	1	100	7	500	0.0282065	0.0179647	0.00575609	0.0122086	0.0102418	0.980656	0.0285376	1.00135	0.0330143	2.13424e-05
10076	1	100	8	500	0.0298056	0.0192884	0.00569358	0.0135949	0.0105171	0.98141	0.0288419	1.00492	0.0318131	2.0718e-05
10077	1	100	10	500	0.0248066	0.0138623	0.00512449	0.00873783	0.0109443	0.986344	0.0239007	0.99901	0.025728	2.08171e-05
10078	1	100	13	500	0.0302482	0.0162734	0.00493048	0.0113429	0.0139748	0.984063	0.0265385	1.00093	0.0281423	2.17333e-05
10079	1	100	9	500	0.029443	0.0163142	0.00442725	0.0118869	0.0131288	0.982165	0.0322729	1.00035	0.0348126	2.21045e-05
10080	1	100	9	500	0.0222378	0.0126957	0.00446461	0.00823112	0.00954203	0.985955	0.0219281	0.998087	0.0256897	2.23801e-05
10081	1	100	12	500	0.0234909	0.0132176	0.00511696	0.00810065	0.0102733	0.985771	0.0216824	0.997205	0.0250054	2.24751e-05
10082	1	100	12	500	0.025989	0.0166956	0.00502054	0.0116751	0.00929337	0.983526	0.0271475	1.00341	0.0298692	2.31623e-05
10083	1	100	14	500	0.0300124	0.0192858	0.00549392	0.0137919	0.0107266	0.981298	0.0283025	1.00518	0.0324658	2.31315e-05
10084	1	100	11	500	0.0249039	0.0118735	0.00547629	0.0063972	0.0130304	0.987357	0.0183732	0.993747	0.0206323	2.27989e-05
10085	1	100	13	500	0.0284039	0.0137269	0.0062308	0.00749611	0.014677	0.988848	0.0182216	0.996623	0.0197158	2.32648e-05
10086	1	100	10	500	0.028506	0.0131529	0.00660505	0.00654788	0.0153531	0.986206	0.0184386	0.991986	0.0207935	2.20712e-05
10087	1	100	9	500	0.0287771	0.0132919	0.00611907	0.00717279	0.0154853	0.988756	0.0176006	0.995482	0.0197996	2.18979e-05
10088	1	100	10	500	0.033154	0.0169038	0.00699558	0.00990817	0.0162502	0.983978	0.0229625	0.99606	0.0260093	2.2021e-05
10089	1	100	10	500	0.0331768	0.0181927	0.00629419	0.0118985	0.0149842	0.982354	0.0259348	0.99967	0.0294604	2.15885e-05
10090	1	100	12	500	0.0387809	0.0214444	0.0068732	0.0145712	0.0173365	0.977632	0.0289314	0.999479	0.0351763	2.12895e-05
10091	1	100	14	500	0.0507564	0.0289654	0.00862807	0.0203374	0.021791	0.973095	0.0365201	1.00602	0.0429598	1.98166e-05
10092	1	100	14	500	0.0379165	0.022955	0.00695888	0.0159961	0.0149616	0.977207	0.0321382	1.00376	0.0376642	1.88719e-05
10093	1	100	16	500	0.0367096	0.0197845	0.00724968	0.0125348	0.0169251	0.980889	0.0264801	0.99843	0.0311829	1.8891e-05
10094	1	100	15	500	0.042023	0.0265428	0.00832756	0.0182152	0.0154802	0.974662	0.0320594	1.00625	0.0380069	2.02386e-05
10095	1	100	14	500	0.046299	0.0305772	0.00834986	0.0222273	0.0157218	0.968757	0.0358965	1.0104	0.0434591	2.00258e-05
10096	1	100	14	500	0.0363969	0.0202177	0.00608256	0.0141352	0.0161792	0.979819	0.0285275	1.00165	0.0328253	2.0311e-05
10097	1	100	15	500	0.0410123	0.0255826	0.00670036	0.0188823	0.0154297	0.975551	0.0342995	1.00879	0.0384989	2.02929e-05
10098	1	100	15	500	0.0437444	0.0259461	0.00825631	0.0176898	0.0177983	0.973578	0.0338714	1.00246	0.0407984	2.13638e-05
10099	1	100	12	500	0.041769	0.0241691	0.010269	0.0139001	0.0175999	0.975226	0.0284135	0.99538	0.0351986	1.93853e-05
10100	1	100	13	500	0.0441781	0.0239184	0.00920525	0.0147131	0.0202597	0.978727	0.0267277	0.999218	0.0323946	2.12288e-05
10101	1	100	15	500	0.0454329	0.026107	0.0106003	0.0155067	0.0193259	0.971876	0.029443	0.994727	0.0389326	1.88912e-05
