Generation	PopulationID	SampleSize	UniqueMutations	PopulationSize	totalLoad	RelzLoad	RelzLoadHomo	RelzLoadHetero	MskLoad	MeanFitness	SdFitness	MeanFitnessCached	SdFitnessCached	Heterozygosity	
10001	1	100	52	500	0.351599	0.317592	0.274065	0.0435278	0.0340062	0.709296	0.0309508	1.31334	0.0461051	3.17493e-05
10002	1	100	49	500	0.172997	0.135667	0.0897319	0.0459352	0.0373296	0.871177	0.0413808	1.1118	0.0475233	3.29555e-05
10003	1	100	38	500	0.187518	0.136893	0.0912869	0.0456065	0.0506246	0.87014	0.0435588	1.10455	0.0452939	3.2914e-05
10004	1	100	37	500	0.190014	0.138126	0.0911248	0.047001	0.051888	0.869283	0.0414079	1.10333	0.0457268	3.29508e-05
10005	1	100	38	500	0.186611	0.134365	0.0928192	0.0415456	0.0522461	0.873533	0.0428639	1.09993	0.0400025	3.13887e-05
10006	1	100	35	500	0.20145	0.148105	0.100955	0.0471498	0.0533451	0.860025	0.0542143	1.10701	0.0472986	3.51136e-05
10007	1	100	35	500	0.200114	0.145626	0.0998998	0.0457264	0.0544879	0.861936	0.0533943	1.10174	0.0466108	3.45865e-05
10008	1	100	35	500	0.184917	0.134555	0.0949826	0.039572	0.0503621	0.873678	0.037021	1.09911	0.0486309	3.13217e-05
10009	1	100	32	500	0.127456	0.0639862	0.0175057	0.0464805	0.0634701	0.939964	0.0585911	1.01249	0.05185	3.4336e-05
10010	1	100	29	500	0.0887418	0.0540511	0.0134824	0.0405687	0.0346907	0.945877	0.0472049	1.0209	0.0439889	3.18394e-05
10011	1	100	31	500	0.0906938	0.0553442	0.0151001	0.040244	0.0353496	0.946102	0.0508757	1.02138	0.0446859	3.23798e-05
10012	1	100	30	500	0.0845606	0.0554691	0.0160505	0.0394186	0.0290914	0.946938	0.0514286	1.02394	0.0371666	3.18099e-05
10013	1	100	29	500	0.0786811	0.0489807	0.0121661	0.0368147	0.0297004	0.953676	0.0482686	1.02029	0.0407587	2.96147e-05
10014	1	100	30	500	0.0876414	0.0613357	0.0173478	0.0439879	0.0263057	0.941126	0.0463712	1.03134	0.0405763	3.18313e-05
10015	1	100	27	500	0.0843649	0.0604961	0.0182887	0.0422073	0.0238688	0.941151	0.051632	1.0279	0.0369618	3.14237e-05
10016	1	100	27	500	0.0913652	0.0617731	0.0191718	0.0426013	0.0295921	0.937561	0.0530008	1.02207	0.0400036	3.10522e-05
10017	1	100	23	500	0.087061	0.0558215	0.0162859	0.0395356	0.0312396	0.947364	0.047482	1.02265	0.0353841	3.17961e-05
10018	1	100	21	500	0.105578	0.0660818	0.0217538	0.0443281	0.0394959	0.93989	0.0482715	1.02591	0.0312045	3.40797e-05
10019	1	100	25	500	0.104676	0.0639505	0.020745	0.0432054	0.0407257	0.934814	0.0714356	1.01353	0.0465062	3.39074e-05
10020	1	100	25	500	0.0835387	0.0497839	0.0143166	0.0354673	0.0337548	0.954924	0.0443483	1.01627	0.0278145	3.05355e-05
10021	1	100	27	500	0.0993952	0.0591643	0.0180405	0.0411238	0.0402309	0.945786	0.0500498	1.01772	0.0309209	3.18622e-05
10022	1	100	22	500	0.100333	0.0610042	0.0208769	0.0401273	0.0393287	0.941393	0.0674669	1.01183	0.0412945	3.29229e-05
10023	1	100	22	500	0.0803415	0.0491092	0.0148925	0.0342167	0.0312323	0.95153	0.057141	1.0111	0.0378319	3.07197e-05
10024	1	100	24	500	0.0903002	0.0560888	0.0179142	0.0381746	0.0342114	0.948102	0.0441128	1.01647	0.0262115	3.03772e-05
10025	1	100	21	500	0.0809653	0.0480152	0.0158413	0.0321739	0.03295	0.951937	0.0636506	1.004	0.0390694	2.86591e-05
10026	1	100	23	500	0.0962278	0.0572077	0.0199436	0.037264	0.0390201	0.94077	0.0842905	1.00156	0.0497903	3.33574e-05
10027	1	100	21	500	0.0965161	0.0584105	0.0189802	0.0394303	0.0381057	0.947077	0.0487919	1.01718	0.029552	3.43605e-05
10028	1	100	20	500	0.0902428	0.0550277	0.0176699	0.0373577	0.0352152	0.946043	0.0705563	1.00928	0.0414538	3.22259e-05
10029	1	100	16	500	0.102436	0.0627435	0.0218346	0.040909	0.0396922	0.939879	0.0734754	1.00958	0.0437493	3.4108e-05
10030	1	100	18	500	0.115271	0.0714104	0.0262189	0.0451915	0.0438607	0.924104	0.0987774	1.00022	0.0626544	3.55257e-05
10031	1	100	20	500	0.111804	0.0709483	0.0251737	0.0457746	0.0408553	0.936516	0.0558987	1.02123	0.0418527	3.36665e-05
10032	1	100	19	500	0.128834	0.0813627	0.0328244	0.0485383	0.0474708	0.923728	0.0805288	1.0089	0.0575849	3.38048e-05
10033	1	100	24	500	0.108365	0.0646766	0.0231756	0.041501	0.0436884	0.941781	0.0640544	1.0103	0.0432537	3.3694e-05
10034	1	100	22	500	0.116503	0.0681393	0.0246755	0.0434637	0.0483642	0.929581	0.0860802	0.997775	0.0591088	3.29454e-05
10035	1	100	22	500	0.0994209	0.0561432	0.019198	0.0369452	0.0432777	0.94957	0.0465805	1.00677	0.0329152	3.13612e-05
10036	1	100	20	500	0.116682	0.0692783	0.0249559	0.0443225	0.0474036	0.933087	0.0714173	1.00482	0.048658	3.12927e-05
10037	1	100	18	500	0.122669	0.0735917	0.0297509	0.0438407	0.0490772	0.935488	0.0629287	1.00789	0.0369804	3.41449e-05
10038	1	100	19	500	0.101763	0.0626909	0.0228898	0.0398011	0.0390722	0.936866	0.0774278	1.00247	0.0503723	3.00563e-05
10039	1	100	20	500	0.101066	0.0598269	0.0202538	0.0395731	0.0412394	0.936124	0.0790268	0.998994	0.0537889	3.04957e-05
10040	1	100	21	500	0.116929	0.0721458	0.0257527	0.0463931	0.0447827	0.930947	0.0738974	1.01035	0.0473411	3.15748e-05
10041	1	100	21	500	0.131427	0.0825886	0.0320766	0.0505121	0.0488383	0.916978	0.0910488	1.00476	0.0635551	3.17197e-05
10042	1	100	21	500	0.124115	0.0753478	0.0274454	0.0479025	0.0487668	0.927418	0.0727682	1.0092	0.0489927	2.9286e-05
10043	1	100	22	500	0.116675	0.0735699	0.026326	0.0472439	0.0431049	0.934501	0.0532092	1.01852	0.0367823	2.93552e-05
10044	1	100	20	500	0.121231	0.074912	0.0280612	0.0468508	0.0463191	0.928772	0.0733878	1.00895	0.0491434	3.21466e-05
10045	1	100	19	500	0.136466	0.0829179	0.033473	0.0494449	0.0535483	0.920894	0.0794444	1.00392	0.0627005	3.41149e-05
10046	1	100	19	500	0.123833	0.0716819	0.0273056	0.0443763	0.0521508	0.938402	0.0402799	1.01023	0.0306199	3.18859e-05
10047	1	100	18	500	0.122116	0.0705538	0.0268524	0.0437014	0.0515623	0.93472	0.0656896	1.00278	0.0480276	3.16667e-05
10048	1	100	18	500	0.124881	0.0713305	0.0269192	0.0444113	0.0535509	0.933812	0.0712049	1.00225	0.047871	3.15171e-05
10049	1	100	18	500	0.119906	0.0727815	0.0281588	0.0446227	0.0471244	0.92305	0.0922644	0.994675	0.0677638	3.08671e-05
10050	1	100	21	500	0.114562	0.0667384	0.0242676	0.0424709	0.0478231	0.937589	0.0667002	1.00547	0.0504457	3.03333e-05
10051	1	100	15	500	0.11523	0.0695153	0.0263706	0.0431447	0.0457142	0.930189	0.0858155	0.998398	0.0598521	3.34702e-05
10052	1	100	17	500	0.124181	0.0755978	0.029913	0.0456848	0.0485833	0.928709	0.0723466	1.00423	0.0519835	3.2473e-05
10053	1	100	17	500	0.116304	0.0693975	0.0253783	0.0440192	0.0469067	0.93364	0.0714267	1.00621	0.0513044	3.28368e-05
10054	1	100	19	500	0.112674	0.0669482	0.0241988	0.0427494	0.0457254	0.934899	0.0719068	1.00457	0.0563943	3.40932e-05
10055	1	100	19	500	0.131116	0.0779217	0.0302815	0.0476402	0.0531944	0.929872	0.068705	1.00814	0.0493026	3.4938e-05
10056	1	100	16	500	0.133866	0.0775333	0.0315842	0.0459491	0.0563332	0.925037	0.0867732	0.995047	0.0558936	3.54313e-05
10057	1	100	18	500	0.131452	0.0772555	0.0313237	0.0459318	0.0541967	0.932259	0.0636765	1.00638	0.0466322	3.6054e-05
10058	1	100	16	500	0.118906	0.0691711	0.0289724	0.0401987	0.0497348	0.931083	0.0846084	0.990892	0.0640228	3.51254e-05
10059	1	100	18	500	0.132048	0.0762895	0.0331313	0.0431581	0.0557582	0.928568	0.0881833	0.992734	0.0547671	3.55346e-05
10060	1	100	19	500	0.12943	0.0734265	0.0299792	0.0434473	0.056004	0.929519	0.0806073	0.994447	0.0552146	3.62155e-05
10061	1	100	20	500	0.11145	0.0595993	0.0228943	0.036705	0.0518502	0.938361	0.0861115	0.98639	0.0597863	3.58635e-05
10062	1	100	16	500	0.103627	0.0570569	0.0204579	0.036599	0.0465705	0.947457	0.0595094	1.00097	0.0448586	3.49322e-05
10063	1	100	20	500	0.115854	0.0654967	0.0248381	0.0406586	0.0503571	0.933332	0.0824484	0.992788	0.0659845	3.6942e-05
10064	1	100	19	500	0.108861	0.0632999	0.0238539	0.039446	0.0455613	0.941402	0.0572511	1.0046	0.0529421	3.49115e-05
10065	1	100	17	500	0.104731	0.0579972	0.0199893	0.038008	0.0467341	0.94307	0.0593445	1.00027	0.0545419	3.23865e-05
10066	1	100	17	500	0.115784	0.064849	0.023365	0.041484	0.0509346	0.942717	0.0514852	1.00506	0.0367639	3.5742e-05
10067	1	100	17	500	0.0902523	0.050838	0.0166313	0.0342067	0.0394143	0.950282	0.0527529	1.00378	0.0469415	3.28581e-05
10068	1	100	18	500	0.0965134	0.0524168	0.0183663	0.0340505	0.0440966	0.944438	0.0713821	0.993857	0.0591882	3.5827e-05
10069	1	100	15	500	0.082761	0.0460697	0.0162031	0.0298666	0.0366912	0.954379	0.0455959	1.00269	0.0477387	3.2824e-05
10070	1	100	13	500	0.0864633	0.0472919	0.0171359	0.030156	0.0391714	0.958279	0.0345819	1.00535	0.0310701	3.43475e-05
10071	1	100	15	500	0.105052	0.0541792	0.0213095	0.0328697	0.0508724	0.948247	0.0553739	0.993	0.0533423	3.63097e-05
10072	1	100	18	500	0.119442	0.0674642	0.0270598	0.0404045	0.0519782	0.936298	0.0740218	0.995942	0.0539769	3.893e-05
10073	1	100	19	500	0.100741	0.0543027	0.0193478	0.0349549	0.0464386	0.947496	0.0527959	0.999437	0.0465178	3.53811e-05
10074	1	100	21	500	0.0986973	0.0533803	0.0192925	0.0340878	0.0453171	0.944484	0.0604725	0.994579	0.0539501	3.34743e-05
10075	1	100	18	500	0.0999662	0.0534411	0.0188487	0.0345924	0.0465252	0.94945	0.048821	1.00335	0.0460023	3.35156e-05
10076	1	100	19	500	0.114006	0.0568966	0.0223002	0.0345964	0.057109	0.942452	0.0683086	0.986686	0.0611415	3.46102e-05
10077	1	100	14	500	0.104807	0.0535272	0.0200008	0.0335264	0.0512803	0.946775	0.0562594	0.993714	0.0503815	3.28941e-05
10078	1	100	19	500	0.116537	0.0580418	0.0234074	0.0346344	0.058495	0.946519	0.0482062	0.993047	0.0526168	3.14343e-05
10079	1	100	18	500	0.129271	0.0664343	0.0258158	0.0406185	0.0628365	0.939913	0.0505557	0.998502	0.0556513	3.35727e-05
10080	1	100	18	500	0.112372	0.0598132	0.0208164	0.0389968	0.0525593	0.94569	0.0402051	1.0074	0.0426513	3.33519e-05
10081	1	100	20	500	0.116505	0.0632992	0.0228762	0.040423	0.0532059	0.940989	0.0457407	1.00717	0.0472597	3.35011e-05
10082	1	100	20	500	0.102239	0.0539787	0.0182714	0.0357073	0.0482599	0.949937	0.0450317	1.0043	0.0397777	3.24665e-05
10083	1	100	17	500	0.0967941	0.0523523	0.0194794	0.032873	0.0444418	0.95321	0.0382274	1.00309	0.029208	2.94546e-05
10084	1	100	18	500	0.10696	0.057373	0.0227027	0.0346703	0.0495875	0.948013	0.0428032	0.999259	0.0452331	2.96745e-05
10085	1	100	19	500	0.139118	0.0747397	0.0319864	0.0427533	0.0643781	0.929747	0.064612	0.990154	0.0659112	3.28943e-05
10086	1	100	17	500	0.156827	0.0898369	0.0448286	0.0450083	0.0669898	0.915762	0.0712734	0.984413	0.0828326	2.96716e-05
10087	1	100	16	500	0.161333	0.0968898	0.0494154	0.0474744	0.0644428	0.911224	0.0592219	0.997832	0.080556	2.7544e-05
10088	1	100	18	500	0.160767	0.0961943	0.0482234	0.0479709	0.0645729	0.898477	0.0707844	0.988331	0.103165	2.83547e-05
10089	1	100	16	500	0.132879	0.0826037	0.0441759	0.0384279	0.050275	0.926562	0.0437684	1.00888	0.0570093	2.29099e-05
10090	1	100	16	500	0.149156	0.0909653	0.0485374	0.042428	0.0581911	0.908916	0.0639161	0.99469	0.0902637	2.48576e-05
10091	1	100	17	500	0.168952	0.104268	0.0611523	0.0431155	0.0646839	0.892365	0.079994	0.971923	0.114157	2.29084e-05
10092	1	100	20	500	0.172025	0.106537	0.0603899	0.0461468	0.0654882	0.896184	0.0693768	0.988701	0.103047	2.43709e-05
10093	1	100	16	500	0.180208	0.111982	0.0689582	0.0430235	0.0682263	0.894507	0.0770148	0.966523	0.106464	2.36643e-05
10094	1	100	18	500	0.183106	0.115189	0.0660476	0.049141	0.0679173	0.884714	0.0768491	0.975621	0.116325	2.49414e-05
10095	1	100	20	500	0.199542	0.130909	0.0832402	0.0476685	0.0686336	0.878836	0.0801127	0.961318	0.118668	2.31809e-05
10096	1	100	17	500	0.204515	0.134678	0.0899882	0.04469	0.0698373	0.869111	0.0859648	0.944832	0.129013	2.21556e-05
10097	1	100	17	500	0.203498	0.130533	0.0820855	0.0484478	0.0729647	0.875165	0.0834678	0.961744	0.117943	2.49876e-05
10098	1	100	18	500	0.206165	0.134785	0.0866046	0.0481802	0.0713801	0.87369	0.0783638	0.963047	0.121587	2.39901e-05
10099	1	100	17	500	0.210948	0.137904	0.0889319	0.0489722	0.0730442	0.864279	0.0833864	0.952943	0.131866	2.49557e-05
10100	1	100	17	500	0.199165	0.134031	0.0903271	0.0437039	0.0651344	0.856321	0.0850176	0.945966	0.142483	2.11311e-05
10101	1	100	16	500	0.197476	0.131775	0.0876055	0.0441693	0.0657008	0.869935	0.0810524	0.95766	0.128835	2.29307e-05
