Generation	PopulationID	SampleSize	UniqueMutations	PopulationSize	totalLoad	RelzLoad	RelzLoadHomo	RelzLoadHetero	MskLoad	MeanFitness	SdFitness	MeanFitnessCached	SdFitnessCached	Heterozygosity	
10001	1	100	40	500	0.540564	0.524518	0.507819	0.0166993	0.0160453	0.566085	0.0194336	1.52624	0.0447341	2.06755e-05
10002	1	100	28	500	0.151092	0.135395	0.120224	0.0151715	0.0156969	0.871009	0.021549	1.11263	0.0212444	2.09074e-05
10003	1	100	25	500	0.15208	0.136553	0.122379	0.0141735	0.0155275	0.869294	0.0239616	1.11285	0.0277319	2.03515e-05
10004	1	100	25	500	0.154916	0.13648	0.116973	0.0195069	0.0184362	0.870743	0.0301389	1.11266	0.0252233	2.19022e-05
10005	1	100	23	500	0.144695	0.134456	0.118925	0.0155311	0.0102385	0.87213	0.0243088	1.11537	0.0248973	2.19181e-05
10006	1	100	21	500	0.152154	0.138449	0.125404	0.013045	0.0137048	0.868107	0.0221344	1.11575	0.0223119	2.0693e-05
10007	1	100	22	500	0.156033	0.143551	0.132815	0.0107362	0.0124819	0.863685	0.0181573	1.12107	0.0173611	1.96369e-05
10008	1	100	23	500	0.159804	0.145188	0.135706	0.00948171	0.0146159	0.861817	0.0150172	1.12123	0.0178864	1.91064e-05
10009	1	100	24	500	0.160203	0.144477	0.132795	0.0116818	0.0157259	0.862924	0.0187171	1.12107	0.0200019	1.9718e-05
10010	1	100	21	500	0.150508	0.143482	0.130451	0.013031	0.00702627	0.863694	0.0235304	1.12519	0.0252411	1.98707e-05
10011	1	100	20	500	0.152563	0.144139	0.127513	0.016626	0.00842419	0.863606	0.0277272	1.12565	0.0325037	2.06299e-05
10012	1	100	21	500	0.148517	0.1402	0.122844	0.0173567	0.00831654	0.867169	0.0280379	1.12158	0.0297718	2.13894e-05
10013	1	100	23	500	0.150545	0.143828	0.125893	0.017935	0.00671701	0.863506	0.0268432	1.12578	0.0317364	2.05187e-05
10014	1	100	19	500	0.163002	0.15043	0.130607	0.0198233	0.012572	0.857349	0.0270478	1.12919	0.0349149	1.88152e-05
10015	1	100	23	500	0.171	0.15222	0.13441	0.0178097	0.0187808	0.85644	0.0239818	1.127	0.0343935	1.87579e-05
10016	1	100	22	500	0.162418	0.148184	0.128754	0.0194298	0.0142345	0.85915	0.0288476	1.12524	0.0389198	1.98578e-05
10017	1	100	17	500	0.114076	0.101183	0.0846841	0.0164992	0.0128929	0.90191	0.0212324	1.09617	0.0290825	1.81803e-05
10018	1	100	16	500	0.112379	0.102956	0.0873413	0.015615	0.00942265	0.900066	0.0229282	1.10016	0.0277171	1.73385e-05
10019	1	100	17	500	0.109572	0.0991851	0.0863611	0.012824	0.0103866	0.903283	0.017661	1.09543	0.0198852	1.82697e-05
10020	1	100	18	500	0.109413	0.0945002	0.0757305	0.0187697	0.0149132	0.907792	0.0245325	1.08782	0.0253592	1.9919e-05
10021	1	100	22	500	0.114494	0.094822	0.0746032	0.0202188	0.0196724	0.908126	0.0228021	1.08539	0.0260066	2.09067e-05
10022	1	100	21	500	0.108007	0.0957024	0.07978	0.0159224	0.0123044	0.906323	0.0207022	1.08925	0.0254011	2.16578e-05
10023	1	100	23	500	0.103776	0.0954366	0.0820692	0.0133674	0.00833947	0.906881	0.0191645	1.09272	0.021591	2.12835e-05
10024	1	100	20	500	0.0989874	0.0942117	0.0802061	0.0140055	0.0047757	0.907593	0.0176992	1.09341	0.0179884	2.10678e-05
10025	1	100	20	500	0.0991667	0.0941617	0.0800651	0.0140966	0.00500508	0.907982	0.0176582	1.09313	0.0191207	2.19154e-05
10026	1	100	19	500	0.0990595	0.096643	0.0853161	0.011327	0.00241652	0.905086	0.0165005	1.09719	0.0178326	2.17232e-05
10027	1	100	25	500	0.10176	0.0977948	0.0883492	0.0094457	0.00396484	0.904476	0.0129146	1.0976	0.0141662	2.17988e-05
10028	1	100	22	500	0.0984143	0.0958616	0.0859427	0.00991886	0.00255269	0.9061	0.0148954	1.09635	0.0156553	2.22879e-05
10029	1	100	15	500	0.0999913	0.0976609	0.0888022	0.00885873	0.00233042	0.904312	0.0117522	1.09808	0.0130668	2.19101e-05
10030	1	100	17	500	0.101735	0.0969329	0.0867819	0.010151	0.00480255	0.905316	0.0144034	1.09625	0.013864	2.23811e-05
10031	1	100	14	500	0.107815	0.100251	0.0910004	0.00925079	0.00756372	0.902336	0.0134842	1.09802	0.0116706	2.23094e-05
10032	1	100	20	500	0.105185	0.100014	0.0929954	0.00701848	0.00517094	0.901982	0.0120452	1.09876	0.0133418	2.24803e-05
10033	1	100	19	500	0.103293	0.0992294	0.0922414	0.00698805	0.00406335	0.902887	0.0117237	1.09881	0.0111875	2.21437e-05
10034	1	100	16	500	0.0996837	0.0985656	0.0935234	0.00504226	0.00111806	0.903293	0.00871951	1.09978	0.00944783	2.21079e-05
10035	1	100	16	500	0.0987741	0.0980467	0.0932584	0.0047883	0.000727417	0.903721	0.00776464	1.0993	0.00877389	2.23839e-05
10036	1	100	14	500	0.0997804	0.0984398	0.093678	0.00476182	0.00134065	0.903623	0.007094	1.09961	0.00827511	2.24927e-05
10037	1	100	13	500	0.0992851	0.0977153	0.0921448	0.00557048	0.00156978	0.904355	0.0080316	1.0988	0.00905317	2.20923e-05
10038	1	100	16	500	0.0985317	0.0974879	0.0919349	0.00555298	0.00104382	0.904272	0.0101799	1.09862	0.0117658	2.15064e-05
10039	1	100	11	500	0.00625947	0.00605443	0.00178171	0.00427272	0.000205042	0.993823	0.00607345	1.00592	0.00590045	2.17541e-05
10040	1	100	12	500	0.00636296	0.00566515	0.0014724	0.00419275	0.000697814	0.994084	0.00712849	1.00506	0.00691907	2.23587e-05
10041	1	100	14	500	0.00565861	0.005464	0.00144508	0.00401891	0.000194616	0.994512	0.00625232	1.00534	0.00617404	2.22646e-05
10042	1	100	13	500	0.00709879	0.00664022	0.00115663	0.00548359	0.000458572	0.993248	0.0121877	1.00629	0.0121875	2.15229e-05
10043	1	100	9	500	0.00497204	0.00458816	0.00115935	0.00342881	0.000383878	0.995246	0.00617599	1.00422	0.00634092	2.22796e-05
10044	1	100	9	500	0.00525142	0.00470206	0.00119243	0.00350963	0.000549355	0.994929	0.00639602	1.00411	0.00658371	2.12307e-05
10045	1	100	11	500	0.00557677	0.0045737	0.000901293	0.00367241	0.00100307	0.995376	0.00694726	1.00399	0.00646923	2.07589e-05
10046	1	100	9	500	0.00687038	0.00505864	0.00113693	0.0039217	0.00181174	0.994807	0.00720942	1.00413	0.00576097	2.0773e-05
10047	1	100	12	500	0.00455683	0.00429843	0.000763009	0.00353542	0.000258406	0.995276	0.00928888	1.00373	0.00944406	2.11927e-05
10048	1	100	14	500	0.00629905	0.00428265	0.000671097	0.00361155	0.00201641	0.995666	0.00595645	1.00313	0.00568077	2.19964e-05
10049	1	100	10	500	0.00650994	0.00389909	0.000551373	0.00334772	0.00261086	0.995899	0.00738628	1.0023	0.00766262	2.2105e-05
10050	1	100	12	500	0.00616214	0.00394127	0.000594626	0.00334664	0.00222087	0.995806	0.006024	1.00282	0.00660989	2.29155e-05
10051	1	100	13	500	0.00673219	0.00406018	0.000586727	0.00347345	0.00267201	0.99591	0.00598442	1.00256	0.00596922	2.3652e-05
10052	1	100	9	500	0.0068297	0.00369743	0.000558185	0.00313924	0.00313228	0.996379	0.00459001	1.002	0.00508824	2.32246e-05
10053	1	100	6	500	0.00631875	0.00371244	0.000628733	0.00308371	0.00260631	0.996299	0.00501681	1.00215	0.00504475	2.29072e-05
10054	1	100	10	500	0.00837206	0.00415494	0.000754397	0.00340054	0.00421712	0.996057	0.00485931	1.00165	0.00599119	2.3461e-05
10055	1	100	9	500	0.00752686	0.00478406	0.000699327	0.00408473	0.00274281	0.995273	0.00647905	1.00319	0.00683059	2.43376e-05
10056	1	100	9	500	0.00564742	0.00347816	0.000534758	0.00294341	0.00216926	0.996199	0.00678196	1.00191	0.00727802	2.36126e-05
10057	1	100	12	500	0.0171282	0.00596573	0.000777539	0.00518819	0.0111625	0.994087	0.0144093	0.999834	0.0153653	2.38945e-05
10058	1	100	13	500	0.00997845	0.004101	0.000672967	0.00342803	0.00587745	0.996075	0.00537205	1.00083	0.00586435	2.35303e-05
10059	1	100	8	500	0.00620015	0.00309064	0.000458228	0.00263241	0.0031095	0.996721	0.00494147	1.00094	0.00563139	2.29465e-05
10060	1	100	9	500	0.00671481	0.00370484	0.000601324	0.00310352	0.00300996	0.996307	0.00509801	1.00192	0.00585124	2.40687e-05
10061	1	100	11	500	0.00524246	0.00317378	0.00050961	0.00266417	0.00206868	0.996914	0.00433343	1.00194	0.00458961	2.39787e-05
10062	1	100	6	500	0.00393399	0.0027193	0.000393316	0.00232599	0.00121469	0.997298	0.00423527	1.00206	0.00451159	2.41956e-05
10063	1	100	6	500	0.00381865	0.00283242	0.000309698	0.00252272	0.000986232	0.996866	0.00536732	1.00206	0.00567565	2.42417e-05
10064	1	100	9	500	0.00409815	0.00254484	0.000261487	0.00228336	0.00155331	0.997359	0.00584384	1.00146	0.00599683	2.42359e-05
10065	1	100	12	500	0.00362484	0.00254399	0.000207514	0.00233648	0.00108085	0.996746	0.00861079	1.00148	0.00897446	2.45437e-05
10066	1	100	11	500	0.0256368	0.00756414	0.000838496	0.00672564	0.0180727	0.992552	0.018603	0.997275	0.0178554	2.5376e-05
10067	1	100	14	500	0.0109079	0.00509243	0.000444786	0.00464764	0.00581545	0.994669	0.0108494	1.00196	0.0118615	2.54638e-05
10068	1	100	13	500	0.0111988	0.00477002	0.000515347	0.00425467	0.00642882	0.995051	0.0111071	1.00117	0.01163	2.57257e-05
10069	1	100	9	500	0.015395	0.00591154	0.000678937	0.0052326	0.00948346	0.994111	0.0136119	1.00062	0.0106488	2.61541e-05
10070	1	100	10	500	0.0205278	0.00700299	0.000952313	0.00605068	0.0135248	0.993465	0.0128693	0.999367	0.0140065	2.60223e-05
10071	1	100	12	500	0.027884	0.00812483	0.00082348	0.00730135	0.0197591	0.992218	0.0173067	0.997439	0.0182722	2.52456e-05
10072	1	100	14	500	0.0239823	0.00761042	0.000696791	0.00691362	0.0163719	0.992396	0.0166104	0.999	0.0178273	2.46933e-05
10073	1	100	11	500	0.0241424	0.00772234	0.000741079	0.00698126	0.0164201	0.992415	0.0165016	0.998619	0.0174829	2.38528e-05
10074	1	100	12	500	0.0191842	0.00625604	0.000677121	0.00557892	0.0129281	0.994156	0.0130159	0.999135	0.0130154	2.35662e-05
10075	1	100	9	500	0.0116324	0.00454957	0.00061693	0.00393264	0.00708286	0.995617	0.00933148	1.00014	0.00750057	2.12982e-05
10076	1	100	12	500	0.0119957	0.00464936	0.000650986	0.00399837	0.0073463	0.995242	0.0117637	1.00026	0.00931469	2.15658e-05
10077	1	100	13	500	0.0226138	0.00664252	0.000561229	0.00608129	0.0159713	0.993679	0.0168231	0.998064	0.0167027	2.06198e-05
10078	1	100	8	500	0.00530494	0.0035338	0.000200332	0.00333347	0.00177113	0.996004	0.00986524	1.00224	0.00923152	2.14129e-05
10079	1	100	9	500	0.00586818	0.00457086	0.000348417	0.00422245	0.00129732	0.995435	0.00975341	1.00385	0.00948359	2.33286e-05
10080	1	100	12	500	0.00418257	0.00389777	0.000271654	0.00362612	0.000284794	0.995951	0.00874365	1.00357	0.00855164	2.29492e-05
10081	1	100	10	500	0.00414304	0.0038499	0.000277146	0.00357276	0.000293134	0.995979	0.00902287	1.00348	0.00907691	2.21187e-05
10082	1	100	13	500	0.00577588	0.00472665	0.000359928	0.00436672	0.00104923	0.995262	0.0094496	1.00409	0.00938038	2.41551e-05
10083	1	100	16	500	0.00617279	0.00386935	0.000246299	0.00362305	0.00230345	0.995981	0.0103438	1.00241	0.00989833	2.45583e-05
10084	1	100	14	500	0.00498018	0.00361552	0.000251966	0.00336355	0.00136466	0.996296	0.00743503	1.00268	0.00718272	2.35052e-05
10085	1	100	15	500	0.00843869	0.00641088	0.000675572	0.00573531	0.0020278	0.993247	0.0101788	1.00488	0.0101429	2.47535e-05
10086	1	100	14	500	0.00697202	0.00503551	0.000468974	0.00456654	0.0019365	0.994756	0.00983092	1.00372	0.00916847	2.41735e-05
10087	1	100	12	500	0.00613063	0.00420185	0.000381275	0.00382057	0.00192878	0.995318	0.00943913	1.00312	0.00934581	2.3707e-05
10088	1	100	15	500	0.00693823	0.00412094	0.000285605	0.00383533	0.00281729	0.995605	0.00986089	1.00256	0.0090393	2.41708e-05
10089	1	100	13	500	0.00782641	0.00462389	0.000358454	0.00426543	0.00320253	0.995408	0.00936708	1.00281	0.00916021	2.37259e-05
10090	1	100	11	500	0.00844217	0.00529899	0.000565625	0.00473337	0.00314318	0.994793	0.00904474	1.00356	0.00874951	2.43465e-05
10091	1	100	11	500	0.00744466	0.00382542	0.000369779	0.00345564	0.00361923	0.996208	0.00851456	1.00164	0.00840104	2.42657e-05
10092	1	100	11	500	0.00712326	0.00408886	0.00042813	0.00366073	0.0030344	0.9959	0.00842357	1.0021	0.00824069	2.43049e-05
10093	1	100	13	500	0.00864625	0.00520125	0.000593076	0.00460817	0.003445	0.994893	0.00995645	1.00322	0.00877236	2.42134e-05
10094	1	100	10	500	0.0077897	0.00544039	0.000627583	0.00481281	0.0023493	0.994433	0.0111986	1.00389	0.0105688	2.42214e-05
10095	1	100	11	500	0.00622248	0.00359917	0.000315833	0.00328333	0.00262332	0.996493	0.0078141	1.0021	0.00720309	2.4058e-05
10096	1	100	9	500	0.00606682	0.00352422	0.000453403	0.00307082	0.00254259	0.996572	0.00702351	1.00175	0.00745441	2.47975e-05
10097	1	100	11	500	0.00590816	0.00327278	0.000373297	0.00289949	0.00263537	0.996626	0.00750431	1.00163	0.00751471	2.50368e-05
10098	1	100	9	500	0.00582667	0.00344008	0.000408262	0.00303182	0.00238659	0.996639	0.00702538	1.00182	0.00751479	2.52663e-05
10099	1	100	10	500	0.00659385	0.00411219	0.000486183	0.00362601	0.00248165	0.99583	0.00813968	1.00234	0.00851064	2.47066e-05
10100	1	100	12	500	0.00694977	0.00435344	0.000587047	0.00376639	0.00259633	0.995717	0.00836075	1.00247	0.00885515	2.46815e-05
10101	1	100	14	500	0.0129131	0.00531785	0.00056362	0.00475423	0.00759527	0.994384	0.0128472	1.00072	0.0139204	2.55197e-05
