Generation	PopulationID	SampleSize	UniqueMutations	PopulationSize	totalLoad	RelzLoad	RelzLoadHomo	RelzLoadHetero	MskLoad	MeanFitness	SdFitness	MeanFitnessCached	SdFitnessCached	Heterozygosity	
10001	1	100	45	500	0.0482317	0.0361732	0.00715487	0.0290183	0.0120586	0.962672	0.0298474	1.02955	0.0308852	2.33183e-05
10002	1	100	36	500	0.0635636	0.0420105	0.0078773	0.0341332	0.0215531	0.958053	0.0299623	1.02995	0.036193	2.51799e-05
10003	1	100	31	500	0.0644562	0.0427772	0.00819704	0.0345802	0.0216789	0.957428	0.0321248	1.02913	0.0360665	2.49119e-05
10004	1	100	32	500	0.0796717	0.0467258	0.00844447	0.0382814	0.0329459	0.95507	0.0321454	1.02673	0.0362518	2.52766e-05
10005	1	100	29	500	0.0874703	0.0501329	0.0100565	0.0400764	0.0373374	0.952111	0.0338943	1.02758	0.0406319	2.41096e-05
10006	1	100	30	500	0.105304	0.0564553	0.01357	0.0428853	0.0488489	0.937853	0.0877205	1.0174	0.101342	2.45029e-05
10007	1	100	32	500	0.105725	0.057356	0.0133469	0.0440091	0.048369	0.946209	0.0325678	1.02846	0.0398862	2.49044e-05
10008	1	100	26	500	0.100397	0.0540911	0.013432	0.0406591	0.0463063	0.94936	0.0313038	1.02578	0.0421675	2.34659e-05
10009	1	100	17	500	0.109795	0.0603598	0.0159544	0.0444054	0.049435	0.942957	0.0379853	1.02737	0.0440949	2.38553e-05
10010	1	100	18	500	0.0730104	0.0523028	0.0151353	0.0371675	0.0207076	0.948628	0.0332111	1.0402	0.0363371	2.20585e-05
10011	1	100	18	500	0.0773815	0.0529606	0.0147404	0.0382202	0.0244209	0.948124	0.0332192	1.03864	0.037709	2.15474e-05
10012	1	100	18	500	0.0704052	0.0488448	0.0152097	0.0336351	0.0215604	0.951977	0.0284513	1.03637	0.0333073	2.07671e-05
10013	1	100	20	500	0.060893	0.0491221	0.0152899	0.0338323	0.0117709	0.951288	0.0323364	1.04198	0.0331247	2.09351e-05
10014	1	100	14	500	0.0583299	0.0431037	0.0160302	0.0270735	0.0152262	0.956918	0.0300221	1.03386	0.0359413	1.8192e-05
10015	1	100	15	500	0.0561892	0.0395152	0.0141774	0.0253377	0.016674	0.961182	0.031531	1.02991	0.033705	1.7043e-05
10016	1	100	16	500	0.0546411	0.0364988	0.0111694	0.0253294	0.0181423	0.96374	0.0311422	1.02585	0.0353822	1.88221e-05
10017	1	100	17	500	0.0558193	0.036505	0.0119397	0.0245653	0.0193143	0.963814	0.0312022	1.025	0.0350382	1.82225e-05
10018	1	100	18	500	0.0660171	0.0411444	0.0145385	0.0266059	0.0248727	0.960079	0.031321	1.02677	0.0347834	1.84325e-05
10019	1	100	16	500	0.0509178	0.0349553	0.0113625	0.0235928	0.0159625	0.965411	0.0345506	1.02548	0.0329321	1.94658e-05
10020	1	100	18	500	0.053438	0.0362667	0.0122421	0.0240247	0.0171713	0.963896	0.0299806	1.02577	0.0316816	1.91306e-05
10021	1	100	17	500	0.0605762	0.0361028	0.0107649	0.0253379	0.0244735	0.964912	0.0293446	1.02236	0.0379791	1.79071e-05
10022	1	100	17	500	0.0478408	0.0301887	0.00784125	0.0223474	0.0176521	0.970159	0.0296097	1.01995	0.0320984	1.8443e-05
10023	1	100	17	500	0.0592621	0.033055	0.0087049	0.0243501	0.0262071	0.96769	0.0293505	1.01726	0.032749	1.93321e-05
10024	1	100	17	500	0.0351682	0.0280781	0.00859992	0.0194782	0.00709009	0.971646	0.0270743	1.02309	0.0283781	1.93814e-05
10025	1	100	13	500	0.0377471	0.0310883	0.0107357	0.0203527	0.00665873	0.969128	0.0285921	1.02682	0.0285641	1.91577e-05
10026	1	100	10	500	0.0259253	0.0243772	0.00714246	0.0172347	0.00154816	0.97562	0.0239688	1.02311	0.024119	1.82255e-05
10027	1	100	12	500	0.0280477	0.0266764	0.00852854	0.0181478	0.0013713	0.972803	0.0297605	1.02507	0.0287234	1.64769e-05
10028	1	100	11	500	0.0298338	0.028886	0.0100586	0.0188274	0.000947809	0.971076	0.0264816	1.02822	0.0264056	1.55462e-05
10029	1	100	14	500	0.0306547	0.026135	0.00769231	0.0184427	0.00451967	0.973858	0.0256703	1.0236	0.0248832	1.48742e-05
10030	1	100	11	500	0.0299575	0.0240144	0.00628889	0.0177256	0.00594305	0.976108	0.0264999	1.02074	0.0266227	1.49107e-05
10031	1	100	10	500	0.02918	0.0234637	0.00602066	0.017443	0.00571633	0.976688	0.0236121	1.02034	0.0231216	1.49122e-05
10032	1	100	10	500	0.0274396	0.0265631	0.0085096	0.0180535	0.000876475	0.973462	0.0290072	1.02598	0.0290036	1.47274e-05
10033	1	100	12	500	0.0267436	0.0251281	0.00750844	0.0176197	0.00161549	0.974467	0.0255965	1.02369	0.0260045	1.56998e-05
10034	1	100	13	500	0.0283291	0.0272852	0.00883433	0.0184509	0.00104391	0.972735	0.0268273	1.0266	0.02691	1.57604e-05
10035	1	100	13	500	0.0231527	0.0221926	0.00582373	0.0163689	0.000960081	0.977704	0.0256202	1.02143	0.0257504	1.621e-05
10036	1	100	10	500	0.0211116	0.0203031	0.00500736	0.0152958	0.000808415	0.9795	0.0277651	1.01941	0.0279798	1.62209e-05
10037	1	100	12	500	0.0327738	0.0255655	0.00701965	0.0185459	0.00720823	0.974476	0.0295791	1.0212	0.0247201	1.67894e-05
10038	1	100	14	500	0.0323749	0.024763	0.00650955	0.0182535	0.00761186	0.975031	0.0292925	1.02014	0.027504	1.69842e-05
10039	1	100	11	500	0.0173495	0.0163106	0.00328416	0.0130265	0.00103892	0.983749	0.0214244	1.01537	0.0216977	1.69565e-05
10040	1	100	13	500	0.019783	0.0186309	0.00411033	0.0145206	0.00115206	0.981421	0.0226064	1.01753	0.0230311	1.68344e-05
10041	1	100	15	500	0.023326	0.0223126	0.00582843	0.0164842	0.00101341	0.977258	0.0247975	1.02088	0.025029	1.6706e-05
10042	1	100	13	500	0.0240548	0.0216421	0.00561527	0.0160268	0.00241278	0.978137	0.0279032	1.01958	0.0289642	1.62116e-05
10043	1	100	16	500	0.0254044	0.0230328	0.00613162	0.0169011	0.00237159	0.976965	0.0254044	1.02115	0.0261033	1.62845e-05
10044	1	100	12	500	0.024637	0.020859	0.00511804	0.0157409	0.003778	0.978982	0.0210321	1.01779	0.022196	1.62761e-05
10045	1	100	13	500	0.0290073	0.0219941	0.00548748	0.0165066	0.00701323	0.978365	0.0222376	1.01694	0.0240774	1.62707e-05
10046	1	100	10	500	0.0261049	0.0217823	0.00552457	0.0162578	0.00432254	0.977963	0.0263958	1.01817	0.0275131	1.66884e-05
10047	1	100	10	500	0.0316275	0.0221181	0.00507413	0.0170439	0.00950948	0.977983	0.0256026	1.01627	0.029327	1.74627e-05
10048	1	100	14	500	0.016725	0.0153677	0.00305616	0.0123116	0.00135727	0.983376	0.0247076	1.01244	0.0247559	1.67514e-05
10049	1	100	11	500	0.0240593	0.0165708	0.00304197	0.0135289	0.00748847	0.982984	0.0236405	1.01116	0.0258614	1.66725e-05
10050	1	100	11	500	0.0226079	0.0154252	0.00268809	0.0127372	0.00718264	0.984589	0.0239301	1.01058	0.0235055	1.71579e-05
10051	1	100	9	500	0.0253316	0.0158699	0.00278756	0.0130824	0.00946168	0.984249	0.0232939	1.00954	0.0235513	1.69696e-05
10052	1	100	10	500	0.0337773	0.0172346	0.0031297	0.0141049	0.0165427	0.983305	0.0254252	1.00639	0.0245251	1.67683e-05
10053	1	100	14	500	0.0279189	0.0158027	0.00262944	0.0131733	0.0121162	0.984471	0.0202321	1.00825	0.0238189	1.74519e-05
10054	1	100	11	500	0.0381549	0.0164488	0.00307559	0.0133732	0.0217061	0.984634	0.0239359	1.00243	0.0259411	1.67576e-05
10055	1	100	10	500	0.0283965	0.0123089	0.00219601	0.0101129	0.0160877	0.988064	0.0206066	1.00148	0.0232012	1.5992e-05
10056	1	100	11	500	0.0226692	0.00936518	0.00142426	0.00794092	0.0133041	0.990917	0.0169218	1.00073	0.0184422	1.66644e-05
10057	1	100	8	500	0.0204742	0.00736607	0.00132542	0.00604065	0.0131081	0.992693	0.0152281	0.998634	0.0167428	1.61108e-05
10058	1	100	7	500	0.0244833	0.00885814	0.00173459	0.00712355	0.0156252	0.991528	0.0159596	0.998237	0.0179242	1.50077e-05
10059	1	100	9	500	0.0313019	0.0120725	0.00233145	0.00974107	0.0192294	0.988379	0.0191061	0.998899	0.0222762	1.47112e-05
10060	1	100	13	500	0.0287843	0.012024	0.0019769	0.0100471	0.0167603	0.988306	0.0223891	1.00081	0.0222894	1.59656e-05
10061	1	100	11	500	0.0307458	0.0121883	0.00234524	0.00984307	0.0185575	0.988405	0.0196912	0.99979	0.0226832	1.64614e-05
10062	1	100	8	500	0.0420911	0.0148034	0.00365557	0.0111478	0.0272878	0.987042	0.0226022	0.995971	0.0236334	1.50406e-05
10063	1	100	12	500	0.0356052	0.012892	0.00240835	0.0104836	0.0227132	0.987973	0.0226006	0.998152	0.0208203	1.62956e-05
10064	1	100	12	500	0.0431921	0.0137456	0.00305566	0.0106899	0.0294466	0.987778	0.0201539	0.994721	0.0228614	1.74123e-05
10065	1	100	13	500	0.0483356	0.0157598	0.00387676	0.011883	0.0325758	0.980243	0.0671417	0.988068	0.0685511	1.77788e-05
10066	1	100	11	500	0.0444478	0.015978	0.0033934	0.0125846	0.0284698	0.98303	0.047939	0.994671	0.0477375	1.81546e-05
10067	1	100	10	500	0.0486946	0.0160136	0.0038831	0.0121305	0.032681	0.985832	0.02213	0.994175	0.0255195	1.7522e-05
10068	1	100	11	500	0.0395577	0.0131395	0.00294413	0.0101953	0.0264182	0.988062	0.0216	0.99569	0.0234385	1.6213e-05
10069	1	100	11	500	0.0563927	0.0197535	0.00526692	0.0144866	0.0366392	0.983216	0.0246178	0.994556	0.0252181	1.61404e-05
10070	1	100	11	500	0.0728799	0.0270708	0.00878322	0.0182876	0.0458091	0.969605	0.0786624	0.984559	0.0817321	1.61275e-05
10071	1	100	13	500	0.0608265	0.0218477	0.00654138	0.0153063	0.0389788	0.982164	0.0264547	0.994185	0.0266813	1.75319e-05
10072	1	100	16	500	0.062939	0.0227689	0.0067718	0.0159971	0.0401701	0.974257	0.071693	0.987101	0.0746051	1.80233e-05
10073	1	100	14	500	0.0454441	0.017245	0.00404225	0.0132028	0.028199	0.984683	0.0241174	0.997873	0.0250306	1.70272e-05
10074	1	100	12	500	0.0413472	0.0160139	0.00364391	0.01237	0.0253333	0.985275	0.0220271	0.998248	0.0250572	1.62282e-05
10075	1	100	12	500	0.0625397	0.0217282	0.00577926	0.0159489	0.0408115	0.979794	0.0412653	0.992248	0.0447925	1.70539e-05
10076	1	100	20	500	0.0699827	0.0253176	0.00689786	0.0184198	0.0446651	0.975969	0.0483348	0.991989	0.052901	1.81903e-05
10077	1	100	13	500	0.081488	0.027361	0.00994254	0.0174184	0.054127	0.969781	0.0826381	0.977853	0.0839205	1.80447e-05
10078	1	100	12	500	0.0892279	0.0270472	0.00746834	0.0195788	0.0621808	0.970866	0.07269	0.979319	0.0748206	1.83634e-05
10079	1	100	13	500	0.10543	0.0355556	0.0148699	0.0206857	0.0698739	0.963882	0.089091	0.970543	0.090999	1.75689e-05
10080	1	100	15	500	0.100318	0.0330701	0.0132671	0.0198031	0.0672475	0.958891	0.107283	0.965104	0.109337	1.75729e-05
10081	1	100	15	500	0.0951521	0.0285952	0.00965188	0.0189433	0.0665569	0.975677	0.049277	0.980422	0.0513361	1.73532e-05
10082	1	100	14	500	0.0988551	0.0312236	0.0102645	0.0209592	0.0676315	0.975823	0.0262892	0.98436	0.0308638	1.80117e-05
10083	1	100	12	500	0.102467	0.0351222	0.0118137	0.0233085	0.0673452	0.965457	0.0728551	0.97942	0.0765453	1.91104e-05
10084	1	100	11	500	0.0820687	0.0274209	0.00674446	0.0206764	0.0546478	0.976276	0.0260073	0.991623	0.0327763	1.90993e-05
10085	1	100	11	500	0.0823486	0.0273371	0.00882569	0.0185115	0.0550115	0.974222	0.0594628	0.984405	0.0628424	2.00242e-05
10086	1	100	12	500	0.095999	0.0312318	0.00922465	0.0220071	0.0647672	0.965208	0.0823654	0.977709	0.0854861	2.01201e-05
10087	1	100	13	500	0.0720534	0.0218276	0.00665999	0.0151676	0.0502259	0.973084	0.0811794	0.978504	0.08215	1.94223e-05
10088	1	100	13	500	0.0938308	0.0295819	0.0110617	0.0185202	0.0642489	0.972125	0.0677475	0.977161	0.0689828	1.99167e-05
10089	1	100	16	500	0.103105	0.0342707	0.0141874	0.0200832	0.0688347	0.967303	0.0785736	0.973259	0.0807261	2.01169e-05
10090	1	100	16	500	0.112053	0.0408778	0.0183258	0.022552	0.071175	0.972578	0.0305571	0.982292	0.0324481	2.02465e-05
10091	1	100	15	500	0.09461	0.0339634	0.0118316	0.0221318	0.0606466	0.974321	0.0289296	0.988758	0.0347098	2.02956e-05
10092	1	100	14	500	0.121176	0.0462862	0.0203081	0.025978	0.0748898	0.965516	0.0575266	0.980471	0.0588743	2.1334e-05
10093	1	100	14	500	0.0828669	0.0319202	0.0106846	0.0212357	0.0509467	0.975299	0.0296924	0.993017	0.0328356	2.16879e-05
10094	1	100	10	500	0.0882108	0.0312459	0.0131917	0.0180542	0.0569649	0.970449	0.0753919	0.97846	0.077971	2.23941e-05
10095	1	100	14	500	0.077157	0.0272408	0.00988925	0.0173515	0.0499162	0.97436	0.0632174	0.984732	0.0664729	2.20815e-05
10096	1	100	12	500	0.103188	0.0379971	0.0177392	0.020258	0.065191	0.953225	0.119189	0.96157	0.122134	2.25585e-05
10097	1	100	11	500	0.0979265	0.0369557	0.0154853	0.0214704	0.0609707	0.953018	0.117069	0.966569	0.121399	2.33196e-05
10098	1	100	11	500	0.136951	0.0558652	0.0306208	0.0252444	0.0810862	0.953509	0.0980147	0.963977	0.100764	2.35891e-05
10099	1	100	13	500	0.138877	0.056148	0.0319493	0.0241987	0.0827294	0.959783	0.0788063	0.967227	0.0808135	2.36323e-05
10100	1	100	10	500	0.115627	0.0404973	0.0181985	0.0222988	0.0751296	0.955462	0.108421	0.962905	0.110608	2.34025e-05
10101	1	100	12	500	0.106689	0.0355137	0.012747	0.0227667	0.0711752	0.954548	0.113701	0.965236	0.116184	2.33545e-05
