Generation	PopulationID	SampleSize	UniqueMutations	PopulationSize	totalLoad	RelzLoad	RelzLoadHomo	RelzLoadHetero	MskLoad	MeanFitness	SdFitness	MeanFitnessCached	SdFitnessCached	Heterozygosity	
10001	1	100	61	500	0.535901	0.510683	0.397787	0.112896	0.0252181	0.57795	0.0260581	1.57896	0.0485962	4.08529e-05
10002	1	100	49	500	0.543111	0.516379	0.412076	0.104303	0.0267316	0.5735	0.0222079	1.58446	0.0405794	4.02393e-05
10003	1	100	50	500	0.567218	0.527499	0.41382	0.11368	0.0397182	0.567681	0.0249448	1.58415	0.0422956	4.10371e-05
10004	1	100	44	500	0.563247	0.527921	0.416309	0.111612	0.0353259	0.568149	0.0220568	1.59294	0.0374144	4.1356e-05
10005	1	100	39	500	0.558283	0.523057	0.399426	0.123631	0.0352265	0.571646	0.0282004	1.58468	0.0465501	4.2025e-05
10006	1	100	39	500	0.562266	0.526378	0.40666	0.119718	0.035888	0.569327	0.0292694	1.58753	0.0438601	4.26672e-05
10007	1	100	36	500	0.555651	0.522917	0.410606	0.112311	0.0327341	0.570456	0.0309146	1.58402	0.0443627	4.3236e-05
10008	1	100	40	500	0.540167	0.513749	0.396128	0.117622	0.0264176	0.575964	0.0325099	1.57595	0.0492837	4.40224e-05
10009	1	100	37	500	0.554315	0.521184	0.395725	0.125459	0.0331304	0.573621	0.0312083	1.58424	0.0504319	4.43262e-05
10010	1	100	40	500	0.543495	0.514731	0.38392	0.130811	0.028764	0.576121	0.0330498	1.57474	0.0545778	4.53658e-05
10011	1	100	36	500	0.546985	0.51745	0.387413	0.130036	0.0295353	0.575995	0.0307347	1.58025	0.0496543	4.60393e-05
10012	1	100	35	500	0.543542	0.515492	0.381345	0.134147	0.0280496	0.577475	0.03072	1.5787	0.0519956	4.6251e-05
10013	1	100	36	500	0.541819	0.514393	0.377929	0.136465	0.027426	0.579161	0.0351993	1.58043	0.0592498	4.67392e-05
10014	1	100	36	500	0.535132	0.511263	0.376254	0.135009	0.0238694	0.57956	0.0350886	1.57526	0.0630063	4.65826e-05
10015	1	100	35	500	0.460238	0.432031	0.302703	0.129327	0.0282071	0.629846	0.0365551	1.45661	0.0500196	4.63822e-05
10016	1	100	33	500	0.45838	0.428883	0.295652	0.133231	0.0294964	0.632795	0.0425195	1.4516	0.0628941	4.65413e-05
10017	1	100	31	500	0.472398	0.439708	0.308273	0.131435	0.03269	0.625947	0.0394359	1.45629	0.0490114	4.67665e-05
10018	1	100	36	500	0.46913	0.439338	0.320187	0.119151	0.0297925	0.624813	0.0345807	1.46158	0.0442053	4.40035e-05
10019	1	100	33	500	0.479617	0.446103	0.326843	0.11926	0.0335134	0.619643	0.0382839	1.46124	0.055685	4.33883e-05
10020	1	100	32	500	0.498424	0.460401	0.350626	0.109775	0.0380225	0.612824	0.0310243	1.47578	0.042164	4.29956e-05
10021	1	100	33	500	0.50117	0.461496	0.350396	0.1111	0.0396743	0.610979	0.0319529	1.47211	0.0465456	4.29867e-05
10022	1	100	33	500	0.484055	0.450045	0.337671	0.112374	0.0340098	0.615441	0.0393921	1.45795	0.0465687	4.15812e-05
10023	1	100	30	500	0.485438	0.451856	0.340156	0.111699	0.0335825	0.615439	0.0374379	1.46269	0.0464135	4.24841e-05
10024	1	100	29	500	0.490092	0.456544	0.348751	0.107793	0.0335482	0.61123	0.0409451	1.46273	0.0559215	4.24014e-05
10025	1	100	29	500	0.494859	0.458512	0.347834	0.110677	0.0363471	0.610757	0.0393114	1.46005	0.0525171	4.32077e-05
10026	1	100	25	500	0.480039	0.446395	0.32353	0.122865	0.0336434	0.623103	0.0379373	1.46091	0.0541254	4.52282e-05
10027	1	100	28	500	0.397628	0.36183	0.23166	0.13017	0.0357977	0.682329	0.0486323	1.34413	0.0514318	4.57147e-05
10028	1	100	28	500	0.399619	0.365733	0.237003	0.12873	0.0338861	0.679857	0.0487923	1.3467	0.054403	4.59108e-05
10029	1	100	32	500	0.396016	0.364748	0.237803	0.126945	0.0312681	0.67617	0.0456591	1.34489	0.0592151	4.54411e-05
10030	1	100	27	500	0.406029	0.36881	0.240309	0.128501	0.0372197	0.670875	0.0474437	1.33787	0.0682528	4.60924e-05
10031	1	100	29	500	0.40353	0.368786	0.245422	0.123363	0.0347439	0.671616	0.0470633	1.34521	0.0654985	4.49731e-05
10032	1	100	31	500	0.40665	0.370158	0.248325	0.121833	0.0364923	0.672603	0.0480451	1.34551	0.0495992	4.51926e-05
10033	1	100	30	500	0.410265	0.369344	0.242262	0.127082	0.0409213	0.672622	0.0507266	1.33705	0.064079	4.63182e-05
10034	1	100	28	500	0.402997	0.365697	0.247912	0.117784	0.0372999	0.675408	0.0441421	1.34534	0.0494818	4.55835e-05
10035	1	100	28	500	0.397502	0.36282	0.253944	0.108876	0.0346821	0.678188	0.0413319	1.34649	0.0472848	4.30298e-05
10036	1	100	31	500	0.401861	0.367202	0.265295	0.101907	0.0346589	0.673793	0.0405217	1.35136	0.0439457	4.15136e-05
10037	1	100	28	500	0.398806	0.367714	0.265668	0.102046	0.0310915	0.67256	0.039407	1.35445	0.0472568	4.14317e-05
10038	1	100	27	500	0.400399	0.37009	0.273302	0.0967881	0.0303087	0.672667	0.0343472	1.36116	0.0357672	3.98332e-05
10039	1	100	29	500	0.412478	0.379616	0.294042	0.0855739	0.0328627	0.662745	0.0361668	1.36179	0.0422088	3.93235e-05
10040	1	100	30	500	0.409118	0.374497	0.269898	0.1046	0.0346212	0.667841	0.0377065	1.35606	0.0427484	4.35306e-05
10041	1	100	33	500	0.422139	0.379999	0.276879	0.10312	0.0421401	0.665562	0.0425495	1.35229	0.0517442	4.25901e-05
10042	1	100	33	500	0.421993	0.383225	0.292292	0.0909328	0.0387684	0.662176	0.0403287	1.35779	0.0523353	4.01297e-05
10043	1	100	32	500	0.42965	0.384802	0.287115	0.0976865	0.0448479	0.660989	0.0459501	1.3436	0.066097	4.25415e-05
10044	1	100	31	500	0.436782	0.39247	0.296146	0.0963243	0.0443119	0.657078	0.0410936	1.35683	0.0552427	4.24287e-05
10045	1	100	29	500	0.438079	0.395162	0.298486	0.0966759	0.0429174	0.653677	0.0386967	1.35896	0.0525378	4.2987e-05
10046	1	100	33	500	0.439772	0.397477	0.295963	0.101514	0.0422954	0.654337	0.0363145	1.36428	0.053815	4.37538e-05
10047	1	100	32	500	0.424424	0.383514	0.266304	0.11721	0.0409103	0.663434	0.0462847	1.3529	0.0535093	4.60836e-05
10048	1	100	31	500	0.439072	0.393568	0.274249	0.119319	0.0455039	0.655826	0.0498202	1.34984	0.0654196	4.65747e-05
10049	1	100	29	500	0.436764	0.394046	0.279585	0.114462	0.0427177	0.65597	0.0457032	1.36223	0.0530888	4.56442e-05
10050	1	100	33	500	0.429603	0.387994	0.268846	0.119148	0.0416088	0.660423	0.0486741	1.36211	0.0625271	4.57635e-05
10051	1	100	31	500	0.407457	0.366609	0.234892	0.131717	0.0408482	0.675191	0.0507988	1.34181	0.057798	4.80253e-05
10052	1	100	32	500	0.414584	0.374104	0.249627	0.124477	0.0404803	0.670596	0.0493569	1.34985	0.056723	4.60696e-05
10053	1	100	31	500	0.393377	0.358354	0.222772	0.135582	0.0350238	0.686493	0.0477146	1.34156	0.0557713	4.76512e-05
10054	1	100	35	500	0.406052	0.370168	0.241485	0.128683	0.0358842	0.674127	0.0504091	1.34291	0.057787	4.63679e-05
10055	1	100	34	500	0.410393	0.374958	0.248885	0.126073	0.0354355	0.67173	0.0499657	1.342	0.0496661	4.57509e-05
10056	1	100	34	500	0.399508	0.365947	0.234816	0.131132	0.0335607	0.679032	0.0565702	1.32955	0.0608627	4.71499e-05
10057	1	100	33	500	0.416846	0.380344	0.257156	0.123188	0.036502	0.668306	0.0569437	1.32712	0.0571647	4.64939e-05
10058	1	100	30	500	0.421958	0.388089	0.273138	0.114952	0.0338682	0.664625	0.0542521	1.33295	0.0523013	4.49328e-05
10059	1	100	32	500	0.433683	0.392846	0.279217	0.113629	0.0408373	0.659205	0.0541448	1.32521	0.0490895	4.34856e-05
10060	1	100	31	500	0.43254	0.395274	0.288405	0.106869	0.0372661	0.657373	0.0581852	1.31865	0.0484184	4.19517e-05
10061	1	100	36	500	0.453681	0.407135	0.299392	0.107743	0.046546	0.647933	0.050345	1.32904	0.0486293	4.07064e-05
10062	1	100	32	500	0.459797	0.4081	0.297167	0.110932	0.0516978	0.649122	0.0514417	1.32229	0.0504997	4.12047e-05
10063	1	100	35	500	0.464989	0.411726	0.300586	0.11114	0.053263	0.643706	0.0523247	1.32765	0.0533361	4.08723e-05
10064	1	100	33	500	0.476843	0.427408	0.326154	0.101254	0.0494347	0.635564	0.0562036	1.32627	0.0712774	3.9009e-05
10065	1	100	34	500	0.487734	0.436875	0.340115	0.0967599	0.0508596	0.625114	0.0553502	1.32101	0.081321	3.70087e-05
10066	1	100	33	500	0.476604	0.429476	0.329614	0.0998615	0.047128	0.633338	0.0433061	1.34012	0.0610905	3.90228e-05
10067	1	100	31	500	0.464326	0.415757	0.304708	0.111049	0.0485684	0.641829	0.0516456	1.33573	0.0498994	4.27082e-05
10068	1	100	27	500	0.455497	0.412958	0.301664	0.111295	0.0425387	0.643908	0.0508632	1.3383	0.0563657	4.30389e-05
10069	1	100	32	500	0.454963	0.419166	0.315097	0.104069	0.035797	0.637077	0.0405308	1.3504	0.0555537	4.20636e-05
10070	1	100	31	500	0.455221	0.418811	0.314693	0.104118	0.03641	0.637192	0.0473549	1.34565	0.0602343	4.09145e-05
10071	1	100	32	500	0.463995	0.422466	0.317862	0.104603	0.0415295	0.637821	0.0453842	1.34167	0.0592853	4.07398e-05
10072	1	100	34	500	0.460355	0.418467	0.311392	0.107075	0.0418882	0.640183	0.0492145	1.34461	0.0608508	4.18446e-05
10073	1	100	35	500	0.449197	0.40676	0.291218	0.115542	0.0424367	0.649595	0.0535618	1.34374	0.0600416	4.2853e-05
10074	1	100	37	500	0.449602	0.402363	0.281901	0.120462	0.0472386	0.648898	0.0684025	1.33152	0.0967321	4.38298e-05
10075	1	100	36	500	0.464619	0.411516	0.29384	0.117676	0.0531023	0.646879	0.0609109	1.32781	0.0627811	4.31395e-05
10076	1	100	32	500	0.443954	0.389491	0.263778	0.125712	0.0544638	0.66861	0.0726988	1.31026	0.0675735	4.53175e-05
10077	1	100	32	500	0.441212	0.380923	0.246116	0.134807	0.0602891	0.672044	0.0754302	1.30219	0.0811926	4.76722e-05
10078	1	100	32	500	0.451634	0.388738	0.255969	0.132769	0.0628959	0.668772	0.0750822	1.30343	0.0826506	4.62394e-05
10079	1	100	32	500	0.473679	0.406363	0.277431	0.128932	0.0673157	0.653319	0.0836973	1.29529	0.106885	4.45203e-05
10080	1	100	30	500	0.484896	0.417364	0.293712	0.123652	0.0675319	0.646585	0.076189	1.30602	0.0986212	4.22915e-05
10081	1	100	34	500	0.491935	0.42898	0.316685	0.112295	0.0629543	0.637434	0.0693136	1.31927	0.106717	3.83767e-05
10082	1	100	29	500	0.478333	0.417555	0.300703	0.116852	0.0607783	0.646447	0.0677109	1.32063	0.0979028	3.98597e-05
10083	1	100	28	500	0.452997	0.401691	0.292515	0.109177	0.0513059	0.656664	0.0409937	1.35032	0.0497473	3.85425e-05
10084	1	100	32	500	0.454265	0.40099	0.281801	0.119189	0.0532749	0.654913	0.0572983	1.33353	0.0769889	4.1936e-05
10085	1	100	27	500	0.443709	0.394502	0.276316	0.118186	0.0492071	0.656256	0.0604313	1.33161	0.0805569	4.13681e-05
10086	1	100	27	500	0.466793	0.411367	0.299378	0.111989	0.0554263	0.641207	0.0666266	1.32277	0.102359	3.98297e-05
10087	1	100	32	500	0.465267	0.410045	0.307922	0.102123	0.0552213	0.647858	0.046233	1.34667	0.0692555	3.8561e-05
10088	1	100	31	500	0.467776	0.411982	0.305993	0.105989	0.0557942	0.642226	0.053474	1.33242	0.088843	3.9744e-05
10089	1	100	29	500	0.484692	0.423561	0.318493	0.105069	0.0611303	0.633497	0.0619468	1.32253	0.106647	3.87648e-05
10090	1	100	32	500	0.515538	0.442419	0.332829	0.10959	0.0731187	0.620357	0.0765798	1.30046	0.131935	3.88948e-05
10091	1	100	34	500	0.544796	0.466654	0.358511	0.108143	0.0781416	0.611516	0.0765014	1.291	0.137506	3.69414e-05
10092	1	100	31	500	0.513195	0.443043	0.340428	0.102615	0.0701517	0.628274	0.0506935	1.32883	0.0869444	3.70218e-05
10093	1	100	33	500	0.51361	0.440117	0.339008	0.101109	0.0734932	0.623144	0.0610439	1.31842	0.111414	3.67547e-05
10094	1	100	33	500	0.520448	0.443156	0.33841	0.104747	0.0772916	0.61925	0.06826	1.30691	0.119617	3.89635e-05
10095	1	100	33	500	0.524916	0.43884	0.335261	0.103579	0.0860765	0.630082	0.0472034	1.33136	0.0817149	3.81984e-05
10096	1	100	29	500	0.312513	0.234523	0.134489	0.100033	0.0779908	0.78335	0.0751905	1.08331	0.0888099	3.56805e-05
10097	1	100	34	500	0.303251	0.229674	0.132566	0.0971082	0.0735768	0.799026	0.0507629	1.10288	0.0585388	3.54444e-05
10098	1	100	29	500	0.307849	0.23361	0.136145	0.0974653	0.0742392	0.787886	0.0623051	1.0871	0.0741519	3.55414e-05
10099	1	100	30	500	0.314195	0.233063	0.134785	0.0982783	0.0811318	0.790504	0.0622131	1.09152	0.073631	3.60315e-05
10100	1	100	31	500	0.315669	0.231538	0.13339	0.0981483	0.0841309	0.789128	0.0741535	1.08418	0.0892994	3.51796e-05
10101	1	100	30	500	0.301553	0.226803	0.129375	0.0974281	0.0747497	0.795543	0.0572022	1.09297	0.0643343	3.49761e-05
