Generation	PopulationID	SampleSize	UniqueMutations	PopulationSize	totalLoad	RelzLoad	RelzLoadHomo	RelzLoadHetero	MskLoad	MeanFitness	SdFitness	MeanFitnessCached	SdFitnessCached	Heterozygosity	
10001	1	100	45	500	0.227986	0.208666	0.151456	0.0572093	0.0193204	0.800349	0.0335411	1.2043	0.0433791	2.14454e-05
10002	1	100	31	500	0.245761	0.214643	0.150676	0.0639677	0.0311175	0.796457	0.0328357	1.20393	0.0467985	2.2216e-05
10003	1	100	33	500	0.259504	0.218078	0.156487	0.061591	0.0414262	0.794143	0.0349001	1.19899	0.0484583	2.30108e-05
10004	1	100	31	500	0.268741	0.218032	0.152193	0.0658392	0.0507093	0.792528	0.0433804	1.19147	0.0732907	2.36422e-05
10005	1	100	24	500	0.278085	0.220217	0.154593	0.0656239	0.0578679	0.795281	0.0376573	1.19061	0.0588333	2.44422e-05
10006	1	100	24	500	0.294675	0.230711	0.16894	0.0617712	0.0639639	0.779416	0.0794956	1.18943	0.125851	2.48114e-05
10007	1	100	25	500	0.298867	0.231687	0.166778	0.0649093	0.0671798	0.783991	0.0490893	1.19265	0.0729528	2.36485e-05
10008	1	100	25	500	0.304864	0.230542	0.169421	0.061121	0.0743222	0.780743	0.0746883	1.17957	0.122992	2.37916e-05
10009	1	100	29	500	0.331381	0.238886	0.177671	0.0612154	0.0924949	0.779524	0.0512643	1.17671	0.0871398	2.31861e-05
10010	1	100	27	500	0.347933	0.242547	0.178659	0.0638876	0.105387	0.762096	0.116541	1.14522	0.185314	2.35756e-05
10011	1	100	19	500	0.3391	0.240387	0.176216	0.064171	0.098713	0.776777	0.0802252	1.17064	0.132097	2.36302e-05
10012	1	100	15	500	0.347753	0.245058	0.17714	0.0679183	0.102695	0.770004	0.099643	1.1648	0.16039	2.31098e-05
10013	1	100	20	500	0.350856	0.24541	0.175789	0.0696206	0.105446	0.771058	0.0972439	1.15993	0.157962	2.46019e-05
10014	1	100	17	500	0.328047	0.23802	0.173591	0.0644288	0.0900271	0.780104	0.0651771	1.1715	0.101916	2.4505e-05
10015	1	100	17	500	0.354817	0.249949	0.183089	0.06686	0.104868	0.77043	0.0601371	1.17028	0.122425	2.45224e-05
10016	1	100	15	500	0.346388	0.243891	0.180882	0.0630089	0.102497	0.773799	0.06797	1.16095	0.122193	2.4664e-05
10017	1	100	17	500	0.347988	0.242751	0.18537	0.0573816	0.105237	0.774821	0.0893784	1.15636	0.141598	2.42227e-05
10018	1	100	19	500	0.353583	0.250157	0.192866	0.0572902	0.103426	0.769403	0.0582111	1.17239	0.109674	2.4167e-05
10019	1	100	19	500	0.208696	0.102092	0.0437488	0.0583437	0.106604	0.90755	0.0598288	1.01545	0.0893227	2.57186e-05
10020	1	100	21	500	0.227798	0.111411	0.0449108	0.0664998	0.116387	0.895719	0.0747713	1.01931	0.108933	2.60732e-05
10021	1	100	22	500	0.187854	0.0962013	0.0356609	0.0605404	0.0916524	0.911966	0.0586865	1.03303	0.0898045	2.60875e-05
10022	1	100	16	500	0.242556	0.11818	0.0453358	0.0728444	0.124375	0.902379	0.0663296	1.01662	0.0934678	2.58409e-05
10023	1	100	18	500	0.228814	0.108041	0.0363523	0.0716883	0.120773	0.892859	0.106777	1.01001	0.134615	2.73297e-05
10024	1	100	18	500	0.191339	0.101629	0.0338511	0.0677783	0.0897094	0.905239	0.0650032	1.04186	0.0953223	2.74431e-05
10025	1	100	17	500	0.214184	0.110145	0.0403539	0.0697908	0.104039	0.895235	0.076183	1.03485	0.107455	2.55948e-05
10026	1	100	20	500	0.208669	0.106197	0.0388548	0.0673424	0.102472	0.899961	0.0736176	1.02607	0.0951579	2.70143e-05
10027	1	100	14	500	0.217132	0.110094	0.0408693	0.0692242	0.107039	0.899099	0.07082	1.02734	0.0868858	2.68845e-05
10028	1	100	14	500	0.210604	0.107645	0.0406558	0.0669896	0.102959	0.901301	0.10257	1.02203	0.12417	2.70154e-05
10029	1	100	18	500	0.165676	0.0957946	0.0365493	0.0592453	0.0698812	0.896378	0.112664	1.03104	0.13931	2.58071e-05
10030	1	100	13	500	0.161218	0.0889257	0.0310112	0.0579145	0.0722924	0.910365	0.106463	1.02181	0.125661	2.74133e-05
10031	1	100	15	500	0.167893	0.0912776	0.0323182	0.0589593	0.0766153	0.913209	0.0948411	1.02696	0.114367	2.75782e-05
10032	1	100	13	500	0.164375	0.0987936	0.0379853	0.0608083	0.0655816	0.911045	0.0564887	1.05128	0.0683161	2.68929e-05
10033	1	100	15	500	0.171229	0.0980638	0.0362884	0.0617754	0.0731651	0.907189	0.0742184	1.04202	0.0919573	2.69337e-05
10034	1	100	12	500	0.215473	0.116752	0.0472834	0.0694688	0.098721	0.896809	0.0745382	1.03532	0.0942941	2.73929e-05
10035	1	100	14	500	0.180971	0.109471	0.0444089	0.0650625	0.0714999	0.898024	0.0681114	1.05334	0.080421	2.71297e-05
10036	1	100	13	500	0.174729	0.109756	0.044739	0.065017	0.0649733	0.894932	0.0723249	1.05586	0.0806229	2.78479e-05
10037	1	100	15	500	0.154143	0.0972603	0.0357693	0.0614911	0.0568823	0.899727	0.0911097	1.04817	0.106693	2.80268e-05
10038	1	100	17	500	0.183058	0.10432	0.0384974	0.0658222	0.0787383	0.893018	0.0797895	1.03718	0.115622	2.91738e-05
10039	1	100	18	500	0.150737	0.0959387	0.036446	0.0594928	0.0547987	0.908347	0.0641185	1.05663	0.0791548	2.83349e-05
10040	1	100	13	500	0.154144	0.0923443	0.0316516	0.0606927	0.0617997	0.907936	0.064732	1.04542	0.0849778	2.82706e-05
10041	1	100	22	500	0.149577	0.0849675	0.0272426	0.0577249	0.0646099	0.918919	0.0551362	1.04195	0.0701083	2.89526e-05
10042	1	100	20	500	0.12301	0.0790878	0.0234619	0.0556258	0.0439225	0.925299	0.0557399	1.04912	0.0525264	2.92653e-05
10043	1	100	18	500	0.12291	0.080798	0.0258473	0.0549507	0.0421117	0.92333	0.0545869	1.05219	0.0675204	2.86639e-05
10044	1	100	14	500	0.116398	0.0744254	0.0235226	0.0509028	0.0419724	0.931303	0.0427238	1.04303	0.0527373	3.00113e-05
10045	1	100	13	500	0.127498	0.0818549	0.0261232	0.0557317	0.0456426	0.918997	0.0640492	1.04684	0.0794371	3.01308e-05
10046	1	100	12	500	0.108451	0.0804307	0.0276212	0.0528095	0.0280198	0.919315	0.0511448	1.05658	0.0557378	2.78202e-05
10047	1	100	14	500	0.109063	0.0741554	0.0222393	0.0519161	0.0349072	0.930689	0.0493777	1.0512	0.0537748	2.90687e-05
10048	1	100	16	500	0.106933	0.0729825	0.022374	0.0506086	0.0339505	0.928713	0.0530122	1.0462	0.0583196	2.78132e-05
10049	1	100	13	500	0.100097	0.0713806	0.0208824	0.0504982	0.0287162	0.927923	0.0628593	1.04678	0.0629856	2.83469e-05
10050	1	100	14	500	0.100322	0.0743018	0.0228999	0.051402	0.0260205	0.926783	0.0597347	1.05197	0.0543896	2.86659e-05
10051	1	100	14	500	0.117152	0.0788861	0.0251689	0.0537172	0.0382659	0.925215	0.0572199	1.04968	0.0593901	3.02605e-05
10052	1	100	21	500	0.128609	0.0883859	0.030525	0.0578609	0.0402226	0.912019	0.0711525	1.05223	0.0709296	3.0772e-05
10053	1	100	16	500	0.124351	0.0786296	0.0240879	0.0545417	0.0457211	0.923497	0.0667437	1.04087	0.0716893	3.09892e-05
10054	1	100	18	500	0.129684	0.0752425	0.0215057	0.0537368	0.0544419	0.932592	0.0493891	1.03619	0.0596577	3.18467e-05
10055	1	100	16	500	0.129812	0.0776301	0.0232285	0.0544017	0.0521819	0.927121	0.0581261	1.03618	0.0688765	3.23924e-05
10056	1	100	13	500	0.105789	0.0609509	0.0159784	0.0449725	0.0448376	0.941907	0.0499109	1.02607	0.0533344	3.09555e-05
10057	1	100	16	500	0.105213	0.0566319	0.0157248	0.0409071	0.0485807	0.946526	0.0540006	1.01784	0.0600093	3.17516e-05
10058	1	100	16	500	0.117514	0.0620555	0.0187155	0.04334	0.0554583	0.944609	0.0421071	1.01777	0.0514498	3.24053e-05
10059	1	100	15	500	0.115238	0.0603749	0.0189242	0.0414507	0.0548632	0.94436	0.051873	1.01322	0.0646241	3.28928e-05
10060	1	100	14	500	0.120969	0.0598996	0.0226821	0.0372175	0.061069	0.945867	0.0636853	0.999548	0.0763466	3.31846e-05
10061	1	100	13	500	0.12422	0.0589648	0.0243576	0.0346072	0.0652549	0.938984	0.0760104	0.981767	0.0897498	3.45295e-05
10062	1	100	15	500	0.110325	0.0533933	0.016906	0.0364873	0.0569319	0.939519	0.0864282	0.990963	0.0993417	3.46724e-05
10063	1	100	15	500	0.127378	0.0555223	0.0168552	0.0386671	0.0718559	0.93575	0.0931038	0.98304	0.108187	3.49708e-05
10064	1	100	14	500	0.117419	0.0557575	0.0238686	0.031889	0.0616619	0.951738	0.0671864	0.988947	0.0736518	3.53827e-05
10065	1	100	16	500	0.110028	0.0533993	0.0212203	0.032179	0.0566283	0.945625	0.077755	0.986858	0.0859143	3.52143e-05
10066	1	100	14	500	0.113043	0.0517816	0.0170568	0.0347248	0.0612617	0.955231	0.0513403	1.00214	0.0579121	3.43559e-05
10067	1	100	14	500	0.118773	0.054445	0.0152444	0.0392006	0.0643285	0.949045	0.0585063	1.00366	0.0707341	3.51504e-05
10068	1	100	16	500	0.110943	0.0519703	0.0155751	0.0363951	0.0589731	0.949669	0.0659726	1.00111	0.0725616	3.48155e-05
10069	1	100	14	500	0.111063	0.0575367	0.0147685	0.0427682	0.0535267	0.939258	0.0722347	1.01016	0.0844656	3.42335e-05
10070	1	100	15	500	0.0756041	0.047346	0.0101961	0.03715	0.028258	0.951993	0.0531829	1.02587	0.0617008	3.22682e-05
10071	1	100	14	500	0.0815139	0.0483472	0.0106916	0.0376555	0.0331667	0.946574	0.0732408	1.01669	0.0830677	3.24033e-05
10072	1	100	15	500	0.0822085	0.0476573	0.0110905	0.0365668	0.0345512	0.952449	0.0572914	1.01907	0.0675656	3.25829e-05
10073	1	100	15	500	0.0762425	0.041959	0.00937672	0.0325823	0.0342835	0.960312	0.0474284	1.01733	0.0514033	3.22985e-05
10074	1	100	18	500	0.0776173	0.0417755	0.0101648	0.0316107	0.0358418	0.956025	0.0595814	1.0108	0.0689567	3.28361e-05
10075	1	100	17	500	0.0778287	0.044012	0.00981607	0.0341959	0.0338167	0.960029	0.0372665	1.02235	0.0412358	3.28724e-05
10076	1	100	16	500	0.0735036	0.0414819	0.00940324	0.0320786	0.0320217	0.959513	0.0477496	1.01806	0.055148	3.28284e-05
10077	1	100	19	500	0.0636103	0.0351182	0.00859871	0.0265195	0.0284921	0.967107	0.0304793	1.01774	0.0355741	3.24424e-05
10078	1	100	17	500	0.0710898	0.037051	0.0101461	0.0269049	0.0340387	0.965342	0.0394153	1.01099	0.0473775	3.40118e-05
10079	1	100	18	500	0.0727779	0.0383493	0.00955214	0.0287971	0.0344287	0.96353	0.0430394	1.01278	0.0478789	3.43648e-05
10080	1	100	14	500	0.0791573	0.041473	0.0121039	0.0293691	0.0376842	0.960333	0.0441833	1.01194	0.0523818	3.48531e-05
10081	1	100	15	500	0.073055	0.0393013	0.0100726	0.0292287	0.0337536	0.96332	0.0358682	1.01642	0.042502	3.46582e-05
10082	1	100	17	500	0.074486	0.0396462	0.0115082	0.028138	0.0348398	0.958077	0.0559351	1.00804	0.0646444	3.46289e-05
10083	1	100	11	500	0.0776683	0.0436604	0.0131057	0.0305547	0.0340079	0.960857	0.0263079	1.02019	0.0357443	3.49878e-05
10084	1	100	9	500	0.0708634	0.0375471	0.0101313	0.0274158	0.0333163	0.959188	0.0547833	1.00819	0.0646095	3.44589e-05
10085	1	100	13	500	0.0843868	0.0452764	0.0142641	0.0310123	0.0391104	0.952899	0.052722	1.01076	0.0650962	3.46294e-05
10086	1	100	13	500	0.0756459	0.037907	0.0101677	0.0277393	0.0377388	0.959831	0.052186	1.00578	0.0603875	3.5043e-05
10087	1	100	12	500	0.0942468	0.0461609	0.0146432	0.0315177	0.0480858	0.953673	0.0559776	1.0033	0.0664588	3.64188e-05
10088	1	100	14	500	0.0796075	0.0412867	0.0111762	0.0301105	0.0383208	0.958751	0.045083	1.01285	0.0533533	3.48764e-05
10089	1	100	18	500	0.0693525	0.0378409	0.00949566	0.0283452	0.0315116	0.964466	0.0259355	1.01853	0.0314603	3.4722e-05
10090	1	100	19	500	0.064054	0.0355136	0.00868512	0.0268285	0.0285404	0.966112	0.0258736	1.01795	0.0298397	3.53123e-05
10091	1	100	14	500	0.0668021	0.0367197	0.00864627	0.0280734	0.0300824	0.963642	0.0316952	1.01708	0.0358237	3.51472e-05
10092	1	100	14	500	0.0605816	0.0320494	0.00675388	0.0252955	0.0285322	0.968582	0.0273461	1.01356	0.0350501	3.37517e-05
10093	1	100	17	500	0.0661637	0.0377554	0.00933813	0.0284173	0.0284082	0.96399	0.028586	1.02087	0.034867	3.30595e-05
10094	1	100	14	500	0.0721121	0.0376953	0.00907116	0.0286242	0.0344168	0.964853	0.0274904	1.01645	0.0352448	3.32692e-05
10095	1	100	13	500	0.068791	0.0333977	0.00745333	0.0259443	0.0353933	0.969689	0.0270501	1.01127	0.0320261	3.21591e-05
10096	1	100	13	500	0.0643696	0.0349142	0.00792745	0.0269868	0.0294554	0.96721	0.0262375	1.0171	0.0308328	3.27785e-05
10097	1	100	11	500	0.0668515	0.0341935	0.00802598	0.0261676	0.0326579	0.967605	0.0276323	1.01231	0.0342924	3.24813e-05
10098	1	100	12	500	0.0733275	0.0364185	0.00868675	0.0277318	0.036909	0.964187	0.0340506	1.00999	0.036945	3.18406e-05
10099	1	100	15	500	0.0988059	0.0432153	0.00959244	0.0336229	0.0555905	0.951502	0.0592957	1.00221	0.0723912	3.23031e-05
10100	1	100	14	500	0.105049	0.041785	0.00843098	0.0333541	0.0632641	0.959498	0.051858	1.00207	0.0555162	3.20768e-05
10101	1	100	17	500	0.103975	0.0399908	0.0079288	0.032062	0.0639843	0.960309	0.0501519	0.99798	0.0558843	3.16041e-05
