Generation	PopulationID	SampleSize	UniqueMutations	PopulationSize	totalLoad	RelzLoad	RelzLoadHomo	RelzLoadHetero	MskLoad	MeanFitness	SdFitness	MeanFitnessCached	SdFitnessCached	Heterozygosity	
10001	1	100	53	500	0.190246	0.176729	0.100998	0.075731	0.0135166	0.830029	0.0305537	1.17452	0.0406215	3.14905e-05
10002	1	100	30	500	0.201227	0.184055	0.109691	0.0743642	0.0171714	0.824599	0.0291614	1.18114	0.0372053	3.07731e-05
10003	1	100	28	500	0.200365	0.185074	0.109353	0.0757206	0.0152905	0.822743	0.0371141	1.18073	0.0394496	3.04343e-05
10004	1	100	27	500	0.182998	0.175629	0.0964112	0.0792177	0.00736955	0.833029	0.0296889	1.17895	0.0340038	3.18122e-05
10005	1	100	30	500	0.188648	0.179928	0.104447	0.0754804	0.00872022	0.82889	0.0326268	1.18231	0.0387421	3.15008e-05
10006	1	100	27	500	0.188989	0.178869	0.105429	0.0734405	0.0101197	0.830229	0.0308096	1.18068	0.036398	3.13864e-05
10007	1	100	22	500	0.203841	0.183182	0.108509	0.0746731	0.0206587	0.826181	0.0365615	1.17888	0.0480236	3.11753e-05
10008	1	100	28	500	0.220422	0.191582	0.119532	0.0720497	0.0288404	0.820065	0.0356727	1.18353	0.0452685	3.10011e-05
10009	1	100	25	500	0.2142	0.190986	0.119788	0.0711978	0.0232144	0.819967	0.0342043	1.18573	0.042622	3.1909e-05
10010	1	100	27	500	0.208001	0.185191	0.108969	0.0762226	0.0228095	0.825428	0.0334174	1.18054	0.0439884	3.34881e-05
10011	1	100	25	500	0.207387	0.184847	0.106085	0.0787619	0.0225403	0.825818	0.0353606	1.17987	0.0345496	3.3516e-05
10012	1	100	23	500	0.207044	0.187788	0.113264	0.0745241	0.0192552	0.822718	0.0315439	1.18498	0.0364714	3.29129e-05
10013	1	100	27	500	0.227742	0.193417	0.114777	0.0786398	0.0343256	0.818939	0.0321259	1.181	0.0340542	3.40309e-05
10014	1	100	26	500	0.251805	0.202812	0.122205	0.0806077	0.048993	0.811214	0.0414726	1.17697	0.0441413	3.41628e-05
10015	1	100	30	500	0.261928	0.20572	0.127915	0.0778053	0.056208	0.812407	0.0401601	1.176	0.0372395	3.30621e-05
10016	1	100	30	500	0.25292	0.19964	0.119743	0.0798968	0.05328	0.816483	0.0420467	1.17222	0.0324277	3.3306e-05
10017	1	100	27	500	0.262307	0.205689	0.12684	0.0788494	0.0566183	0.811376	0.0428517	1.17552	0.0413351	3.29882e-05
10018	1	100	23	500	0.25412	0.200456	0.116285	0.0841716	0.0536639	0.810473	0.0732169	1.16206	0.0880972	3.42864e-05
10019	1	100	28	500	0.285425	0.213555	0.1267	0.0868547	0.0718701	0.799053	0.0891467	1.15333	0.108336	3.39639e-05
10020	1	100	28	500	0.330929	0.237124	0.145555	0.0915694	0.0938046	0.792672	0.0616429	1.16528	0.067836	3.3713e-05
10021	1	100	28	500	0.352771	0.24551	0.153354	0.0921568	0.10726	0.778508	0.101922	1.1393	0.133723	3.35674e-05
10022	1	100	29	500	0.365498	0.253937	0.160977	0.0929602	0.11156	0.775014	0.0988804	1.14136	0.129168	3.32594e-05
10023	1	100	29	500	0.362146	0.255041	0.160124	0.0949168	0.107105	0.769266	0.121913	1.13096	0.159226	3.36208e-05
10024	1	100	26	500	0.339147	0.239214	0.142757	0.0964569	0.099933	0.773542	0.121956	1.12651	0.157639	3.39538e-05
10025	1	100	28	500	0.361724	0.254553	0.160882	0.0936716	0.10717	0.767966	0.122022	1.12956	0.157448	3.28292e-05
10026	1	100	33	500	0.407585	0.285743	0.192233	0.0935099	0.121842	0.739041	0.145657	1.11165	0.201324	3.18761e-05
10027	1	100	24	500	0.44778	0.316536	0.221933	0.0946032	0.131244	0.71812	0.163921	1.08428	0.231707	3.14453e-05
10028	1	100	26	500	0.425429	0.29836	0.207484	0.0908758	0.127069	0.74921	0.12525	1.12005	0.171012	3.17313e-05
10029	1	100	23	500	0.456967	0.321935	0.232744	0.089191	0.135033	0.717389	0.158689	1.08308	0.222668	3.06969e-05
10030	1	100	27	500	0.407325	0.283665	0.189433	0.0942323	0.123659	0.739048	0.150111	1.09863	0.204047	3.40332e-05
10031	1	100	28	500	0.403587	0.280004	0.179595	0.100409	0.123583	0.75302	0.136601	1.11055	0.181148	3.48642e-05
10032	1	100	32	500	0.38917	0.270068	0.172569	0.0974996	0.119102	0.758513	0.118581	1.13254	0.159375	3.52439e-05
10033	1	100	28	500	0.392216	0.274746	0.179503	0.0952432	0.11747	0.759592	0.116478	1.1339	0.157616	3.48464e-05
10034	1	100	27	500	0.372555	0.265726	0.170419	0.0953067	0.106829	0.763466	0.109219	1.14558	0.148152	3.50457e-05
10035	1	100	28	500	0.350296	0.252729	0.162781	0.0899479	0.097567	0.76948	0.108441	1.15229	0.144424	3.51137e-05
10036	1	100	26	500	0.348754	0.251885	0.159018	0.0928677	0.0968686	0.779047	0.0793381	1.16133	0.10537	3.53614e-05
10037	1	100	27	500	0.353899	0.250942	0.16154	0.0894022	0.102957	0.761513	0.131769	1.12035	0.174934	3.54484e-05
10038	1	100	29	500	0.320188	0.234779	0.144595	0.0901843	0.0854086	0.776925	0.113239	1.14655	0.151061	3.60813e-05
10039	1	100	31	500	0.326467	0.23395	0.142071	0.0918783	0.0925173	0.787129	0.089353	1.15102	0.113219	3.64048e-05
10040	1	100	28	500	0.305018	0.223032	0.136822	0.0862098	0.081986	0.794577	0.0835535	1.15699	0.105573	3.66381e-05
10041	1	100	28	500	0.31774	0.223672	0.136667	0.087005	0.0940676	0.789544	0.100568	1.13598	0.12598	3.70547e-05
10042	1	100	31	500	0.283612	0.206616	0.128367	0.0782488	0.0769961	0.807817	0.0634086	1.15377	0.0721529	3.65154e-05
10043	1	100	30	500	0.311118	0.217857	0.129991	0.0878667	0.0932601	0.79839	0.0868246	1.14702	0.108812	3.721e-05
10044	1	100	32	500	0.293609	0.20877	0.121818	0.0869517	0.0848392	0.810923	0.0429885	1.15706	0.0474433	3.72927e-05
10045	1	100	36	500	0.322672	0.218447	0.124053	0.0943943	0.104226	0.804991	0.0458811	1.14729	0.0498906	3.77627e-05
10046	1	100	34	500	0.300476	0.211773	0.117036	0.0947372	0.0887033	0.80074	0.0763673	1.14526	0.103306	3.7973e-05
10047	1	100	34	500	0.295052	0.209834	0.112986	0.0968476	0.0852186	0.802644	0.0767944	1.14813	0.108494	3.80657e-05
10048	1	100	31	500	0.315658	0.218613	0.118878	0.0997353	0.0970451	0.802422	0.0613618	1.15265	0.0724242	3.88923e-05
10049	1	100	33	500	0.333953	0.222995	0.119009	0.103985	0.110958	0.794104	0.0836173	1.13451	0.114577	3.92836e-05
10050	1	100	31	500	0.32027	0.220499	0.115484	0.105015	0.0997712	0.788958	0.0910826	1.1357	0.125267	3.99525e-05
10051	1	100	31	500	0.352391	0.236282	0.12994	0.106342	0.116108	0.781969	0.0791793	1.14167	0.118658	4.02246e-05
10052	1	100	31	500	0.32219	0.224542	0.12484	0.0997013	0.0976479	0.789446	0.0804408	1.14754	0.116988	3.98372e-05
10053	1	100	32	500	0.323407	0.225541	0.122438	0.103103	0.0978664	0.790937	0.0805919	1.14955	0.103751	3.99621e-05
10054	1	100	31	500	0.312606	0.220215	0.120611	0.0996042	0.0923908	0.804625	0.0383998	1.15895	0.0532453	3.9645e-05
10055	1	100	29	500	0.302671	0.210469	0.112289	0.0981799	0.0922024	0.805154	0.0658272	1.14071	0.0925818	3.90704e-05
10056	1	100	29	500	0.31429	0.214865	0.118364	0.0965017	0.0994245	0.802176	0.0545502	1.14512	0.0720565	3.95091e-05
10057	1	100	26	500	0.321254	0.220458	0.120692	0.0997658	0.100796	0.79797	0.0592117	1.14792	0.083779	3.98111e-05
10058	1	100	28	500	0.36972	0.23625	0.129996	0.106253	0.133471	0.794285	0.061918	1.13287	0.0823437	4.03585e-05
10059	1	100	26	500	0.353247	0.228764	0.128865	0.0998988	0.124483	0.794239	0.0831729	1.12516	0.110871	3.94508e-05
10060	1	100	24	500	0.361477	0.232879	0.13303	0.0998488	0.128599	0.785179	0.101074	1.114	0.134409	4.00607e-05
10061	1	100	24	500	0.345446	0.227404	0.131161	0.0962437	0.118041	0.784473	0.103717	1.1186	0.144916	4.00523e-05
10062	1	100	23	500	0.365087	0.236997	0.137038	0.0999592	0.128091	0.788588	0.0866508	1.12971	0.110917	4.07384e-05
10063	1	100	25	500	0.386847	0.243396	0.139701	0.103695	0.143452	0.777601	0.111498	1.10467	0.15213	4.07315e-05
10064	1	100	25	500	0.377561	0.244441	0.143435	0.101007	0.13312	0.789351	0.0666551	1.13944	0.0800673	4.01791e-05
10065	1	100	24	500	0.357589	0.239183	0.144107	0.0950759	0.118407	0.786661	0.0858834	1.13713	0.109657	3.9363e-05
10066	1	100	27	500	0.399638	0.256946	0.15475	0.102196	0.142691	0.760261	0.134276	1.09228	0.177951	3.97626e-05
10067	1	100	25	500	0.39669	0.253533	0.149046	0.104486	0.143157	0.77271	0.0971308	1.11452	0.125324	4.14226e-05
10068	1	100	25	500	0.395197	0.248153	0.138101	0.110052	0.147044	0.780134	0.0950639	1.10997	0.133278	4.19757e-05
10069	1	100	25	500	0.395287	0.24656	0.135799	0.110761	0.148726	0.770579	0.114745	1.08908	0.161856	4.25317e-05
10070	1	100	27	500	0.406792	0.255682	0.140074	0.115608	0.15111	0.761081	0.130014	1.09273	0.18642	4.28206e-05
10071	1	100	25	500	0.433102	0.272941	0.151376	0.121565	0.160161	0.772796	0.0751257	1.12852	0.119012	4.30014e-05
10072	1	100	24	500	0.458899	0.282956	0.160066	0.12289	0.175943	0.758994	0.110405	1.09175	0.161724	4.31536e-05
10073	1	100	24	500	0.454796	0.281313	0.154839	0.126475	0.173482	0.755487	0.125018	1.08679	0.173416	4.38743e-05
10074	1	100	30	500	0.488564	0.301799	0.173427	0.128372	0.186765	0.749761	0.116404	1.09176	0.16649	4.30241e-05
10075	1	100	27	500	0.472479	0.292292	0.163402	0.12889	0.180187	0.752722	0.100486	1.12	0.153364	4.36204e-05
10076	1	100	27	500	0.442125	0.274152	0.148057	0.126095	0.167973	0.752917	0.10559	1.11517	0.162581	4.27469e-05
10077	1	100	31	500	0.457161	0.281278	0.155254	0.126024	0.175883	0.748066	0.104528	1.11377	0.168721	4.28644e-05
10078	1	100	28	500	0.458844	0.279521	0.15619	0.123331	0.179323	0.748716	0.102571	1.10435	0.166758	4.35864e-05
10079	1	100	29	500	0.465584	0.278322	0.145843	0.132479	0.187262	0.749502	0.107784	1.09235	0.179295	4.43391e-05
10080	1	100	28	500	0.492963	0.288298	0.155488	0.13281	0.204665	0.735947	0.130421	1.05942	0.203339	4.537e-05
10081	1	100	29	500	0.477367	0.285335	0.157978	0.127357	0.192032	0.759248	0.105355	1.07914	0.162189	4.40688e-05
10082	1	100	27	500	0.454394	0.276982	0.156146	0.120837	0.177411	0.749916	0.119752	1.06669	0.185728	4.37713e-05
10083	1	100	25	500	0.471371	0.282984	0.160052	0.122931	0.188387	0.726732	0.159057	1.02355	0.233148	4.32221e-05
10084	1	100	27	500	0.5156	0.300613	0.173095	0.127518	0.214987	0.726912	0.154228	1.01243	0.209874	4.38575e-05
10085	1	100	30	500	0.536364	0.307212	0.173577	0.133636	0.229152	0.724028	0.154161	0.998057	0.216233	4.40965e-05
10086	1	100	29	500	0.539366	0.309815	0.181754	0.12806	0.229551	0.731565	0.146046	1.00494	0.207393	4.36592e-05
10087	1	100	30	500	0.545413	0.312202	0.185771	0.12643	0.233211	0.724721	0.147131	1.00327	0.20645	4.42244e-05
10088	1	100	32	500	0.542204	0.306911	0.178497	0.128414	0.235293	0.762519	0.0969346	1.04702	0.138268	4.42788e-05
10089	1	100	32	500	0.536821	0.303779	0.178497	0.125282	0.233042	0.739493	0.137877	1.01332	0.188985	4.36049e-05
10090	1	100	29	500	0.530725	0.294656	0.168675	0.125982	0.236068	0.753845	0.113233	1.03108	0.156459	4.33186e-05
10091	1	100	32	500	0.526745	0.293066	0.16945	0.123617	0.233679	0.742143	0.142508	1.01395	0.193249	4.32015e-05
10092	1	100	31	500	0.484792	0.267664	0.149217	0.118447	0.217128	0.771708	0.101939	1.05725	0.142349	4.30361e-05
10093	1	100	31	500	0.514988	0.285743	0.163613	0.12213	0.229245	0.731531	0.14826	1.01253	0.204017	4.39812e-05
10094	1	100	33	500	0.493637	0.277651	0.153863	0.123788	0.215986	0.748519	0.139687	1.03359	0.191949	4.52606e-05
10095	1	100	25	500	0.496015	0.277788	0.155839	0.121949	0.218227	0.766079	0.102105	1.06537	0.136928	4.43909e-05
10096	1	100	24	500	0.521756	0.289276	0.160077	0.129199	0.23248	0.747406	0.135007	1.02754	0.178955	4.46298e-05
10097	1	100	28	500	0.557414	0.309619	0.178165	0.131453	0.247795	0.719568	0.154246	0.998093	0.210325	4.50433e-05
10098	1	100	27	500	0.58014	0.323162	0.187287	0.135875	0.256978	0.741643	0.113454	1.028	0.160848	4.50815e-05
10099	1	100	24	500	0.554525	0.307411	0.175599	0.131811	0.247114	0.739829	0.137657	1.01912	0.178401	4.52324e-05
10100	1	100	28	500	0.567943	0.309985	0.173659	0.136326	0.257958	0.731854	0.140095	1.01199	0.190891	4.50282e-05
10101	1	100	29	500	0.589426	0.319118	0.178578	0.14054	0.270308	0.70755	0.163612	0.977936	0.217726	4.59106e-05
