Generation	PopulationID	SampleSize	UniqueMutations	PopulationSize	totalLoad	RelzLoad	RelzLoadHomo	RelzLoadHetero	MskLoad	MeanFitness	SdFitness	MeanFitnessCached	SdFitnessCached	Heterozygosity	
10001	1	100	43	500	0.0562618	0.0395781	0.00608666	0.0334915	0.0166836	0.960359	0.0330191	1.02991	0.0362653	2.57696e-05
10002	1	100	29	500	0.0609843	0.0425886	0.00686158	0.035727	0.0183957	0.957643	0.0374471	1.03289	0.0416343	2.45574e-05
10003	1	100	29	500	0.0597534	0.0479137	0.00912312	0.0387906	0.0118396	0.952841	0.0351704	1.04168	0.0396984	2.25774e-05
10004	1	100	23	500	0.0528186	0.0445083	0.00965146	0.0348568	0.00831032	0.955425	0.0312866	1.03934	0.0342365	2.23367e-05
10005	1	100	24	500	0.0650928	0.0461433	0.00970156	0.0364418	0.0189494	0.954315	0.0316087	1.03545	0.0390668	2.24948e-05
10006	1	100	25	500	0.0726927	0.0550449	0.0120997	0.0429452	0.0176478	0.945617	0.0326913	1.04525	0.0404381	2.18106e-05
10007	1	100	21	500	0.0591245	0.0508079	0.00982257	0.0409853	0.00831661	0.949964	0.0353833	1.04595	0.0389121	2.27216e-05
10008	1	100	20	500	0.0606813	0.0523754	0.011318	0.0410574	0.00830589	0.948345	0.0314505	1.04729	0.0338779	2.24319e-05
10009	1	100	18	500	0.0594306	0.0505799	0.00973372	0.0408461	0.00885078	0.950417	0.0352354	1.04568	0.0405868	2.29692e-05
10010	1	100	22	500	0.0629088	0.0518623	0.0101121	0.0417502	0.0110465	0.949203	0.0348498	1.0451	0.0390726	2.32162e-05
10011	1	100	18	500	0.0642054	0.0526837	0.0111041	0.0415796	0.0115217	0.946387	0.0403922	1.04322	0.0479022	2.28085e-05
10012	1	100	18	500	0.0753122	0.0609616	0.0131807	0.0477809	0.0143506	0.940963	0.0337495	1.05202	0.0397594	2.28244e-05
10013	1	100	17	500	0.0725665	0.0607249	0.013018	0.0477069	0.0118416	0.94084	0.0350711	1.05374	0.039906	2.3299e-05
10014	1	100	21	500	0.070405	0.0616637	0.0144288	0.0472349	0.00874136	0.939077	0.0398438	1.05683	0.0459977	2.24192e-05
10015	1	100	20	500	0.0701201	0.0607965	0.0154525	0.045344	0.00932353	0.939976	0.0360115	1.05527	0.0400092	2.25924e-05
10016	1	100	19	500	0.0730415	0.0629487	0.016483	0.0464657	0.0100929	0.938376	0.0376636	1.05728	0.0406785	2.23632e-05
10017	1	100	19	500	0.0767858	0.0630904	0.0184631	0.0446273	0.0136954	0.938143	0.0377259	1.05431	0.0457105	2.2436e-05
10018	1	100	23	500	0.0786829	0.0623973	0.0204053	0.041992	0.0162855	0.936214	0.0435398	1.04819	0.0572984	2.31751e-05
10019	1	100	26	500	0.0777193	0.0608641	0.0184509	0.0424132	0.0168552	0.940623	0.0393131	1.04948	0.0430043	2.34495e-05
10020	1	100	18	500	0.0750925	0.0603803	0.0164197	0.0439606	0.0147121	0.941492	0.0394788	1.05077	0.0432837	2.28737e-05
10021	1	100	18	500	0.0910231	0.0669076	0.0172185	0.0496891	0.0241155	0.935181	0.044659	1.05155	0.0459687	2.31818e-05
10022	1	100	23	500	0.110199	0.0739701	0.0228101	0.0511601	0.0362291	0.927843	0.0446222	1.05118	0.0482899	2.28656e-05
10023	1	100	19	500	0.0765726	0.0623588	0.0177286	0.0446302	0.0142138	0.939502	0.0371317	1.05324	0.0408817	2.45632e-05
10024	1	100	20	500	0.0765825	0.0650577	0.0204105	0.0446472	0.0115248	0.936546	0.0413792	1.05736	0.0460943	2.3604e-05
10025	1	100	22	500	0.0925251	0.0685108	0.021047	0.0474638	0.0240143	0.932934	0.0420595	1.05349	0.0454927	2.41363e-05
10026	1	100	23	500	0.0890413	0.0702619	0.022363	0.0478989	0.0187795	0.93119	0.0423013	1.05867	0.0475312	2.38859e-05
10027	1	100	24	500	0.0958654	0.0734421	0.0253128	0.0481293	0.0224233	0.928565	0.046536	1.06022	0.0457559	2.32002e-05
10028	1	100	21	500	0.0729392	0.0639758	0.0223235	0.0416522	0.00896338	0.936551	0.0385512	1.05755	0.0417092	2.34919e-05
10029	1	100	20	500	0.0847646	0.0709322	0.0280103	0.0429219	0.0138324	0.931069	0.0370678	1.06232	0.0387397	2.27655e-05
10030	1	100	17	500	0.0762737	0.0697422	0.0265827	0.0431594	0.00653155	0.930364	0.0408823	1.06275	0.0465114	2.34628e-05
10031	1	100	12	500	0.0705914	0.06441	0.021345	0.0430651	0.00618131	0.936107	0.0346076	1.05702	0.0439102	2.28711e-05
10032	1	100	15	500	0.0702482	0.0637542	0.0209867	0.0427675	0.00649402	0.937367	0.03737	1.05646	0.0425556	2.22395e-05
10033	1	100	14	500	0.0705914	0.0643658	0.0226464	0.0417195	0.00622554	0.936015	0.0381802	1.05738	0.045405	2.17038e-05
10034	1	100	16	500	0.0762123	0.0691066	0.0256745	0.0434321	0.00710572	0.931598	0.0370931	1.06225	0.0395757	2.23725e-05
10035	1	100	14	500	0.0712103	0.0643878	0.0219006	0.0424872	0.0068225	0.936123	0.0339652	1.05659	0.0424912	2.30531e-05
10036	1	100	18	500	0.0628199	0.0551782	0.0162314	0.0389468	0.00764175	0.945012	0.0381901	1.04734	0.0446055	2.35805e-05
10037	1	100	15	500	0.0656108	0.0572914	0.0148647	0.0424267	0.00831939	0.943369	0.0370745	1.05004	0.0401356	2.46073e-05
10038	1	100	17	500	0.0681308	0.0598281	0.0152023	0.0446258	0.00830268	0.940482	0.0347829	1.05242	0.0398717	2.50172e-05
10039	1	100	13	500	0.0692883	0.0591416	0.0138005	0.0453412	0.0101467	0.94073	0.0368257	1.04954	0.0425236	2.55757e-05
10040	1	100	17	500	0.0742339	0.0617865	0.01475	0.0470365	0.0124474	0.9382	0.0351976	1.04841	0.0417059	2.40281e-05
10041	1	100	15	500	0.0618952	0.05135	0.0133572	0.0379928	0.0105452	0.948946	0.0354697	1.03838	0.046083	2.41314e-05
10042	1	100	18	500	0.0641869	0.0503977	0.0133452	0.0370525	0.0137892	0.949729	0.0431945	1.03625	0.0493015	2.52137e-05
10043	1	100	18	500	0.0977136	0.0566796	0.0132108	0.0434688	0.041034	0.944851	0.0725264	1.02828	0.0844287	2.46208e-05
10044	1	100	19	500	0.163494	0.0705868	0.0137908	0.056796	0.0929071	0.931669	0.112151	1.01528	0.128124	2.57608e-05
10045	1	100	18	500	0.0725062	0.050127	0.0143729	0.035754	0.0223792	0.945362	0.0617756	1.02255	0.0712105	2.44439e-05
10046	1	100	18	500	0.0742975	0.0514868	0.0156429	0.0358439	0.0228107	0.949044	0.0325959	1.03069	0.0445947	2.54491e-05
10047	1	100	20	500	0.0741527	0.0483165	0.0135088	0.0348077	0.0258362	0.954529	0.0315937	1.02706	0.0360551	2.65411e-05
10048	1	100	17	500	0.0728128	0.0487039	0.0110338	0.0376701	0.0241089	0.953218	0.0340133	1.02873	0.0422022	2.732e-05
10049	1	100	18	500	0.0786289	0.056482	0.012957	0.043525	0.0221469	0.942388	0.0478137	1.03499	0.0590432	2.71096e-05
10050	1	100	20	500	0.0797509	0.0550644	0.0130435	0.042021	0.0246865	0.94676	0.0365814	1.03393	0.0461639	2.69944e-05
10051	1	100	18	500	0.0881356	0.0576249	0.0134756	0.0441493	0.0305107	0.94273	0.0401584	1.03106	0.0536128	2.71114e-05
10052	1	100	19	500	0.0864832	0.0581512	0.0128646	0.0452866	0.028332	0.942406	0.0386206	1.03698	0.0499845	2.81872e-05
10053	1	100	21	500	0.0943124	0.070891	0.0189143	0.0519767	0.0234214	0.929234	0.0371126	1.05259	0.0514526	2.67214e-05
10054	1	100	22	500	0.0928634	0.0634403	0.0152936	0.0481467	0.0294231	0.938251	0.0366307	1.0423	0.0520864	2.78244e-05
10055	1	100	22	500	0.101721	0.0658057	0.015497	0.0503087	0.0359157	0.93543	0.0386536	1.0408	0.0549398	2.78896e-05
10056	1	100	24	500	0.12908	0.0729052	0.0181489	0.0547563	0.0561748	0.922408	0.0776128	1.0261	0.101973	2.80758e-05
10057	1	100	23	500	0.130561	0.0807429	0.0222476	0.0584953	0.0498181	0.909686	0.085847	1.03436	0.11507	2.74972e-05
10058	1	100	20	500	0.127782	0.0806469	0.0229802	0.0576667	0.0471356	0.921672	0.0302488	1.04841	0.0569838	2.72605e-05
10059	1	100	18	500	0.139994	0.0797448	0.0237145	0.0560303	0.0602488	0.919436	0.0664847	1.02885	0.0911747	2.83924e-05
10060	1	100	21	500	0.133148	0.0748836	0.0199867	0.0548969	0.0582642	0.929106	0.0340411	1.03364	0.0571623	2.80736e-05
10061	1	100	20	500	0.165693	0.0815304	0.0243377	0.0571927	0.0841626	0.920344	0.0765919	1.00857	0.103515	2.81099e-05
10062	1	100	14	500	0.173102	0.0814076	0.0268255	0.0545821	0.0916941	0.90633	0.115293	0.981367	0.140311	2.83938e-05
10063	1	100	20	500	0.17209	0.0822961	0.0266985	0.0555976	0.0897936	0.925633	0.0626439	1.00461	0.085736	2.8456e-05
10064	1	100	19	500	0.164296	0.0781761	0.0243479	0.0538282	0.0861201	0.922411	0.0797035	0.998303	0.101534	2.85164e-05
10065	1	100	12	500	0.131437	0.0664305	0.0186926	0.0477379	0.0650065	0.927572	0.0771267	1.0029	0.0994338	2.84917e-05
10066	1	100	17	500	0.131899	0.0662521	0.0195213	0.0467308	0.0656473	0.930382	0.0725409	1.00204	0.0966548	2.78849e-05
10067	1	100	12	500	0.13047	0.0686048	0.0201328	0.048472	0.0618648	0.929146	0.0674831	1.00781	0.0888257	2.83894e-05
10068	1	100	15	500	0.13077	0.0669765	0.0201858	0.0467907	0.0637935	0.93199	0.064524	1.00668	0.0848706	2.79575e-05
10069	1	100	14	500	0.150369	0.0708054	0.0218443	0.0489611	0.0795634	0.928313	0.0738818	0.99556	0.0886004	2.84626e-05
10070	1	100	11	500	0.154273	0.0694167	0.0210749	0.0483417	0.0848564	0.933667	0.0651062	0.99546	0.0825262	2.85848e-05
10071	1	100	14	500	0.0936437	0.0580672	0.0173212	0.040746	0.0355765	0.944545	0.0316232	1.0218	0.050565	2.82067e-05
10072	1	100	14	500	0.0979779	0.0602511	0.0166548	0.0435963	0.0377268	0.937924	0.0326369	1.02073	0.0602929	2.84372e-05
10073	1	100	15	500	0.0878972	0.0561073	0.0163696	0.0397377	0.0317899	0.946596	0.0300305	1.02202	0.0505622	2.88927e-05
10074	1	100	14	500	0.0952288	0.0605472	0.0171299	0.0434172	0.0346816	0.942348	0.0331338	1.02642	0.0524974	2.89264e-05
10075	1	100	12	500	0.114699	0.0616226	0.017797	0.0438256	0.0530761	0.94504	0.034219	1.01628	0.0519144	2.89057e-05
10076	1	100	13	500	0.118404	0.0604841	0.0181	0.0423841	0.0579199	0.94523	0.038167	1.00903	0.0570852	2.82964e-05
10077	1	100	10	500	0.103034	0.055753	0.0158553	0.0398977	0.0472807	0.945595	0.0306226	1.01042	0.0531948	2.85782e-05
10078	1	100	12	500	0.129358	0.0675495	0.0205541	0.0469954	0.0618089	0.934983	0.0643611	1.00975	0.0844373	2.89769e-05
10079	1	100	13	500	0.124275	0.0624818	0.0195003	0.0429816	0.0617928	0.940576	0.0523481	1.00356	0.0694685	2.88973e-05
10080	1	100	14	500	0.119839	0.0596523	0.0181452	0.0415071	0.0601865	0.934554	0.0861163	0.99506	0.103679	2.84961e-05
10081	1	100	14	500	0.13227	0.0663621	0.0207213	0.0456408	0.065908	0.939964	0.0481675	1.00753	0.0653181	2.88719e-05
10082	1	100	14	500	0.132628	0.0689389	0.0204891	0.0484499	0.0636891	0.928776	0.0848581	1.00489	0.102523	2.90065e-05
10083	1	100	19	500	0.140204	0.0740385	0.023137	0.0509014	0.0661659	0.92749	0.0686636	1.00936	0.0874676	2.91812e-05
10084	1	100	17	500	0.147257	0.0756294	0.0249363	0.0506931	0.0716277	0.918313	0.106702	0.995791	0.125828	2.96177e-05
10085	1	100	13	500	0.133193	0.0627756	0.020703	0.0420727	0.0704171	0.94679	0.0301932	1.00185	0.0528672	2.94309e-05
10086	1	100	16	500	0.133756	0.0627089	0.0197811	0.0429278	0.0710471	0.936309	0.0689866	0.992628	0.0842458	2.97881e-05
10087	1	100	14	500	0.132172	0.0581822	0.0197217	0.0384605	0.07399	0.950484	0.0366648	0.993681	0.0464569	2.96266e-05
10088	1	100	15	500	0.128763	0.0579181	0.0198166	0.0381015	0.0708453	0.939759	0.0647687	0.985217	0.0805391	2.97866e-05
10089	1	100	14	500	0.140383	0.062735	0.0221538	0.0405812	0.0776484	0.921767	0.118552	0.969656	0.134739	2.9516e-05
10090	1	100	12	500	0.15402	0.0671943	0.0245631	0.0426311	0.0868256	0.927451	0.101896	0.973944	0.115418	2.8542e-05
10091	1	100	17	500	0.134731	0.059164	0.0177704	0.0413937	0.0755668	0.94439	0.0578327	0.994399	0.0712563	2.76842e-05
10092	1	100	17	500	0.148258	0.057878	0.0209741	0.0369039	0.0903795	0.941667	0.088603	0.971899	0.094945	2.61823e-05
10093	1	100	16	500	0.144728	0.0550249	0.0224095	0.0326154	0.0897031	0.950089	0.0611963	0.971181	0.0659503	2.70034e-05
10094	1	100	16	500	0.14874	0.0574555	0.0260858	0.0313697	0.0912846	0.93477	0.109211	0.95498	0.114278	2.71758e-05
10095	1	100	19	500	0.121907	0.0499827	0.0212524	0.0287303	0.0719243	0.951857	0.0616463	0.974668	0.0684051	2.71103e-05
10096	1	100	20	500	0.119346	0.0470728	0.0205464	0.0265264	0.0722727	0.955286	0.0332766	0.973403	0.0449794	2.5622e-05
10097	1	100	19	500	0.161605	0.0609947	0.0267563	0.0342384	0.10061	0.93815	0.0986326	0.957648	0.105897	2.86702e-05
10098	1	100	16	500	0.171426	0.0644879	0.0294178	0.0350701	0.106938	0.95082	0.0330707	0.968547	0.0383074	2.9728e-05
10099	1	100	14	500	0.171991	0.064981	0.0284413	0.0365396	0.10701	0.931315	0.10307	0.952787	0.111906	2.93858e-05
10100	1	100	14	500	0.150089	0.0542159	0.0235887	0.0306272	0.0958729	0.951527	0.0489279	0.965439	0.0538689	2.92986e-05
10101	1	100	13	500	0.166809	0.0582136	0.0254811	0.0327325	0.108595	0.948761	0.051324	0.960294	0.0543537	3.01671e-05
