Generation	PopulationID	SampleSize	UniqueMutations	PopulationSize	totalLoad	RelzLoad	RelzLoadHomo	RelzLoadHetero	MskLoad	MeanFitness	SdFitness	MeanFitnessCached	SdFitnessCached	Heterozygosity	
10001	1	100	60	500	0.085348	0.0566313	0.0368041	0.0198272	0.0287167	0.943988	0.0268599	1.0391	0.0268112	3.22408e-05
10002	1	100	48	500	0.0978784	0.0576825	0.0366819	0.0210006	0.0401959	0.943786	0.0252628	1.03466	0.0275313	3.28937e-05
10003	1	100	32	500	0.0719836	0.048555	0.0354083	0.0131467	0.0234286	0.952472	0.0200914	1.03489	0.0172133	3.39651e-05
10004	1	100	32	500	0.0815325	0.0507127	0.0364425	0.0142702	0.0308198	0.945316	0.0523085	1.02656	0.056941	3.31833e-05
10005	1	100	27	500	0.0760963	0.0485969	0.0355414	0.0130555	0.0274994	0.952509	0.0167732	1.03215	0.0169553	3.33212e-05
10006	1	100	32	500	0.0834303	0.0499024	0.0368951	0.0130073	0.0335279	0.948061	0.0463437	1.02471	0.0501543	3.4344e-05
10007	1	100	28	500	0.0947201	0.0542815	0.0367403	0.0175413	0.0404386	0.949023	0.018531	1.02819	0.0197752	3.90226e-05
10008	1	100	29	500	0.11077	0.0588713	0.0395318	0.0193395	0.0518991	0.944722	0.0360599	1.0235	0.0373414	3.80697e-05
10009	1	100	27	500	0.0864699	0.0516865	0.0343075	0.0173791	0.0347833	0.949227	0.0328544	1.02813	0.0359974	3.92078e-05
10010	1	100	27	500	0.0761836	0.0472809	0.035106	0.012175	0.0289027	0.954276	0.0151975	1.02986	0.0146706	3.87392e-05
10011	1	100	22	500	0.077771	0.0490338	0.0338101	0.0152237	0.0287372	0.95213	0.0167141	1.0302	0.015778	4.17073e-05
10012	1	100	24	500	0.0839156	0.0512706	0.034296	0.0169746	0.032645	0.950907	0.0186353	1.02989	0.0161442	4.18064e-05
10013	1	100	23	500	0.0831943	0.0510892	0.0337871	0.0173021	0.0321051	0.951464	0.017066	1.03015	0.0153069	4.30098e-05
10014	1	100	25	500	0.0842994	0.0510622	0.0340172	0.017045	0.0332372	0.950029	0.0320674	1.02698	0.0353459	4.27308e-05
10015	1	100	24	500	0.0902021	0.0530937	0.0346156	0.0184781	0.0371083	0.950025	0.0208427	1.02724	0.0174215	4.19529e-05
10016	1	100	25	500	0.106129	0.0587411	0.0389434	0.0197977	0.0473877	0.947332	0.0187889	1.02325	0.0195847	4.13325e-05
10017	1	100	20	500	0.114648	0.0627195	0.039247	0.0234725	0.0519286	0.934649	0.0696488	1.01285	0.0761235	4.29672e-05
10018	1	100	26	500	0.12002	0.0649769	0.0400654	0.0249116	0.0550429	0.940327	0.0407949	1.02048	0.0440561	4.06617e-05
10019	1	100	20	500	0.126002	0.0680203	0.0426838	0.0253364	0.0579819	0.932335	0.0657132	1.01255	0.0700355	4.05198e-05
10020	1	100	22	500	0.108054	0.0604359	0.0374303	0.0230056	0.0476181	0.942657	0.0352731	1.02382	0.0356095	4.34577e-05
10021	1	100	24	500	0.117307	0.0642928	0.0387262	0.0255666	0.0530138	0.939901	0.0428229	1.02048	0.0476953	4.40038e-05
10022	1	100	23	500	0.124213	0.0674039	0.0406738	0.0267301	0.0568095	0.936988	0.049323	1.01759	0.0530575	4.32706e-05
10023	1	100	22	500	0.110793	0.061288	0.0384065	0.0228816	0.0495052	0.939621	0.0486549	1.02006	0.0531531	4.25916e-05
10024	1	100	26	500	0.109679	0.0619532	0.0362187	0.0257345	0.047726	0.943209	0.0205943	1.02773	0.0183141	4.45794e-05
10025	1	100	19	500	0.131672	0.070158	0.0433543	0.0268037	0.0615141	0.933934	0.051394	1.01248	0.0559058	4.38082e-05
10026	1	100	23	500	0.130096	0.0700937	0.0454504	0.0246433	0.0600024	0.927806	0.077697	1.0036	0.0843398	4.34219e-05
10027	1	100	14	500	0.108567	0.0599249	0.0410306	0.0188943	0.0486424	0.93922	0.0597231	1.0131	0.0654398	4.22574e-05
10028	1	100	15	500	0.103614	0.0583095	0.0395446	0.0187649	0.0453046	0.944834	0.0371465	1.01958	0.0393583	4.30538e-05
10029	1	100	16	500	0.106415	0.0598969	0.0383838	0.021513	0.0465184	0.941662	0.0445556	1.01801	0.0460934	4.52181e-05
10030	1	100	19	500	0.108898	0.060683	0.0363998	0.0242832	0.0482154	0.942676	0.0345062	1.02139	0.0374044	4.58596e-05
10031	1	100	20	500	0.119071	0.0658659	0.0366509	0.029215	0.0532046	0.941557	0.0194405	1.02486	0.0223211	4.71937e-05
10032	1	100	16	500	0.120435	0.0664541	0.0370401	0.029414	0.0539808	0.93396	0.0545877	1.01518	0.0583191	4.82642e-05
10033	1	100	15	500	0.121625	0.0678056	0.037863	0.0299426	0.0538198	0.936018	0.0444874	1.01806	0.0471584	4.77765e-05
10034	1	100	17	500	0.117668	0.0673995	0.035912	0.0314876	0.0502684	0.934655	0.0471922	1.0193	0.0502493	4.86579e-05
10035	1	100	19	500	0.103869	0.0639788	0.0327087	0.0312701	0.0398902	0.937144	0.0260097	1.02518	0.0189723	5.04131e-05
10036	1	100	19	500	0.100475	0.0633744	0.0323005	0.031074	0.0371005	0.937628	0.0265191	1.02638	0.0187542	5.01352e-05
10037	1	100	16	500	0.107984	0.0636408	0.0336883	0.0299525	0.044343	0.93853	0.0407528	1.02354	0.043714	4.92605e-05
10038	1	100	13	500	0.0988106	0.0601795	0.0322591	0.0279204	0.0386311	0.940595	0.0410131	1.02518	0.0432228	4.92395e-05
10039	1	100	14	500	0.108299	0.0619626	0.0355799	0.0263827	0.046336	0.943306	0.0217467	1.02459	0.0196524	4.8178e-05
10040	1	100	13	500	0.100101	0.0591548	0.033519	0.0256358	0.0409466	0.943479	0.0192367	1.02502	0.019232	4.82806e-05
10041	1	100	15	500	0.114552	0.0640944	0.0373681	0.0267262	0.0504573	0.942161	0.022513	1.02231	0.0210396	4.79196e-05
10042	1	100	14	500	0.130035	0.071395	0.0416005	0.0297945	0.0586404	0.929403	0.0651613	1.0096	0.0719947	4.85189e-05
10043	1	100	17	500	0.140656	0.0768699	0.0438233	0.0330466	0.0637863	0.921263	0.079642	1.00282	0.087773	4.89289e-05
10044	1	100	14	500	0.122832	0.0685703	0.0389583	0.029612	0.0542613	0.941481	0.0184793	1.02351	0.0201962	4.90024e-05
10045	1	100	14	500	0.126763	0.0710471	0.0406927	0.0303543	0.0557162	0.937661	0.0197301	1.01974	0.019475	4.93761e-05
10046	1	100	16	500	0.117507	0.0680322	0.0375701	0.0304621	0.0494744	0.930665	0.0533213	1.01412	0.058146	4.97143e-05
10047	1	100	14	500	0.118992	0.0694184	0.0373572	0.0320612	0.0495739	0.929794	0.0483043	1.0149	0.0526537	4.99836e-05
10048	1	100	17	500	0.108208	0.0641977	0.0352726	0.0289251	0.0440105	0.941947	0.0176085	1.02607	0.019012	5.01764e-05
10049	1	100	17	500	0.112536	0.0647813	0.0360461	0.0287352	0.0477551	0.939412	0.0193134	1.02201	0.0183322	4.96648e-05
10050	1	100	16	500	0.116563	0.0652241	0.0369902	0.0282338	0.0513386	0.937939	0.0187616	1.01924	0.0209078	5.01101e-05
10051	1	100	16	500	0.129908	0.0701849	0.0411421	0.0290428	0.0597234	0.93844	0.0170463	1.01843	0.0197923	4.87071e-05
10052	1	100	20	500	0.128514	0.0691789	0.0409406	0.0282383	0.0593355	0.931249	0.0499258	1.01003	0.0554013	4.82262e-05
10053	1	100	16	500	0.118246	0.0662385	0.0418458	0.0243927	0.0520075	0.937674	0.0141983	1.01512	0.0179266	4.56629e-05
10054	1	100	16	500	0.131329	0.0709654	0.0431245	0.0278409	0.0603637	0.934313	0.0383395	1.01286	0.043466	4.85624e-05
10055	1	100	15	500	0.134259	0.0719356	0.0451191	0.0268165	0.0623235	0.933353	0.0382831	1.01041	0.0427305	4.76247e-05
10056	1	100	17	500	0.145047	0.0770572	0.0480566	0.0290005	0.0679894	0.917118	0.0814925	0.993775	0.0896959	4.90534e-05
10057	1	100	15	500	0.144474	0.0778281	0.0487128	0.0291153	0.0666461	0.925357	0.0650583	1.0028	0.0727812	4.87038e-05
10058	1	100	17	500	0.141507	0.0758966	0.0499322	0.0259644	0.0656108	0.929487	0.0517969	1.00485	0.0563695	4.73937e-05
10059	1	100	16	500	0.163186	0.0857582	0.0544738	0.0312844	0.0774282	0.913618	0.0800374	0.989685	0.0872038	5.00134e-05
10060	1	100	16	500	0.146445	0.0779574	0.0497559	0.0282015	0.0684873	0.915819	0.0840846	0.99136	0.0929306	4.86331e-05
10061	1	100	15	500	0.149687	0.0792952	0.0492957	0.0299996	0.0703913	0.92227	0.0644117	0.999348	0.069911	4.9397e-05
10062	1	100	17	500	0.153331	0.0825755	0.0508179	0.0317575	0.0707551	0.92325	0.06144	1.0021	0.0681933	4.92497e-05
10063	1	100	19	500	0.162573	0.0853742	0.052727	0.0326472	0.0771985	0.918097	0.0715751	0.996004	0.0786827	4.9784e-05
10064	1	100	18	500	0.175818	0.0910479	0.054632	0.0364159	0.0847701	0.916712	0.0659564	0.996092	0.0719615	5.14688e-05
10065	1	100	16	500	0.189788	0.0994956	0.0592002	0.0402954	0.0902919	0.903181	0.0852749	0.98417	0.0937004	5.22896e-05
10066	1	100	17	500	0.188397	0.0989091	0.0616616	0.0372475	0.0894879	0.913189	0.0719607	0.992205	0.0789591	5.03838e-05
10067	1	100	22	500	0.171263	0.0905902	0.0559241	0.0346662	0.0806729	0.912857	0.078177	0.991334	0.0863665	4.94687e-05
10068	1	100	21	500	0.16824	0.0898493	0.0529833	0.036866	0.0783904	0.92303	0.0517767	1.00537	0.057101	5.08827e-05
10069	1	100	19	500	0.172783	0.0887593	0.054671	0.0340883	0.0840237	0.913932	0.0814069	0.991192	0.088623	5.05164e-05
10070	1	100	20	500	0.159153	0.0820487	0.0464258	0.0356228	0.0771039	0.913164	0.0820437	0.993558	0.0917149	5.16795e-05
10071	1	100	22	500	0.159372	0.0844673	0.0473542	0.0371131	0.0749048	0.918033	0.0662188	1.00143	0.0725943	5.33149e-05
10072	1	100	23	500	0.177955	0.093041	0.0525559	0.040485	0.084914	0.915273	0.0577991	1.00016	0.0653036	5.37966e-05
10073	1	100	23	500	0.187078	0.101318	0.0608634	0.0404546	0.08576	0.91526	0.0593705	1.00042	0.0656242	5.36069e-05
10074	1	100	21	500	0.186732	0.103084	0.0614064	0.0416775	0.0836478	0.896851	0.0965083	0.981862	0.103819	5.30789e-05
10075	1	100	18	500	0.189102	0.102098	0.0642148	0.0378829	0.0870043	0.901515	0.0959918	0.982105	0.104308	5.16516e-05
10076	1	100	14	500	0.218174	0.120614	0.0797726	0.040841	0.0975603	0.877253	0.119077	0.954854	0.131716	5.11749e-05
10077	1	100	16	500	0.205089	0.106258	0.0672351	0.0390229	0.0988309	0.893705	0.100809	0.97071	0.111278	5.07007e-05
10078	1	100	17	500	0.228797	0.12456	0.0881325	0.0364273	0.104238	0.881544	0.107788	0.954379	0.118237	4.80631e-05
10079	1	100	20	500	0.236366	0.134251	0.0988468	0.0354044	0.102115	0.865369	0.129864	0.936729	0.142831	4.69867e-05
10080	1	100	18	500	0.233544	0.127653	0.0897615	0.0378918	0.10589	0.865781	0.127875	0.938241	0.141745	4.93169e-05
10081	1	100	16	500	0.23662	0.126451	0.0888876	0.0375637	0.110169	0.865328	0.127068	0.936393	0.13925	4.90472e-05
10082	1	100	18	500	0.247453	0.131268	0.0922887	0.0389796	0.116185	0.870063	0.121351	0.942028	0.13362	4.96013e-05
10083	1	100	19	500	0.243308	0.125907	0.0881134	0.0377938	0.117401	0.870922	0.121424	0.941398	0.133144	4.81851e-05
10084	1	100	21	500	0.26079	0.137649	0.101865	0.0357835	0.123141	0.859057	0.132726	0.926799	0.14404	4.61233e-05
10085	1	100	17	500	0.278948	0.156809	0.120794	0.0360151	0.122139	0.864305	0.123073	0.932442	0.13386	4.557e-05
10086	1	100	18	500	0.277451	0.158993	0.124316	0.0346779	0.118458	0.844775	0.141793	0.911873	0.154451	4.5952e-05
10087	1	100	18	500	0.283109	0.168511	0.133397	0.0351142	0.114598	0.834295	0.145489	0.901005	0.157986	4.55041e-05
10088	1	100	22	500	0.311063	0.195061	0.16208	0.0329814	0.116002	0.812457	0.155496	0.876841	0.168607	4.29266e-05
10089	1	100	20	500	0.307273	0.208668	0.180319	0.0283496	0.0986049	0.805594	0.159092	0.868943	0.170878	4.02994e-05
10090	1	100	22	500	0.329917	0.221506	0.192029	0.0294769	0.108411	0.785058	0.162329	0.845335	0.173972	3.97655e-05
10091	1	100	19	500	0.343902	0.225224	0.192156	0.0330679	0.118679	0.788032	0.157132	0.849001	0.169763	4.11951e-05
10092	1	100	21	500	0.33737	0.215251	0.182018	0.0332334	0.122118	0.783147	0.161506	0.84316	0.174169	4.20397e-05
10093	1	100	19	500	0.34207	0.222497	0.190281	0.0322151	0.119574	0.794063	0.155608	0.854753	0.167321	4.15967e-05
10094	1	100	23	500	0.336583	0.22125	0.190537	0.0307128	0.115334	0.79052	0.160103	0.850506	0.17242	4.09081e-05
10095	1	100	21	500	0.343201	0.232584	0.201244	0.03134	0.110617	0.781298	0.161103	0.842549	0.175122	4.04344e-05
10096	1	100	19	500	0.334259	0.222928	0.192312	0.0306153	0.111332	0.796766	0.159894	0.85801	0.171859	4.13777e-05
10097	1	100	20	500	0.333533	0.223951	0.194276	0.0296741	0.109583	0.788172	0.1655	0.848417	0.177635	4.01278e-05
10098	1	100	21	500	0.322156	0.216222	0.187403	0.0288194	0.105934	0.801237	0.159117	0.862701	0.171117	4.12161e-05
10099	1	100	20	500	0.33783	0.240777	0.214254	0.0265232	0.0970534	0.780296	0.168333	0.840733	0.180888	3.81969e-05
10100	1	100	21	500	0.348051	0.232742	0.200708	0.0320342	0.115308	0.781631	0.163974	0.842658	0.176847	4.00263e-05
10101	1	100	22	500	0.337893	0.223239	0.191604	0.0316349	0.114654	0.783656	0.163862	0.844698	0.17717	4.04021e-05
