Generation	PopulationID	SampleSize	UniqueMutations	PopulationSize	totalLoad	RelzLoad	RelzLoadHomo	RelzLoadHetero	MskLoad	MeanFitness	SdFitness	MeanFitnessCached	SdFitnessCached	Heterozygosity	
10001	1	100	55	500	0.115745	0.10908	0.0791481	0.0299323	0.00666457	0.893642	0.0260621	1.10551	0.0311113	3.53189e-05
10002	1	100	41	500	0.132563	0.116898	0.0866949	0.0302033	0.0156645	0.887382	0.0281073	1.10912	0.0379838	3.45438e-05
10003	1	100	41	500	0.130259	0.116744	0.0858395	0.030905	0.0135145	0.887412	0.0289746	1.11003	0.0389103	3.43797e-05
10004	1	100	40	500	0.130318	0.113264	0.082227	0.031037	0.0170538	0.891077	0.024895	1.10427	0.0297861	3.57433e-05
10005	1	100	38	500	0.134265	0.115519	0.0809154	0.0346034	0.0187464	0.889276	0.0287104	1.10568	0.0349547	3.81087e-05
10006	1	100	36	500	0.138376	0.113996	0.0773688	0.0366271	0.0243803	0.88872	0.0267972	1.09755	0.0433085	3.96165e-05
10007	1	100	38	500	0.145253	0.117158	0.0811614	0.0359966	0.0280953	0.886206	0.0259676	1.09856	0.0363202	3.78383e-05
10008	1	100	40	500	0.147751	0.115004	0.0778349	0.0371689	0.0327475	0.890127	0.0288926	1.0954	0.0338319	3.82714e-05
10009	1	100	32	500	0.145489	0.113459	0.0750231	0.0384362	0.0320294	0.890134	0.0328832	1.09131	0.0391675	4.0167e-05
10010	1	100	33	500	0.158871	0.119771	0.0794124	0.0403589	0.0390994	0.883939	0.0321089	1.09184	0.0411272	4.14546e-05
10011	1	100	31	500	0.162179	0.122225	0.0864443	0.0357807	0.0399536	0.880503	0.0435738	1.09122	0.0462564	3.85506e-05
10012	1	100	30	500	0.15947	0.124958	0.093858	0.0310999	0.0345118	0.880102	0.0268634	1.10146	0.0368659	3.61453e-05
10013	1	100	29	500	0.160351	0.125967	0.0951227	0.0308443	0.0343842	0.877918	0.0405814	1.10043	0.0458146	3.69541e-05
10014	1	100	26	500	0.168037	0.129807	0.0985033	0.0313033	0.0382307	0.877233	0.029157	1.10627	0.0353548	3.68012e-05
10015	1	100	29	500	0.152036	0.131085	0.107292	0.0237922	0.0209513	0.873567	0.0259331	1.11676	0.0301231	3.26438e-05
10016	1	100	28	500	0.147944	0.1308	0.107199	0.0236013	0.0171439	0.873291	0.0252024	1.11791	0.0300468	3.28665e-05
10017	1	100	24	500	0.152567	0.137455	0.12009	0.0173656	0.0151116	0.867416	0.0187569	1.12699	0.025655	2.87791e-05
10018	1	100	22	500	0.148672	0.134869	0.117233	0.0176357	0.0138032	0.870881	0.0187039	1.12729	0.0244494	2.91609e-05
10019	1	100	28	500	0.149834	0.136501	0.116467	0.0200335	0.0133332	0.868628	0.0231017	1.1282	0.0299832	2.95312e-05
10020	1	100	27	500	0.152177	0.136452	0.115816	0.020636	0.015725	0.867945	0.0195784	1.12555	0.0348717	3.01753e-05
10021	1	100	23	500	0.149534	0.139539	0.121994	0.0175453	0.00999487	0.866292	0.0187116	1.1345	0.0243483	2.7607e-05
10022	1	100	15	500	0.107184	0.0959922	0.0802856	0.0157066	0.0111922	0.905265	0.0206676	1.08587	0.0258364	2.71351e-05
10023	1	100	14	500	0.10742	0.095027	0.0794711	0.0155559	0.0123928	0.906885	0.0191999	1.08398	0.0227812	2.5899e-05
10024	1	100	9	500	0.0309131	0.0190024	0.0060087	0.0129937	0.0119107	0.981243	0.0158705	1.01029	0.0190398	2.41604e-05
10025	1	100	11	500	0.0313855	0.0193152	0.00616215	0.013153	0.0120704	0.981082	0.0142528	1.01097	0.018107	2.37284e-05
10026	1	100	8	500	0.0338188	0.0218819	0.00791751	0.0139643	0.0119369	0.97824	0.0156681	1.01387	0.0188763	2.37731e-05
10027	1	100	10	500	0.040985	0.0253233	0.0101681	0.0151551	0.0156617	0.973223	0.0243898	1.01214	0.0314832	2.35367e-05
10028	1	100	12	500	0.0425575	0.0269472	0.0111648	0.0157825	0.0156103	0.972944	0.0212792	1.01503	0.0276926	2.39255e-05
10029	1	100	12	500	0.0370635	0.0242571	0.00973019	0.0145269	0.0128064	0.975806	0.0144852	1.01653	0.0194137	2.41259e-05
10030	1	100	9	500	0.0417841	0.0267931	0.010888	0.0159051	0.014991	0.968689	0.0332817	1.01062	0.0429765	2.42094e-05
10031	1	100	10	500	0.0389346	0.0260809	0.0106289	0.0154521	0.0128536	0.971708	0.0260821	1.01447	0.0339429	2.4717e-05
10032	1	100	14	500	0.0383265	0.026824	0.0115299	0.0152941	0.0115025	0.973815	0.0163907	1.01949	0.0187395	2.50564e-05
10033	1	100	12	500	0.0422049	0.027593	0.0117141	0.0158789	0.0146119	0.971304	0.0243461	1.01589	0.0302926	2.53598e-05
10034	1	100	8	500	0.0454431	0.0283467	0.0113527	0.016994	0.0170964	0.973192	0.0168778	1.01547	0.0204666	2.61036e-05
10035	1	100	10	500	0.0494073	0.0269966	0.0108923	0.0161043	0.0224107	0.968084	0.0384609	1.0006	0.0484942	2.70386e-05
10036	1	100	10	500	0.0444585	0.0261655	0.0106897	0.0154758	0.0182929	0.973677	0.0242016	1.01036	0.0318527	2.64677e-05
10037	1	100	7	500	0.0712047	0.0357717	0.0156556	0.0201161	0.035433	0.965899	0.0325728	1.01301	0.0317341	2.50564e-05
10038	1	100	9	500	0.0864866	0.0380996	0.0147112	0.0233884	0.048387	0.96258	0.0437353	1.00687	0.0507373	2.57241e-05
10039	1	100	9	500	0.11619	0.045772	0.0168923	0.0288796	0.0704177	0.958107	0.0502371	1.00424	0.0530979	2.53167e-05
10040	1	100	10	500	0.12849	0.0482942	0.0171927	0.0311015	0.0801956	0.950609	0.0584196	0.988585	0.0671614	2.64843e-05
10041	1	100	11	500	0.0910176	0.0392865	0.0156788	0.0236077	0.0517311	0.960831	0.046782	0.99496	0.0507661	2.68129e-05
10042	1	100	10	500	0.128731	0.0502693	0.0197598	0.0305095	0.0784615	0.952234	0.0545211	0.988374	0.0578797	2.66752e-05
10043	1	100	16	500	0.109728	0.0475096	0.0213564	0.0261532	0.062218	0.957037	0.047922	0.99034	0.053487	2.66673e-05
10044	1	100	13	500	0.10431	0.0454179	0.0201769	0.025241	0.0588916	0.954608	0.0511915	0.987604	0.059818	2.66968e-05
10045	1	100	14	500	0.0946727	0.0402085	0.016559	0.0236495	0.0544643	0.967116	0.0360952	0.996682	0.0378041	2.6761e-05
10046	1	100	18	500	0.0904707	0.0425355	0.0207383	0.0217972	0.0479352	0.961648	0.0434071	0.990179	0.0509525	2.61344e-05
10047	1	100	14	500	0.0825561	0.0391197	0.0174465	0.0216732	0.0434364	0.962065	0.0402513	0.997605	0.0483811	2.60272e-05
10048	1	100	13	500	0.0619543	0.0323583	0.0147663	0.017592	0.0295961	0.969565	0.0311486	1.0004	0.0388534	2.61225e-05
10049	1	100	12	500	0.0661307	0.0343149	0.0166643	0.0176506	0.0318158	0.9663	0.0390072	0.99427	0.0469229	2.61619e-05
10050	1	100	10	500	0.0665473	0.0341108	0.0160604	0.0180504	0.0324365	0.968837	0.0327701	0.998123	0.0392232	2.66885e-05
10051	1	100	12	500	0.0654324	0.0337494	0.0158103	0.0179391	0.031683	0.966744	0.0371743	0.996565	0.046199	2.66818e-05
10052	1	100	11	500	0.0660047	0.0339614	0.0161866	0.0177747	0.0320433	0.971144	0.0289028	0.999457	0.0347007	2.6862e-05
10053	1	100	10	500	0.0640051	0.0334281	0.0154667	0.0179614	0.0305771	0.966186	0.0366727	0.997786	0.0437703	2.72318e-05
10054	1	100	12	500	0.0577109	0.0287168	0.0110858	0.0176309	0.0289941	0.97347	0.0283142	1.00588	0.0324618	2.7105e-05
10055	1	100	14	500	0.0568809	0.0302968	0.0128747	0.0174221	0.0265841	0.971488	0.0261915	1.00678	0.0313248	2.74729e-05
10056	1	100	15	500	0.0532994	0.0265923	0.0101852	0.0164071	0.0267071	0.974253	0.0271437	1.0023	0.0313481	2.77423e-05
10057	1	100	13	500	0.0507067	0.0266793	0.0102024	0.0164769	0.0240274	0.974753	0.0213461	1.00749	0.0232239	2.7505e-05
10058	1	100	16	500	0.0619453	0.0287751	0.010702	0.018073	0.0331702	0.965649	0.0420244	0.994057	0.0495741	2.82659e-05
10059	1	100	10	500	0.0569445	0.0277733	0.0109404	0.0168329	0.0291711	0.968267	0.0395588	0.995523	0.044646	2.82638e-05
10060	1	100	11	500	0.0571379	0.0283272	0.0108313	0.0174959	0.0288107	0.972701	0.0279463	1.00383	0.0310667	2.76736e-05
10061	1	100	13	500	0.0630739	0.0309214	0.0124738	0.0184475	0.0321525	0.971852	0.0272582	1.00377	0.0267713	2.79552e-05
10062	1	100	10	500	0.0640745	0.0312668	0.012761	0.0185058	0.0328078	0.972214	0.0243188	1.00346	0.0155986	2.85198e-05
10063	1	100	11	500	0.0712392	0.0348207	0.0150307	0.0197901	0.0364185	0.964627	0.0345505	0.998774	0.037365	2.86587e-05
10064	1	100	12	500	0.0707056	0.0363832	0.0166134	0.0197698	0.0343224	0.968159	0.0218213	1.00856	0.0239307	2.82983e-05
10065	1	100	12	500	0.0678433	0.034869	0.0154893	0.0193796	0.0329744	0.962986	0.0348814	1.00234	0.0406067	2.81139e-05
10066	1	100	10	500	0.08213	0.039524	0.0179451	0.0215789	0.0426061	0.96586	0.022871	1.00226	0.0173338	2.9021e-05
10067	1	100	12	500	0.0899116	0.0434534	0.0207136	0.0227398	0.0464582	0.958473	0.0366514	0.997227	0.0351619	2.87781e-05
10068	1	100	12	500	0.0830455	0.0410313	0.0192345	0.0217968	0.0420142	0.960296	0.0297343	1.00459	0.0291002	2.7578e-05
10069	1	100	11	500	0.0914992	0.0461599	0.0236233	0.0225366	0.0453393	0.949309	0.0490612	0.997284	0.051376	2.71319e-05
10070	1	100	12	500	0.0982392	0.050095	0.0269178	0.0231772	0.0481442	0.950371	0.0441445	1.00161	0.038126	2.66056e-05
10071	1	100	11	500	0.117878	0.0558684	0.0293069	0.0265615	0.0620095	0.941338	0.0481765	0.991132	0.0476534	2.74097e-05
10072	1	100	13	500	0.114344	0.0530347	0.0267105	0.0263242	0.0613092	0.951094	0.032788	1.00226	0.0278754	2.69906e-05
10073	1	100	12	500	0.12678	0.0603656	0.0330153	0.0273503	0.0664144	0.939329	0.0402437	0.992715	0.0451043	2.71704e-05
10074	1	100	14	500	0.119965	0.0550357	0.0276321	0.0274036	0.0649298	0.945378	0.0405011	0.994092	0.046089	2.88226e-05
10075	1	100	16	500	0.125522	0.0557854	0.0270761	0.0287093	0.0697362	0.951346	0.0300626	0.997148	0.0323133	2.90808e-05
10076	1	100	14	500	0.110547	0.0504072	0.0241048	0.0263023	0.0601403	0.95509	0.028651	0.997155	0.0320116	2.92293e-05
10077	1	100	13	500	0.115135	0.0545046	0.0280777	0.0264269	0.0606301	0.948092	0.0400598	0.99009	0.0455671	3.01763e-05
10078	1	100	13	500	0.118221	0.0536744	0.0265481	0.0271263	0.064547	0.95503	0.0351226	0.991802	0.0364546	3.01719e-05
10079	1	100	12	500	0.119954	0.0532833	0.0263252	0.0269581	0.0666708	0.94954	0.0485284	0.98038	0.0542297	3.01357e-05
10080	1	100	10	500	0.118761	0.0530321	0.0262175	0.0268146	0.0657289	0.948733	0.0544428	0.980591	0.0654171	2.98051e-05
10081	1	100	12	500	0.1284	0.056148	0.0277678	0.0283801	0.0722519	0.942429	0.0597073	0.973424	0.0673145	3.04181e-05
10082	1	100	11	500	0.137967	0.061168	0.0315988	0.0295692	0.0767987	0.944877	0.0567061	0.976167	0.0621485	2.97512e-05
10083	1	100	12	500	0.136973	0.063129	0.0337324	0.0293966	0.0738443	0.941537	0.0583875	0.977928	0.0669312	2.9434e-05
10084	1	100	10	500	0.154056	0.0740524	0.0429491	0.0311033	0.0800036	0.919629	0.0829181	0.957542	0.0939902	3.02023e-05
10085	1	100	14	500	0.144831	0.0674813	0.0357923	0.031689	0.07735	0.936868	0.06371	0.977078	0.0731201	2.99633e-05
10086	1	100	15	500	0.144322	0.0690182	0.0380468	0.0309714	0.0753036	0.93998	0.0628387	0.979756	0.0666501	2.91316e-05
10087	1	100	16	500	0.117675	0.0554793	0.0271402	0.0283391	0.0621952	0.949854	0.0474737	0.991171	0.0569259	2.7622e-05
10088	1	100	17	500	0.123985	0.0569049	0.0261366	0.0307683	0.0670801	0.945263	0.068035	0.986594	0.0723993	2.84273e-05
10089	1	100	14	500	0.121315	0.0585602	0.0262768	0.0322834	0.0627551	0.941709	0.057063	0.991747	0.0691614	2.86259e-05
10090	1	100	18	500	0.123056	0.0556433	0.0245274	0.0311159	0.0674125	0.948145	0.0536018	0.987232	0.0624759	2.82696e-05
10091	1	100	19	500	0.140141	0.0624811	0.0289263	0.0335548	0.0776601	0.941761	0.0550549	0.980553	0.0668928	2.81648e-05
10092	1	100	17	500	0.136378	0.0585971	0.0275634	0.0310337	0.0777813	0.940258	0.0673783	0.972977	0.0723979	2.77136e-05
10093	1	100	20	500	0.130553	0.0593954	0.0307751	0.0286203	0.0711578	0.93866	0.074151	0.966131	0.080655	2.57541e-05
10094	1	100	16	500	0.142883	0.0629516	0.0319462	0.0310054	0.0799318	0.941155	0.0661154	0.970823	0.071183	2.58678e-05
10095	1	100	16	500	0.152745	0.0715682	0.0388091	0.0327591	0.0811771	0.92512	0.0851413	0.956857	0.0925	2.54526e-05
10096	1	100	16	500	0.141127	0.0724706	0.0385222	0.0339484	0.0686568	0.929381	0.0706623	0.976667	0.0846375	2.70895e-05
10097	1	100	19	500	0.162286	0.0870771	0.0517341	0.035343	0.0752087	0.911738	0.0850063	0.961403	0.100108	2.85543e-05
10098	1	100	18	500	0.174304	0.0971673	0.0612913	0.035876	0.0771368	0.903164	0.0911247	0.953349	0.106595	2.90787e-05
10099	1	100	17	500	0.184879	0.104396	0.0662114	0.0381847	0.080483	0.900739	0.0924929	0.951399	0.109579	2.91739e-05
10100	1	100	17	500	0.178449	0.0991702	0.0631435	0.0360266	0.0792788	0.91153	0.088158	0.953506	0.09884	2.7842e-05
10101	1	100	20	500	0.172042	0.0986204	0.0608845	0.0377359	0.0734218	0.906712	0.0891316	0.953795	0.0971827	2.71291e-05
