Generation	PopulationID	SampleSize	UniqueMutations	PopulationSize	totalLoad	RelzLoad	RelzLoadHomo	RelzLoadHetero	MskLoad	MeanFitness	SdFitness	MeanFitnessCached	SdFitnessCached	Heterozygosity	
10001	1	100	56	500	0.264166	0.252195	0.219651	0.0325444	0.0119711	0.769639	0.0211713	1.2357	0.0286269	2.20747e-05
10002	1	100	45	500	0.267587	0.254287	0.216656	0.0376314	0.0132995	0.768335	0.0239708	1.2394	0.0315936	2.33283e-05
10003	1	100	37	500	0.233993	0.220324	0.180029	0.0402944	0.0136696	0.796454	0.0260962	1.19689	0.0271158	2.36543e-05
10004	1	100	36	500	0.239662	0.226092	0.180626	0.0454663	0.0135706	0.791233	0.0311537	1.20058	0.0288644	2.40344e-05
10005	1	100	36	500	0.237344	0.224948	0.177468	0.0474795	0.012396	0.792897	0.0286364	1.20288	0.0290534	2.47916e-05
10006	1	100	28	500	0.237509	0.22634	0.182211	0.0441293	0.0111683	0.791695	0.0301182	1.20294	0.0298507	2.46054e-05
10007	1	100	25	500	0.236059	0.224434	0.172931	0.0515032	0.0116252	0.793218	0.0340904	1.20076	0.0276296	2.56285e-05
10008	1	100	27	500	0.232691	0.221199	0.162395	0.0588037	0.0114919	0.795303	0.0385934	1.19892	0.0343167	2.8841e-05
10009	1	100	27	500	0.238463	0.226248	0.171033	0.0552145	0.0122154	0.791063	0.0373424	1.20079	0.03446	2.75129e-05
10010	1	100	23	500	0.228703	0.216763	0.15455	0.062213	0.0119397	0.799482	0.0365554	1.1955	0.0333791	3.01022e-05
10011	1	100	24	500	0.227784	0.214306	0.146633	0.0676735	0.0134773	0.801947	0.0377072	1.19228	0.0416102	3.15009e-05
10012	1	100	27	500	0.223473	0.213469	0.152805	0.0606644	0.0100033	0.802197	0.034382	1.19483	0.0379514	3.0051e-05
10013	1	100	27	500	0.21891	0.211167	0.153691	0.0574756	0.00774309	0.805101	0.0296365	1.1951	0.0302078	2.89954e-05
10014	1	100	20	500	0.224767	0.217195	0.16223	0.0549656	0.00757176	0.799366	0.0321379	1.20007	0.0337252	2.78401e-05
10015	1	100	20	500	0.227217	0.219935	0.16765	0.0522854	0.00728158	0.796817	0.0291205	1.20372	0.0332483	2.72395e-05
10016	1	100	24	500	0.221691	0.215218	0.154426	0.0607917	0.00647311	0.801357	0.0280191	1.20238	0.0307261	3.05376e-05
10017	1	100	23	500	0.222477	0.214737	0.157524	0.057213	0.00774058	0.801206	0.0296259	1.19864	0.0329184	2.92937e-05
10018	1	100	23	500	0.222396	0.215413	0.154676	0.0607364	0.00698281	0.801148	0.032554	1.20267	0.0365367	3.03544e-05
10019	1	100	23	500	0.231597	0.225562	0.173025	0.0525363	0.00603525	0.792932	0.0284462	1.21174	0.0321511	2.74568e-05
10020	1	100	24	500	0.234576	0.227172	0.175161	0.0520106	0.00740434	0.790848	0.0262293	1.2113	0.0337828	2.70546e-05
10021	1	100	24	500	0.230831	0.222283	0.165462	0.0568204	0.00854863	0.794615	0.0297812	1.20636	0.0355661	2.9373e-05
10022	1	100	25	500	0.233905	0.225586	0.171375	0.0542111	0.00831939	0.792378	0.0276449	1.20853	0.0313262	2.75694e-05
10023	1	100	25	500	0.235752	0.228696	0.183118	0.0455774	0.00705647	0.7889	0.023735	1.20995	0.0258102	2.4604e-05
10024	1	100	23	500	0.234494	0.228784	0.187521	0.0412626	0.00570983	0.790247	0.0208306	1.21171	0.0248084	2.29309e-05
10025	1	100	18	500	0.147534	0.140785	0.106819	0.0339662	0.00674873	0.865042	0.0201592	1.13803	0.0215687	1.94452e-05
10026	1	100	21	500	0.167284	0.14889	0.111967	0.0369226	0.0183946	0.858652	0.0206672	1.13941	0.024043	2.0189e-05
10027	1	100	21	500	0.16038	0.147545	0.112708	0.0348373	0.0128342	0.857768	0.0246217	1.13663	0.0244753	1.96471e-05
10028	1	100	19	500	0.169756	0.149465	0.115059	0.0344064	0.0202915	0.855648	0.0272691	1.13109	0.024272	1.83639e-05
10029	1	100	19	500	0.176919	0.151668	0.114154	0.0375132	0.0252511	0.854298	0.0268084	1.13347	0.0266342	1.90731e-05
10030	1	100	20	500	0.167151	0.149304	0.116181	0.0331233	0.0178468	0.856646	0.0245232	1.13492	0.0215318	1.76006e-05
10031	1	100	18	500	0.173866	0.15212	0.113834	0.0382857	0.0217466	0.855375	0.0230379	1.13765	0.0230856	1.85787e-05
10032	1	100	17	500	0.163859	0.150932	0.10833	0.0426023	0.0129267	0.854329	0.0254768	1.13788	0.0289672	2.08369e-05
10033	1	100	25	500	0.175181	0.154661	0.113	0.0416601	0.0205205	0.852099	0.0217202	1.13807	0.0268393	2.03536e-05
10034	1	100	20	500	0.176285	0.155361	0.112777	0.0425845	0.0209233	0.852605	0.0230664	1.13633	0.0274871	2.08165e-05
10035	1	100	18	500	0.174938	0.154139	0.112888	0.0412511	0.020799	0.854885	0.0244347	1.13549	0.0254725	2.0864e-05
10036	1	100	21	500	0.188894	0.159162	0.118097	0.0410652	0.029732	0.849629	0.0262424	1.1337	0.029144	2.06858e-05
10037	1	100	14	500	0.100667	0.0721365	0.0317246	0.0404118	0.028531	0.930185	0.0259583	1.043	0.0294234	1.99195e-05
10038	1	100	15	500	0.10064	0.073344	0.0321798	0.0411642	0.027296	0.927993	0.0306968	1.04305	0.0312923	2.04977e-05
10039	1	100	19	500	0.0906214	0.0710678	0.0345564	0.0365113	0.0195536	0.933044	0.0218155	1.04023	0.0248879	1.90208e-05
10040	1	100	15	500	0.0965636	0.072939	0.0352291	0.0377099	0.0236246	0.92973	0.0240545	1.03778	0.0289647	1.91869e-05
10041	1	100	16	500	0.104735	0.0744132	0.0345668	0.0398464	0.0303221	0.928147	0.0236614	1.03724	0.0309213	1.97042e-05
10042	1	100	15	500	0.096569	0.072151	0.0335851	0.0385659	0.024418	0.930884	0.0226594	1.04022	0.0295315	2.04693e-05
10043	1	100	14	500	0.0906933	0.067077	0.0317721	0.0353049	0.0236164	0.934681	0.0234996	1.03567	0.0276592	1.93778e-05
10044	1	100	15	500	0.0962593	0.0695755	0.0334105	0.0361649	0.0266838	0.927955	0.0409883	1.03066	0.0479704	1.95767e-05
10045	1	100	15	500	0.0900609	0.0711662	0.0367807	0.0343855	0.0188947	0.929764	0.0213687	1.03711	0.0284011	1.89099e-05
10046	1	100	16	500	0.0851842	0.06882	0.0348377	0.0339823	0.0163642	0.932808	0.0185122	1.04044	0.0251793	1.91109e-05
10047	1	100	13	500	0.0875791	0.0707274	0.036786	0.0339414	0.0168517	0.92972	0.0213423	1.03711	0.0276728	1.95179e-05
10048	1	100	15	500	0.0860979	0.068243	0.0349243	0.0333187	0.017855	0.932645	0.0187989	1.03864	0.0260936	1.86863e-05
10049	1	100	13	500	0.0853487	0.0677599	0.0352794	0.0324805	0.0175889	0.932029	0.0208539	1.03591	0.0282407	1.82698e-05
10050	1	100	18	500	0.0864282	0.0695942	0.0362388	0.0333554	0.016834	0.933592	0.0184972	1.04049	0.0253959	1.90868e-05
10051	1	100	13	500	0.0896211	0.0708207	0.038863	0.0319577	0.0188005	0.930845	0.0205565	1.034	0.0243889	1.85663e-05
10052	1	100	16	500	0.0911963	0.0721109	0.0383941	0.0337168	0.0190854	0.929218	0.0220991	1.03648	0.0273202	1.96322e-05
10053	1	100	14	500	0.0916987	0.0728546	0.038115	0.0347396	0.0188441	0.927987	0.0210908	1.0368	0.0283297	1.93631e-05
10054	1	100	19	500	0.0912733	0.0722923	0.0339709	0.0383214	0.0189811	0.931481	0.0196477	1.04688	0.0252114	2.09454e-05
10055	1	100	17	500	0.0920548	0.0753474	0.0339795	0.041368	0.0167073	0.926636	0.0242551	1.04951	0.0293451	2.11096e-05
10056	1	100	13	500	0.0928853	0.0751228	0.0332785	0.0418443	0.0177625	0.9273	0.0240589	1.05103	0.0298989	2.20192e-05
10057	1	100	14	500	0.0872859	0.070295	0.0314336	0.0388614	0.0169909	0.932706	0.0224429	1.04816	0.0265927	2.18467e-05
10058	1	100	16	500	0.0868799	0.0702206	0.0309222	0.0392984	0.0166593	0.931761	0.0233642	1.04653	0.0268031	2.1596e-05
10059	1	100	17	500	0.0858917	0.0714362	0.0307468	0.0406894	0.0144555	0.931234	0.0210373	1.05087	0.0263686	2.22172e-05
10060	1	100	16	500	0.0879495	0.0727005	0.0309868	0.0417137	0.015249	0.92992	0.0224362	1.05483	0.0260761	2.28815e-05
10061	1	100	18	500	0.0852834	0.070197	0.0302325	0.0399645	0.0150865	0.929853	0.0254593	1.04818	0.0302627	2.2103e-05
10062	1	100	15	500	0.0801834	0.0659707	0.0297106	0.0362601	0.0142127	0.936702	0.0200632	1.04811	0.0230688	2.12728e-05
10063	1	100	15	500	0.0804811	0.067725	0.0295051	0.0382199	0.0127561	0.934964	0.0227476	1.05429	0.0268365	2.22021e-05
10064	1	100	14	500	0.0743556	0.0625982	0.029695	0.0329033	0.0117573	0.937824	0.0207895	1.04993	0.0228278	1.95175e-05
10065	1	100	14	500	0.077668	0.0643247	0.0312336	0.0330911	0.0133433	0.937578	0.0218949	1.05232	0.026608	2.05157e-05
10066	1	100	15	500	0.0796861	0.0658022	0.0330796	0.0327227	0.0138839	0.937045	0.0168814	1.05423	0.0209489	2.13551e-05
10067	1	100	12	500	0.0754987	0.0639566	0.0313068	0.0326498	0.0115421	0.937383	0.0199462	1.05318	0.0243929	2.13235e-05
10068	1	100	18	500	0.0717678	0.0595347	0.0304966	0.029038	0.0122331	0.941616	0.0214756	1.05027	0.0240202	1.98849e-05
10069	1	100	14	500	0.0695647	0.0584572	0.0322446	0.0262126	0.0111075	0.942661	0.0214353	1.05061	0.0212787	1.81132e-05
10070	1	100	18	500	0.0754515	0.0615709	0.0322147	0.0293562	0.0138805	0.940635	0.0216589	1.05235	0.0241251	1.98369e-05
10071	1	100	15	500	0.077819	0.0640444	0.0322911	0.0317533	0.0137746	0.937711	0.0226033	1.05383	0.0260794	2.06996e-05
10072	1	100	20	500	0.0796048	0.0608618	0.0285484	0.0323134	0.018743	0.942162	0.0234484	1.04719	0.0251182	2.10332e-05
10073	1	100	18	500	0.0769056	0.058805	0.0276788	0.0311262	0.0181006	0.943417	0.0199993	1.04529	0.0209514	2.051e-05
10074	1	100	14	500	0.0686914	0.0552508	0.0291574	0.0260933	0.0134406	0.945263	0.0228713	1.04629	0.0254618	1.94717e-05
10075	1	100	15	500	0.0703572	0.0577983	0.0287779	0.0290204	0.0125589	0.943489	0.0251854	1.04949	0.0292415	1.9066e-05
10076	1	100	15	500	0.0735904	0.0592075	0.0281701	0.0310374	0.0143829	0.942254	0.0266273	1.04944	0.0304604	2.03958e-05
10077	1	100	16	500	0.0829545	0.0642954	0.0313172	0.0329781	0.0186592	0.937985	0.027593	1.05104	0.0318711	2.17445e-05
10078	1	100	16	500	0.0819127	0.0633743	0.0308205	0.0325539	0.0185383	0.939162	0.0270586	1.05233	0.0305447	2.17162e-05
10079	1	100	15	500	0.0884514	0.0659538	0.0338805	0.0320733	0.0224976	0.936437	0.0211267	1.05063	0.0254514	2.28698e-05
10080	1	100	16	500	0.0784068	0.0595549	0.0310635	0.0284914	0.0188519	0.941222	0.0200083	1.04455	0.0246253	2.11877e-05
10081	1	100	15	500	0.0800234	0.0604518	0.0331932	0.0272586	0.0195716	0.941752	0.0190781	1.04717	0.0221076	2.0706e-05
10082	1	100	16	500	0.0752655	0.0578242	0.0336701	0.0241541	0.0174414	0.942753	0.0217252	1.04411	0.0262343	1.92048e-05
10083	1	100	17	500	0.0779943	0.0585164	0.0326251	0.0258913	0.0194779	0.943619	0.0178259	1.04369	0.0201012	1.94373e-05
10084	1	100	20	500	0.0750012	0.0551264	0.0298778	0.0252485	0.0198748	0.946114	0.0185047	1.03819	0.0210909	1.96343e-05
10085	1	100	17	500	0.0683647	0.0500231	0.0268212	0.023202	0.0183415	0.95157	0.0161643	1.03575	0.0171321	1.86322e-05
10086	1	100	16	500	0.0724849	0.0522533	0.0266087	0.0256446	0.0202317	0.948724	0.0221726	1.03379	0.0216382	2.02185e-05
10087	1	100	18	500	0.0826189	0.0548496	0.0269742	0.0278754	0.0277693	0.941454	0.0357888	1.02581	0.0360589	2.02552e-05
10088	1	100	17	500	0.0745522	0.0552744	0.0266117	0.0286627	0.0192778	0.947848	0.0232514	1.03427	0.0245737	2.15301e-05
10089	1	100	20	500	0.076957	0.0556675	0.0264299	0.0292376	0.0212894	0.945087	0.0280608	1.02995	0.0275531	2.17495e-05
10090	1	100	15	500	0.081059	0.0575441	0.0287543	0.0287898	0.0235149	0.944387	0.0247712	1.0336	0.0255808	2.18951e-05
10091	1	100	17	500	0.0696256	0.0533319	0.0272404	0.0260915	0.0162937	0.947096	0.0242393	1.0357	0.0257246	2.02311e-05
10092	1	100	18	500	0.0678636	0.0542375	0.0281484	0.0260891	0.0136261	0.948477	0.0201194	1.04081	0.0205694	2.02746e-05
10093	1	100	14	500	0.0748076	0.0557529	0.0280873	0.0276657	0.0190547	0.945531	0.0225897	1.03718	0.0271523	2.0565e-05
10094	1	100	15	500	0.0770232	0.0582344	0.0303288	0.0279056	0.0187888	0.944673	0.0208223	1.03998	0.0257207	2.14836e-05
10095	1	100	15	500	0.0763339	0.0573243	0.0302652	0.0270591	0.0190096	0.943825	0.0216355	1.03789	0.0264694	2.08591e-05
10096	1	100	14	500	0.0711289	0.0536339	0.0282776	0.0253563	0.017495	0.945764	0.0252231	1.03341	0.0283714	2.04914e-05
10097	1	100	17	500	0.0695	0.0514439	0.0283308	0.0231131	0.0180561	0.950094	0.0185996	1.03564	0.0213471	1.89869e-05
10098	1	100	13	500	0.0642643	0.0518739	0.0305273	0.0213466	0.0123904	0.948725	0.0211028	1.03626	0.0205176	1.88717e-05
10099	1	100	12	500	0.0597983	0.0509559	0.0351063	0.0158496	0.0088424	0.948926	0.0169043	1.03961	0.0175372	1.64203e-05
10100	1	100	13	500	0.0617207	0.0499269	0.0319494	0.0179775	0.0117938	0.951514	0.0126167	1.03831	0.0123042	1.7501e-05
10101	1	100	14	500	0.0635807	0.0501904	0.0286967	0.0214937	0.0133903	0.951574	0.018426	1.03501	0.0171287	1.91165e-05
