Generation	PopulationID	SampleSize	UniqueMutations	PopulationSize	totalLoad	RelzLoad	RelzLoadHomo	RelzLoadHetero	MskLoad	MeanFitness	SdFitness	MeanFitnessCached	SdFitnessCached	Heterozygosity	
10001	1	100	41	500	0.211799	0.194081	0.142402	0.0516797	0.0177178	0.818346	0.0408361	1.15881	0.0520388	2.46316e-05
10002	1	100	30	500	0.173817	0.14964	0.100184	0.0494561	0.0241771	0.85577	0.040943	1.14294	0.045591	2.44847e-05
10003	1	100	30	500	0.174694	0.151788	0.100917	0.0508715	0.0229057	0.855367	0.0458244	1.14448	0.0500585	2.44325e-05
10004	1	100	24	500	0.188536	0.151894	0.100077	0.0518165	0.0366424	0.855625	0.0434826	1.1363	0.0542385	2.46165e-05
10005	1	100	19	500	0.19381	0.153981	0.0995856	0.0543953	0.0398293	0.853392	0.0443504	1.13564	0.0528365	2.42895e-05
10006	1	100	25	500	0.133919	0.084196	0.0262557	0.0579402	0.0497231	0.918609	0.0476897	1.05676	0.0537676	2.43964e-05
10007	1	100	20	500	0.119243	0.0898114	0.03722	0.0525915	0.0294316	0.912048	0.0458176	1.07414	0.0497142	2.35092e-05
10008	1	100	20	500	0.116363	0.0827388	0.0295038	0.053235	0.0336242	0.919361	0.0443778	1.06478	0.0486247	2.48054e-05
10009	1	100	19	500	0.111004	0.081041	0.027876	0.053165	0.0299628	0.921112	0.0401779	1.06451	0.0485834	2.4712e-05
10010	1	100	20	500	0.105804	0.0807147	0.026693	0.0540217	0.0250891	0.920098	0.0392134	1.06614	0.0480068	2.41444e-05
10011	1	100	20	500	0.105349	0.0760245	0.0235938	0.0524307	0.0293241	0.923882	0.0442482	1.05658	0.0604332	2.59977e-05
10012	1	100	21	500	0.103413	0.0816684	0.0285916	0.0530768	0.0217447	0.919865	0.0432788	1.07004	0.051099	2.59629e-05
10013	1	100	21	500	0.12019	0.0838584	0.0279571	0.0559012	0.036332	0.916153	0.0401298	1.06057	0.0568891	2.59727e-05
10014	1	100	16	500	0.12393	0.0826229	0.0287824	0.0538406	0.0413069	0.919468	0.0417067	1.05728	0.0551637	2.64853e-05
10015	1	100	17	500	0.129057	0.0900016	0.0330349	0.0569667	0.0390552	0.911753	0.0406688	1.06586	0.0507764	2.5677e-05
10016	1	100	18	500	0.134093	0.0938186	0.0357087	0.0581099	0.0402747	0.907856	0.0394695	1.06882	0.0473469	2.55212e-05
10017	1	100	16	500	0.146895	0.10036	0.0393032	0.0610563	0.0465355	0.903002	0.0350083	1.07126	0.0554124	2.43959e-05
10018	1	100	19	500	0.129707	0.106987	0.0534019	0.0535849	0.0227198	0.894743	0.0334127	1.09256	0.0415197	2.38527e-05
10019	1	100	16	500	0.13986	0.108831	0.0549851	0.0538459	0.0310287	0.892729	0.0317578	1.09019	0.0537317	2.40638e-05
10020	1	100	17	500	0.135869	0.11105	0.0572356	0.0538148	0.024819	0.890995	0.0364645	1.09529	0.0513013	2.31265e-05
10021	1	100	17	500	0.13751	0.109197	0.0576425	0.0515549	0.028313	0.893227	0.0380533	1.09282	0.0486693	2.32077e-05
10022	1	100	17	500	0.125354	0.106236	0.0555063	0.0507301	0.0191176	0.895915	0.0383625	1.09502	0.0437637	2.37649e-05
10023	1	100	16	500	0.131378	0.113087	0.0681002	0.0449865	0.0182915	0.888623	0.035926	1.10231	0.0406161	2.38477e-05
10024	1	100	15	500	0.121426	0.110733	0.0689261	0.0418067	0.0106927	0.890211	0.0319307	1.10393	0.0311402	2.38095e-05
10025	1	100	16	500	0.122414	0.108276	0.065165	0.0431114	0.0141379	0.893698	0.03764	1.09999	0.0359003	2.3468e-05
10026	1	100	18	500	0.122597	0.111915	0.0698768	0.0420385	0.010682	0.889181	0.0299908	1.1048	0.0282208	2.30109e-05
10027	1	100	15	500	0.118968	0.111891	0.0710608	0.04083	0.00707753	0.889468	0.0286118	1.10739	0.0317258	2.26492e-05
10028	1	100	12	500	0.119029	0.114099	0.0749677	0.0391309	0.00493075	0.886809	0.0297398	1.11075	0.0320519	2.22761e-05
10029	1	100	12	500	0.119961	0.113866	0.0683801	0.0454858	0.0060948	0.887847	0.0346053	1.10844	0.0346461	2.24363e-05
10030	1	100	12	500	0.124327	0.116536	0.0716632	0.0448723	0.00779092	0.884899	0.0393244	1.11019	0.0406542	2.23565e-05
10031	1	100	13	500	0.126896	0.120862	0.0786713	0.0421908	0.00603429	0.880693	0.0317972	1.11609	0.0359516	2.18056e-05
10032	1	100	12	500	0.136466	0.121209	0.0709781	0.0502305	0.0152572	0.881483	0.0320544	1.11013	0.0379567	2.21707e-05
10033	1	100	12	500	0.140626	0.123634	0.0701551	0.0534788	0.0169923	0.879608	0.0262233	1.10957	0.0323808	2.10588e-05
10034	1	100	12	500	0.136371	0.122021	0.0702709	0.0517502	0.0143503	0.879133	0.0289671	1.10837	0.0349261	2.22478e-05
10035	1	100	10	500	0.133977	0.119896	0.0665632	0.053333	0.0140807	0.883336	0.0314881	1.10842	0.0354492	2.21662e-05
10036	1	100	9	500	0.137685	0.121655	0.0670079	0.0546474	0.0160296	0.881425	0.0320185	1.10701	0.0371847	2.27002e-05
10037	1	100	9	500	0.127975	0.11703	0.0627167	0.0543134	0.0109448	0.885243	0.0381239	1.10407	0.0365952	2.26528e-05
10038	1	100	9	500	0.136396	0.120902	0.0653389	0.0555631	0.0154941	0.884053	0.0357743	1.10734	0.0373295	2.2412e-05
10039	1	100	9	500	0.136393	0.120943	0.0655945	0.0553482	0.0154504	0.883452	0.028145	1.10759	0.0308091	2.24578e-05
10040	1	100	11	500	0.13088	0.119589	0.0645522	0.0550373	0.0112907	0.885153	0.0316988	1.10964	0.0360019	2.24964e-05
10041	1	100	11	500	0.130416	0.120592	0.0659503	0.0546413	0.00982475	0.881923	0.0312197	1.10811	0.03351	2.24497e-05
10042	1	100	12	500	0.130457	0.119231	0.063267	0.0559637	0.0112261	0.884906	0.0265104	1.10775	0.0352392	2.27922e-05
10043	1	100	13	500	0.129919	0.11995	0.0658033	0.0541465	0.00996947	0.883212	0.0268247	1.1083	0.0331264	2.29605e-05
10044	1	100	10	500	0.128808	0.117787	0.063089	0.0546976	0.0110218	0.883966	0.0276491	1.10054	0.037113	2.23778e-05
10045	1	100	12	500	0.136749	0.124481	0.0699572	0.054524	0.0122677	0.878393	0.0306638	1.10678	0.0372966	2.23444e-05
10046	1	100	15	500	0.134651	0.121689	0.0668524	0.0548364	0.0129621	0.882469	0.0313531	1.10481	0.0382977	2.22564e-05
10047	1	100	16	500	0.134962	0.121071	0.0661205	0.0549501	0.0138914	0.881637	0.0310744	1.10297	0.0362005	2.27667e-05
10048	1	100	13	500	0.142759	0.128979	0.0746916	0.0542874	0.0137796	0.874468	0.0278448	1.11291	0.0356827	2.31286e-05
10049	1	100	13	500	0.147029	0.133043	0.0792698	0.0537735	0.0139858	0.869609	0.0376025	1.11412	0.0442117	2.24836e-05
10050	1	100	14	500	0.140162	0.127845	0.0751213	0.0527235	0.0123176	0.875397	0.0358236	1.11519	0.0384033	2.40038e-05
10051	1	100	13	500	0.126396	0.116262	0.062705	0.053557	0.0101342	0.886019	0.0283944	1.1048	0.0373452	2.49735e-05
10052	1	100	17	500	0.125095	0.114763	0.0610871	0.0536756	0.0103322	0.885692	0.0328876	1.10055	0.0408173	2.51171e-05
10053	1	100	13	500	0.123849	0.114076	0.0607402	0.0533357	0.00977296	0.888276	0.0320988	1.10279	0.03982	2.47538e-05
10054	1	100	13	500	0.120291	0.110862	0.0582167	0.0526451	0.0094288	0.891867	0.0324348	1.10031	0.0388138	2.5259e-05
10055	1	100	16	500	0.123943	0.113326	0.0585931	0.0547329	0.0106169	0.888532	0.018278	1.09585	0.0322542	2.46018e-05
10056	1	100	19	500	0.120401	0.10878	0.0540009	0.0547788	0.0116217	0.892583	0.0252924	1.09283	0.0356972	2.61374e-05
10057	1	100	16	500	0.118551	0.106852	0.0521655	0.0546864	0.0116991	0.896634	0.0253801	1.0903	0.0310189	2.59772e-05
10058	1	100	17	500	0.117543	0.105794	0.0514901	0.0543036	0.0117493	0.896173	0.0240617	1.0856	0.0368927	2.59047e-05
10059	1	100	14	500	0.115249	0.103815	0.0497525	0.0540629	0.011434	0.89675	0.0209926	1.08782	0.030608	2.72691e-05
10060	1	100	14	500	0.124167	0.106504	0.0498113	0.0566929	0.017663	0.896073	0.02886	1.08754	0.0363738	2.67106e-05
10061	1	100	16	500	0.124472	0.105017	0.0484618	0.0565553	0.0194546	0.896931	0.0271577	1.08605	0.0371158	2.69196e-05
10062	1	100	16	500	0.126364	0.101862	0.0448126	0.057049	0.0245029	0.898196	0.0442326	1.077	0.0585589	2.74177e-05
10063	1	100	16	500	0.126575	0.104493	0.0475065	0.0569869	0.022082	0.897125	0.0322016	1.08295	0.0424285	2.74088e-05
10064	1	100	17	500	0.132014	0.106834	0.0488897	0.0579448	0.0251795	0.897169	0.0342378	1.08687	0.0372413	2.77898e-05
10065	1	100	18	500	0.136587	0.107482	0.0485267	0.0589549	0.0291051	0.895577	0.0274812	1.08322	0.0359701	2.79911e-05
10066	1	100	19	500	0.139329	0.10433	0.0448659	0.0594645	0.0349986	0.89977	0.0382791	1.07475	0.0429971	2.79955e-05
10067	1	100	17	500	0.140529	0.101184	0.045554	0.0556299	0.0393451	0.903061	0.0271839	1.06496	0.0408029	2.68973e-05
10068	1	100	19	500	0.148341	0.105901	0.0501872	0.055714	0.0424402	0.898683	0.0262918	1.06758	0.0395272	2.67465e-05
10069	1	100	17	500	0.133591	0.100126	0.0451645	0.0549616	0.0334653	0.900684	0.0283091	1.06564	0.0372292	2.72641e-05
10070	1	100	18	500	0.136249	0.0962705	0.0444084	0.0518622	0.0399784	0.906104	0.0392148	1.05623	0.0446574	2.77567e-05
10071	1	100	18	500	0.131754	0.0977674	0.0442663	0.053501	0.0339868	0.904896	0.0343426	1.06272	0.03581	2.72356e-05
10072	1	100	16	500	0.142001	0.104138	0.0467528	0.057385	0.0378634	0.901004	0.0321569	1.07122	0.0389123	2.80727e-05
10073	1	100	18	500	0.137119	0.101698	0.0451019	0.0565959	0.0354213	0.901683	0.0332328	1.06836	0.0426299	2.84629e-05
10074	1	100	20	500	0.140024	0.0991468	0.0408879	0.0582589	0.0408774	0.90513	0.0347017	1.06378	0.0369911	2.87461e-05
10075	1	100	20	500	0.151026	0.103086	0.0429598	0.0601261	0.0479396	0.898448	0.0578675	1.06014	0.0685213	3.0012e-05
10076	1	100	20	500	0.137078	0.0986591	0.0407791	0.05788	0.0384185	0.90241	0.0383551	1.06388	0.0531966	3.01566e-05
10077	1	100	16	500	0.149719	0.103121	0.0435708	0.0595507	0.0465973	0.898435	0.0623736	1.06047	0.0772069	2.97193e-05
10078	1	100	16	500	0.149785	0.107048	0.0507967	0.0562512	0.0427372	0.893545	0.0502766	1.06505	0.0679455	2.88905e-05
10079	1	100	18	500	0.137032	0.097089	0.04404	0.053049	0.0399429	0.906139	0.0393582	1.05822	0.052159	2.88218e-05
10080	1	100	18	500	0.141032	0.101811	0.0451803	0.056631	0.0392205	0.901874	0.0431207	1.06871	0.0538746	3.04551e-05
10081	1	100	18	500	0.121886	0.0925067	0.0374363	0.0550705	0.0293795	0.91094	0.046297	1.06727	0.0557003	3.16578e-05
10082	1	100	24	500	0.128884	0.0993052	0.0416373	0.0576679	0.0295786	0.903615	0.0391915	1.0745	0.0487005	3.20527e-05
10083	1	100	19	500	0.123498	0.0964059	0.0395325	0.0568734	0.0270924	0.901686	0.0491901	1.06808	0.0588234	3.18924e-05
10084	1	100	19	500	0.118196	0.0941244	0.0381035	0.0560209	0.0240716	0.907787	0.0475628	1.07337	0.0546447	3.19031e-05
10085	1	100	21	500	0.0995842	0.0805872	0.0301982	0.0503891	0.018997	0.921648	0.04281	1.06115	0.0490188	3.13686e-05
10086	1	100	17	500	0.105014	0.0862464	0.0355432	0.0507032	0.0187676	0.916556	0.0441395	1.06816	0.0483965	3.15643e-05
10087	1	100	18	500	0.108141	0.0883477	0.0411414	0.0472063	0.0197936	0.914231	0.0359345	1.06399	0.0417011	2.96658e-05
10088	1	100	20	500	0.107818	0.0915424	0.0424088	0.0491336	0.0162759	0.911082	0.0336811	1.06801	0.0449943	2.87817e-05
10089	1	100	19	500	0.11208	0.0958491	0.04307	0.0527791	0.0162314	0.905678	0.0373309	1.07321	0.049483	2.98261e-05
10090	1	100	19	500	0.111938	0.0959309	0.0442492	0.0516817	0.0160073	0.906501	0.0299067	1.06989	0.0409099	2.77236e-05
10091	1	100	21	500	0.112674	0.0966827	0.0435727	0.05311	0.0159912	0.905689	0.0329005	1.06978	0.0395278	2.91713e-05
10092	1	100	16	500	0.108219	0.0929613	0.0411365	0.0518249	0.0152574	0.909391	0.0275225	1.06522	0.0358153	2.9153e-05
10093	1	100	18	500	0.105407	0.0899253	0.0449794	0.0449459	0.0154818	0.911124	0.0301702	1.06101	0.0330254	2.79221e-05
10094	1	100	19	500	0.10636	0.0910471	0.0474268	0.0436204	0.015313	0.91077	0.0312403	1.0611	0.0343399	2.65227e-05
10095	1	100	18	500	0.105112	0.091444	0.0461506	0.0452934	0.0136685	0.909766	0.0335616	1.06245	0.0401645	2.62884e-05
10096	1	100	18	500	0.107153	0.0933545	0.043299	0.0500555	0.0137986	0.909435	0.0331413	1.06662	0.0415151	2.63006e-05
10097	1	100	17	500	0.11381	0.0977324	0.0463437	0.0513887	0.0160773	0.904187	0.0333657	1.0726	0.0410936	2.80948e-05
10098	1	100	18	500	0.123706	0.105351	0.0567134	0.0486373	0.0183556	0.899049	0.0284238	1.07544	0.0407585	2.5603e-05
10099	1	100	15	500	0.118314	0.100912	0.059869	0.041043	0.0174015	0.901137	0.0314408	1.06622	0.0450025	2.4064e-05
10100	1	100	16	500	0.114555	0.0998471	0.0606134	0.0392337	0.0147083	0.9018	0.0277423	1.0679	0.0381233	2.4266e-05
10101	1	100	16	500	0.117005	0.103321	0.0632698	0.0400514	0.0136835	0.897906	0.0328105	1.07161	0.0450273	2.36511e-05
