Generation	PopulationID	SampleSize	UniqueMutations	PopulationSize	totalLoad	RelzLoad	RelzLoadHomo	RelzLoadHetero	MskLoad	MeanFitness	SdFitness	MeanFitnessCached	SdFitnessCached	Heterozygosity	
10001	1	100	59	500	0.323193	0.268008	0.166144	0.101864	0.055185	0.743868	0.0822553	1.21818	0.0806267	2.6983e-05
10002	1	100	36	500	0.345651	0.287206	0.196652	0.0905533	0.0584448	0.728333	0.0748254	1.23533	0.0618311	2.62103e-05
10003	1	100	29	500	0.333658	0.277928	0.17671	0.101218	0.0557297	0.73684	0.0639103	1.23634	0.0607978	2.67115e-05
10004	1	100	27	500	0.339203	0.279861	0.179432	0.10043	0.0593413	0.735279	0.073996	1.23045	0.0793747	2.74312e-05
10005	1	100	27	500	0.329413	0.271829	0.170036	0.101794	0.0575834	0.741675	0.0783498	1.22538	0.071915	2.71067e-05
10006	1	100	23	500	0.318396	0.266821	0.171042	0.0957793	0.0515747	0.745561	0.0644921	1.23145	0.0611639	2.59915e-05
10007	1	100	27	500	0.315385	0.268325	0.176162	0.0921626	0.0470601	0.739133	0.0705284	1.23256	0.0658084	2.50727e-05
10008	1	100	22	500	0.3025	0.260758	0.164907	0.0958516	0.0417418	0.751018	0.056603	1.23572	0.0515683	2.51823e-05
10009	1	100	22	500	0.304633	0.26235	0.167008	0.095342	0.0422824	0.747502	0.065888	1.23187	0.050552	2.59793e-05
10010	1	100	17	500	0.324337	0.277391	0.191995	0.0853952	0.0469461	0.735889	0.0577699	1.24541	0.0454154	2.58882e-05
10011	1	100	18	500	0.343707	0.290088	0.213151	0.0769371	0.0536191	0.725832	0.0453467	1.25244	0.0414431	2.61079e-05
10012	1	100	18	500	0.342143	0.286486	0.202069	0.0844171	0.0556577	0.728851	0.0565215	1.24467	0.0488611	2.75041e-05
10013	1	100	19	500	0.333211	0.279358	0.187372	0.0919861	0.0538529	0.730409	0.071269	1.22606	0.0769219	2.7711e-05
10014	1	100	19	500	0.338198	0.276853	0.176416	0.100437	0.061345	0.737998	0.0695717	1.22751	0.0617291	2.88277e-05
10015	1	100	17	500	0.31839	0.266312	0.163679	0.102633	0.0520775	0.743946	0.0680507	1.21874	0.0689758	2.8774e-05
10016	1	100	19	500	0.315242	0.262408	0.154328	0.108079	0.0528341	0.74942	0.0735328	1.21807	0.0619166	2.95059e-05
10017	1	100	17	500	0.328187	0.26982	0.16876	0.10106	0.0583665	0.745421	0.0626902	1.22415	0.055093	2.92198e-05
10018	1	100	19	500	0.309807	0.263796	0.170013	0.0937833	0.0460109	0.746489	0.0694853	1.22773	0.0608555	2.8073e-05
10019	1	100	19	500	0.290525	0.2524	0.151825	0.100575	0.0381248	0.758377	0.0633166	1.22664	0.0553421	2.72386e-05
10020	1	100	21	500	0.274368	0.237902	0.13391	0.103992	0.0364652	0.76627	0.0793758	1.20115	0.076088	2.64704e-05
10021	1	100	17	500	0.25157	0.225063	0.118182	0.106881	0.0265065	0.782233	0.0718771	1.20311	0.0638863	2.58927e-05
10022	1	100	20	500	0.26999	0.235784	0.129314	0.10647	0.034206	0.774247	0.0669807	1.21403	0.0637148	2.69438e-05
10023	1	100	21	500	0.246096	0.216262	0.105121	0.11114	0.0298341	0.789565	0.0702921	1.19494	0.0776036	2.64985e-05
10024	1	100	20	500	0.246757	0.22071	0.115817	0.104893	0.0260475	0.786565	0.0686162	1.20366	0.0632275	2.55957e-05
10025	1	100	17	500	0.220624	0.203919	0.0989388	0.10498	0.016705	0.801884	0.0681	1.1937	0.068031	2.54186e-05
10026	1	100	19	500	0.225833	0.204617	0.0951836	0.109433	0.0212163	0.802196	0.0637385	1.193	0.0645309	2.64608e-05
10027	1	100	19	500	0.241345	0.216555	0.114223	0.102332	0.0247899	0.789628	0.0730929	1.20019	0.0761072	2.60762e-05
10028	1	100	17	500	0.23975	0.211871	0.104502	0.107369	0.0278789	0.792683	0.0657745	1.19035	0.0913008	2.59702e-05
10029	1	100	16	500	0.239672	0.217209	0.112961	0.104248	0.0224626	0.789528	0.0690692	1.20427	0.0783007	2.68808e-05
10030	1	100	17	500	0.239255	0.220403	0.117799	0.102604	0.0188523	0.785599	0.0689517	1.20941	0.0737796	2.71495e-05
10031	1	100	17	500	0.232396	0.214814	0.112783	0.102031	0.0175813	0.791267	0.0625769	1.20399	0.0660999	2.68278e-05
10032	1	100	15	500	0.227877	0.217064	0.115143	0.101921	0.0108132	0.78802	0.0686683	1.21065	0.0662503	2.77518e-05
10033	1	100	16	500	0.211631	0.199061	0.0932961	0.105765	0.0125699	0.806048	0.0681656	1.19119	0.0630229	2.84409e-05
10034	1	100	13	500	0.205742	0.195044	0.0901947	0.104849	0.0106975	0.810333	0.0695559	1.19069	0.0670989	2.83367e-05
10035	1	100	13	500	0.203854	0.192565	0.0882451	0.10432	0.0112895	0.813151	0.0639329	1.18834	0.0637104	2.82837e-05
10036	1	100	14	500	0.215925	0.202485	0.0955228	0.106962	0.0134398	0.803503	0.0691182	1.19478	0.0634781	2.8558e-05
10037	1	100	13	500	0.219319	0.204677	0.0976832	0.106994	0.0146425	0.800042	0.0788689	1.1951	0.074757	2.96629e-05
10038	1	100	18	500	0.208619	0.200004	0.0972263	0.102777	0.00861567	0.805765	0.0613699	1.19726	0.0624633	2.89964e-05
10039	1	100	15	500	0.215382	0.19979	0.0963656	0.103424	0.0155924	0.80418	0.0660761	1.19018	0.07235	2.87837e-05
10040	1	100	13	500	0.196274	0.184075	0.0850443	0.0990309	0.0121991	0.82155	0.0613323	1.18028	0.0641208	2.83777e-05
10041	1	100	14	500	0.203436	0.195487	0.093186	0.102301	0.00794819	0.808661	0.0716397	1.19307	0.0744513	2.97643e-05
10042	1	100	19	500	0.188786	0.181734	0.0827139	0.0990197	0.00705271	0.822039	0.0644543	1.18023	0.0669488	2.91524e-05
10043	1	100	17	500	0.183465	0.177621	0.0811637	0.0964573	0.00584401	0.826606	0.0616701	1.17728	0.0609737	2.8937e-05
10044	1	100	14	500	0.18274	0.177086	0.0808174	0.0962686	0.00565416	0.827328	0.0573352	1.17726	0.0598081	2.9488e-05
10045	1	100	14	500	0.186038	0.184046	0.0860318	0.0980142	0.00199192	0.820539	0.0602018	1.18677	0.0636857	3.01228e-05
10046	1	100	15	500	0.187735	0.185059	0.0884131	0.0966459	0.00267625	0.819835	0.0603495	1.18744	0.0657065	2.98175e-05
10047	1	100	15	500	0.21075	0.199459	0.0983383	0.101121	0.011291	0.806429	0.0606871	1.19745	0.0701525	3.04483e-05
10048	1	100	18	500	0.223205	0.20857	0.104404	0.104167	0.0146351	0.797683	0.0571122	1.20418	0.0656976	3.14586e-05
10049	1	100	13	500	0.227588	0.207319	0.103668	0.103652	0.0202691	0.800803	0.0522568	1.20089	0.0652748	3.03597e-05
10050	1	100	16	500	0.222832	0.196452	0.0941538	0.102298	0.0263805	0.810241	0.0615155	1.18398	0.0715759	2.93132e-05
10051	1	100	14	500	0.211388	0.191259	0.0903952	0.100863	0.0201297	0.814218	0.0561514	1.18313	0.0682121	2.9189e-05
10052	1	100	17	500	0.221764	0.19527	0.0914655	0.103804	0.0264945	0.810499	0.0531425	1.18467	0.0695626	3.04125e-05
10053	1	100	16	500	0.210853	0.194306	0.0922847	0.102022	0.0165471	0.810591	0.0589911	1.18793	0.067632	2.99555e-05
10054	1	100	18	500	0.205168	0.193239	0.0924657	0.100774	0.011929	0.812177	0.0590767	1.19046	0.0658307	3.01662e-05
10055	1	100	17	500	0.22359	0.19884	0.093586	0.105254	0.0247494	0.806541	0.0591382	1.18682	0.0692038	3.06527e-05
10056	1	100	16	500	0.210682	0.196358	0.0936625	0.102695	0.0143247	0.808791	0.0569598	1.19123	0.0607824	3.03337e-05
10057	1	100	12	500	0.215953	0.197727	0.0939927	0.103735	0.0182261	0.807872	0.0544482	1.18981	0.063062	3.03167e-05
10058	1	100	13	500	0.227974	0.204969	0.0990716	0.105897	0.0230046	0.801174	0.0583319	1.19373	0.0636686	3.10199e-05
10059	1	100	15	500	0.219304	0.205877	0.101129	0.104749	0.013427	0.799722	0.0563327	1.20182	0.062479	3.1472e-05
10060	1	100	14	500	0.220333	0.198274	0.0929883	0.105285	0.0220598	0.807863	0.0653016	1.18865	0.0755602	3.1086e-05
10061	1	100	14	500	0.198406	0.192025	0.0911907	0.100834	0.00638107	0.813927	0.0573459	1.19278	0.0635592	3.02936e-05
10062	1	100	18	500	0.206693	0.195071	0.0936705	0.101401	0.0116215	0.809939	0.0579447	1.191	0.0661133	3.1444e-05
10063	1	100	15	500	0.208599	0.197466	0.0950765	0.10239	0.0111324	0.806844	0.063765	1.193	0.0650088	3.23583e-05
10064	1	100	15	500	0.202994	0.188657	0.088935	0.099722	0.0143365	0.816751	0.0547806	1.18289	0.0589721	3.1695e-05
10065	1	100	16	500	0.196873	0.183001	0.0867633	0.096238	0.0138712	0.822341	0.055533	1.17725	0.0610126	3.1224e-05
10066	1	100	16	500	0.199089	0.187031	0.0892116	0.0978195	0.0120584	0.817973	0.0587482	1.18164	0.0630878	3.20882e-05
10067	1	100	15	500	0.193632	0.18154	0.0864619	0.0950785	0.0120915	0.820923	0.0570695	1.17248	0.0694749	3.14343e-05
10068	1	100	15	500	0.193597	0.178778	0.085644	0.0931345	0.0148185	0.827788	0.0478998	1.17194	0.0540903	3.11546e-05
10069	1	100	16	500	0.202252	0.188166	0.0891248	0.0990413	0.0140862	0.816348	0.0569698	1.17878	0.0643774	3.16393e-05
10070	1	100	18	500	0.220531	0.195137	0.0912679	0.103869	0.0253945	0.811996	0.0544875	1.18293	0.0565728	3.21551e-05
10071	1	100	21	500	0.234664	0.203751	0.0965284	0.107223	0.0309126	0.800895	0.0633804	1.18457	0.0763571	3.31055e-05
10072	1	100	17	500	0.230283	0.196766	0.0911146	0.105652	0.0335166	0.808333	0.0612447	1.17672	0.0770594	3.33123e-05
10073	1	100	16	500	0.227689	0.190908	0.0880131	0.102895	0.0367803	0.817167	0.0548849	1.17199	0.0612642	3.30703e-05
10074	1	100	16	500	0.219765	0.189151	0.0873931	0.101758	0.0306136	0.818017	0.0500425	1.17429	0.0655037	3.30883e-05
10075	1	100	16	500	0.225589	0.196209	0.0905884	0.105621	0.0293795	0.807301	0.0617876	1.17804	0.0793137	3.38729e-05
10076	1	100	14	500	0.229351	0.199085	0.0922528	0.106832	0.0302664	0.80647	0.064767	1.1821	0.0738991	3.36185e-05
10077	1	100	15	500	0.202304	0.188579	0.0874313	0.101147	0.0137252	0.816604	0.057753	1.18268	0.0641882	3.33659e-05
10078	1	100	13	500	0.202117	0.193192	0.0917998	0.101392	0.00892571	0.810711	0.0704806	1.18746	0.0694847	3.36203e-05
10079	1	100	13	500	0.206516	0.201615	0.100278	0.101337	0.00490108	0.803058	0.0603281	1.19995	0.0582766	3.33843e-05
10080	1	100	12	500	0.198996	0.194331	0.0935422	0.100789	0.00466529	0.81056	0.0586236	1.19421	0.0601449	3.46206e-05
10081	1	100	13	500	0.202995	0.197589	0.096137	0.101452	0.00540586	0.80675	0.0674321	1.1962	0.0680756	3.62152e-05
10082	1	100	13	500	0.199491	0.1947	0.0935276	0.101173	0.00479026	0.809014	0.0704512	1.19321	0.0684965	3.63307e-05
10083	1	100	15	500	0.193497	0.188377	0.0877706	0.100606	0.00512023	0.815797	0.0608751	1.1876	0.0631292	3.62545e-05
10084	1	100	16	500	0.20279	0.198135	0.0970812	0.101054	0.0046557	0.806231	0.0645591	1.19714	0.0637112	3.60344e-05
10085	1	100	18	500	0.199643	0.19595	0.0952918	0.100658	0.00369283	0.807289	0.0712118	1.19441	0.0701384	3.59979e-05
10086	1	100	17	500	0.197093	0.191684	0.0905438	0.10114	0.00540884	0.812349	0.0733747	1.18957	0.0716057	3.61158e-05
10087	1	100	14	500	0.196154	0.190312	0.0887644	0.101548	0.0058417	0.813569	0.0634311	1.18792	0.0645927	3.6501e-05
10088	1	100	16	500	0.20171	0.190863	0.0885011	0.102362	0.0108467	0.814108	0.0671821	1.18562	0.067013	3.62361e-05
10089	1	100	18	500	0.204093	0.191342	0.0881011	0.103241	0.0127513	0.813513	0.0674909	1.18519	0.0699017	3.53897e-05
10090	1	100	20	500	0.183485	0.174444	0.076498	0.0979457	0.0090417	0.829495	0.0585809	1.17082	0.0618143	3.56204e-05
10091	1	100	21	500	0.186384	0.176218	0.0771724	0.0990458	0.0101661	0.827591	0.0679986	1.17177	0.0718178	3.6209e-05
10092	1	100	20	500	0.195113	0.188237	0.0868053	0.101432	0.00687532	0.816912	0.0612714	1.18646	0.0624922	3.66048e-05
10093	1	100	21	500	0.196828	0.189696	0.0880629	0.101633	0.0071322	0.814749	0.0626718	1.18697	0.0643292	3.6576e-05
10094	1	100	19	500	0.198724	0.192578	0.0901082	0.10247	0.00614559	0.812251	0.0583536	1.19054	0.0595371	3.71627e-05
10095	1	100	19	500	0.192319	0.186153	0.0855974	0.100555	0.00616589	0.818199	0.0633974	1.18391	0.0657192	3.75903e-05
10096	1	100	19	500	0.201131	0.193507	0.0906915	0.102815	0.00762436	0.81139	0.0617967	1.19065	0.0617086	3.81265e-05
10097	1	100	18	500	0.191837	0.187962	0.0871463	0.100815	0.00387565	0.816363	0.0666442	1.18656	0.0679466	3.79351e-05
10098	1	100	18	500	0.193337	0.184963	0.0834611	0.101502	0.00837345	0.818888	0.0734481	1.18017	0.0739171	3.88095e-05
10099	1	100	15	500	0.191098	0.182431	0.0817891	0.100642	0.00866786	0.821883	0.0718645	1.17782	0.070288	3.82484e-05
10100	1	100	20	500	0.186299	0.177068	0.0792754	0.0977931	0.00923097	0.826303	0.0618834	1.17013	0.0673839	3.72843e-05
10101	1	100	17	500	0.195421	0.183066	0.0816301	0.101436	0.0123547	0.820966	0.0707172	1.17468	0.0711665	3.76828e-05
