Generation	PopulationID	SampleSize	UniqueMutations	PopulationSize	totalLoad	RelzLoad	RelzLoadHomo	RelzLoadHetero	MskLoad	MeanFitness	SdFitness	MeanFitnessCached	SdFitnessCached	Heterozygosity	
10001	1	100	60	500	0.165914	0.137264	0.0604163	0.076848	0.0286497	0.865374	0.0411561	1.12091	0.0424948	3.95987e-05
10002	1	100	41	500	0.180448	0.15694	0.0689623	0.0879782	0.0235073	0.847036	0.0386198	1.14189	0.0453249	4.14623e-05
10003	1	100	37	500	0.180508	0.152523	0.0684002	0.0841225	0.027985	0.85278	0.0349679	1.13719	0.0402375	4.0751e-05
10004	1	100	39	500	0.183572	0.147042	0.063859	0.083183	0.0365301	0.857178	0.0414557	1.12458	0.0384027	4.08972e-05
10005	1	100	37	500	0.171922	0.14579	0.0617713	0.0840183	0.0261329	0.857345	0.0385824	1.12947	0.0461675	4.17257e-05
10006	1	100	37	500	0.159857	0.133163	0.0513296	0.0818331	0.0266941	0.869693	0.0438433	1.11504	0.040692	4.13292e-05
10007	1	100	33	500	0.151491	0.125552	0.0532617	0.0722898	0.0259399	0.876017	0.0457666	1.10651	0.0448617	3.93378e-05
10008	1	100	34	500	0.143743	0.123078	0.0463993	0.076679	0.0206645	0.879551	0.0485631	1.10928	0.0466279	4.04024e-05
10009	1	100	34	500	0.136106	0.116792	0.0437005	0.0730918	0.0193136	0.88625	0.0465673	1.10337	0.0456613	3.85758e-05
10010	1	100	31	500	0.127971	0.105565	0.0345506	0.0710139	0.0224067	0.897153	0.051063	1.09175	0.0504525	3.68161e-05
10011	1	100	32	500	0.133537	0.110088	0.0402718	0.0698159	0.0234494	0.891358	0.0487685	1.09348	0.0446847	3.79372e-05
10012	1	100	29	500	0.132999	0.111798	0.0369799	0.0748183	0.0212008	0.890758	0.0519721	1.09874	0.0520253	3.95361e-05
10013	1	100	26	500	0.134983	0.112775	0.0383045	0.0744709	0.0222075	0.889445	0.0556341	1.09973	0.0509352	3.91577e-05
10014	1	100	27	500	0.12115	0.102462	0.0331365	0.0693254	0.0186885	0.900084	0.0516828	1.09184	0.0517287	3.6929e-05
10015	1	100	26	500	0.111761	0.098714	0.0301841	0.0685299	0.0130466	0.903101	0.0509511	1.09097	0.0506709	3.62333e-05
10016	1	100	27	500	0.124666	0.110668	0.0372075	0.0734601	0.0139985	0.891431	0.0506109	1.10216	0.0495254	3.84558e-05
10017	1	100	28	500	0.114016	0.102989	0.0397643	0.0632243	0.0110275	0.898022	0.0519721	1.09595	0.0540942	3.71416e-05
10018	1	100	33	500	0.131957	0.106925	0.0406589	0.0662659	0.0250326	0.89563	0.0461397	1.09369	0.0558822	3.75468e-05
10019	1	100	26	500	0.137114	0.110248	0.0394669	0.0707814	0.0268655	0.891884	0.0539081	1.09466	0.062162	3.7342e-05
10020	1	100	27	500	0.137317	0.10749	0.0371636	0.0703266	0.029827	0.894612	0.0506012	1.09047	0.0623469	3.72001e-05
10021	1	100	29	500	0.142436	0.107559	0.0397342	0.0678251	0.034877	0.895312	0.047819	1.08707	0.0559611	3.56415e-05
10022	1	100	26	500	0.150973	0.113216	0.0393175	0.0738983	0.0377575	0.890288	0.0491377	1.09197	0.0597834	3.82941e-05
10023	1	100	27	500	0.12676	0.104539	0.0420866	0.0624528	0.0222201	0.898039	0.0501745	1.09304	0.0582674	3.68252e-05
10024	1	100	30	500	0.134789	0.112048	0.040726	0.0713223	0.0227408	0.890009	0.0492491	1.09849	0.0552634	3.89654e-05
10025	1	100	28	500	0.138599	0.116153	0.0465792	0.0695737	0.0224459	0.885487	0.0526276	1.1013	0.0572529	3.99189e-05
10026	1	100	28	500	0.139549	0.115154	0.0430834	0.0720707	0.024395	0.887287	0.0462698	1.10281	0.0575976	3.94083e-05
10027	1	100	25	500	0.129418	0.104156	0.0390471	0.0651092	0.0252613	0.897314	0.0501241	1.09004	0.0625889	3.67232e-05
10028	1	100	29	500	0.130147	0.110541	0.0425713	0.06797	0.0196053	0.891529	0.0479576	1.10021	0.0534276	3.86522e-05
10029	1	100	33	500	0.133722	0.121469	0.0553383	0.0661311	0.0122527	0.881165	0.0437014	1.11638	0.0539839	3.96236e-05
10030	1	100	34	500	0.155314	0.12194	0.0496543	0.0722856	0.0333745	0.881748	0.0446273	1.10374	0.0586997	3.90995e-05
10031	1	100	34	500	0.135787	0.121014	0.0537669	0.067247	0.0147735	0.881335	0.0375702	1.11442	0.0537995	3.81462e-05
10032	1	100	36	500	0.154704	0.123248	0.0497429	0.0735055	0.0314555	0.880305	0.0433089	1.10696	0.0622075	3.72932e-05
10033	1	100	30	500	0.142415	0.119579	0.0480319	0.071547	0.0228359	0.883339	0.0406948	1.10816	0.0527503	3.74811e-05
10034	1	100	33	500	0.137846	0.119651	0.0431412	0.0765094	0.0181955	0.88302	0.0432943	1.11064	0.0525069	3.8673e-05
10035	1	100	32	500	0.139456	0.119824	0.0414132	0.0784112	0.0196311	0.882756	0.0419919	1.1105	0.060612	3.9084e-05
10036	1	100	32	500	0.130276	0.114189	0.0409033	0.0732856	0.0160867	0.888704	0.0453202	1.10677	0.0565861	4.04524e-05
10037	1	100	29	500	0.114849	0.108229	0.0413147	0.0669147	0.00661913	0.892687	0.0441565	1.10349	0.0465694	3.82597e-05
10038	1	100	26	500	0.11462	0.107541	0.0410961	0.0664452	0.00707833	0.894163	0.0361587	1.10342	0.0383642	3.64341e-05
10039	1	100	28	500	0.116926	0.108599	0.0423871	0.0662121	0.00832688	0.893259	0.0435667	1.10375	0.0470767	3.64359e-05
10040	1	100	28	500	0.135198	0.118664	0.0506938	0.0679698	0.0165341	0.884565	0.042949	1.1101	0.0455903	3.63715e-05
10041	1	100	25	500	0.127306	0.11779	0.0542164	0.0635732	0.00951635	0.884481	0.0389571	1.11248	0.0411837	3.68654e-05
10042	1	100	24	500	0.12817	0.1178	0.0597658	0.0580341	0.0103697	0.885024	0.0346749	1.11259	0.0348553	3.58691e-05
10043	1	100	28	500	0.131322	0.120634	0.0671496	0.053484	0.0106885	0.881941	0.0349253	1.11516	0.0353628	3.42069e-05
10044	1	100	30	500	0.12457	0.117238	0.0674769	0.0497614	0.00733187	0.884555	0.0341173	1.11266	0.0344049	3.32889e-05
10045	1	100	23	500	0.117658	0.105815	0.0633805	0.0424346	0.0118429	0.895089	0.0394693	1.09967	0.0373907	3.04472e-05
10046	1	100	23	500	0.116656	0.103458	0.0607928	0.0426657	0.0131976	0.898415	0.0405799	1.09407	0.0386934	3.06012e-05
10047	1	100	25	500	0.114125	0.101367	0.057814	0.0435527	0.0127581	0.900717	0.037855	1.09158	0.0364366	3.1257e-05
10048	1	100	23	500	0.115647	0.104561	0.0637596	0.0408011	0.011086	0.896739	0.0395522	1.09491	0.0389652	3.07868e-05
10049	1	100	24	500	0.117186	0.106556	0.0660228	0.0405331	0.0106303	0.89516	0.0358376	1.09821	0.0350523	3.04021e-05
10050	1	100	23	500	0.116931	0.108675	0.0719716	0.0367033	0.00825583	0.892822	0.038634	1.10138	0.0382967	3.02581e-05
10051	1	100	21	500	0.11885	0.109355	0.0760866	0.033268	0.00949561	0.891888	0.0381084	1.10106	0.0379504	2.92645e-05
10052	1	100	20	500	0.105878	0.0983164	0.0605859	0.0377305	0.00756151	0.902548	0.0426273	1.09068	0.0445405	2.91783e-05
10053	1	100	25	500	0.102851	0.0940629	0.0552698	0.0387932	0.00878838	0.906659	0.0403095	1.08542	0.0433854	2.88287e-05
10054	1	100	20	500	0.102193	0.0940206	0.0554682	0.0385523	0.00817219	0.906961	0.0407896	1.08556	0.0423978	2.84619e-05
10055	1	100	20	500	0.0968574	0.0882957	0.0493125	0.0389832	0.00856168	0.912728	0.0427101	1.07955	0.0449304	2.77736e-05
10056	1	100	22	500	0.100267	0.0884277	0.0484346	0.0399931	0.0118397	0.913035	0.041243	1.07834	0.0412652	2.85244e-05
10057	1	100	24	500	0.0977622	0.0882959	0.0481205	0.0401754	0.0094663	0.912465	0.0455896	1.07875	0.0492217	2.91986e-05
10058	1	100	22	500	0.0853257	0.080847	0.0433781	0.0374689	0.00447876	0.918648	0.0462606	1.07176	0.0497918	2.92418e-05
10059	1	100	21	500	0.0941935	0.0814404	0.0421298	0.0393106	0.0127532	0.919071	0.0516405	1.06809	0.050887	2.84756e-05
10060	1	100	24	500	0.0946186	0.0810833	0.0413994	0.0396839	0.0135353	0.918698	0.0538719	1.06617	0.0549917	2.97902e-05
10061	1	100	21	500	0.104874	0.0814951	0.0397863	0.0417088	0.0233793	0.920568	0.0508013	1.0621	0.0517844	2.89136e-05
10062	1	100	20	500	0.0903147	0.0825544	0.0447793	0.0377752	0.00776031	0.917541	0.0448069	1.07152	0.0468322	2.95161e-05
10063	1	100	23	500	0.0910424	0.0770967	0.0376098	0.0394869	0.0139456	0.923227	0.0514851	1.0621	0.0594222	2.95301e-05
10064	1	100	20	500	0.10804	0.0839205	0.0418302	0.0420903	0.0241197	0.917183	0.0472039	1.06355	0.0559005	3.06591e-05
10065	1	100	18	500	0.103607	0.0844127	0.0436573	0.0407554	0.0191944	0.916927	0.0404078	1.0676	0.0452624	3.12284e-05
10066	1	100	23	500	0.10479	0.0872997	0.0474474	0.0398523	0.0174903	0.914651	0.0445129	1.07205	0.0503156	3.18578e-05
10067	1	100	23	500	0.0963018	0.0866417	0.0491255	0.0375162	0.00966004	0.914589	0.0429582	1.07572	0.0484854	3.13722e-05
10068	1	100	21	500	0.0941948	0.089332	0.053572	0.03576	0.00486281	0.911993	0.0422995	1.08159	0.045473	3.2062e-05
10069	1	100	22	500	0.0954319	0.0904991	0.0537076	0.0367915	0.00493287	0.90996	0.0454671	1.08183	0.0473951	3.25623e-05
10070	1	100	24	500	0.0849507	0.0805468	0.0438932	0.0366537	0.00440382	0.920086	0.0422766	1.07304	0.0467944	3.05107e-05
10071	1	100	20	500	0.0814944	0.0761986	0.0387813	0.0374173	0.00529584	0.925243	0.0355949	1.06772	0.0416686	3.16921e-05
10072	1	100	17	500	0.0774677	0.0725507	0.0353225	0.0372281	0.00491703	0.927768	0.0437403	1.06315	0.0503528	3.16134e-05
10073	1	100	19	500	0.0707976	0.065791	0.0293466	0.0364443	0.00500669	0.934518	0.0460656	1.05535	0.0544961	2.91719e-05
10074	1	100	22	500	0.0718459	0.0659723	0.0290489	0.0369234	0.00587361	0.934873	0.0389645	1.05534	0.0464305	2.9875e-05
10075	1	100	22	500	0.0760752	0.0702841	0.0332476	0.0370365	0.00579107	0.930211	0.0420688	1.06039	0.0497397	2.90438e-05
10076	1	100	20	500	0.0745202	0.0695008	0.0326943	0.0368065	0.0050194	0.930657	0.0462862	1.05973	0.054641	2.9045e-05
10077	1	100	21	500	0.0752665	0.0700247	0.0331886	0.0368361	0.00524178	0.930339	0.0429467	1.06025	0.0480909	2.79264e-05
10078	1	100	21	500	0.0876145	0.0767189	0.0389626	0.0377563	0.0108956	0.923538	0.0478315	1.06417	0.0503007	2.60014e-05
10079	1	100	21	500	0.109847	0.0859247	0.0457072	0.0402175	0.0239222	0.91536	0.047412	1.06701	0.0490668	2.62166e-05
10080	1	100	23	500	0.104025	0.0779063	0.0354441	0.0424622	0.026119	0.924253	0.0501901	1.05609	0.0511678	2.46749e-05
10081	1	100	21	500	0.111239	0.0784735	0.0359843	0.0424892	0.0327654	0.924484	0.0472272	1.05111	0.0464863	2.44935e-05
10082	1	100	21	500	0.12918	0.0900798	0.0458169	0.044263	0.0391	0.911572	0.0575415	1.05996	0.0626163	2.79317e-05
10083	1	100	25	500	0.100001	0.0856094	0.0472635	0.0383459	0.014392	0.914993	0.0432887	1.07336	0.0537151	3.04705e-05
10084	1	100	24	500	0.0993305	0.0813676	0.0420264	0.0393412	0.0179629	0.919475	0.0461032	1.06623	0.0498755	2.8807e-05
10085	1	100	23	500	0.0976273	0.0793596	0.0400211	0.0393385	0.0182678	0.921543	0.0422349	1.06419	0.0496742	2.81998e-05
10086	1	100	24	500	0.0977932	0.085021	0.0476291	0.0373918	0.0127722	0.915476	0.0454062	1.07328	0.0525074	2.98027e-05
10087	1	100	22	500	0.0924207	0.082055	0.0444871	0.0375679	0.0103657	0.919149	0.0412777	1.07104	0.0446992	3.03267e-05
10088	1	100	21	500	0.0909727	0.0789381	0.0411767	0.0377614	0.0120346	0.922311	0.0446222	1.06588	0.0486774	2.7603e-05
10089	1	100	25	500	0.0931624	0.0845349	0.0481169	0.0364179	0.00862749	0.916009	0.0450253	1.07458	0.0496455	2.83711e-05
10090	1	100	22	500	0.0787938	0.073484	0.0370906	0.0363934	0.00530979	0.926497	0.0463536	1.06403	0.0526045	2.83318e-05
10091	1	100	22	500	0.0707307	0.0653511	0.0294059	0.0359452	0.00537963	0.9348	0.0418345	1.05514	0.0496066	2.82462e-05
10092	1	100	24	500	0.0731352	0.0668123	0.0307504	0.0360619	0.0063229	0.933565	0.0393327	1.05624	0.0461767	2.60136e-05
10093	1	100	23	500	0.0720843	0.0653766	0.0284178	0.0369588	0.0067077	0.934836	0.042352	1.05422	0.0521124	2.78071e-05
10094	1	100	20	500	0.06787	0.0618015	0.0263146	0.0354869	0.00606856	0.938152	0.0453952	1.04973	0.0546573	2.56267e-05
10095	1	100	21	500	0.0635709	0.0573696	0.0230503	0.0343194	0.00620125	0.943076	0.0396679	1.04519	0.0474246	2.71041e-05
10096	1	100	20	500	0.0582168	0.0504175	0.0183356	0.0320819	0.00779925	0.949758	0.0407057	1.03585	0.0500648	2.59485e-05
10097	1	100	21	500	0.0606013	0.0497566	0.0177996	0.031957	0.0108447	0.951278	0.0344534	1.03275	0.0434566	2.49192e-05
10098	1	100	24	500	0.0695812	0.059084	0.0235985	0.0354854	0.0104972	0.941261	0.040051	1.04324	0.0504218	2.79932e-05
10099	1	100	20	500	0.0645708	0.0536482	0.0200625	0.0335857	0.0109227	0.947405	0.0402344	1.03705	0.0482919	2.66868e-05
10100	1	100	21	500	0.0687006	0.0566093	0.021973	0.0346364	0.0120913	0.944222	0.0401927	1.03874	0.0493971	2.64716e-05
10101	1	100	17	500	0.0593694	0.0487586	0.0173808	0.0313777	0.0106109	0.95175	0.0324719	1.03071	0.0435887	2.60145e-05
