Generation	PopulationID	SampleSize	UniqueMutations	PopulationSize	totalLoad	RelzLoad	RelzLoadHomo	RelzLoadHetero	MskLoad	MeanFitness	SdFitness	MeanFitnessCached	SdFitnessCached	Heterozygosity	
10001	1	100	43	500	0.440458	0.430869	0.388009	0.0428608	0.00958824	0.614168	0.041919	1.44871	0.0691667	2.02992e-05
10002	1	100	34	500	0.447657	0.433107	0.396194	0.0369129	0.0145501	0.61325	0.040875	1.44922	0.0691506	2.0266e-05
10003	1	100	31	500	0.445701	0.431439	0.39138	0.0400598	0.0142617	0.615005	0.04788	1.44704	0.0705586	2.01071e-05
10004	1	100	27	500	0.447038	0.436729	0.406712	0.0300172	0.0103095	0.610878	0.0465774	1.45473	0.0709967	1.95823e-05
10005	1	100	29	500	0.444175	0.434673	0.403711	0.0309615	0.00950233	0.612435	0.0471985	1.45416	0.0744188	2.07159e-05
10006	1	100	29	500	0.446888	0.436985	0.407545	0.0294404	0.00990265	0.610416	0.0397795	1.4573	0.0613351	2.00805e-05
10007	1	100	18	500	0.197467	0.187293	0.16986	0.0174328	0.0101735	0.814657	0.0388226	1.16774	0.0378059	1.91292e-05
10008	1	100	19	500	0.199569	0.187112	0.168726	0.0183862	0.0124567	0.813974	0.0396558	1.16586	0.0367974	1.90628e-05
10009	1	100	23	500	0.208708	0.194342	0.18083	0.0135124	0.0143656	0.807734	0.0305522	1.17286	0.0306224	1.84535e-05
10010	1	100	21	500	0.214662	0.196799	0.183786	0.0130138	0.0178629	0.806637	0.0257893	1.17434	0.0280624	1.86333e-05
10011	1	100	21	500	0.213046	0.190692	0.170277	0.0204155	0.022354	0.811132	0.0401481	1.16242	0.0413303	1.98606e-05
10012	1	100	22	500	0.205134	0.1845	0.160802	0.0236974	0.0206347	0.81843	0.040537	1.16192	0.0385245	2.07589e-05
10013	1	100	20	500	0.196138	0.174908	0.144121	0.0307876	0.0212297	0.827877	0.0512753	1.15203	0.0482928	2.1317e-05
10014	1	100	22	500	0.196074	0.177988	0.150939	0.0270488	0.0180858	0.823721	0.0498084	1.15657	0.049268	2.07518e-05
10015	1	100	20	500	0.192176	0.173626	0.143228	0.0303979	0.0185503	0.82759	0.0465368	1.15161	0.0561906	2.11916e-05
10016	1	100	19	500	0.177145	0.160161	0.121952	0.0382091	0.0169841	0.840383	0.0561497	1.14013	0.0567553	2.26563e-05
10017	1	100	17	500	0.17397	0.15836	0.120152	0.0382072	0.0156102	0.84343	0.0595824	1.14143	0.0578254	2.27538e-05
10018	1	100	23	500	0.180408	0.162745	0.125818	0.036927	0.0176628	0.838164	0.055904	1.14204	0.0550826	2.2769e-05
10019	1	100	15	500	0.174001	0.159302	0.121372	0.03793	0.0146986	0.842577	0.0599859	1.14251	0.0587465	2.30316e-05
10020	1	100	16	500	0.174474	0.161543	0.125019	0.0365241	0.0129315	0.839306	0.0550378	1.14444	0.0615053	2.26352e-05
10021	1	100	17	500	0.171488	0.155687	0.114756	0.0409316	0.0158003	0.846481	0.0555728	1.13718	0.0545191	2.35748e-05
10022	1	100	17	500	0.165874	0.148079	0.102915	0.0451644	0.0177945	0.854235	0.0572583	1.1294	0.054807	2.47018e-05
10023	1	100	20	500	0.163514	0.137736	0.0858931	0.0518432	0.0257775	0.864538	0.0641896	1.10947	0.0725759	2.59334e-05
10024	1	100	16	500	0.16333	0.145924	0.100041	0.0458832	0.0174056	0.856377	0.0588315	1.1252	0.0592737	2.49692e-05
10025	1	100	17	500	0.16352	0.146215	0.10091	0.0453053	0.0173054	0.855668	0.0630575	1.12523	0.0622945	2.52372e-05
10026	1	100	17	500	0.167247	0.152905	0.111376	0.0415288	0.0143418	0.849136	0.060146	1.13333	0.0571363	2.4808e-05
10027	1	100	19	500	0.15655	0.139715	0.0922479	0.0474671	0.0168349	0.862433	0.0626787	1.12172	0.0615806	2.5494e-05
10028	1	100	18	500	0.15934	0.137679	0.0847134	0.0529659	0.0216611	0.863012	0.0644403	1.11743	0.0747704	2.59595e-05
10029	1	100	20	500	0.165276	0.131682	0.0769575	0.0547246	0.0335939	0.869715	0.060871	1.10709	0.076105	2.53965e-05
10030	1	100	15	500	0.156934	0.132576	0.0737611	0.0588145	0.024358	0.869244	0.0724891	1.108	0.0855346	2.60937e-05
10031	1	100	16	500	0.145648	0.126116	0.0696024	0.0565133	0.0195325	0.875875	0.0675543	1.10489	0.074803	2.64807e-05
10032	1	100	17	500	0.148859	0.122653	0.061808	0.0608448	0.0262061	0.879444	0.0764807	1.09169	0.0920577	2.69601e-05
10033	1	100	16	500	0.157836	0.126442	0.0675201	0.0589215	0.0313948	0.87686	0.064791	1.09027	0.0791217	2.72556e-05
10034	1	100	18	500	0.150554	0.12531	0.0659367	0.0593733	0.025244	0.877497	0.0690119	1.09137	0.0848648	2.70159e-05
10035	1	100	17	500	0.154248	0.117774	0.0568111	0.0609634	0.036474	0.888096	0.0700132	1.07624	0.0865214	2.70503e-05
10036	1	100	20	500	0.156624	0.113013	0.0538945	0.0591183	0.0436117	0.892868	0.0673749	1.06288	0.078137	2.72823e-05
10037	1	100	18	500	0.157798	0.122316	0.0652237	0.057092	0.0354822	0.880131	0.058568	1.07462	0.0824912	2.68501e-05
10038	1	100	13	500	0.151168	0.120711	0.0647169	0.0559936	0.0304575	0.877991	0.0568616	1.06828	0.0913086	2.64421e-05
10039	1	100	16	500	0.156034	0.125801	0.0703342	0.0554673	0.0302327	0.876268	0.0561666	1.08282	0.0798873	2.65141e-05
10040	1	100	15	500	0.151965	0.122724	0.0673884	0.0553354	0.0292412	0.880356	0.0631535	1.08248	0.082841	2.68755e-05
10041	1	100	14	500	0.155935	0.127494	0.0726913	0.0548028	0.028441	0.871649	0.0497728	1.08344	0.0837931	2.62207e-05
10042	1	100	17	500	0.154401	0.12293	0.0668376	0.0560919	0.0314718	0.87766	0.0641016	1.07873	0.0924768	2.62441e-05
10043	1	100	18	500	0.157204	0.122124	0.0648738	0.05725	0.03508	0.877223	0.0590802	1.07403	0.0914404	2.66448e-05
10044	1	100	18	500	0.163704	0.131962	0.0717496	0.0602127	0.0317414	0.874662	0.0714752	1.09687	0.0839059	2.6306e-05
10045	1	100	18	500	0.173919	0.133883	0.0712062	0.0626765	0.0400365	0.868796	0.0640796	1.09129	0.0866542	2.68233e-05
10046	1	100	17	500	0.168076	0.129942	0.0728145	0.0571278	0.0381335	0.872218	0.058509	1.08431	0.0837662	2.67674e-05
10047	1	100	13	500	0.166978	0.136261	0.0826937	0.0535669	0.0307172	0.865475	0.0602251	1.09802	0.0765632	2.63079e-05
10048	1	100	14	500	0.158356	0.13759	0.0867641	0.0508255	0.0207667	0.863595	0.0605088	1.10798	0.06983	2.62363e-05
10049	1	100	15	500	0.168781	0.141587	0.0887193	0.0528675	0.027194	0.862119	0.0615879	1.1097	0.0690217	2.57949e-05
10050	1	100	14	500	0.17405	0.140883	0.0825811	0.0583017	0.0331673	0.863059	0.0599619	1.1027	0.069129	2.59831e-05
10051	1	100	14	500	0.169136	0.13847	0.0801774	0.0582926	0.0306656	0.865083	0.0710531	1.10276	0.0813445	2.61431e-05
10052	1	100	17	500	0.171924	0.147142	0.0906461	0.0564962	0.0247821	0.855502	0.0586453	1.11524	0.0738463	2.49141e-05
10053	1	100	16	500	0.17813	0.16007	0.10908	0.0509901	0.0180592	0.842959	0.0662956	1.133	0.0734041	2.40059e-05
10054	1	100	17	500	0.192467	0.178648	0.133829	0.0448196	0.013819	0.825836	0.0609451	1.15582	0.0679255	2.18634e-05
10055	1	100	15	500	0.19654	0.187835	0.148924	0.0389108	0.00870535	0.816649	0.0531736	1.16832	0.0607733	2.04654e-05
10056	1	100	13	500	0.194562	0.183091	0.139903	0.0431881	0.0114709	0.820259	0.0571936	1.15974	0.065503	2.12263e-05
10057	1	100	18	500	0.205197	0.190028	0.154161	0.0358671	0.0151694	0.814677	0.0521338	1.16534	0.0589408	2.06928e-05
10058	1	100	12	500	0.214382	0.208572	0.181385	0.0271868	0.00580984	0.796542	0.0434086	1.18701	0.0508869	1.8132e-05
10059	1	100	16	500	0.225921	0.207819	0.176267	0.0315517	0.0181023	0.798232	0.0427279	1.17905	0.0492393	1.89209e-05
10060	1	100	12	500	0.226811	0.207007	0.171681	0.0353259	0.0198045	0.797608	0.0496305	1.17468	0.0629991	1.90222e-05
10061	1	100	11	500	0.22355	0.208589	0.184072	0.0245174	0.0149604	0.796701	0.0388725	1.17885	0.0456093	1.86556e-05
10062	1	100	12	500	0.235033	0.217239	0.19337	0.0238697	0.0177942	0.788942	0.0379314	1.18582	0.0480564	1.71041e-05
10063	1	100	13	500	0.237232	0.214051	0.185465	0.0285855	0.0231813	0.792526	0.0422076	1.17992	0.051813	1.75713e-05
10064	1	100	13	500	0.256327	0.216741	0.184422	0.0323189	0.0395856	0.791338	0.0485834	1.17215	0.0579086	1.78637e-05
10065	1	100	15	500	0.286838	0.223523	0.18655	0.0369735	0.0633143	0.788628	0.0481948	1.16126	0.0619854	1.91671e-05
10066	1	100	13	500	0.257031	0.210513	0.176083	0.0344298	0.0465184	0.797231	0.0473558	1.1612	0.0637296	2.04693e-05
10067	1	100	18	500	0.280995	0.218155	0.18197	0.0361852	0.0628398	0.793089	0.0485915	1.15643	0.0565403	1.95563e-05
10068	1	100	17	500	0.282476	0.220471	0.180029	0.0404425	0.0620043	0.790341	0.0477423	1.15827	0.0648281	1.94718e-05
10069	1	100	18	500	0.275218	0.214566	0.174993	0.0395724	0.0606523	0.795246	0.052836	1.15513	0.0640036	2.04921e-05
10070	1	100	15	500	0.297231	0.222949	0.178757	0.0441921	0.0742824	0.782957	0.109519	1.14034	0.141275	1.9253e-05
10071	1	100	19	500	0.308029	0.219136	0.171406	0.0477303	0.0888923	0.796663	0.0611269	1.13628	0.0671717	2.16262e-05
10072	1	100	19	500	0.300614	0.209177	0.154955	0.054222	0.0914371	0.805529	0.0659608	1.12611	0.0713662	2.32879e-05
10073	1	100	18	500	0.302625	0.20589	0.14982	0.0560702	0.096735	0.809457	0.0617695	1.12001	0.0738636	2.48203e-05
10074	1	100	22	500	0.342337	0.222816	0.166955	0.0558604	0.119521	0.798625	0.0626811	1.11379	0.0715385	2.3133e-05
10075	1	100	23	500	0.318871	0.215808	0.165802	0.0500063	0.103062	0.800624	0.0506531	1.12293	0.0744896	2.37897e-05
10076	1	100	22	500	0.283913	0.204412	0.162624	0.0417881	0.0795014	0.79314	0.132998	1.11558	0.167704	2.41457e-05
10077	1	100	20	500	0.238827	0.197034	0.168126	0.0289076	0.0417936	0.807602	0.0470127	1.14832	0.0532929	2.26131e-05
10078	1	100	21	500	0.262815	0.200384	0.166554	0.0338304	0.0624311	0.807242	0.0482123	1.14217	0.0514716	2.34964e-05
10079	1	100	15	500	0.254492	0.197363	0.16351	0.033853	0.0571289	0.808181	0.0535679	1.13887	0.0492953	2.40804e-05
10080	1	100	18	500	0.282464	0.20439	0.164712	0.0396783	0.0780732	0.804697	0.0532504	1.1327	0.0570545	2.28434e-05
10081	1	100	19	500	0.275125	0.198809	0.15589	0.0429189	0.0763167	0.809031	0.0601067	1.1266	0.0565597	2.5175e-05
10082	1	100	18	500	0.246569	0.183884	0.138027	0.0458568	0.0626853	0.822394	0.0594028	1.12337	0.0614821	2.68433e-05
10083	1	100	27	500	0.252458	0.183809	0.135535	0.0482738	0.068649	0.822118	0.0612194	1.11991	0.0668306	2.73304e-05
10084	1	100	21	500	0.272324	0.19048	0.140306	0.0501741	0.0818436	0.818316	0.0639736	1.11921	0.0645831	2.72936e-05
10085	1	100	20	500	0.268487	0.189054	0.139128	0.0499263	0.0794333	0.816915	0.0633291	1.11645	0.0695196	2.72632e-05
10086	1	100	20	500	0.24917	0.180587	0.130659	0.0499275	0.0685833	0.824703	0.0570505	1.11764	0.0755366	2.84729e-05
10087	1	100	15	500	0.189682	0.173942	0.143129	0.0308131	0.0157394	0.828171	0.0482049	1.14365	0.050011	2.74258e-05
10088	1	100	18	500	0.186807	0.173888	0.144528	0.0293595	0.0129191	0.828343	0.0487052	1.14682	0.0487803	2.69058e-05
10089	1	100	15	500	0.197212	0.183538	0.160846	0.0226925	0.0136742	0.818668	0.0415986	1.15578	0.048471	2.59607e-05
10090	1	100	17	500	0.190266	0.177199	0.150093	0.0271064	0.0130667	0.824544	0.043456	1.14939	0.0506121	2.76561e-05
10091	1	100	15	500	0.187659	0.174678	0.145458	0.0292203	0.012981	0.826304	0.0467842	1.14496	0.058568	2.65881e-05
10092	1	100	18	500	0.190328	0.17877	0.152841	0.0259286	0.0115579	0.824417	0.044388	1.15144	0.040872	2.50923e-05
10093	1	100	19	500	0.186601	0.17526	0.147107	0.0281534	0.0113402	0.826746	0.0462741	1.14757	0.0509489	2.57058e-05
10094	1	100	17	500	0.188222	0.169635	0.134569	0.035066	0.0185867	0.831162	0.0494817	1.1359	0.0667578	2.70425e-05
10095	1	100	21	500	0.18527	0.168198	0.132728	0.0354703	0.0170716	0.836189	0.0483703	1.13901	0.0471221	2.80048e-05
10096	1	100	16	500	0.186723	0.169628	0.135169	0.0344593	0.0170952	0.833916	0.0492945	1.13971	0.0516018	2.84358e-05
10097	1	100	16	500	0.187304	0.170804	0.137084	0.0337193	0.0165004	0.831961	0.0490979	1.1393	0.0542516	2.7968e-05
10098	1	100	17	500	0.193138	0.178416	0.15076	0.0276566	0.014722	0.824416	0.0446753	1.14857	0.0480344	2.67632e-05
10099	1	100	17	500	0.20039	0.187614	0.167577	0.0200373	0.0127759	0.814779	0.0393655	1.15741	0.0437843	2.53244e-05
10100	1	100	17	500	0.205682	0.191458	0.173266	0.0181919	0.0142246	0.811798	0.0375172	1.1592	0.0336063	2.43537e-05
10101	1	100	15	500	0.205924	0.194665	0.180499	0.0141662	0.0112594	0.808421	0.0335038	1.16362	0.0299351	2.36238e-05
