Generation	PopulationID	SampleSize	UniqueMutations	PopulationSize	totalLoad	RelzLoad	RelzLoadHomo	RelzLoadHetero	MskLoad	MeanFitness	SdFitness	MeanFitnessCached	SdFitnessCached	Heterozygosity	
10001	1	100	51	500	0.180314	0.154598	0.107414	0.0471848	0.0257159	0.849335	0.0222413	1.13385	0.0272884	4.71735e-05
10002	1	100	35	500	0.183047	0.152911	0.0971737	0.055737	0.0301361	0.851612	0.0232497	1.1303	0.0305005	4.83798e-05
10003	1	100	37	500	0.191635	0.154135	0.100096	0.054039	0.0375	0.85073	0.0204735	1.12737	0.0340487	4.75625e-05
10004	1	100	34	500	0.181201	0.152425	0.099963	0.0524616	0.0287762	0.851221	0.0249531	1.12634	0.0304286	4.72987e-05
10005	1	100	35	500	0.179115	0.150894	0.101556	0.049338	0.0282215	0.854657	0.0243836	1.12776	0.030531	4.69749e-05
10006	1	100	26	500	0.175582	0.148788	0.113035	0.0357523	0.0267947	0.855549	0.024364	1.12218	0.0270295	4.58465e-05
10007	1	100	29	500	0.178489	0.153259	0.124073	0.0291861	0.0252305	0.85148	0.0230956	1.12293	0.021681	4.41162e-05
10008	1	100	30	500	0.183075	0.154862	0.121187	0.0336747	0.0282135	0.850811	0.0245354	1.12081	0.0274954	4.3235e-05
10009	1	100	23	500	0.171985	0.151111	0.126458	0.0246534	0.0208736	0.851421	0.0240736	1.12236	0.0245011	4.29218e-05
10010	1	100	28	500	0.190022	0.153037	0.124571	0.0284661	0.0369844	0.848843	0.0293443	1.11292	0.0433543	4.35874e-05
10011	1	100	26	500	0.202088	0.158122	0.133249	0.0248735	0.0439651	0.84772	0.0261893	1.11533	0.0278513	4.26099e-05
10012	1	100	27	500	0.212728	0.160355	0.134946	0.0254084	0.0523732	0.846451	0.0286749	1.1118	0.0327512	4.11687e-05
10013	1	100	29	500	0.205767	0.156148	0.132637	0.0235109	0.0496192	0.849199	0.0295215	1.11195	0.0347181	4.20464e-05
10014	1	100	24	500	0.19807	0.155158	0.132946	0.0222118	0.0429116	0.85069	0.0293595	1.11426	0.0346792	4.07069e-05
10015	1	100	27	500	0.183534	0.151902	0.130444	0.0214579	0.031632	0.852316	0.0264118	1.11552	0.033295	4.19876e-05
10016	1	100	23	500	0.194406	0.154483	0.13241	0.0220728	0.0399233	0.851596	0.0296846	1.11637	0.0306348	4.08815e-05
10017	1	100	24	500	0.183878	0.154155	0.13399	0.0201649	0.0297231	0.85133	0.0262327	1.12084	0.027753	4.11006e-05
10018	1	100	24	500	0.181461	0.157373	0.141494	0.0158793	0.0240878	0.847413	0.0220454	1.12016	0.0196973	3.71369e-05
10019	1	100	24	500	0.197704	0.162592	0.143482	0.0191104	0.0351114	0.842394	0.0319517	1.11376	0.0390335	3.60103e-05
10020	1	100	28	500	0.192237	0.161183	0.141609	0.0195742	0.031054	0.842383	0.0332341	1.11351	0.0422722	3.50767e-05
10021	1	100	24	500	0.200417	0.162595	0.143135	0.0194592	0.0378221	0.844309	0.0301071	1.115	0.0332486	3.45743e-05
10022	1	100	20	500	0.194682	0.164475	0.147686	0.0167885	0.030207	0.841851	0.0273111	1.11759	0.0297971	3.18359e-05
10023	1	100	24	500	0.187346	0.161644	0.145527	0.0161174	0.0257016	0.843982	0.0235001	1.11709	0.0305907	3.2293e-05
10024	1	100	22	500	0.190203	0.165823	0.150148	0.0156753	0.0243802	0.840668	0.026869	1.11595	0.0285105	2.86981e-05
10025	1	100	20	500	0.171747	0.162689	0.151919	0.0107696	0.00905754	0.842815	0.0183518	1.12072	0.0147057	2.88143e-05
10026	1	100	22	500	0.176573	0.16215	0.147784	0.0143657	0.0144226	0.843745	0.0216873	1.11863	0.0197903	3.18956e-05
10027	1	100	21	500	0.172027	0.161784	0.15045	0.0113346	0.0102427	0.844281	0.0201945	1.11918	0.0175276	2.99148e-05
10028	1	100	19	500	0.166585	0.160859	0.15229	0.00856951	0.00572598	0.843969	0.0187059	1.11954	0.0257355	2.88896e-05
10029	1	100	14	500	0.046823	0.0447844	0.0411198	0.00366456	0.00203859	0.955745	0.0122194	1.0009	0.00572208	2.41217e-05
10030	1	100	15	500	0.0461574	0.044318	0.0404706	0.0038474	0.00183944	0.956122	0.0130673	1.00107	0.0063297	2.55174e-05
10031	1	100	14	500	0.0449819	0.0417838	0.0375185	0.00426524	0.00319815	0.958787	0.0145181	1.00104	0.00656134	2.69102e-05
10032	1	100	11	500	0.0442662	0.0413596	0.0359949	0.00536461	0.00290665	0.958975	0.0145097	1.00165	0.0052659	2.84935e-05
10033	1	100	12	500	0.0443785	0.041913	0.0357847	0.00612828	0.0024655	0.958828	0.0139885	1.00215	0.00529279	2.84862e-05
10034	1	100	12	500	0.0461368	0.0443864	0.0387843	0.00560213	0.00175042	0.956039	0.0122244	1.00137	0.00575652	2.63933e-05
10035	1	100	13	500	0.0540487	0.047927	0.0412927	0.00663438	0.00612169	0.952558	0.0126108	0.999977	0.00901877	2.53876e-05
10036	1	100	13	500	0.0532258	0.0485231	0.0410236	0.00749954	0.00470268	0.952136	0.0102373	1.0004	0.00801745	2.5332e-05
10037	1	100	14	500	0.0527684	0.0472718	0.0401018	0.00716993	0.00549664	0.953334	0.0130562	1.00023	0.00758211	2.70817e-05
10038	1	100	13	500	0.0565982	0.0459698	0.0384347	0.00753506	0.0106284	0.954989	0.0160846	0.999433	0.0105948	2.8368e-05
10039	1	100	16	500	0.0570821	0.0472302	0.0407563	0.00647395	0.00985186	0.953459	0.0150129	0.998113	0.0108649	2.74804e-05
10040	1	100	15	500	0.0679022	0.0483387	0.0395775	0.00876117	0.0195635	0.952504	0.0218846	0.99542	0.018978	2.78852e-05
10041	1	100	15	500	0.0796444	0.0530699	0.0420821	0.0109878	0.0265745	0.948356	0.0246604	0.993683	0.0227807	2.6866e-05
10042	1	100	14	500	0.0921136	0.0572676	0.0420438	0.0152237	0.034846	0.94468	0.0292003	0.992115	0.0300687	2.76244e-05
10043	1	100	12	500	0.0957787	0.0576304	0.0393937	0.0182367	0.0381482	0.945124	0.0314129	0.992783	0.0312052	2.93326e-05
10044	1	100	13	500	0.0910474	0.0582792	0.0406186	0.0176606	0.0327682	0.944163	0.0284263	0.994156	0.0284553	2.86425e-05
10045	1	100	14	500	0.119599	0.0655363	0.0419157	0.0236206	0.0540629	0.93967	0.0366757	0.988735	0.0360184	2.9802e-05
10046	1	100	17	500	0.107114	0.0640821	0.041799	0.0222831	0.0430323	0.93935	0.0307666	0.991819	0.0337241	2.78825e-05
10047	1	100	16	500	0.116765	0.0665855	0.0421142	0.0244713	0.0501794	0.938097	0.0330665	0.990879	0.0360903	2.80342e-05
10048	1	100	15	500	0.118938	0.0690328	0.0437629	0.02527	0.0499055	0.929387	0.0904987	0.985472	0.0952303	2.68741e-05
10049	1	100	13	500	0.11419	0.0680549	0.0453709	0.022684	0.0461349	0.935971	0.0322259	0.99217	0.0363723	2.40959e-05
10050	1	100	15	500	0.110779	0.0670317	0.0443018	0.0227299	0.0437475	0.936775	0.0305413	0.993342	0.0342015	2.45625e-05
10051	1	100	15	500	0.107214	0.0646924	0.0437916	0.0209008	0.0425217	0.92629	0.123304	0.979991	0.128336	2.43765e-05
10052	1	100	19	500	0.0730012	0.0548418	0.0401335	0.0147083	0.0181594	0.946522	0.0203679	0.999807	0.0219051	2.52217e-05
10053	1	100	15	500	0.07775	0.0537847	0.0407887	0.012996	0.0239653	0.947649	0.0250024	0.996653	0.0238022	2.5628e-05
10054	1	100	16	500	0.0796466	0.0554239	0.0424252	0.0129987	0.0242227	0.945898	0.0249018	0.995501	0.0241668	2.54039e-05
10055	1	100	13	500	0.0640859	0.0512887	0.0413423	0.00994638	0.0127973	0.949378	0.0181435	0.998037	0.0175384	2.3738e-05
10056	1	100	15	500	0.0607901	0.0490529	0.0393888	0.00966407	0.0117372	0.951628	0.018704	0.999139	0.0165633	2.48448e-05
10057	1	100	12	500	0.0483127	0.0450067	0.0396998	0.00530685	0.00330604	0.95539	0.0136374	1.00077	0.00679965	2.3381e-05
10058	1	100	15	500	0.0498338	0.0464987	0.0414753	0.00502337	0.0033351	0.953848	0.0122622	1.00012	0.00829997	2.18699e-05
10059	1	100	12	500	0.0489749	0.0453662	0.0394098	0.00595642	0.00360866	0.955269	0.0128712	1.0005	0.00675387	2.38781e-05
10060	1	100	13	500	0.0496322	0.0461372	0.0399572	0.00617996	0.00349504	0.954534	0.012313	1.00075	0.00573752	2.33416e-05
10061	1	100	13	500	0.0471189	0.0433453	0.0371045	0.00624082	0.00377355	0.957342	0.0143875	1.00104	0.00544649	2.68314e-05
10062	1	100	13	500	0.0472907	0.042895	0.0366127	0.0062823	0.00439564	0.957565	0.0147602	1.00065	0.00624894	2.79394e-05
10063	1	100	14	500	0.050051	0.0456349	0.0387494	0.00688558	0.00441609	0.955037	0.0136756	1.00071	0.00676021	2.66533e-05
10064	1	100	17	500	0.0503057	0.045683	0.037346	0.00833698	0.00462271	0.954526	0.0146117	0.999774	0.00784699	2.89414e-05
10065	1	100	17	500	0.0508498	0.0454396	0.0347682	0.0106714	0.00541018	0.955112	0.0137673	1.00119	0.00705715	3.00915e-05
10066	1	100	14	500	0.0538222	0.0502904	0.0376005	0.0126899	0.00353179	0.950792	0.010412	1.00217	0.00605718	2.76473e-05
10067	1	100	14	500	0.0550209	0.0506332	0.0384587	0.0121745	0.00438766	0.949942	0.010397	1.00092	0.00719238	2.76839e-05
10068	1	100	14	500	0.0596669	0.0505945	0.0396983	0.0108962	0.00907238	0.949928	0.0132969	0.999148	0.011251	2.57415e-05
10069	1	100	16	500	0.0592047	0.0512875	0.0413948	0.00989269	0.00791725	0.949995	0.0100107	0.999517	0.00787278	2.62522e-05
10070	1	100	16	500	0.0651874	0.0532757	0.042735	0.0105407	0.0119117	0.947939	0.011821	0.997634	0.0109	2.67518e-05
10071	1	100	13	500	0.0520235	0.0485431	0.0397279	0.00881526	0.0034804	0.952298	0.0106408	1.00096	0.00599063	2.83452e-05
10072	1	100	15	500	0.0538343	0.0508704	0.0418142	0.00905616	0.0029639	0.949747	0.00810188	1.00038	0.00613715	2.7761e-05
10073	1	100	13	500	0.0542305	0.051515	0.0425784	0.00893656	0.00271548	0.948518	0.00803335	0.999625	0.00851137	2.81525e-05
10074	1	100	12	500	0.0353502	0.0285487	0.0202696	0.00827909	0.00680147	0.971884	0.00759715	1.0239	0.00873679	2.57403e-05
10075	1	100	13	500	0.0347152	0.0291384	0.019291	0.00984739	0.00557686	0.971147	0.00801227	1.02529	0.00949052	2.66242e-05
10076	1	100	10	500	0.03942	0.0301583	0.019234	0.0109244	0.00926162	0.969783	0.0102693	1.0234	0.0117906	2.61126e-05
10077	1	100	12	500	0.0369543	0.0300671	0.0186894	0.0113777	0.00688713	0.969895	0.00995399	1.02496	0.0119021	2.5849e-05
10078	1	100	11	500	0.0416395	0.0312569	0.0188998	0.0123571	0.0103825	0.968457	0.0115092	1.02374	0.0140855	2.62542e-05
10079	1	100	13	500	0.0422207	0.0309249	0.0187674	0.0121574	0.0112958	0.969717	0.0102525	1.0242	0.0121445	2.57696e-05
10080	1	100	10	500	0.0398221	0.0307136	0.0184068	0.0123068	0.00910846	0.969446	0.0108385	1.02537	0.0119697	2.61679e-05
10081	1	100	11	500	0.0357676	0.0301167	0.0183445	0.0117722	0.00565092	0.97011	0.00928915	1.02639	0.00989691	2.59089e-05
10082	1	100	12	500	0.0429834	0.0319007	0.0178848	0.0140159	0.0110827	0.968411	0.0111241	1.02457	0.0121565	2.81888e-05
10083	1	100	13	500	0.0383602	0.0305532	0.0172489	0.0133043	0.00780703	0.969323	0.00926386	1.02484	0.011474	2.91727e-05
10084	1	100	11	500	0.0303162	0.0283043	0.0161675	0.0121368	0.00201187	0.971009	0.0120562	1.02577	0.0133763	2.94562e-05
10085	1	100	12	500	0.0309892	0.0286567	0.016342	0.0123147	0.00233243	0.97169	0.00543444	1.02681	0.00598365	2.99641e-05
10086	1	100	12	500	0.0331236	0.0294698	0.0155011	0.0139687	0.00365376	0.970597	0.00681577	1.02643	0.00835013	3.14142e-05
10087	1	100	13	500	0.0342516	0.0296622	0.0167049	0.0129573	0.00458936	0.970311	0.0074625	1.02605	0.00911283	3.23785e-05
10088	1	100	11	500	0.0327658	0.029255	0.0150897	0.0141652	0.00351081	0.970889	0.00704722	1.02588	0.00818693	3.20773e-05
10089	1	100	15	500	0.0359266	0.0300101	0.0152156	0.0147945	0.00591647	0.969836	0.00717786	1.02502	0.00952576	3.194e-05
10090	1	100	12	500	0.0380159	0.0321569	0.0157358	0.0164211	0.005859	0.967961	0.00719498	1.02734	0.00942068	3.20503e-05
10091	1	100	15	500	0.0376946	0.0314829	0.0163978	0.0150851	0.00621167	0.96866	0.00686312	1.02562	0.00931157	3.25172e-05
10092	1	100	13	500	0.0395643	0.0328379	0.0164456	0.0163923	0.00672636	0.967307	0.00802141	1.02646	0.0104464	3.22468e-05
10093	1	100	15	500	0.0414095	0.0344722	0.0173875	0.0170847	0.00693734	0.966603	0.0159679	1.02854	0.0170753	3.12242e-05
10094	1	100	16	500	0.0539264	0.0390735	0.0179089	0.0211646	0.014853	0.961341	0.0254653	1.0269	0.0255862	3.23163e-05
10095	1	100	11	500	0.0530533	0.0365409	0.0169175	0.0196234	0.0165123	0.964194	0.0139534	1.02509	0.01447	3.28916e-05
10096	1	100	16	500	0.065179	0.0401103	0.0175759	0.0225345	0.0250686	0.961466	0.0175567	1.02383	0.0173942	3.26988e-05
10097	1	100	13	500	0.0798675	0.045939	0.0199812	0.0259579	0.0339285	0.956839	0.0211113	1.0235	0.0191324	3.24002e-05
10098	1	100	14	500	0.0871961	0.048635	0.0215689	0.0270661	0.038561	0.955178	0.0213283	1.02325	0.0213811	3.15771e-05
10099	1	100	13	500	0.0964677	0.0519176	0.0225374	0.0293802	0.0445501	0.948074	0.0577196	1.01659	0.0606583	3.22488e-05
10100	1	100	12	500	0.0823593	0.0464781	0.0194282	0.02705	0.0358811	0.955506	0.0222212	1.0229	0.023512	3.31177e-05
10101	1	100	13	500	0.0746551	0.0441618	0.0188051	0.0253567	0.0304932	0.956393	0.0253672	1.02364	0.0275876	3.28932e-05
