Generation	PopulationID	SampleSize	UniqueMutations	PopulationSize	totalLoad	RelzLoad	RelzLoadHomo	RelzLoadHetero	MskLoad	MeanFitness	SdFitness	MeanFitnessCached	SdFitnessCached	Heterozygosity	
10001	1	100	52	500	0.15104	0.137813	0.0809658	0.0568471	0.0132266	0.866622	0.0276127	1.13205	0.0324729	4.44618e-05
10002	1	100	37	500	0.15582	0.142488	0.0823848	0.0601031	0.0133319	0.863898	0.0254337	1.13846	0.0321931	4.50628e-05
10003	1	100	37	500	0.162794	0.143254	0.0750757	0.0681787	0.0195394	0.864005	0.029562	1.13509	0.0336718	4.7072e-05
10004	1	100	32	500	0.157615	0.141653	0.0795709	0.0620816	0.0159625	0.864928	0.0281854	1.13566	0.0351813	4.60745e-05
10005	1	100	34	500	0.151872	0.139403	0.0841348	0.0552684	0.0124683	0.866608	0.0259693	1.13497	0.0311919	4.58637e-05
10006	1	100	31	500	0.157341	0.13944	0.0819834	0.0574563	0.0179012	0.866408	0.030489	1.13045	0.0363853	4.64488e-05
10007	1	100	33	500	0.153502	0.135386	0.076316	0.0590699	0.0181156	0.869902	0.0237528	1.12665	0.0301246	4.73986e-05
10008	1	100	30	500	0.148194	0.132816	0.0727618	0.0600539	0.0153787	0.873677	0.0230851	1.12676	0.0259484	4.73477e-05
10009	1	100	28	500	0.147545	0.130027	0.0715004	0.0585262	0.0175182	0.873361	0.0250068	1.12189	0.027086	4.80126e-05
10010	1	100	28	500	0.144782	0.130503	0.0773224	0.0531806	0.0142788	0.874089	0.0221782	1.12376	0.0260777	4.60339e-05
10011	1	100	31	500	0.145609	0.131925	0.0803541	0.0515706	0.013684	0.873479	0.0202889	1.12671	0.0259115	4.60193e-05
10012	1	100	21	500	0.136745	0.127359	0.0780551	0.0493043	0.0093855	0.87758	0.0203725	1.12431	0.0239868	4.58712e-05
10013	1	100	26	500	0.144386	0.13309	0.088084	0.0450055	0.0112966	0.872529	0.019867	1.12989	0.0255776	4.46151e-05
10014	1	100	24	500	0.149267	0.136455	0.0917241	0.0447308	0.0128116	0.86822	0.0257675	1.13067	0.0336384	4.36482e-05
10015	1	100	26	500	0.152004	0.140012	0.0912318	0.0487797	0.0119924	0.86482	0.0300965	1.13514	0.039189	4.4408e-05
10016	1	100	23	500	0.162109	0.145197	0.0960187	0.0491784	0.0169118	0.861747	0.0293362	1.13897	0.0378413	4.42518e-05
10017	1	100	24	500	0.166483	0.147172	0.0842663	0.062906	0.0193111	0.860303	0.035038	1.14002	0.0465325	4.63273e-05
10018	1	100	27	500	0.166379	0.151019	0.094104	0.0569149	0.0153599	0.856506	0.0345972	1.14705	0.0505422	4.44446e-05
10019	1	100	24	500	0.169587	0.155097	0.0965595	0.0585378	0.0144893	0.85241	0.0372515	1.15188	0.052535	4.34287e-05
10020	1	100	24	500	0.165557	0.152173	0.0947473	0.0574262	0.0133835	0.85558	0.0319064	1.14948	0.0422706	4.41061e-05
10021	1	100	23	500	0.163461	0.147625	0.0817056	0.0659191	0.0158366	0.859185	0.0330111	1.14104	0.0478391	4.7745e-05
10022	1	100	24	500	0.162367	0.147375	0.0855592	0.061816	0.0149923	0.860416	0.0327299	1.14291	0.045099	4.66057e-05
10023	1	100	26	500	0.154681	0.144306	0.090404	0.0539019	0.0103748	0.86181	0.0307183	1.14135	0.0417555	4.63569e-05
10024	1	100	27	500	0.154682	0.142769	0.0913345	0.0514348	0.0119127	0.864539	0.0310699	1.13987	0.0404822	4.58991e-05
10025	1	100	27	500	0.169095	0.151557	0.0957098	0.0558476	0.017538	0.857195	0.0340336	1.14534	0.0412454	4.48773e-05
10026	1	100	27	500	0.163546	0.148753	0.0857356	0.0630178	0.0147928	0.859084	0.0386805	1.14373	0.0526133	4.63312e-05
10027	1	100	26	500	0.153316	0.144812	0.0864364	0.0583758	0.00850428	0.862118	0.0311647	1.14351	0.0420999	4.55681e-05
10028	1	100	26	500	0.151066	0.143209	0.0823388	0.06087	0.00785713	0.862988	0.0350564	1.14186	0.0480074	4.49477e-05
10029	1	100	23	500	0.158692	0.152681	0.0897855	0.0628953	0.00601083	0.855574	0.0391039	1.15468	0.050469	4.3362e-05
10030	1	100	22	500	0.165079	0.159991	0.0900653	0.0699258	0.00508767	0.849089	0.0380844	1.16355	0.0509652	4.2757e-05
10031	1	100	21	500	0.164996	0.160266	0.0900929	0.070173	0.00472979	0.848641	0.0456185	1.16376	0.060928	4.33719e-05
10032	1	100	21	500	0.15627	0.152403	0.0843346	0.0680681	0.00386712	0.855162	0.0393535	1.15494	0.0531788	4.40647e-05
10033	1	100	17	500	0.161751	0.158526	0.0855101	0.0730155	0.00322576	0.850178	0.0432929	1.16255	0.0571009	4.25146e-05
10034	1	100	21	500	0.161573	0.157413	0.0846122	0.0728012	0.00415961	0.850911	0.042864	1.16037	0.0579123	4.28937e-05
10035	1	100	19	500	0.16307	0.157592	0.0812704	0.0763215	0.00547789	0.850706	0.0433217	1.15884	0.0592646	4.30038e-05
10036	1	100	18	500	0.165021	0.160932	0.0871698	0.0737619	0.00408952	0.848037	0.0431496	1.16409	0.0575587	4.17584e-05
10037	1	100	17	500	0.154682	0.150702	0.0835196	0.0671825	0.0039796	0.856707	0.0394234	1.15207	0.0532698	4.14932e-05
10038	1	100	14	500	0.155154	0.151455	0.0835193	0.0679357	0.00369894	0.854559	0.0385112	1.15443	0.0522615	4.12601e-05
10039	1	100	15	500	0.145654	0.141972	0.077343	0.0646287	0.00368177	0.864461	0.0346675	1.14173	0.0479039	4.14477e-05
10040	1	100	15	500	0.140372	0.136584	0.073247	0.0633367	0.0037886	0.870097	0.0301144	1.13626	0.0401634	4.17827e-05
10041	1	100	19	500	0.139495	0.135527	0.0724848	0.0630421	0.00396858	0.870296	0.03045	1.13315	0.0436935	4.18744e-05
10042	1	100	16	500	0.138162	0.134381	0.0756003	0.058781	0.00378091	0.871425	0.0254563	1.13317	0.0337742	4.09068e-05
10043	1	100	16	500	0.13672	0.132779	0.0693892	0.0633898	0.00394097	0.872697	0.0278871	1.1298	0.0414187	4.25056e-05
10044	1	100	16	500	0.138211	0.134312	0.0691728	0.0651391	0.00389944	0.871413	0.0310476	1.13161	0.0450295	4.20289e-05
10045	1	100	12	500	0.142089	0.138203	0.0680888	0.0701143	0.00388636	0.867994	0.0352455	1.13573	0.0498673	4.16872e-05
10046	1	100	16	500	0.13806	0.134098	0.0658238	0.0682739	0.0039625	0.871339	0.0356689	1.13003	0.051295	4.14261e-05
10047	1	100	15	500	0.140996	0.135549	0.0690576	0.0664917	0.00544626	0.869838	0.032847	1.13259	0.0471324	4.16258e-05
10048	1	100	13	500	0.138457	0.134468	0.0695286	0.0649394	0.0039888	0.871048	0.0325856	1.13116	0.0463804	4.08563e-05
10049	1	100	15	500	0.136999	0.131641	0.0700948	0.0615463	0.00535825	0.873903	0.0291996	1.12791	0.04137	4.03147e-05
10050	1	100	13	500	0.13749	0.132949	0.0668855	0.0660631	0.00454128	0.872036	0.0309593	1.1279	0.0455364	4.14797e-05
10051	1	100	12	500	0.141579	0.137109	0.0652841	0.0718245	0.00446991	0.869291	0.0391171	1.13121	0.0549715	4.10125e-05
10052	1	100	13	500	0.154268	0.149733	0.0713683	0.0783643	0.00453573	0.857022	0.0441748	1.14559	0.065196	4.20393e-05
10053	1	100	14	500	0.154436	0.149634	0.0743715	0.0752628	0.00480124	0.858399	0.03757	1.14803	0.0519051	4.27268e-05
10054	1	100	13	500	0.160538	0.15615	0.0767918	0.0793579	0.00438834	0.851868	0.0491937	1.15525	0.0685649	4.32734e-05
10055	1	100	13	500	0.170679	0.163409	0.083462	0.079947	0.0072698	0.845405	0.0515176	1.16214	0.0684317	4.22842e-05
10056	1	100	16	500	0.176206	0.165772	0.0850789	0.0806926	0.0104343	0.84457	0.0524843	1.16417	0.0650715	4.1874e-05
10057	1	100	14	500	0.164467	0.158957	0.0794548	0.0795018	0.00551044	0.849817	0.0431598	1.15807	0.0609329	4.20553e-05
10058	1	100	14	500	0.160664	0.153694	0.0788135	0.0748808	0.00696975	0.854253	0.0417725	1.15165	0.0581754	4.1976e-05
10059	1	100	12	500	0.149718	0.145566	0.0740713	0.0714943	0.00415244	0.861252	0.0406124	1.14273	0.0573706	4.0734e-05
10060	1	100	13	500	0.152894	0.147857	0.0789115	0.0689458	0.00503694	0.859816	0.041867	1.14667	0.0546406	4.05199e-05
10061	1	100	17	500	0.150987	0.145861	0.0731592	0.072702	0.00512597	0.861529	0.0404422	1.14235	0.0551799	4.13448e-05
10062	1	100	13	500	0.149124	0.143763	0.0752179	0.0685453	0.00536037	0.862816	0.0358085	1.13964	0.0498863	4.04101e-05
10063	1	100	12	500	0.160156	0.153856	0.0793189	0.0745373	0.00629995	0.854338	0.0414639	1.1509	0.0566865	4.11596e-05
10064	1	100	13	500	0.161253	0.15337	0.0792407	0.0741297	0.00788203	0.854727	0.0416505	1.14914	0.0584778	4.17248e-05
10065	1	100	15	500	0.155563	0.146769	0.0743561	0.0724129	0.00879448	0.859878	0.0420163	1.13806	0.056604	4.12474e-05
10066	1	100	13	500	0.160842	0.151641	0.073727	0.0779144	0.00920098	0.856098	0.0391274	1.14471	0.0562396	4.23113e-05
10067	1	100	18	500	0.160649	0.153127	0.0747865	0.0783409	0.00752187	0.855319	0.040505	1.1477	0.0579191	4.24985e-05
10068	1	100	13	500	0.153127	0.144843	0.0701875	0.0746553	0.00828446	0.861944	0.0413088	1.13538	0.0606294	4.14079e-05
10069	1	100	17	500	0.166677	0.150992	0.0723665	0.0786255	0.0156848	0.857844	0.0419522	1.138	0.059782	4.13847e-05
10070	1	100	15	500	0.168162	0.151875	0.0745206	0.0773544	0.0162874	0.856195	0.0390795	1.13891	0.0580783	4.20207e-05
10071	1	100	14	500	0.167983	0.150984	0.0794795	0.0715046	0.0169993	0.857035	0.0350894	1.13721	0.0480324	4.18755e-05
10072	1	100	15	500	0.163213	0.148839	0.0779153	0.0709232	0.0143741	0.859183	0.0370846	1.1383	0.0501812	4.21302e-05
10073	1	100	19	500	0.15768	0.145539	0.0771514	0.0683878	0.0121404	0.861399	0.0323155	1.13668	0.0458367	4.22611e-05
10074	1	100	15	500	0.158051	0.14606	0.0755863	0.0704742	0.0119903	0.860757	0.0337793	1.13592	0.0472136	4.23305e-05
10075	1	100	16	500	0.159174	0.147812	0.0744593	0.0733523	0.0113625	0.859597	0.0396424	1.13937	0.0562471	4.31351e-05
10076	1	100	18	500	0.1608	0.148437	0.0754795	0.0729576	0.0123628	0.858142	0.0413656	1.13789	0.0568319	4.26841e-05
10077	1	100	19	500	0.164643	0.148921	0.0790574	0.069864	0.0157217	0.8577	0.0371052	1.1369	0.0488851	4.28813e-05
10078	1	100	20	500	0.18312	0.156042	0.0837667	0.0722749	0.027078	0.852579	0.0374201	1.14008	0.0526332	4.29876e-05
10079	1	100	17	500	0.189187	0.157789	0.0831927	0.0745968	0.0313974	0.850102	0.0348477	1.13734	0.0617554	4.21478e-05
10080	1	100	18	500	0.201363	0.169274	0.0911389	0.078135	0.0320896	0.841224	0.044581	1.15102	0.0652761	4.30803e-05
10081	1	100	12	500	0.220107	0.176179	0.0945643	0.081615	0.0439278	0.835126	0.0437591	1.14911	0.0732232	4.29191e-05
10082	1	100	17	500	0.234947	0.190602	0.10737	0.0832323	0.0443449	0.822109	0.0466629	1.16202	0.0757107	4.31247e-05
10083	1	100	13	500	0.234041	0.194058	0.111486	0.0825721	0.0399826	0.81811	0.047142	1.16933	0.075418	4.28244e-05
10084	1	100	16	500	0.2193	0.19061	0.105653	0.084957	0.0286895	0.821962	0.0492211	1.17631	0.0711596	4.41252e-05
10085	1	100	15	500	0.226947	0.1908	0.105004	0.0857961	0.0361466	0.822449	0.044914	1.17246	0.0777567	4.33354e-05
10086	1	100	13	500	0.264315	0.192248	0.108877	0.0833711	0.0720661	0.823582	0.0434552	1.14543	0.0820028	3.94204e-05
10087	1	100	14	500	0.275292	0.196276	0.109078	0.0871981	0.0790158	0.82105	0.0465829	1.14326	0.0819477	4.07979e-05
10088	1	100	13	500	0.354922	0.217696	0.119574	0.0981221	0.137226	0.814135	0.0540801	1.1107	0.0974466	3.95305e-05
10089	1	100	13	500	0.396954	0.237143	0.129481	0.107662	0.159811	0.788488	0.165487	1.09167	0.176453	4.10001e-05
10090	1	100	15	500	0.360056	0.217862	0.12391	0.0939519	0.142194	0.816109	0.0541746	1.10515	0.0921863	3.8314e-05
10091	1	100	14	500	0.366052	0.222178	0.129576	0.0926014	0.143874	0.78628	0.18551	1.08824	0.192766	3.67327e-05
10092	1	100	13	500	0.336095	0.213426	0.12212	0.0913068	0.122668	0.813988	0.0463801	1.12415	0.100134	3.78611e-05
10093	1	100	13	500	0.325051	0.211453	0.125173	0.0862798	0.113598	0.81364	0.0475632	1.12934	0.100866	3.68358e-05
10094	1	100	14	500	0.26237	0.197577	0.122555	0.0750225	0.0647924	0.818335	0.0397641	1.15749	0.0805792	3.66859e-05
10095	1	100	13	500	0.240534	0.191218	0.120482	0.0707361	0.0493165	0.822716	0.0412516	1.15955	0.0773287	3.4634e-05
10096	1	100	10	500	0.231202	0.185296	0.109675	0.0756208	0.0459064	0.827193	0.0425978	1.1556	0.0715296	3.80131e-05
10097	1	100	12	500	0.219346	0.18413	0.111062	0.0730684	0.0352159	0.826019	0.039505	1.15809	0.0686881	3.65275e-05
10098	1	100	10	500	0.220432	0.184101	0.113582	0.0705185	0.0363317	0.829052	0.0390323	1.15873	0.0669917	3.44402e-05
10099	1	100	13	500	0.199018	0.178296	0.114979	0.0633174	0.0207216	0.832426	0.0426281	1.15732	0.0609413	3.15281e-05
10100	1	100	11	500	0.188094	0.17361	0.109857	0.0637534	0.0144838	0.836105	0.0319492	1.15294	0.0470749	3.42174e-05
10101	1	100	10	500	0.180947	0.166331	0.105659	0.0606726	0.0146153	0.841955	0.0358381	1.14136	0.045068	3.32102e-05
