Generation	PopulationID	SampleSize	UniqueMutations	PopulationSize	totalLoad	RelzLoad	RelzLoadHomo	RelzLoadHetero	MskLoad	MeanFitness	SdFitness	MeanFitnessCached	SdFitnessCached	Heterozygosity	
10001	1	100	50	500	0.354866	0.283505	0.173172	0.110333	0.0713608	0.744015	0.0660823	1.14554	0.0731327	3.73807e-05
10002	1	100	39	500	0.349829	0.283103	0.164488	0.118615	0.0667257	0.751552	0.0593036	1.17247	0.0684288	3.72339e-05
10003	1	100	39	500	0.355026	0.292301	0.178012	0.114288	0.0627254	0.73604	0.0593471	1.16734	0.0788598	3.62146e-05
10004	1	100	40	500	0.363592	0.302157	0.201068	0.101089	0.0614344	0.731479	0.055684	1.18321	0.0813334	3.50291e-05
10005	1	100	31	500	0.358498	0.300792	0.1938	0.106992	0.0577064	0.726204	0.050606	1.18577	0.0877409	3.65095e-05
10006	1	100	31	500	0.364539	0.305115	0.209952	0.0951629	0.0594247	0.729131	0.0492165	1.20519	0.0847007	3.50539e-05
10007	1	100	23	500	0.365084	0.30584	0.211389	0.0944509	0.0592439	0.729094	0.0458822	1.19996	0.0839445	3.4876e-05
10008	1	100	25	500	0.371082	0.308391	0.210847	0.0975446	0.0626905	0.72118	0.050751	1.18545	0.0891096	3.58657e-05
10009	1	100	22	500	0.359183	0.301743	0.203999	0.0977438	0.0574404	0.72905	0.0484583	1.18838	0.0831295	3.63501e-05
10010	1	100	22	500	0.367821	0.302751	0.193393	0.109358	0.0650693	0.724769	0.0473334	1.18469	0.0855606	3.83964e-05
10011	1	100	22	500	0.37052	0.306056	0.19615	0.109906	0.0644634	0.728792	0.0509599	1.19311	0.0829724	3.7717e-05
10012	1	100	22	500	0.362217	0.301991	0.193845	0.108146	0.0602254	0.730143	0.0457715	1.20094	0.0764108	3.82331e-05
10013	1	100	21	500	0.361919	0.303735	0.200083	0.103652	0.0581836	0.730293	0.0432042	1.19843	0.0780923	3.67056e-05
10014	1	100	21	500	0.361796	0.307288	0.19925	0.108038	0.0545082	0.727217	0.0438799	1.20627	0.0828003	3.58516e-05
10015	1	100	21	500	0.3584	0.303162	0.186679	0.116483	0.0552381	0.73033	0.0420762	1.20617	0.0769013	3.69811e-05
10016	1	100	17	500	0.354375	0.302177	0.186393	0.115784	0.0521986	0.732422	0.0413521	1.20108	0.0789521	3.63564e-05
10017	1	100	23	500	0.359621	0.304221	0.187215	0.117006	0.0554	0.725501	0.0423184	1.19378	0.0823893	3.64886e-05
10018	1	100	18	500	0.352283	0.303008	0.192472	0.110536	0.0492751	0.72894	0.0418736	1.20286	0.0752518	3.49594e-05
10019	1	100	17	500	0.349546	0.305607	0.191377	0.11423	0.0439393	0.727483	0.0355332	1.2148	0.0753189	3.58682e-05
10020	1	100	20	500	0.354729	0.306249	0.187644	0.118606	0.0484795	0.727367	0.0392042	1.2135	0.0782708	3.6669e-05
10021	1	100	19	500	0.356556	0.3083	0.188763	0.119537	0.0482563	0.726052	0.0358823	1.21589	0.0698768	3.62768e-05
10022	1	100	18	500	0.352521	0.307693	0.188857	0.118836	0.0448282	0.723332	0.0377504	1.21168	0.0725112	3.69477e-05
10023	1	100	17	500	0.350856	0.308024	0.185262	0.122762	0.0428313	0.728365	0.0349535	1.22672	0.0646668	3.727e-05
10024	1	100	17	500	0.358721	0.310788	0.186138	0.12465	0.0479334	0.724668	0.036297	1.22385	0.0662051	3.76131e-05
10025	1	100	18	500	0.351314	0.305839	0.179754	0.126086	0.0454748	0.724777	0.0366009	1.2099	0.0754639	3.84043e-05
10026	1	100	16	500	0.350445	0.302881	0.178054	0.124827	0.0475639	0.72964	0.0373401	1.21153	0.0695173	3.83125e-05
10027	1	100	14	500	0.349392	0.309097	0.197669	0.111429	0.0402944	0.722954	0.0326585	1.2293	0.069	3.56838e-05
10028	1	100	16	500	0.348489	0.310723	0.202952	0.107771	0.0377664	0.722002	0.0342325	1.23553	0.068978	3.50615e-05
10029	1	100	15	500	0.350758	0.313621	0.218039	0.0955817	0.037137	0.715072	0.0324803	1.23471	0.0763227	3.30867e-05
10030	1	100	16	500	0.352889	0.316243	0.22501	0.0912327	0.0366462	0.719127	0.0291076	1.24929	0.0597598	3.19825e-05
10031	1	100	15	500	0.352984	0.314234	0.220567	0.0936672	0.0387504	0.719618	0.0317991	1.23782	0.0692659	3.29219e-05
10032	1	100	15	500	0.35108	0.311283	0.222535	0.0887483	0.0397968	0.72241	0.0298413	1.22592	0.0616831	3.25806e-05
10033	1	100	17	500	0.34996	0.310382	0.217322	0.0930602	0.0395781	0.715668	0.0315786	1.214	0.0733882	3.37655e-05
10034	1	100	15	500	0.350111	0.311229	0.213272	0.0979571	0.0388821	0.718332	0.0269134	1.22574	0.0690335	3.41266e-05
10035	1	100	16	500	0.352281	0.312932	0.217632	0.0952999	0.03935	0.723802	0.0306137	1.23818	0.0584651	3.34916e-05
10036	1	100	14	500	0.358473	0.322407	0.242962	0.079445	0.0360669	0.712004	0.030701	1.25034	0.0699146	2.9633e-05
10037	1	100	14	500	0.354481	0.321693	0.237047	0.0846462	0.0327877	0.714773	0.0236583	1.26142	0.0517906	3.1259e-05
10038	1	100	17	500	0.354843	0.321106	0.231562	0.0895449	0.0337369	0.714623	0.0269084	1.25688	0.059031	3.24054e-05
10039	1	100	13	500	0.358297	0.325651	0.23845	0.0872001	0.0326464	0.710547	0.0267155	1.2663	0.057023	3.11628e-05
10040	1	100	16	500	0.358791	0.328557	0.255318	0.0732392	0.0302338	0.707729	0.030901	1.27385	0.0593201	2.77199e-05
10041	1	100	16	500	0.355897	0.322476	0.232088	0.0903882	0.033421	0.715741	0.0260566	1.26579	0.052104	3.18019e-05
10042	1	100	17	500	0.356327	0.322036	0.229896	0.0921394	0.0342912	0.710121	0.0250328	1.25215	0.064435	3.31946e-05
10043	1	100	16	500	0.355399	0.319337	0.2221	0.0972369	0.0360618	0.713572	0.0289192	1.24734	0.0681475	3.53106e-05
10044	1	100	22	500	0.35899	0.324444	0.240212	0.0842321	0.0345463	0.711704	0.0284828	1.26089	0.0609191	3.31367e-05
10045	1	100	23	500	0.376542	0.331466	0.241979	0.0894869	0.0450753	0.706712	0.0312415	1.25964	0.0696888	3.32932e-05
10046	1	100	20	500	0.376039	0.330541	0.245188	0.0853538	0.045498	0.702996	0.0356364	1.24783	0.0745081	3.41487e-05
10047	1	100	18	500	0.370505	0.331676	0.2505	0.0811754	0.0388288	0.708105	0.0350296	1.26222	0.0572912	3.31108e-05
10048	1	100	17	500	0.365692	0.326611	0.234299	0.092312	0.0390807	0.712078	0.0354613	1.2564	0.0580753	3.57731e-05
10049	1	100	15	500	0.364514	0.326149	0.239129	0.0870203	0.038365	0.70603	0.0388789	1.24133	0.066724	3.53237e-05
10050	1	100	13	500	0.366412	0.331043	0.253352	0.0776911	0.0353694	0.706559	0.0292578	1.26212	0.0610849	3.33213e-05
10051	1	100	16	500	0.368391	0.332885	0.265436	0.0674488	0.0355057	0.702226	0.0371395	1.24888	0.0667474	3.19877e-05
10052	1	100	15	500	0.371165	0.335383	0.270873	0.0645099	0.0357821	0.701057	0.0352057	1.24848	0.0648133	3.126e-05
10053	1	100	14	500	0.369375	0.336049	0.277053	0.0589959	0.0333262	0.699409	0.0325542	1.2441	0.0570572	3.00575e-05
10054	1	100	16	500	0.364906	0.331895	0.265209	0.0666866	0.0330109	0.703245	0.032787	1.2393	0.0546941	3.14236e-05
10055	1	100	13	500	0.372094	0.33636	0.263166	0.073194	0.0357344	0.699781	0.0377266	1.23696	0.0481227	3.26789e-05
10056	1	100	13	500	0.3698	0.336775	0.272372	0.0644024	0.0330251	0.699049	0.0380001	1.23493	0.0466468	2.97303e-05
10057	1	100	15	500	0.372057	0.340447	0.291601	0.0488463	0.0316095	0.696367	0.0355892	1.23614	0.0504698	2.62884e-05
10058	1	100	16	500	0.382619	0.346135	0.290598	0.0555366	0.0364841	0.697195	0.0302821	1.25004	0.0557711	2.86886e-05
10059	1	100	17	500	0.388829	0.349595	0.287553	0.0620418	0.0392337	0.692921	0.0385797	1.24639	0.0658019	3.04011e-05
10060	1	100	17	500	0.38661	0.348521	0.283672	0.064849	0.0380893	0.694001	0.0359631	1.24554	0.0581662	3.03965e-05
10061	1	100	15	500	0.387993	0.351255	0.288556	0.0626988	0.0367376	0.691213	0.0382772	1.23867	0.0604284	3.02515e-05
10062	1	100	16	500	0.391295	0.354654	0.302032	0.0526229	0.0366403	0.68992	0.0365345	1.24692	0.0611581	2.90788e-05
10063	1	100	14	500	0.398633	0.361477	0.312516	0.0489606	0.0371562	0.682475	0.0407505	1.23336	0.0626188	2.67064e-05
10064	1	100	17	500	0.401443	0.363287	0.315562	0.0477255	0.0381559	0.681841	0.0383281	1.23582	0.0589271	2.67604e-05
10065	1	100	15	500	0.399662	0.359558	0.308318	0.0512401	0.0401046	0.682817	0.0433695	1.22353	0.0607118	2.64736e-05
10066	1	100	20	500	0.416431	0.372492	0.327281	0.0452107	0.0439385	0.674656	0.0445185	1.22517	0.063324	2.51305e-05
10067	1	100	16	500	0.405305	0.364197	0.318896	0.0453005	0.0411083	0.68005	0.0415107	1.22817	0.0620055	2.59482e-05
10068	1	100	16	500	0.404195	0.365468	0.315653	0.0498151	0.0387267	0.678314	0.0443227	1.22456	0.0528662	2.67762e-05
10069	1	100	17	500	0.402007	0.364053	0.310597	0.053456	0.0379534	0.678571	0.0441194	1.22418	0.0543765	2.79693e-05
10070	1	100	19	500	0.405394	0.368968	0.320467	0.0485009	0.0364254	0.673297	0.0465791	1.22056	0.0552772	2.68063e-05
10071	1	100	17	500	0.422314	0.384759	0.332733	0.0520262	0.0375548	0.670173	0.0450341	1.24031	0.0650883	2.84256e-05
10072	1	100	21	500	0.428186	0.383667	0.317934	0.0657332	0.0445192	0.669706	0.0456074	1.24158	0.0611954	3.20181e-05
10073	1	100	20	500	0.426692	0.384933	0.327638	0.0572946	0.0417588	0.662406	0.0508341	1.22124	0.0565146	2.92228e-05
10074	1	100	19	500	0.426662	0.385103	0.327607	0.0574959	0.0415589	0.667807	0.0483589	1.23199	0.0619126	2.97762e-05
10075	1	100	17	500	0.430635	0.385491	0.328801	0.05669	0.0451439	0.665005	0.0481935	1.22672	0.0644954	2.95503e-05
10076	1	100	16	500	0.435005	0.38807	0.327572	0.0604982	0.0469357	0.66301	0.0475108	1.23214	0.0648902	3.17467e-05
10077	1	100	19	500	0.420172	0.374093	0.30597	0.0681226	0.0460791	0.675983	0.0453008	1.24227	0.0749635	3.33534e-05
10078	1	100	18	500	0.421468	0.378393	0.305501	0.072892	0.043075	0.674956	0.04687	1.24126	0.0584616	3.43885e-05
10079	1	100	15	500	0.403937	0.365793	0.298048	0.0677446	0.0381441	0.680513	0.0485105	1.23124	0.0568043	3.21775e-05
10080	1	100	20	500	0.405231	0.365371	0.303451	0.0619199	0.0398604	0.686186	0.0400692	1.24228	0.0577398	3.17466e-05
10081	1	100	14	500	0.398941	0.360928	0.294299	0.0666291	0.0380129	0.687336	0.0393549	1.24616	0.0621424	3.32385e-05
10082	1	100	15	500	0.39999	0.363129	0.297815	0.0653135	0.036861	0.681907	0.0430638	1.2378	0.0657818	3.31044e-05
10083	1	100	17	500	0.407531	0.370399	0.304219	0.0661802	0.0371319	0.670234	0.0491323	1.22508	0.0591046	3.36749e-05
10084	1	100	19	500	0.429171	0.390697	0.321982	0.0687152	0.038474	0.663855	0.051706	1.23943	0.0684085	3.3691e-05
10085	1	100	19	500	0.431225	0.391631	0.311708	0.0799225	0.0395946	0.665624	0.0510542	1.23742	0.0598099	3.515e-05
10086	1	100	15	500	0.435387	0.404536	0.348411	0.0561252	0.0308509	0.654649	0.0525946	1.22521	0.0563598	2.96101e-05
10087	1	100	17	500	0.435649	0.405796	0.357989	0.0478072	0.0298529	0.649632	0.0509833	1.2187	0.0529871	2.81427e-05
10088	1	100	17	500	0.435783	0.403578	0.354306	0.0492716	0.0322058	0.653814	0.0501363	1.22964	0.0679276	2.89434e-05
10089	1	100	16	500	0.434522	0.399372	0.340771	0.0586006	0.0351507	0.653827	0.0520032	1.2262	0.0657757	3.107e-05
10090	1	100	20	500	0.435205	0.396482	0.341492	0.0549907	0.0387223	0.659004	0.0531763	1.21595	0.0410912	2.90655e-05
10091	1	100	18	500	0.447161	0.399432	0.339587	0.0598456	0.0477292	0.659475	0.0550009	1.21836	0.0505551	2.95107e-05
10092	1	100	18	500	0.449809	0.402684	0.33472	0.067964	0.0471244	0.656232	0.0523694	1.21822	0.0482501	3.11953e-05
10093	1	100	20	500	0.441188	0.389742	0.312369	0.0773731	0.0514451	0.66668	0.0532523	1.22384	0.0513524	3.39242e-05
10094	1	100	25	500	0.442725	0.390864	0.31147	0.0793945	0.0518612	0.664602	0.0525957	1.22295	0.0527415	3.40686e-05
10095	1	100	20	500	0.418625	0.370348	0.278291	0.0920566	0.0482769	0.679976	0.0503754	1.22951	0.0461203	3.71454e-05
10096	1	100	22	500	0.427458	0.380081	0.301487	0.0785944	0.0473767	0.674379	0.0504281	1.22923	0.0448035	3.34841e-05
10097	1	100	24	500	0.428681	0.376216	0.290535	0.0856806	0.0524646	0.673445	0.0476294	1.22464	0.0484811	3.45846e-05
10098	1	100	24	500	0.434874	0.374055	0.284719	0.0893353	0.0608194	0.677042	0.0507231	1.22427	0.0477905	3.46959e-05
10099	1	100	22	500	0.441286	0.37189	0.265493	0.106397	0.0693962	0.679251	0.0481475	1.22601	0.0496989	3.95518e-05
10100	1	100	22	500	0.459616	0.389473	0.291148	0.0983243	0.0701432	0.668896	0.054235	1.22603	0.0567383	3.71872e-05
10101	1	100	22	500	0.458829	0.39759	0.308622	0.0889676	0.0612394	0.660374	0.0598039	1.22091	0.0599585	3.61786e-05
