Generation	PopulationID	SampleSize	UniqueMutations	PopulationSize	totalLoad	RelzLoad	RelzLoadHomo	RelzLoadHetero	MskLoad	MeanFitness	SdFitness	MeanFitnessCached	SdFitnessCached	Heterozygosity	
10001	1	100	50	500	0.44392	0.425223	0.368498	0.0567255	0.0186967	0.614402	0.0266312	1.45165	0.0398035	2.00326e-05
10002	1	100	27	500	0.433688	0.419483	0.374598	0.044885	0.014205	0.618334	0.0308463	1.45021	0.0450145	1.9691e-05
10003	1	100	28	500	0.441191	0.423011	0.380272	0.0427387	0.01818	0.617508	0.0337216	1.45016	0.0488124	1.9133e-05
10004	1	100	22	500	0.444997	0.429108	0.38987	0.0392383	0.0158886	0.612673	0.0246899	1.45937	0.0429875	1.84448e-05
10005	1	100	21	500	0.15269	0.136415	0.0980529	0.038362	0.0162748	0.866574	0.0203139	1.12898	0.0276046	1.8212e-05
10006	1	100	25	500	0.14988	0.134867	0.099831	0.0350365	0.0150126	0.866983	0.0211862	1.12756	0.0239033	1.86187e-05
10007	1	100	22	500	0.15205	0.136541	0.0976773	0.0388639	0.0155085	0.866335	0.0192607	1.12969	0.0277793	1.90495e-05
10008	1	100	18	500	0.151319	0.138394	0.101967	0.0364268	0.0129248	0.86463	0.0231547	1.13329	0.0325748	1.8695e-05
10009	1	100	14	500	0.14666	0.134495	0.0951961	0.0392991	0.0121645	0.868142	0.0164758	1.12937	0.0242735	1.91219e-05
10010	1	100	16	500	0.159157	0.138487	0.0962237	0.0422629	0.0206705	0.865182	0.0170057	1.12754	0.0242713	1.9563e-05
10011	1	100	16	500	0.158392	0.137157	0.0967685	0.0403882	0.0212351	0.866059	0.0178562	1.126	0.0204769	1.9584e-05
10012	1	100	16	500	0.157037	0.135272	0.0983557	0.0369167	0.0217645	0.867553	0.0108037	1.12341	0.017604	1.94953e-05
10013	1	100	15	500	0.149222	0.13355	0.0983548	0.0351948	0.0156724	0.86748	0.012908	1.12396	0.0164961	1.99198e-05
10014	1	100	17	500	0.153613	0.135465	0.0965461	0.0389193	0.0181477	0.867659	0.00879417	1.12638	0.0146452	1.97074e-05
10015	1	100	16	500	0.156962	0.13551	0.0999352	0.0355753	0.0214517	0.867485	0.0102317	1.12478	0.0162696	1.89802e-05
10016	1	100	13	500	0.152308	0.133817	0.10471	0.0291072	0.0184902	0.868905	0.00895957	1.12387	0.0134004	1.89365e-05
10017	1	100	13	500	0.164955	0.138007	0.100192	0.0378143	0.0269478	0.863858	0.0206263	1.11962	0.0300899	1.99003e-05
10018	1	100	14	500	0.172071	0.13991	0.101523	0.0383865	0.0321612	0.865565	0.0108805	1.11934	0.0158967	2.05595e-05
10019	1	100	15	500	0.171211	0.139652	0.102886	0.036766	0.0315595	0.862487	0.0239244	1.11531	0.0350567	2.02487e-05
10020	1	100	13	500	0.16602	0.138314	0.102252	0.0360621	0.027706	0.865873	0.0106491	1.12063	0.0167413	2.04192e-05
10021	1	100	14	500	0.170931	0.140055	0.0995874	0.0404679	0.0308756	0.864675	0.0107932	1.12102	0.0174109	2.02958e-05
10022	1	100	13	500	0.187412	0.145425	0.104073	0.0413519	0.0419871	0.8588	0.0242832	1.11223	0.0353976	2.02401e-05
10023	1	100	14	500	0.190111	0.146937	0.100195	0.046742	0.0431741	0.858205	0.0258068	1.11276	0.0390971	2.06313e-05
10024	1	100	13	500	0.202994	0.151099	0.112285	0.0388144	0.0518947	0.858498	0.0206485	1.10752	0.0305338	2.03159e-05
10025	1	100	16	500	0.20528	0.15263	0.109408	0.0432218	0.0526504	0.850326	0.0414624	1.09807	0.0587929	2.06899e-05
10026	1	100	13	500	0.204306	0.15211	0.108824	0.043286	0.0521961	0.855072	0.0279217	1.10531	0.0413144	2.09566e-05
10027	1	100	12	500	0.193974	0.148046	0.1049	0.0431467	0.0459283	0.858563	0.0222109	1.11158	0.0335897	2.12273e-05
10028	1	100	15	500	0.186675	0.145499	0.109328	0.0361716	0.041176	0.860347	0.0198912	1.11305	0.0296775	2.01403e-05
10029	1	100	14	500	0.179815	0.143256	0.0980551	0.0452014	0.0365586	0.862746	0.0126717	1.1189	0.0185799	2.08994e-05
10030	1	100	16	500	0.170593	0.140819	0.0956223	0.0451962	0.029775	0.863583	0.0117717	1.12256	0.0199186	2.08031e-05
10031	1	100	15	500	0.168298	0.140748	0.0921701	0.0485778	0.0275501	0.861016	0.0227005	1.1202	0.0323023	2.12202e-05
10032	1	100	17	500	0.182841	0.145898	0.0921371	0.0537614	0.0369422	0.860356	0.0117287	1.12059	0.0207012	2.15616e-05
10033	1	100	17	500	0.193348	0.147585	0.0902542	0.0573309	0.0457625	0.85889	0.0140323	1.11953	0.0233475	2.23948e-05
10034	1	100	17	500	0.220143	0.155654	0.0907793	0.0648746	0.064489	0.851938	0.025051	1.11177	0.0414348	2.20758e-05
10035	1	100	19	500	0.188324	0.147481	0.0881046	0.0593764	0.0408431	0.858545	0.0132994	1.12161	0.0245126	2.23225e-05
10036	1	100	16	500	0.180886	0.146159	0.0873981	0.058761	0.034727	0.859809	0.0108167	1.12364	0.0213461	2.24832e-05
10037	1	100	18	500	0.176903	0.144418	0.0910886	0.053329	0.032485	0.859809	0.0164132	1.12161	0.0270465	2.18745e-05
10038	1	100	15	500	0.17392	0.14447	0.0889143	0.055556	0.0294501	0.859501	0.0201498	1.12165	0.030235	2.25963e-05
10039	1	100	21	500	0.180578	0.147259	0.093577	0.0536819	0.0333189	0.857726	0.0226808	1.11909	0.0346501	2.21739e-05
10040	1	100	22	500	0.1885	0.148713	0.0975853	0.0511277	0.0397871	0.857973	0.0196166	1.1176	0.0299796	2.17475e-05
10041	1	100	20	500	0.183184	0.148034	0.0926312	0.0554027	0.0351505	0.858203	0.0181318	1.12138	0.0296053	2.1779e-05
10042	1	100	17	500	0.19502	0.151962	0.108653	0.0433092	0.0430576	0.854743	0.0240774	1.11194	0.0372177	2.09594e-05
10043	1	100	19	500	0.193525	0.150893	0.112016	0.0388762	0.0426323	0.851815	0.0277858	1.107	0.0420387	2.03349e-05
10044	1	100	17	500	0.200296	0.152237	0.117922	0.0343156	0.0480588	0.85191	0.0286001	1.10527	0.0414279	1.99542e-05
10045	1	100	15	500	0.200296	0.15285	0.119422	0.033428	0.0474457	0.84759	0.035449	1.10017	0.0524408	1.98622e-05
10046	1	100	16	500	0.197647	0.152626	0.113852	0.0387745	0.0450213	0.849701	0.0296721	1.10429	0.0445351	2.02716e-05
10047	1	100	13	500	0.18563	0.149031	0.107623	0.0414082	0.0365988	0.858581	0.0106145	1.11713	0.0204472	2.07083e-05
10048	1	100	17	500	0.192967	0.151345	0.111356	0.0399891	0.0416223	0.853694	0.0236063	1.10967	0.036226	2.12499e-05
10049	1	100	19	500	0.197021	0.151563	0.110064	0.0414986	0.045458	0.855364	0.0162141	1.11245	0.0257641	2.08566e-05
10050	1	100	20	500	0.201096	0.152642	0.10708	0.0455614	0.0484544	0.8522	0.02498	1.10978	0.0398779	2.11275e-05
10051	1	100	18	500	0.212971	0.15452	0.111149	0.0433714	0.0584507	0.850893	0.0236144	1.10657	0.036657	2.06035e-05
10052	1	100	20	500	0.217157	0.15667	0.098342	0.0583283	0.0604868	0.851152	0.0233744	1.11063	0.0371544	2.32271e-05
10053	1	100	18	500	0.218101	0.156329	0.109179	0.0471497	0.0617728	0.847518	0.0316074	1.10219	0.0472204	2.16646e-05
10054	1	100	22	500	0.220796	0.159277	0.113772	0.0455052	0.0615183	0.849165	0.0293253	1.10358	0.0443566	2.2418e-05
10055	1	100	21	500	0.205434	0.155815	0.109111	0.0467045	0.0496188	0.85071	0.0223729	1.10782	0.0350622	2.17899e-05
10056	1	100	18	500	0.226471	0.161993	0.103698	0.058295	0.0644785	0.839144	0.0362058	1.0942	0.0572036	2.45654e-05
10057	1	100	19	500	0.266758	0.174925	0.105149	0.0697765	0.0918328	0.843105	0.029119	1.09955	0.0455235	2.70068e-05
10058	1	100	21	500	0.277049	0.179016	0.103697	0.0753182	0.0980334	0.835738	0.0524114	1.09096	0.0761584	2.74987e-05
10059	1	100	22	500	0.25918	0.173012	0.10413	0.0688825	0.0861674	0.839599	0.0333181	1.09397	0.0527028	2.70575e-05
10060	1	100	18	500	0.232734	0.163802	0.0915704	0.0722314	0.0689319	0.847645	0.0240039	1.11013	0.040243	2.67997e-05
10061	1	100	19	500	0.251253	0.169006	0.0986727	0.0703336	0.0822471	0.845943	0.0233887	1.10527	0.0416802	2.7165e-05
10062	1	100	19	500	0.265813	0.174365	0.100861	0.0735039	0.091448	0.840857	0.0274743	1.09997	0.0446771	2.75322e-05
10063	1	100	17	500	0.291896	0.187331	0.10277	0.084561	0.104564	0.824046	0.0890395	1.08418	0.122854	2.86356e-05
10064	1	100	18	500	0.333524	0.20736	0.117347	0.0900132	0.126164	0.809026	0.10152	1.06547	0.142073	2.89062e-05
10065	1	100	18	500	0.316272	0.196399	0.1209	0.0754984	0.119873	0.825801	0.078846	1.08041	0.108499	2.87575e-05
10066	1	100	18	500	0.336625	0.205044	0.129575	0.075469	0.131581	0.812227	0.108466	1.06239	0.146191	2.9185e-05
10067	1	100	21	500	0.305202	0.188406	0.128699	0.0597068	0.116796	0.827389	0.0765836	1.07958	0.101989	2.76638e-05
10068	1	100	23	500	0.322013	0.193707	0.128942	0.0647648	0.128306	0.825757	0.0733844	1.0763	0.100069	2.86282e-05
10069	1	100	24	500	0.352067	0.206404	0.141191	0.0652129	0.145663	0.817894	0.0847533	1.06508	0.113689	2.81344e-05
10070	1	100	21	500	0.337367	0.203151	0.138098	0.0650529	0.134216	0.815243	0.0999355	1.06122	0.133917	2.93882e-05
10071	1	100	25	500	0.356423	0.215027	0.151325	0.0637016	0.141396	0.806257	0.118201	1.04949	0.158572	2.9208e-05
10072	1	100	26	500	0.357814	0.213418	0.151472	0.0619462	0.144396	0.815977	0.0939249	1.0613	0.125139	2.91714e-05
10073	1	100	23	500	0.364447	0.221811	0.160267	0.0615435	0.142637	0.791356	0.134586	1.02878	0.177365	2.99314e-05
10074	1	100	22	500	0.394734	0.239815	0.179447	0.0603678	0.154919	0.793205	0.122229	1.0282	0.160673	3.01819e-05
10075	1	100	24	500	0.388683	0.235882	0.17375	0.0621315	0.152802	0.786464	0.137072	1.02294	0.181505	3.04807e-05
10076	1	100	21	500	0.415551	0.255853	0.185888	0.0699644	0.159699	0.769368	0.156566	1.0011	0.206019	3.14185e-05
10077	1	100	21	500	0.420673	0.260036	0.18986	0.070176	0.160637	0.762267	0.170184	0.992987	0.224659	3.16878e-05
10078	1	100	20	500	0.436647	0.270736	0.205102	0.0656338	0.165911	0.762796	0.164092	0.992457	0.215445	3.13204e-05
10079	1	100	23	500	0.431864	0.266682	0.203368	0.0633137	0.165183	0.771851	0.154662	1.0041	0.203892	3.09053e-05
10080	1	100	22	500	0.460966	0.288045	0.226209	0.0618359	0.172921	0.753903	0.168042	0.976895	0.220909	3.09356e-05
10081	1	100	23	500	0.463832	0.288876	0.228002	0.060874	0.174956	0.768318	0.14571	0.994341	0.189885	3.06282e-05
10082	1	100	25	500	0.451462	0.278972	0.218301	0.0606707	0.17249	0.746611	0.177741	0.96944	0.23244	3.09733e-05
10083	1	100	23	500	0.443493	0.273945	0.217575	0.0563701	0.169547	0.774414	0.141396	1.00452	0.185276	3.06297e-05
10084	1	100	25	500	0.394256	0.240496	0.174592	0.0659044	0.15376	0.773129	0.158138	1.0086	0.20783	3.18716e-05
10085	1	100	24	500	0.430326	0.256285	0.187785	0.0685005	0.174041	0.782919	0.122916	1.02247	0.163388	3.15319e-05
10086	1	100	23	500	0.422013	0.242439	0.173133	0.0693063	0.179574	0.776423	0.140556	1.01224	0.185355	3.20719e-05
10087	1	100	25	500	0.386135	0.229266	0.169236	0.0600299	0.156869	0.787885	0.12773	1.02155	0.167247	3.2107e-05
10088	1	100	21	500	0.391519	0.237059	0.172593	0.0644653	0.15446	0.798808	0.106282	1.036	0.140088	3.25002e-05
10089	1	100	20	500	0.462264	0.288308	0.224934	0.0633741	0.173956	0.745674	0.171678	0.964213	0.22196	3.21213e-05
10090	1	100	21	500	0.433362	0.264406	0.208585	0.0558213	0.168956	0.770426	0.148669	0.994916	0.192926	3.21478e-05
10091	1	100	22	500	0.396847	0.23919	0.186708	0.0524818	0.157657	0.780051	0.135875	1.00649	0.177055	3.20858e-05
10092	1	100	22	500	0.416856	0.251851	0.195232	0.0566182	0.165005	0.790056	0.13683	1.01917	0.177978	3.2513e-05
10093	1	100	23	500	0.404041	0.244046	0.192704	0.0513425	0.159995	0.784527	0.131336	1.01207	0.170437	3.21517e-05
10094	1	100	21	500	0.408189	0.246642	0.189444	0.0571975	0.161547	0.768247	0.159677	0.99097	0.207134	3.19534e-05
10095	1	100	19	500	0.402119	0.245373	0.191627	0.0537462	0.156746	0.782826	0.135558	1.0104	0.177611	3.26798e-05
10096	1	100	20	500	0.382334	0.231612	0.183844	0.0477683	0.150721	0.785922	0.139405	1.01415	0.183172	3.23963e-05
10097	1	100	19	500	0.391882	0.238721	0.193376	0.045345	0.153161	0.764197	0.171233	0.986486	0.224088	3.15193e-05
10098	1	100	17	500	0.31544	0.1501	0.105835	0.0442649	0.16534	0.887393	0.153532	0.897352	0.156639	3.09414e-05
10099	1	100	17	500	0.346546	0.171868	0.125303	0.0465644	0.174679	0.864643	0.177724	0.874398	0.182121	3.10286e-05
10100	1	100	18	500	0.354736	0.184802	0.139364	0.0454378	0.169934	0.838179	0.200255	0.847415	0.204651	3.14626e-05
10101	1	100	18	500	0.33515	0.170611	0.126489	0.0441221	0.16454	0.856061	0.198148	0.866353	0.202685	3.07749e-05
