Generation	PopulationID	SampleSize	UniqueMutations	PopulationSize	totalLoad	RelzLoad	RelzLoadHomo	RelzLoadHetero	MskLoad	MeanFitness	SdFitness	MeanFitnessCached	SdFitnessCached	Heterozygosity	
10001	1	100	50	500	0.312783	0.279424	0.254301	0.0251236	0.0333584	0.740398	0.023362	1.27073	0.0371636	2.48388e-05
10002	1	100	43	500	0.162385	0.121532	0.0955288	0.0260037	0.0408522	0.883522	0.0226861	1.09527	0.0324648	2.40043e-05
10003	1	100	37	500	0.174673	0.126518	0.0984053	0.028113	0.0481551	0.878292	0.0311554	1.09294	0.0354135	2.35627e-05
10004	1	100	37	500	0.162968	0.121789	0.0941152	0.0276736	0.041179	0.881435	0.033181	1.0921	0.0333453	2.44735e-05
10005	1	100	31	500	0.179614	0.131037	0.100706	0.0303309	0.0485767	0.869877	0.0644934	1.08843	0.078782	2.4283e-05
10006	1	100	27	500	0.192055	0.137791	0.103416	0.034375	0.0542648	0.869462	0.0359262	1.09339	0.0377999	2.37248e-05
10007	1	100	25	500	0.174372	0.129509	0.0972224	0.0322869	0.0448629	0.875799	0.0379535	1.09408	0.0353369	2.50194e-05
10008	1	100	24	500	0.184903	0.133107	0.0984569	0.0346503	0.0517963	0.873497	0.0371513	1.09406	0.0425364	2.45853e-05
10009	1	100	26	500	0.185208	0.129447	0.0924921	0.0369545	0.055761	0.876853	0.0413632	1.08747	0.0379609	2.65675e-05
10010	1	100	23	500	0.19425	0.126849	0.0893154	0.0375337	0.0674014	0.879765	0.038026	1.0793	0.044945	2.71493e-05
10011	1	100	24	500	0.203385	0.132086	0.0967506	0.035335	0.0712993	0.872851	0.0570634	1.08073	0.0651935	2.66569e-05
10012	1	100	26	500	0.210794	0.133305	0.096628	0.0366765	0.0774892	0.873448	0.0529309	1.07874	0.0601413	2.68094e-05
10013	1	100	25	500	0.217737	0.13861	0.104095	0.0345153	0.0791269	0.871244	0.0393633	1.08175	0.0406134	2.56907e-05
10014	1	100	25	500	0.274399	0.154055	0.109097	0.0449583	0.120344	0.850706	0.0975449	1.05993	0.122167	2.55398e-05
10015	1	100	21	500	0.217666	0.141754	0.10725	0.0345039	0.0759122	0.866547	0.0415481	1.08185	0.0451269	2.50907e-05
10016	1	100	21	500	0.225833	0.146095	0.109621	0.0364738	0.0797378	0.854287	0.0958132	1.06862	0.119768	2.47987e-05
10017	1	100	21	500	0.196139	0.133678	0.101841	0.0318374	0.0624603	0.85873	0.107826	1.0695	0.133638	2.42848e-05
10018	1	100	20	500	0.172716	0.122827	0.0955911	0.0272355	0.0498889	0.882607	0.0363375	1.0893	0.0355132	2.50408e-05
10019	1	100	16	500	0.12387	0.0520691	0.0160223	0.0360468	0.0718005	0.951108	0.0694979	0.995696	0.0686964	2.41156e-05
10020	1	100	15	500	0.104073	0.0445089	0.012884	0.0316249	0.0595642	0.953111	0.0772802	0.993729	0.0786609	2.41175e-05
10021	1	100	17	500	0.101889	0.0399467	0.00851368	0.031433	0.0619422	0.951939	0.112517	0.985804	0.109022	2.3845e-05
10022	1	100	17	500	0.0826154	0.0351769	0.0071505	0.0280264	0.0474385	0.961418	0.0816837	0.997542	0.0759947	2.34132e-05
10023	1	100	19	500	0.0745349	0.0318356	0.00575415	0.0260815	0.0426993	0.969795	0.036804	1.00469	0.0263313	2.30144e-05
10024	1	100	15	500	0.0528009	0.0256091	0.00430658	0.0213026	0.0271918	0.975645	0.0337151	1.00819	0.0206748	2.25284e-05
10025	1	100	16	500	0.0336752	0.0203782	0.00417464	0.0162036	0.013297	0.97998	0.0300403	1.01018	0.0186987	2.3325e-05
10026	1	100	16	500	0.0392567	0.0229907	0.00497741	0.0180133	0.0162661	0.977819	0.0297617	1.01096	0.0192178	2.44239e-05
10027	1	100	18	500	0.0526827	0.0256404	0.00512775	0.0205127	0.0270422	0.97587	0.0358248	1.00852	0.0236174	2.32835e-05
10028	1	100	14	500	0.0287045	0.012936	0.0018377	0.0110983	0.0157685	0.985059	0.0297524	1.00432	0.0207826	2.21668e-05
10029	1	100	14	500	0.0242793	0.0120195	0.00191034	0.0101092	0.0122598	0.988259	0.0241828	1.0039	0.0179278	2.18205e-05
10030	1	100	17	500	0.0431395	0.0186684	0.00332623	0.0153421	0.0244711	0.982115	0.0319834	1.0034	0.0225761	2.27153e-05
10031	1	100	15	500	0.030749	0.013674	0.00217699	0.011497	0.017075	0.986318	0.0229575	1.00261	0.0203251	2.21042e-05
10032	1	100	16	500	0.0341807	0.0126245	0.00201818	0.0106063	0.0215562	0.987497	0.0237555	0.998776	0.0212682	2.2263e-05
10033	1	100	11	500	0.0321348	0.0117251	0.00200047	0.00972464	0.0204097	0.988788	0.0211724	0.998657	0.0213613	2.2363e-05
10034	1	100	11	500	0.0093232	0.00611233	0.00131484	0.0047975	0.00321087	0.994016	0.0122466	1.00253	0.0113554	2.34292e-05
10035	1	100	14	500	0.0141001	0.0098142	0.00198091	0.00783329	0.00428588	0.989775	0.0201531	1.00518	0.014754	2.43915e-05
10036	1	100	11	500	0.00969394	0.00672063	0.00141371	0.00530692	0.00297331	0.991225	0.019206	1.00477	0.0175224	2.41487e-05
10037	1	100	15	500	0.0113435	0.00712052	0.0013806	0.00573992	0.00422302	0.993197	0.0128545	1.00325	0.0125816	2.36384e-05
10038	1	100	13	500	0.0124088	0.00804135	0.00153313	0.00650822	0.00436743	0.99169	0.0153292	1.00356	0.0138231	2.37853e-05
10039	1	100	13	500	0.00867145	0.00455166	0.00117511	0.00337655	0.00411978	0.995399	0.0103214	1.0003	0.0099422	2.35523e-05
10040	1	100	16	500	0.00848634	0.00440751	0.0012264	0.00318111	0.00407882	0.995753	0.00935758	1.00046	0.00925386	2.3428e-05
10041	1	100	17	500	0.00785368	0.00410515	0.00126531	0.00283984	0.00374853	0.995319	0.00969735	0.999455	0.00976947	2.40532e-05
10042	1	100	13	500	0.00827504	0.00376177	0.00155056	0.00221121	0.00451327	0.996087	0.00759794	0.998266	0.00746784	2.3526e-05
10043	1	100	11	500	0.00593747	0.00316638	0.00155037	0.00161601	0.00277109	0.996685	0.00642221	0.998624	0.00610628	2.35415e-05
10044	1	100	10	500	0.00947907	0.00524385	0.00195622	0.00328763	0.00423521	0.994319	0.00948214	0.998911	0.00943284	2.27999e-05
10045	1	100	11	500	0.00950889	0.00522733	0.00226665	0.00296068	0.00428157	0.994519	0.010416	0.998736	0.0105064	2.10661e-05
10046	1	100	13	500	0.0133111	0.0080618	0.00245841	0.00560339	0.00524928	0.991775	0.0125877	1.0009	0.0127784	2.20239e-05
10047	1	100	17	500	0.0132687	0.00588619	0.00247423	0.00341195	0.00738254	0.993856	0.00835212	0.997099	0.00870994	2.13711e-05
10048	1	100	12	500	0.0153409	0.00791536	0.00244756	0.0054678	0.00742554	0.991707	0.0157884	0.999241	0.0116712	2.28205e-05
10049	1	100	14	500	0.0165041	0.00884054	0.00255167	0.00628887	0.0076636	0.990071	0.0173553	0.999476	0.0182147	2.3578e-05
10050	1	100	13	500	0.0191547	0.0107064	0.00293863	0.00776772	0.00844831	0.989423	0.016893	1.00168	0.0140781	2.48065e-05
10051	1	100	13	500	0.0194729	0.010748	0.00291101	0.00783703	0.00872481	0.989618	0.0138701	1.00204	0.0146426	2.50015e-05
10052	1	100	15	500	0.0199481	0.0129675	0.00319113	0.00977632	0.00698068	0.986022	0.0221231	1.00432	0.0205221	2.66803e-05
10053	1	100	18	500	0.018845	0.0112379	0.00286025	0.0083776	0.00760718	0.989173	0.0159981	1.0035	0.0154908	2.59656e-05
10054	1	100	16	500	0.0205412	0.0120357	0.00295169	0.009084	0.00850549	0.987664	0.0192543	1.00337	0.0153811	2.61635e-05
10055	1	100	13	500	0.0220337	0.00967694	0.002784	0.00689294	0.0123568	0.990649	0.0137682	0.998686	0.014543	2.57145e-05
10056	1	100	12	500	0.0164557	0.0109399	0.00285598	0.00808387	0.00551587	0.988999	0.0151507	1.00391	0.0147469	2.70373e-05
10057	1	100	13	500	0.0126548	0.00717898	0.00213435	0.00504462	0.00547582	0.992921	0.011404	1.00068	0.0121759	2.72176e-05
10058	1	100	12	500	0.0104425	0.00499131	0.00221823	0.00277308	0.00545116	0.994711	0.00818818	0.997774	0.00828846	2.60395e-05
10059	1	100	12	500	0.00607556	0.00375307	0.00219655	0.00155653	0.00232249	0.995238	0.00817702	0.997242	0.00833494	2.56831e-05
10060	1	100	12	500	0.00934527	0.00435371	0.0020427	0.002311	0.00499156	0.99562	0.00791068	0.997774	0.00786468	2.62467e-05
10061	1	100	11	500	0.00758396	0.00479253	0.00186584	0.00292669	0.00279144	0.995137	0.00920805	0.999726	0.00874552	2.75521e-05
10062	1	100	12	500	0.00821922	0.00539819	0.00199186	0.00340633	0.00282103	0.99433	0.0106604	0.999932	0.0103509	2.79662e-05
10063	1	100	13	500	0.0118556	0.00768083	0.00232683	0.005354	0.00417481	0.992159	0.013083	1.00135	0.0128404	2.85673e-05
10064	1	100	12	500	0.0102686	0.0065334	0.00218181	0.00435159	0.00373521	0.993445	0.0119095	1.00087	0.0107334	2.8294e-05
10065	1	100	14	500	0.0115474	0.00788403	0.00213926	0.00574477	0.00366335	0.991906	0.0150675	1.00227	0.01467	2.84574e-05
10066	1	100	13	500	0.0144387	0.0102258	0.00255518	0.00767062	0.00421287	0.989662	0.0183687	1.00417	0.0144007	2.89524e-05
10067	1	100	11	500	0.0144904	0.0103892	0.00264733	0.00774189	0.00410122	0.989579	0.0146428	1.00435	0.0141011	2.86701e-05
10068	1	100	14	500	0.0158839	0.0115287	0.00296843	0.00856027	0.00435517	0.988353	0.017763	1.00489	0.0143589	2.84781e-05
10069	1	100	12	500	0.0160155	0.0117226	0.00289721	0.00882534	0.00429296	0.988162	0.0170587	1.0053	0.0144038	2.85107e-05
10070	1	100	15	500	0.0165308	0.0121362	0.00290369	0.00923251	0.00439458	0.986909	0.0237328	1.00495	0.0144764	2.87991e-05
10071	1	100	15	500	0.0158132	0.0116506	0.00276103	0.00888955	0.00416264	0.987216	0.0251536	1.00453	0.0147003	2.82824e-05
10072	1	100	13	500	0.0163716	0.0121453	0.00300265	0.00914265	0.00422631	0.988238	0.0155442	1.00629	0.0149052	2.70077e-05
10073	1	100	15	500	0.0179696	0.0134169	0.0032282	0.0101888	0.00455265	0.98685	0.0177299	1.00726	0.0148797	2.7848e-05
10074	1	100	13	500	0.0198346	0.0149475	0.00383175	0.0111158	0.00488712	0.984475	0.0230204	1.00734	0.0167306	2.79774e-05
10075	1	100	14	500	0.0282861	0.0207867	0.00574454	0.0150421	0.00749948	0.978879	0.0249702	1.01131	0.0176873	3.05358e-05
10076	1	100	17	500	0.0235146	0.0166676	0.00401422	0.0126534	0.00684699	0.983683	0.0202124	1.00934	0.0164353	3.0518e-05
10077	1	100	14	500	0.0183421	0.0135238	0.00316123	0.0103625	0.0048183	0.986885	0.0162225	1.00785	0.0152241	2.99467e-05
10078	1	100	11	500	0.01572	0.0117281	0.00263647	0.00909159	0.00399191	0.988347	0.0156164	1.00632	0.0137508	3.05079e-05
10079	1	100	13	500	0.0208559	0.0160836	0.00375232	0.0123313	0.00477222	0.983644	0.022786	1.00946	0.0157652	3.22806e-05
10080	1	100	13	500	0.0236821	0.016882	0.00391177	0.0129703	0.00680009	0.983386	0.0223401	1.00974	0.0184325	3.2239e-05
10081	1	100	14	500	0.0168897	0.0126449	0.00273062	0.00991426	0.00424478	0.987573	0.0185011	1.00746	0.0151158	3.12075e-05
10082	1	100	13	500	0.0184977	0.0140518	0.00307991	0.0109719	0.00444594	0.985876	0.0209673	1.00881	0.0175915	3.2212e-05
10083	1	100	13	500	0.0184188	0.0142565	0.00305337	0.0112032	0.00416224	0.985931	0.0181967	1.00966	0.0171645	3.21858e-05
10084	1	100	16	500	0.024155	0.0156872	0.00302249	0.0126648	0.00846779	0.984275	0.0204926	1.00865	0.0160621	3.26423e-05
10085	1	100	14	500	0.0237105	0.0127199	0.00216208	0.0105578	0.0109906	0.986989	0.0195638	1.00505	0.018454	3.19603e-05
10086	1	100	16	500	0.0210727	0.0134729	0.00231201	0.0111609	0.00759976	0.986395	0.0197287	1.00744	0.0196325	3.24312e-05
10087	1	100	14	500	0.0233448	0.0185016	0.0042498	0.0142518	0.00484319	0.982184	0.0194744	1.01367	0.0174042	3.33267e-05
10088	1	100	13	500	0.0298645	0.0242069	0.00676399	0.0174429	0.0056576	0.975784	0.0239659	1.01689	0.0169108	3.36965e-05
10089	1	100	19	500	0.0290823	0.0215494	0.00511893	0.0164305	0.00753287	0.978712	0.0233954	1.01432	0.0194774	3.39643e-05
10090	1	100	17	500	0.0297457	0.0205651	0.00465446	0.0159106	0.00918064	0.979901	0.0201801	1.01288	0.0195398	3.38169e-05
10091	1	100	18	500	0.0311836	0.02367	0.00642969	0.0172403	0.00751358	0.976762	0.0226091	1.01612	0.018311	3.47488e-05
10092	1	100	18	500	0.0299444	0.0230505	0.00611114	0.0169394	0.00689384	0.976889	0.0247148	1.01556	0.0189625	3.49063e-05
10093	1	100	19	500	0.0288243	0.0209539	0.00497656	0.0159773	0.0078705	0.979207	0.0220952	1.0137	0.0176591	3.49553e-05
10094	1	100	19	500	0.0351788	0.0232991	0.00545843	0.0178407	0.0118796	0.97721	0.0220174	1.01378	0.0205119	3.51469e-05
10095	1	100	19	500	0.040419	0.0238428	0.00552562	0.0183172	0.0165762	0.977032	0.0216561	1.01194	0.0215619	3.56401e-05
10096	1	100	21	500	0.0537832	0.0300363	0.0079751	0.0220612	0.0237468	0.97021	0.030825	1.01219	0.024316	3.59989e-05
10097	1	100	18	500	0.0448578	0.0281526	0.00824084	0.0199118	0.0167052	0.97091	0.0305683	1.01255	0.0247646	3.52597e-05
10098	1	100	18	500	0.0512771	0.0318832	0.0100409	0.0218423	0.0193939	0.968549	0.0346804	1.01548	0.0222651	3.6015e-05
10099	1	100	21	500	0.0444414	0.0306404	0.00984264	0.0207978	0.013801	0.969394	0.0334262	1.01658	0.022925	3.53957e-05
10100	1	100	18	500	0.0540977	0.0373375	0.0135569	0.0237806	0.0167602	0.963686	0.0317396	1.02092	0.0238078	3.4937e-05
10101	1	100	14	500	0.0342287	0.0272465	0.00884118	0.0184053	0.00698219	0.97146	0.0297662	1.01771	0.0182657	3.56744e-05
