Generation	PopulationID	SampleSize	UniqueMutations	PopulationSize	totalLoad	RelzLoad	RelzLoadHomo	RelzLoadHetero	MskLoad	MeanFitness	SdFitness	MeanFitnessCached	SdFitnessCached	Heterozygosity	
10001	1	100	40	500	0.570723	0.53633	0.435905	0.100425	0.0343933	0.566706	0.0372498	1.51277	0.0985632	2.33856e-05
10002	1	100	33	500	0.555533	0.523747	0.424916	0.098831	0.0317862	0.573841	0.037124	1.49575	0.098979	2.4126e-05
10003	1	100	28	500	0.561312	0.526355	0.435525	0.0908299	0.034957	0.571426	0.0362796	1.48483	0.0969061	2.3826e-05
10004	1	100	30	500	0.561671	0.52612	0.431173	0.0949469	0.0355507	0.572825	0.0337238	1.49142	0.0964561	2.44497e-05
10005	1	100	27	500	0.552608	0.522146	0.428867	0.093279	0.0304619	0.576334	0.0251063	1.48	0.0882137	2.56679e-05
10006	1	100	27	500	0.550146	0.519063	0.418211	0.100852	0.0310829	0.576146	0.0281407	1.47455	0.083942	2.67279e-05
10007	1	100	30	500	0.557734	0.528519	0.45708	0.0714387	0.0292153	0.571535	0.0219548	1.48091	0.0802785	2.28906e-05
10008	1	100	28	500	0.563657	0.533541	0.450397	0.0831444	0.0301158	0.567293	0.0242572	1.48122	0.0829187	2.39418e-05
10009	1	100	24	500	0.554417	0.524977	0.442792	0.0821846	0.0294408	0.573479	0.0242761	1.46985	0.0724606	2.48658e-05
10010	1	100	25	500	0.56476	0.528557	0.447359	0.0811984	0.0362032	0.571426	0.0231156	1.46797	0.0821196	2.50438e-05
10011	1	100	23	500	0.566771	0.533948	0.466661	0.0672869	0.0328232	0.567817	0.0206566	1.47342	0.0800667	2.2733e-05
10012	1	100	27	500	0.575747	0.53918	0.473878	0.0653022	0.0365667	0.564127	0.021892	1.4828	0.0801331	2.23924e-05
10013	1	100	23	500	0.57364	0.538435	0.479796	0.0586397	0.0352044	0.563371	0.0183761	1.47559	0.0925357	2.17523e-05
10014	1	100	17	500	0.190454	0.153902	0.103546	0.0503559	0.0365522	0.857471	0.0282726	1.0245	0.0699683	2.08646e-05
10015	1	100	19	500	0.201903	0.154258	0.095903	0.0583553	0.0476444	0.852199	0.0442112	1.02137	0.0874656	2.16055e-05
10016	1	100	19	500	0.207045	0.157192	0.0982173	0.058975	0.0498531	0.852279	0.0316122	1.02306	0.0711802	2.20863e-05
10017	1	100	19	500	0.224753	0.167072	0.0943749	0.0726968	0.0576813	0.847886	0.0343853	1.04284	0.084817	2.27531e-05
10018	1	100	17	500	0.243789	0.180828	0.0967604	0.0840674	0.0629613	0.834952	0.0469484	1.05474	0.104821	2.34517e-05
10019	1	100	16	500	0.234828	0.176093	0.092752	0.0833409	0.0587347	0.833299	0.0492691	1.0534	0.110618	2.36487e-05
10020	1	100	14	500	0.228071	0.171985	0.0928927	0.0790926	0.0560858	0.839822	0.0471071	1.05202	0.0997931	2.36622e-05
10021	1	100	14	500	0.221341	0.165037	0.0927909	0.0722464	0.0563037	0.851094	0.030144	1.04843	0.0781315	2.34707e-05
10022	1	100	18	500	0.231857	0.174762	0.0938637	0.0808978	0.0570952	0.833323	0.0545646	1.05015	0.113567	2.39881e-05
10023	1	100	23	500	0.252481	0.178477	0.0949514	0.0835254	0.0740038	0.831835	0.0602403	1.04446	0.106136	2.45487e-05
10024	1	100	19	500	0.272362	0.185444	0.0883924	0.0970514	0.0869177	0.828356	0.055188	1.06886	0.106592	2.48837e-05
10025	1	100	23	500	0.272312	0.184237	0.0893588	0.0948783	0.0880744	0.829374	0.0579159	1.06001	0.100734	2.51045e-05
10026	1	100	21	500	0.297323	0.197182	0.0905804	0.106602	0.100141	0.822224	0.0590449	1.07908	0.102402	2.47166e-05
10027	1	100	24	500	0.247948	0.178045	0.0894015	0.0886432	0.069903	0.832606	0.0514496	1.06065	0.105998	2.45038e-05
10028	1	100	19	500	0.230812	0.176845	0.0856527	0.0911925	0.053967	0.833579	0.0392591	1.07956	0.0961796	2.43475e-05
10029	1	100	24	500	0.281746	0.190925	0.0905027	0.100422	0.090821	0.816192	0.110384	1.06277	0.172037	2.46268e-05
10030	1	100	21	500	0.28305	0.192655	0.0878009	0.104855	0.0903941	0.823062	0.0467957	1.08317	0.112613	2.51323e-05
10031	1	100	18	500	0.281297	0.188157	0.0900458	0.0981111	0.0931399	0.828919	0.0461668	1.06732	0.109156	2.48493e-05
10032	1	100	20	500	0.297743	0.18963	0.0946857	0.0949445	0.108113	0.818778	0.1021	1.03678	0.161388	2.47518e-05
10033	1	100	21	500	0.260637	0.169336	0.0899253	0.0794106	0.0913016	0.830285	0.104181	1.01967	0.156603	2.46958e-05
10034	1	100	18	500	0.254317	0.168883	0.0888586	0.0800243	0.0854338	0.835275	0.102038	1.03107	0.152682	2.5105e-05
10035	1	100	17	500	0.235115	0.165635	0.0915609	0.0740741	0.06948	0.840337	0.0950809	1.03488	0.146253	2.47688e-05
10036	1	100	19	500	0.261098	0.175688	0.0899014	0.0857862	0.0854102	0.834629	0.05287	1.04498	0.121851	2.61388e-05
10037	1	100	21	500	0.239357	0.170797	0.0869529	0.0838436	0.0685601	0.845695	0.0350579	1.06362	0.100318	2.64241e-05
10038	1	100	16	500	0.252261	0.176086	0.0890703	0.0870161	0.0761747	0.840689	0.0343725	1.06056	0.105815	2.64637e-05
10039	1	100	21	500	0.249328	0.175203	0.0866798	0.0885234	0.0741244	0.842205	0.0377196	1.06642	0.102081	2.69542e-05
10040	1	100	21	500	0.270967	0.189567	0.0887066	0.10086	0.0814005	0.827608	0.0502196	1.08543	0.110448	2.68551e-05
10041	1	100	19	500	0.263307	0.185521	0.0872899	0.098231	0.0777858	0.829223	0.0506367	1.08053	0.114425	2.7314e-05
10042	1	100	23	500	0.273804	0.188016	0.0900561	0.0979596	0.0857885	0.828599	0.0537025	1.07152	0.116445	2.76053e-05
10043	1	100	18	500	0.267692	0.186613	0.0915091	0.0951035	0.0810793	0.828091	0.0509378	1.06679	0.123033	2.77329e-05
10044	1	100	22	500	0.269946	0.191	0.0893325	0.101668	0.0789458	0.82732	0.0427184	1.09311	0.11314	2.79544e-05
10045	1	100	24	500	0.263045	0.183062	0.0877001	0.0953623	0.0799828	0.834546	0.0383172	1.07301	0.100218	2.81003e-05
10046	1	100	27	500	0.272162	0.187907	0.0890349	0.0988719	0.084255	0.82385	0.0548058	1.0737	0.135804	2.87012e-05
10047	1	100	23	500	0.25744	0.183702	0.0882503	0.0954516	0.0737376	0.82972	0.0507671	1.07486	0.12363	2.87149e-05
10048	1	100	26	500	0.28488	0.194378	0.0934361	0.100942	0.0905022	0.818148	0.0617001	1.06823	0.138095	2.85554e-05
10049	1	100	27	500	0.267242	0.183043	0.0875144	0.0955288	0.0841986	0.835376	0.0411705	1.07251	0.106935	2.78486e-05
10050	1	100	27	500	0.280034	0.185429	0.0915347	0.0938938	0.0946055	0.832486	0.047183	1.05527	0.115501	2.81883e-05
10051	1	100	22	500	0.263598	0.182283	0.0838882	0.0983948	0.0813145	0.830995	0.0519151	1.08	0.119093	2.80738e-05
10052	1	100	22	500	0.263293	0.176411	0.0851383	0.0912725	0.0868825	0.837592	0.0539933	1.05839	0.105604	2.80763e-05
10053	1	100	24	500	0.253687	0.178098	0.0828513	0.0952472	0.0755889	0.836918	0.0415929	1.08196	0.0967079	2.86957e-05
10054	1	100	23	500	0.276692	0.187785	0.0867459	0.101039	0.0889067	0.831128	0.0499515	1.08748	0.103665	2.92272e-05
10055	1	100	20	500	0.31936	0.20928	0.0998481	0.109432	0.11008	0.809167	0.0676661	1.0914	0.122018	2.91563e-05
10056	1	100	22	500	0.301056	0.204182	0.0982945	0.105887	0.0968741	0.81078	0.0752991	1.09892	0.124604	2.82658e-05
10057	1	100	25	500	0.316765	0.205946	0.0985879	0.107358	0.11082	0.81716	0.0642711	1.08684	0.106476	2.92337e-05
10058	1	100	24	500	0.297737	0.200864	0.0942154	0.106649	0.0968726	0.812223	0.0591908	1.09286	0.1283	2.795e-05
10059	1	100	21	500	0.309977	0.209541	0.100602	0.10894	0.100435	0.812643	0.0511339	1.10982	0.118465	2.73306e-05
10060	1	100	20	500	0.308214	0.20992	0.0989773	0.110943	0.0982944	0.810493	0.0504815	1.11308	0.127408	2.71688e-05
10061	1	100	23	500	0.316001	0.212376	0.101388	0.110988	0.103624	0.810739	0.0609347	1.10186	0.122614	2.70732e-05
10062	1	100	20	500	0.347765	0.231563	0.117236	0.114328	0.116201	0.792156	0.0797235	1.09919	0.140723	2.69096e-05
10063	1	100	24	500	0.355292	0.232683	0.117308	0.115375	0.12261	0.78911	0.0817725	1.08993	0.148716	2.74651e-05
10064	1	100	19	500	0.378027	0.240117	0.124539	0.115578	0.137909	0.788632	0.0937353	1.06105	0.153295	2.81399e-05
10065	1	100	19	500	0.375001	0.236166	0.121003	0.115163	0.138835	0.804569	0.0665706	1.07536	0.120356	2.84594e-05
10066	1	100	19	500	0.334597	0.207283	0.102689	0.104594	0.127313	0.812119	0.0724106	1.04124	0.130361	2.79439e-05
10067	1	100	20	500	0.339667	0.208509	0.102482	0.106027	0.131158	0.805462	0.0860552	1.03373	0.141289	2.82595e-05
10068	1	100	22	500	0.366343	0.226999	0.115409	0.111589	0.139344	0.79651	0.099987	1.03861	0.144025	2.94336e-05
10069	1	100	25	500	0.379411	0.23113	0.119261	0.111869	0.148281	0.786017	0.119263	1.01496	0.15651	2.9763e-05
10070	1	100	22	500	0.362412	0.226037	0.113291	0.112746	0.136375	0.805462	0.0675275	1.06297	0.126099	2.99816e-05
10071	1	100	24	500	0.343321	0.213419	0.103315	0.110104	0.129901	0.817548	0.0603934	1.06924	0.116416	2.97918e-05
10072	1	100	22	500	0.355528	0.21792	0.108103	0.109817	0.137609	0.8086	0.0931626	1.04645	0.128847	3.00386e-05
10073	1	100	24	500	0.335481	0.204998	0.101838	0.103159	0.130484	0.808401	0.0751044	1.02934	0.135377	2.93324e-05
10074	1	100	21	500	0.351928	0.211217	0.107561	0.103656	0.14071	0.812227	0.0772935	1.02634	0.128176	2.91193e-05
10075	1	100	19	500	0.370569	0.221183	0.112469	0.108715	0.149385	0.816292	0.0696279	1.04424	0.106511	3.02401e-05
10076	1	100	22	500	0.342757	0.208273	0.107983	0.10029	0.134484	0.813942	0.0796014	1.02261	0.129379	2.89387e-05
10077	1	100	22	500	0.363222	0.216122	0.110173	0.10595	0.147099	0.803568	0.0940909	1.01789	0.133808	3.05012e-05
10078	1	100	23	500	0.380003	0.229403	0.125695	0.103708	0.150601	0.804845	0.0903284	1.00762	0.130563	3.06955e-05
10079	1	100	25	500	0.3703	0.226564	0.123652	0.102912	0.143735	0.796135	0.0884869	1.00253	0.146113	3.07093e-05
10080	1	100	27	500	0.377759	0.231483	0.121988	0.109495	0.146276	0.770798	0.111456	0.991871	0.187218	3.17391e-05
10081	1	100	25	500	0.387767	0.233765	0.125075	0.10869	0.154002	0.809096	0.0619341	1.02982	0.123762	3.23323e-05
10082	1	100	26	500	0.386958	0.237221	0.130799	0.106422	0.149736	0.784439	0.10707	0.993393	0.165145	3.20811e-05
10083	1	100	26	500	0.371316	0.226628	0.120498	0.10613	0.144688	0.794938	0.085835	1.01126	0.153621	3.23364e-05
10084	1	100	25	500	0.375478	0.225234	0.120233	0.105001	0.150245	0.804764	0.0817554	1.01427	0.136388	3.27461e-05
10085	1	100	30	500	0.364433	0.221102	0.12361	0.0974921	0.143331	0.78803	0.108021	0.977965	0.16574	3.11122e-05
10086	1	100	27	500	0.368478	0.227162	0.12989	0.0972717	0.141316	0.800767	0.0935014	0.994441	0.149898	3.12583e-05
10087	1	100	27	500	0.351313	0.216913	0.12388	0.0930327	0.1344	0.816127	0.0764517	1.00574	0.122956	3.13179e-05
10088	1	100	21	500	0.356252	0.222013	0.139392	0.0826211	0.134239	0.799783	0.102425	0.961984	0.141841	2.94055e-05
10089	1	100	22	500	0.339857	0.210086	0.121015	0.0890711	0.129771	0.813567	0.0819994	0.998243	0.14091	3.10101e-05
10090	1	100	27	500	0.371266	0.224433	0.128866	0.0955672	0.146833	0.796911	0.103266	0.979835	0.144488	3.23763e-05
10091	1	100	26	500	0.387694	0.237145	0.14473	0.0924151	0.150549	0.797832	0.093268	0.972729	0.139242	3.11665e-05
10092	1	100	25	500	0.376298	0.227355	0.135759	0.0915967	0.148943	0.788878	0.109221	0.960795	0.156404	3.18338e-05
10093	1	100	26	500	0.373488	0.228773	0.134779	0.0939942	0.144715	0.801091	0.0876566	0.98631	0.14691	3.17274e-05
10094	1	100	26	500	0.392989	0.238131	0.140185	0.0979466	0.154857	0.779978	0.105168	0.963098	0.158466	3.25868e-05
10095	1	100	26	500	0.396648	0.237823	0.142493	0.0953302	0.158825	0.78258	0.108926	0.956122	0.15308	3.27858e-05
10096	1	100	24	500	0.392773	0.237225	0.138111	0.0991145	0.155547	0.766607	0.119617	0.948419	0.171525	3.34511e-05
10097	1	100	27	500	0.37846	0.237833	0.145959	0.091874	0.140626	0.793631	0.100468	0.972569	0.151731	3.18952e-05
10098	1	100	24	500	0.400908	0.259031	0.164577	0.0944536	0.141878	0.779038	0.0989183	0.962231	0.162762	3.13403e-05
10099	1	100	22	500	0.386841	0.24716	0.155955	0.0912054	0.13968	0.779345	0.109342	0.955489	0.164853	3.17053e-05
10100	1	100	22	500	0.396721	0.274992	0.214991	0.0600006	0.121729	0.763546	0.115726	0.890506	0.15584	2.57734e-05
10101	1	100	22	500	0.377022	0.261984	0.206971	0.0550125	0.115038	0.7702	0.11852	0.892921	0.152038	2.56057e-05
