Generation	PopulationID	SampleSize	UniqueMutations	PopulationSize	totalLoad	RelzLoad	RelzLoadHomo	RelzLoadHetero	MskLoad	MeanFitness	SdFitness	MeanFitnessCached	SdFitnessCached	Heterozygosity	
10001	1	100	58	500	0.423266	0.393028	0.311213	0.0818148	0.0302383	0.649793	0.057662	1.25852	0.0370674	2.80616e-05
10002	1	100	37	500	0.417621	0.394228	0.309308	0.0849202	0.0233925	0.650621	0.0631962	1.26075	0.0379146	2.63077e-05
10003	1	100	35	500	0.411465	0.389917	0.306431	0.0834855	0.0215482	0.652431	0.0708076	1.25528	0.0452626	2.59775e-05
10004	1	100	25	500	0.402735	0.378009	0.291075	0.0869337	0.0247266	0.661681	0.0746428	1.24993	0.051438	2.73392e-05
10005	1	100	24	500	0.407814	0.390848	0.312433	0.078415	0.0169664	0.652601	0.0698581	1.2555	0.0413715	2.39039e-05
10006	1	100	23	500	0.399299	0.378844	0.289599	0.0892443	0.0204552	0.663902	0.0748208	1.25443	0.03973	2.65258e-05
10007	1	100	24	500	0.39581	0.374373	0.254375	0.119997	0.0214373	0.668737	0.0772623	1.25681	0.0465988	2.93971e-05
10008	1	100	22	500	0.383663	0.358347	0.240551	0.117797	0.0253159	0.681443	0.0874494	1.24463	0.0558691	3.04066e-05
10009	1	100	25	500	0.397633	0.378984	0.270976	0.108008	0.018649	0.662475	0.0833475	1.25305	0.0528716	2.66384e-05
10010	1	100	27	500	0.416723	0.395596	0.286493	0.109103	0.0211273	0.651211	0.0681489	1.2634	0.0452306	2.63705e-05
10011	1	100	28	500	0.426705	0.406088	0.31223	0.093858	0.0206168	0.642112	0.0561951	1.26608	0.0372549	2.35614e-05
10012	1	100	28	500	0.439736	0.419665	0.32909	0.090575	0.0200709	0.631233	0.0393987	1.27313	0.0291963	2.1856e-05
10013	1	100	28	500	0.43168	0.410836	0.325063	0.0857731	0.0208437	0.637664	0.0501588	1.27002	0.035314	2.21664e-05
10014	1	100	27	500	0.424527	0.408021	0.338033	0.0699881	0.0165064	0.638099	0.0515433	1.26625	0.0322158	2.03358e-05
10015	1	100	27	500	0.419956	0.403335	0.339436	0.0638992	0.0166212	0.642097	0.0566261	1.26362	0.0396313	2.0302e-05
10016	1	100	25	500	0.415703	0.400324	0.343925	0.0563994	0.0153792	0.644732	0.0594203	1.26184	0.0375659	1.8521e-05
10017	1	100	27	500	0.42686	0.405968	0.351384	0.0545835	0.0208927	0.63946	0.0615621	1.25818	0.0488987	1.85479e-05
10018	1	100	24	500	0.421254	0.402402	0.354495	0.0479062	0.0188527	0.641771	0.0631388	1.25849	0.0463215	1.70916e-05
10019	1	100	24	500	0.426239	0.405009	0.355429	0.0495796	0.0212301	0.640746	0.0611934	1.26297	0.0453529	1.68881e-05
10020	1	100	24	500	0.42755	0.401283	0.332934	0.0683493	0.026267	0.645795	0.0603518	1.25655	0.0460104	2.01417e-05
10021	1	100	23	500	0.413645	0.38565	0.31451	0.0711398	0.0279952	0.658087	0.0780737	1.25103	0.0491909	2.04526e-05
10022	1	100	21	500	0.43489	0.393267	0.315236	0.0780319	0.0416229	0.6521	0.0819324	1.24328	0.0580732	2.16678e-05
10023	1	100	25	500	0.431095	0.391915	0.322533	0.0693813	0.0391804	0.65266	0.0749673	1.25168	0.0499919	2.0734e-05
10024	1	100	23	500	0.440539	0.394717	0.318879	0.0758385	0.0458217	0.649414	0.0780058	1.25544	0.0573123	2.26297e-05
10025	1	100	21	500	0.435113	0.379864	0.281036	0.0988278	0.0552494	0.663403	0.0860697	1.2477	0.0678806	2.8172e-05
10026	1	100	25	500	0.456921	0.394243	0.303158	0.0910853	0.0626783	0.648224	0.0790921	1.24589	0.0701436	2.64039e-05
10027	1	100	22	500	0.438022	0.386768	0.312534	0.0742344	0.0512537	0.658328	0.0739319	1.25931	0.0449895	2.3723e-05
10028	1	100	22	500	0.458139	0.392037	0.293877	0.0981593	0.0661022	0.653589	0.072605	1.24984	0.0655018	2.77711e-05
10029	1	100	30	500	0.45889	0.39652	0.296956	0.0995635	0.06237	0.648756	0.064414	1.25275	0.0639516	2.79604e-05
10030	1	100	27	500	0.47136	0.399201	0.272354	0.126847	0.072159	0.647843	0.0540021	1.24762	0.0774076	3.24443e-05
10031	1	100	25	500	0.462876	0.393128	0.274054	0.119074	0.0697476	0.649378	0.0545839	1.24135	0.0811538	3.13113e-05
10032	1	100	20	500	0.483727	0.400047	0.273105	0.126942	0.0836798	0.638959	0.0511523	1.23758	0.0958633	3.22744e-05
10033	1	100	19	500	0.464089	0.388185	0.248446	0.139739	0.075904	0.656505	0.0545253	1.2415	0.0921678	3.46631e-05
10034	1	100	18	500	0.453376	0.383843	0.251912	0.131931	0.0695327	0.651478	0.046992	1.22597	0.0968572	3.32057e-05
10035	1	100	18	500	0.448588	0.384335	0.252993	0.131342	0.0642535	0.656431	0.0438949	1.23753	0.0966561	3.28701e-05
10036	1	100	17	500	0.445363	0.384034	0.26137	0.122664	0.0613292	0.656761	0.0406315	1.23962	0.0948468	3.23185e-05
10037	1	100	15	500	0.446295	0.385877	0.263646	0.122232	0.0604173	0.657332	0.0423303	1.22748	0.103137	3.24284e-05
10038	1	100	17	500	0.437641	0.382273	0.266312	0.115961	0.0553678	0.653993	0.0433464	1.21765	0.106848	2.95349e-05
10039	1	100	16	500	0.436235	0.380404	0.25227	0.128134	0.0558312	0.659346	0.0419214	1.22609	0.102799	3.10595e-05
10040	1	100	14	500	0.435322	0.379241	0.235735	0.143506	0.0560806	0.659454	0.0504803	1.19838	0.108588	3.3622e-05
10041	1	100	15	500	0.438456	0.37734	0.234561	0.142779	0.0611159	0.666126	0.0481354	1.22496	0.0984412	3.39468e-05
10042	1	100	17	500	0.433838	0.377831	0.229683	0.148148	0.056007	0.658579	0.0458279	1.20617	0.110175	3.43837e-05
10043	1	100	16	500	0.448884	0.387763	0.251926	0.135837	0.0611208	0.659577	0.0472005	1.20096	0.118403	3.22669e-05
10044	1	100	16	500	0.43744	0.385505	0.242819	0.142686	0.0519352	0.649295	0.0472737	1.17594	0.117477	3.33139e-05
10045	1	100	21	500	0.475397	0.398835	0.244681	0.154154	0.0765613	0.648025	0.0458717	1.16953	0.122905	3.35246e-05
10046	1	100	14	500	0.457013	0.391005	0.239432	0.151572	0.0660084	0.644351	0.043906	1.17025	0.125393	3.34946e-05
10047	1	100	13	500	0.440313	0.385691	0.242484	0.143206	0.0546227	0.649628	0.0480489	1.18186	0.117489	3.29573e-05
10048	1	100	13	500	0.437265	0.387027	0.265378	0.12165	0.0502379	0.651862	0.044167	1.19683	0.115437	2.94122e-05
10049	1	100	12	500	0.435381	0.3899	0.278898	0.111002	0.0454817	0.651021	0.0449482	1.19288	0.118787	2.75858e-05
10050	1	100	13	500	0.446334	0.395717	0.296883	0.0988339	0.0506163	0.643898	0.0437491	1.17686	0.119136	2.5318e-05
10051	1	100	12	500	0.447986	0.395972	0.31271	0.083262	0.0520132	0.639741	0.041713	1.17482	0.116429	2.34565e-05
10052	1	100	12	500	0.462303	0.401206	0.318355	0.0828506	0.0610973	0.638382	0.0411256	1.17735	0.121969	2.3441e-05
10053	1	100	15	500	0.467915	0.401538	0.330347	0.0711911	0.0663768	0.638962	0.0399564	1.18384	0.120263	2.17705e-05
10054	1	100	14	500	0.498818	0.411861	0.32015	0.091711	0.0869577	0.625818	0.0392039	1.15395	0.122775	2.39534e-05
10055	1	100	13	500	0.512888	0.419232	0.318551	0.100682	0.0936562	0.62491	0.0418892	1.14436	0.125974	2.51789e-05
10056	1	100	14	500	0.516152	0.425331	0.316467	0.108864	0.090821	0.616364	0.0677351	1.11663	0.156786	2.60476e-05
10057	1	100	14	500	0.500559	0.411561	0.289576	0.121984	0.0889984	0.639243	0.0681386	1.16834	0.156101	2.92114e-05
10058	1	100	12	500	0.501672	0.415338	0.286895	0.128443	0.0863345	0.634239	0.0386412	1.15288	0.121628	3.03662e-05
10059	1	100	15	500	0.502688	0.414029	0.294422	0.119607	0.0886592	0.630146	0.0635051	1.14531	0.152564	2.91987e-05
10060	1	100	15	500	0.513392	0.426618	0.305033	0.121585	0.0867731	0.626095	0.062763	1.13059	0.150418	2.90482e-05
10061	1	100	16	500	0.524881	0.430827	0.287073	0.143754	0.0940538	0.618838	0.0735959	1.11576	0.165888	3.25189e-05
10062	1	100	15	500	0.531975	0.435071	0.29418	0.140891	0.0969042	0.623949	0.0694043	1.1191	0.155601	3.20983e-05
10063	1	100	16	500	0.520136	0.43372	0.295537	0.138183	0.0864161	0.629403	0.0478636	1.1193	0.124875	3.19837e-05
10064	1	100	17	500	0.510374	0.426217	0.289326	0.13689	0.084157	0.620109	0.0735668	1.11152	0.16265	3.27645e-05
10065	1	100	12	500	0.462426	0.419237	0.285793	0.133445	0.0431892	0.628385	0.0346119	1.11288	0.10955	3.265e-05
10066	1	100	14	500	0.475024	0.422396	0.284825	0.137571	0.0526281	0.624492	0.0335192	1.10405	0.104204	3.34762e-05
10067	1	100	13	500	0.457701	0.418303	0.291912	0.126391	0.0393981	0.632289	0.0394116	1.12291	0.114374	3.26062e-05
10068	1	100	12	500	0.452879	0.413334	0.281023	0.132311	0.0395446	0.635122	0.0389422	1.12903	0.11622	3.43525e-05
10069	1	100	16	500	0.444564	0.406815	0.269731	0.137084	0.0377483	0.636683	0.0367876	1.13641	0.115564	3.62172e-05
10070	1	100	15	500	0.445711	0.415047	0.285429	0.129618	0.0306642	0.632834	0.0390903	1.12163	0.110535	3.42396e-05
10071	1	100	16	500	0.446526	0.417608	0.280288	0.13732	0.0289184	0.631804	0.0361151	1.11286	0.108236	3.48104e-05
10072	1	100	15	500	0.448382	0.423719	0.284383	0.139336	0.024663	0.629157	0.0344136	1.09737	0.0974755	3.41292e-05
10073	1	100	16	500	0.450618	0.42454	0.291907	0.132633	0.0260785	0.626153	0.0307546	1.09651	0.095024	3.34787e-05
10074	1	100	13	500	0.446303	0.420622	0.280697	0.139925	0.0256817	0.627305	0.0290204	1.09842	0.0970324	3.48967e-05
10075	1	100	15	500	0.446021	0.419128	0.279629	0.139498	0.0268937	0.634708	0.0380424	1.11264	0.107931	3.50951e-05
10076	1	100	16	500	0.446375	0.420459	0.280738	0.139722	0.0259157	0.630357	0.0339098	1.1042	0.102122	3.51319e-05
10077	1	100	19	500	0.451024	0.420946	0.283404	0.137542	0.0300779	0.632538	0.0342556	1.10969	0.103108	3.44439e-05
10078	1	100	16	500	0.444883	0.420235	0.28362	0.136615	0.0246485	0.631894	0.0338132	1.10755	0.102806	3.57347e-05
10079	1	100	15	500	0.446961	0.419996	0.280012	0.139984	0.0269649	0.631009	0.0318126	1.10528	0.10166	3.60559e-05
10080	1	100	14	500	0.445091	0.416144	0.278605	0.137539	0.0289468	0.637063	0.0359626	1.12261	0.111656	3.56016e-05
10081	1	100	15	500	0.44478	0.418741	0.27956	0.139181	0.0260393	0.63545	0.0376262	1.11459	0.107516	3.59321e-05
10082	1	100	16	500	0.447312	0.417698	0.279017	0.138681	0.0296139	0.630588	0.0354677	1.10908	0.104992	3.63084e-05
10083	1	100	14	500	0.447017	0.418254	0.283643	0.134611	0.0287638	0.63323	0.0362258	1.1152	0.108122	3.57121e-05
10084	1	100	16	500	0.445577	0.416171	0.280997	0.135174	0.0294058	0.632858	0.0343843	1.11767	0.10911	3.61935e-05
10085	1	100	20	500	0.445752	0.414649	0.290809	0.12384	0.0311029	0.635714	0.0370105	1.12991	0.113236	3.51447e-05
10086	1	100	16	500	0.44201	0.411043	0.2781	0.132943	0.0309673	0.63797	0.0426862	1.12603	0.11231	3.64532e-05
10087	1	100	16	500	0.443404	0.41411	0.29708	0.11703	0.0292932	0.632339	0.0333947	1.11361	0.109434	3.31631e-05
10088	1	100	12	500	0.44169	0.411544	0.300766	0.110778	0.0301468	0.633644	0.0358076	1.12803	0.115012	3.29667e-05
10089	1	100	11	500	0.443778	0.414108	0.319377	0.094731	0.0296703	0.631125	0.0357717	1.13074	0.112172	3.10352e-05
10090	1	100	13	500	0.443783	0.410395	0.305687	0.104708	0.0333883	0.629916	0.0350723	1.13141	0.113703	3.35528e-05
10091	1	100	14	500	0.442321	0.407184	0.291658	0.115526	0.0351367	0.638568	0.0408219	1.14768	0.119577	3.58399e-05
10092	1	100	18	500	0.443242	0.409206	0.290359	0.118846	0.0340362	0.637484	0.0423312	1.14046	0.117665	3.6126e-05
10093	1	100	15	500	0.445462	0.411531	0.307197	0.104334	0.033931	0.634414	0.038193	1.13879	0.11601	3.38737e-05
10094	1	100	17	500	0.443112	0.403159	0.296343	0.106817	0.0399527	0.645404	0.0440716	1.16915	0.121666	3.5112e-05
10095	1	100	18	500	0.441098	0.397577	0.290462	0.107115	0.0435211	0.641703	0.0396546	1.17227	0.120702	3.54671e-05
10096	1	100	15	500	0.440745	0.398635	0.299303	0.0993321	0.0421108	0.641123	0.0379847	1.17211	0.120324	3.47396e-05
10097	1	100	14	500	0.440578	0.396941	0.290607	0.106334	0.0436367	0.652179	0.0392818	1.19271	0.119169	3.61625e-05
10098	1	100	15	500	0.438867	0.391822	0.274708	0.117114	0.0470447	0.647173	0.0410197	1.18967	0.119236	3.88929e-05
10099	1	100	16	500	0.44093	0.395306	0.284639	0.110668	0.0456238	0.641136	0.039527	1.17573	0.120922	3.79691e-05
10100	1	100	16	500	0.440706	0.39428	0.27911	0.11517	0.0464262	0.639888	0.0399325	1.17292	0.119529	3.92322e-05
10101	1	100	15	500	0.439961	0.39324	0.273685	0.119554	0.0467215	0.648166	0.0428377	1.18812	0.121632	3.97777e-05
