Generation	PopulationID	SampleSize	UniqueMutations	PopulationSize	totalLoad	RelzLoad	RelzLoadHomo	RelzLoadHetero	MskLoad	MeanFitness	SdFitness	MeanFitnessCached	SdFitnessCached	Heterozygosity	
10001	1	100	44	500	0.0833857	0.0692926	0.0313338	0.0379588	0.014093	0.930881	0.0480393	1.05857	0.0449607	2.53547e-05
10002	1	100	31	500	0.0850854	0.0663309	0.0256401	0.0406908	0.0187545	0.934872	0.047905	1.0555	0.048306	2.55783e-05
10003	1	100	28	500	0.0844154	0.067144	0.0285887	0.0385553	0.0172714	0.933848	0.0452935	1.05671	0.0451101	2.55448e-05
10004	1	100	24	500	0.0833349	0.0696496	0.0330913	0.0365583	0.0136853	0.931437	0.0455317	1.06149	0.04579	2.5157e-05
10005	1	100	20	500	0.0704296	0.0614075	0.0260091	0.0353985	0.00902204	0.938802	0.0502665	1.05537	0.0477649	2.62441e-05
10006	1	100	16	500	0.0792552	0.0674737	0.0313951	0.0360785	0.0117816	0.933511	0.0490681	1.05888	0.0454639	2.51847e-05
10007	1	100	19	500	0.0688759	0.0594479	0.0263246	0.0331233	0.00942793	0.940587	0.0500694	1.05236	0.0473537	2.63858e-05
10008	1	100	17	500	0.0703873	0.0618046	0.0284451	0.0333595	0.00858263	0.93867	0.0471598	1.05658	0.0477865	2.60255e-05
10009	1	100	17	500	0.0810641	0.0706343	0.0373756	0.0332587	0.0104298	0.930546	0.0401718	1.06374	0.0403437	2.48971e-05
10010	1	100	18	500	0.0692951	0.0622977	0.0299299	0.0323678	0.00699742	0.938366	0.0429146	1.05775	0.0431876	2.58642e-05
10011	1	100	15	500	0.0706971	0.0623179	0.0296146	0.0327033	0.00837922	0.937757	0.0453971	1.05626	0.0453314	2.54938e-05
10012	1	100	16	500	0.0700673	0.0616762	0.0289776	0.0326986	0.00839109	0.938347	0.0430119	1.05558	0.0412512	2.59992e-05
10013	1	100	16	500	0.0682573	0.0588953	0.0261895	0.0327058	0.00936193	0.941984	0.0416274	1.05274	0.0414879	2.65147e-05
10014	1	100	17	500	0.0649466	0.0526404	0.0204105	0.0322298	0.0123062	0.946666	0.0374835	1.04181	0.0404726	2.70319e-05
10015	1	100	17	500	0.0634178	0.0464493	0.0155774	0.0308719	0.0169685	0.953816	0.0423513	1.03148	0.0392565	2.78377e-05
10016	1	100	14	500	0.0697135	0.0512025	0.0186593	0.0325432	0.018511	0.950488	0.0396629	1.03599	0.0413159	2.74305e-05
10017	1	100	15	500	0.0750275	0.0579443	0.02403	0.0339143	0.0170832	0.940806	0.0482113	1.0406	0.0507776	2.68587e-05
10018	1	100	15	500	0.0706266	0.0548591	0.0217105	0.0331486	0.0157674	0.942902	0.0464553	1.03835	0.0521374	2.82329e-05
10019	1	100	15	500	0.0786621	0.062158	0.0279137	0.0342443	0.0165041	0.933995	0.0501368	1.03929	0.0514675	2.74594e-05
10020	1	100	16	500	0.0781146	0.0612275	0.0268472	0.0343803	0.0168871	0.937931	0.0467398	1.04059	0.0430084	2.75623e-05
10021	1	100	17	500	0.0783798	0.0618291	0.0272699	0.0345592	0.0165507	0.937247	0.0467625	1.04133	0.0488308	2.76467e-05
10022	1	100	12	500	0.0796421	0.0649944	0.0308641	0.0341302	0.0146478	0.935861	0.0483745	1.04815	0.0428963	2.80264e-05
10023	1	100	14	500	0.0780544	0.0619326	0.0277372	0.0341955	0.0161218	0.937573	0.0472453	1.04379	0.0449278	2.92306e-05
10024	1	100	16	500	0.0864973	0.0624886	0.0266544	0.0358342	0.0240087	0.939071	0.0428054	1.04083	0.0454633	2.92185e-05
10025	1	100	15	500	0.0688014	0.0530485	0.0204819	0.0325665	0.0157529	0.946898	0.0453478	1.03723	0.0405999	3.00355e-05
10026	1	100	17	500	0.0706354	0.0535927	0.0206016	0.0329911	0.0170427	0.947276	0.0458881	1.03845	0.0416893	3.02907e-05
10027	1	100	17	500	0.0825059	0.0607717	0.0245408	0.0362308	0.0217342	0.939535	0.0458876	1.03998	0.0436476	2.96913e-05
10028	1	100	17	500	0.0854632	0.0618095	0.0242332	0.0375763	0.0236537	0.938037	0.046068	1.03812	0.0501353	2.98482e-05
10029	1	100	17	500	0.0914714	0.0683845	0.0299038	0.0384807	0.0230869	0.932343	0.0495848	1.04818	0.0465639	3.04398e-05
10030	1	100	21	500	0.0875108	0.0698764	0.0335985	0.0362779	0.0176344	0.929799	0.045875	1.05174	0.0463833	2.92894e-05
10031	1	100	19	500	0.1023	0.072635	0.0328892	0.0397458	0.0296646	0.929517	0.0490745	1.04919	0.0434079	2.91791e-05
10032	1	100	18	500	0.0837535	0.068242	0.0315871	0.0366549	0.0155115	0.932146	0.046562	1.05326	0.0444916	2.9504e-05
10033	1	100	21	500	0.0895861	0.0731197	0.037153	0.0359667	0.0164665	0.928271	0.0422245	1.05857	0.0399814	2.84083e-05
10034	1	100	19	500	0.0916976	0.0744036	0.0396921	0.0347114	0.017294	0.925812	0.041804	1.06005	0.041166	2.86193e-05
10035	1	100	18	500	0.0921647	0.0790298	0.0433954	0.0356344	0.013135	0.921911	0.0434375	1.06626	0.0408969	2.87998e-05
10036	1	100	17	500	0.097692	0.0855092	0.0504639	0.0350453	0.0121828	0.916217	0.0384908	1.07418	0.0393387	2.7621e-05
10037	1	100	17	500	0.0972288	0.0835736	0.0480532	0.0355204	0.0136552	0.916862	0.0401333	1.06836	0.0342653	2.84815e-05
10038	1	100	19	500	0.0959397	0.0802976	0.0414132	0.0388845	0.0156421	0.920137	0.0463495	1.0658	0.0469741	2.92186e-05
10039	1	100	16	500	0.104848	0.0886171	0.0552993	0.0333179	0.0162307	0.91205	0.0426916	1.07306	0.0411625	2.76418e-05
10040	1	100	15	500	0.101317	0.08169	0.0465468	0.0351432	0.0196267	0.920141	0.045947	1.06284	0.043577	2.90082e-05
10041	1	100	18	500	0.102918	0.0843005	0.0487594	0.0355411	0.0186174	0.918529	0.0432202	1.06375	0.0395702	2.899e-05
10042	1	100	14	500	0.110666	0.0868226	0.0500643	0.0367582	0.0238437	0.914417	0.0461905	1.06125	0.0462465	2.86443e-05
10043	1	100	18	500	0.118441	0.099618	0.0694261	0.0301919	0.018823	0.900714	0.0476033	1.07066	0.0376983	2.6903e-05
10044	1	100	18	500	0.121212	0.0964645	0.062978	0.0334866	0.024747	0.902154	0.043896	1.06282	0.0524197	2.83215e-05
10045	1	100	14	500	0.121234	0.098084	0.0658356	0.0322484	0.0231498	0.904614	0.041279	1.07045	0.0385882	2.83177e-05
10046	1	100	17	500	0.134214	0.106151	0.0748692	0.0312815	0.0280633	0.892501	0.0432383	1.0679	0.054536	2.73699e-05
10047	1	100	15	500	0.130533	0.106642	0.0764593	0.0301826	0.0238914	0.897069	0.0426005	1.07314	0.0388386	2.70649e-05
10048	1	100	17	500	0.122874	0.102602	0.072626	0.0299764	0.0202712	0.898052	0.0442732	1.07268	0.0524072	2.78628e-05
10049	1	100	20	500	0.12501	0.104992	0.0768275	0.0281644	0.0200186	0.895786	0.0413186	1.07665	0.0412256	2.7363e-05
10050	1	100	19	500	0.130226	0.111289	0.0851557	0.0261336	0.0189367	0.888021	0.0420503	1.07482	0.042316	2.57403e-05
10051	1	100	18	500	0.125565	0.106754	0.0779605	0.0287933	0.0188112	0.89162	0.0441199	1.07798	0.0571334	2.7233e-05
10052	1	100	16	500	0.120666	0.104667	0.0764278	0.0282388	0.0159994	0.896311	0.0430307	1.08062	0.0400123	2.79487e-05
10053	1	100	18	500	0.128644	0.109809	0.0817741	0.0280346	0.018835	0.891854	0.0441915	1.07801	0.0380591	2.71797e-05
10054	1	100	17	500	0.138617	0.108247	0.0745644	0.0336829	0.0303698	0.894786	0.0490293	1.07187	0.0469149	2.81879e-05
10055	1	100	17	500	0.156538	0.115116	0.0771535	0.0379626	0.0414218	0.887234	0.0528088	1.06736	0.0523627	2.78594e-05
10056	1	100	14	500	0.135218	0.105145	0.0696748	0.0354701	0.0300735	0.898084	0.0481578	1.06778	0.0358223	2.87705e-05
10057	1	100	15	500	0.137663	0.108784	0.0751028	0.0336808	0.0288796	0.894969	0.0462508	1.07202	0.0411861	2.84074e-05
10058	1	100	21	500	0.151999	0.116141	0.0814885	0.0346529	0.0358581	0.886997	0.0490792	1.07339	0.0459187	2.81884e-05
10059	1	100	17	500	0.169436	0.123749	0.0884256	0.0353232	0.045687	0.880397	0.04173	1.0732	0.0524633	2.77277e-05
10060	1	100	17	500	0.149841	0.115331	0.0792568	0.0360738	0.0345109	0.887981	0.0450863	1.08164	0.047736	3.02718e-05
10061	1	100	18	500	0.118616	0.100766	0.0675175	0.0332485	0.0178497	0.901722	0.041458	1.07708	0.0432957	3.15375e-05
10062	1	100	19	500	0.115321	0.0977428	0.0626016	0.0351412	0.0175786	0.903409	0.0427084	1.07463	0.050323	3.27592e-05
10063	1	100	21	500	0.120198	0.105839	0.0726619	0.0331772	0.0143591	0.896142	0.0408382	1.08875	0.0467511	3.11499e-05
10064	1	100	17	500	0.119588	0.10494	0.0718076	0.0331324	0.0146481	0.89747	0.0437394	1.0862	0.0423775	3.11602e-05
10065	1	100	16	500	0.13154	0.120561	0.0934576	0.0271034	0.0109789	0.88192	0.0444127	1.09706	0.0416821	2.80114e-05
10066	1	100	17	500	0.12654	0.114077	0.0846618	0.0294148	0.0124634	0.886776	0.0461052	1.08758	0.0396009	2.99795e-05
10067	1	100	16	500	0.119738	0.107512	0.0771291	0.0303833	0.0122257	0.895744	0.0469091	1.08638	0.0437328	2.98064e-05
10068	1	100	20	500	0.121912	0.10803	0.0740897	0.0339406	0.0138812	0.89457	0.0475027	1.08323	0.0419299	2.97639e-05
10069	1	100	20	500	0.129099	0.113664	0.0868797	0.0267843	0.0154353	0.889468	0.0375571	1.09206	0.0395739	2.83348e-05
10070	1	100	16	500	0.131288	0.11489	0.0890608	0.0258295	0.0163977	0.886035	0.041952	1.09312	0.0427593	2.84929e-05
10071	1	100	21	500	0.134051	0.116216	0.0939302	0.0222854	0.0178355	0.886062	0.0368418	1.09681	0.0427035	2.76868e-05
10072	1	100	19	500	0.135227	0.119331	0.100126	0.0192046	0.0158956	0.882987	0.0341038	1.0978	0.0355303	2.71895e-05
10073	1	100	19	500	0.136269	0.123024	0.107835	0.0151894	0.0132446	0.877354	0.0277106	1.10632	0.0344379	2.42017e-05
10074	1	100	16	500	0.135062	0.12337	0.112871	0.0104993	0.0116917	0.877302	0.0226975	1.10998	0.0243	2.20873e-05
10075	1	100	16	500	0.127446	0.118832	0.107986	0.0108466	0.00861381	0.880699	0.0243056	1.10812	0.0252173	2.18287e-05
10076	1	100	14	500	0.126758	0.118476	0.107813	0.0106632	0.00828194	0.882577	0.0207675	1.1107	0.0247398	2.11616e-05
10077	1	100	14	500	0.12418	0.114757	0.100897	0.0138596	0.00942303	0.886117	0.0255967	1.10667	0.0283683	2.17373e-05
10078	1	100	14	500	0.114126	0.104113	0.0828771	0.0212359	0.0100132	0.894684	0.0280029	1.09455	0.0438445	2.45964e-05
10079	1	100	15	500	0.114109	0.104166	0.0827728	0.0213928	0.00994385	0.896018	0.0311234	1.09618	0.039278	2.67229e-05
10080	1	100	15	500	0.114489	0.106765	0.0881102	0.0186545	0.0077243	0.892751	0.030102	1.09942	0.0368486	2.45171e-05
10081	1	100	13	500	0.117971	0.108116	0.0889719	0.0191444	0.0098546	0.89345	0.0319866	1.10101	0.0343975	2.51674e-05
10082	1	100	15	500	0.121353	0.11206	0.0962148	0.0158455	0.0092926	0.88871	0.0278971	1.10503	0.0289627	2.36706e-05
10083	1	100	15	500	0.115814	0.105354	0.0842497	0.0211041	0.0104602	0.89533	0.0335556	1.09813	0.0361027	2.73076e-05
10084	1	100	12	500	0.110333	0.0999851	0.0758369	0.0241482	0.0103482	0.899057	0.0328607	1.09077	0.0425735	2.89737e-05
10085	1	100	15	500	0.119695	0.104753	0.0815716	0.0231812	0.0149423	0.89586	0.0310633	1.09487	0.0346561	2.8542e-05
10086	1	100	13	500	0.112392	0.101718	0.0786477	0.0230704	0.010674	0.898323	0.0342661	1.09351	0.0402449	2.78873e-05
10087	1	100	17	500	0.106215	0.0959101	0.0698001	0.02611	0.0103049	0.904882	0.0340535	1.08937	0.0356311	3.00362e-05
10088	1	100	19	500	0.111634	0.102113	0.0801139	0.0219986	0.00952157	0.898062	0.0321255	1.09571	0.0368493	2.85002e-05
10089	1	100	16	500	0.123477	0.107026	0.0851787	0.0218469	0.0164517	0.893505	0.0345591	1.09642	0.035213	2.78603e-05
10090	1	100	14	500	0.119587	0.104423	0.0814607	0.0229626	0.0151633	0.89598	0.0326171	1.0944	0.0385822	2.82181e-05
10091	1	100	15	500	0.128297	0.110295	0.0899205	0.0203744	0.0180024	0.889821	0.0299943	1.09819	0.040454	2.71487e-05
10092	1	100	14	500	0.133644	0.113148	0.0934512	0.0196968	0.0204959	0.887723	0.0321453	1.09957	0.0341821	2.71271e-05
10093	1	100	16	500	0.137138	0.113389	0.0921527	0.0212367	0.0237488	0.888836	0.0288581	1.09822	0.0311379	2.86969e-05
10094	1	100	15	500	0.151419	0.118233	0.0942672	0.0239662	0.0331854	0.880538	0.0446857	1.08752	0.0436909	2.91715e-05
10095	1	100	13	500	0.13397	0.108009	0.0815884	0.0264203	0.0259613	0.893379	0.0350961	1.08877	0.0350042	3.14233e-05
10096	1	100	14	500	0.148723	0.111965	0.083481	0.028484	0.0367577	0.890759	0.0336626	1.08839	0.0389582	3.2262e-05
10097	1	100	14	500	0.13825	0.107799	0.0794619	0.0283373	0.030451	0.893925	0.0346287	1.08753	0.037438	3.27006e-05
10098	1	100	16	500	0.145773	0.112381	0.0859664	0.0264145	0.0333918	0.889591	0.0343681	1.09147	0.0426804	3.12128e-05
10099	1	100	16	500	0.150766	0.118451	0.0961057	0.0223448	0.0323154	0.880114	0.0392612	1.09136	0.0467071	2.97601e-05
10100	1	100	17	500	0.149631	0.116299	0.0913495	0.0249494	0.0333319	0.886858	0.0306968	1.0913	0.0352201	2.96057e-05
10101	1	100	17	500	0.148975	0.12095	0.101533	0.0194174	0.0280249	0.881884	0.0314606	1.09733	0.0321105	2.67967e-05
