Generation	PopulationID	SampleSize	UniqueMutations	PopulationSize	totalLoad	RelzLoad	RelzLoadHomo	RelzLoadHetero	MskLoad	MeanFitness	SdFitness	MeanFitnessCached	SdFitnessCached	Heterozygosity	
10001	1	100	52	500	0.105429	0.0652371	0.0164063	0.0488309	0.040192	0.933516	0.0791273	1.02669	0.0473078	4.38095e-05
10002	1	100	37	500	0.115463	0.0707669	0.01865	0.0521169	0.0446964	0.935145	0.0656396	1.03505	0.0426848	4.51352e-05
10003	1	100	34	500	0.0870495	0.0537208	0.0108529	0.0428678	0.0333287	0.948504	0.0611402	1.02672	0.040157	4.49104e-05
10004	1	100	30	500	0.0749157	0.0477856	0.00812905	0.0396566	0.02713	0.954395	0.0464308	1.0285	0.0391338	4.40697e-05
10005	1	100	29	500	0.0792816	0.0518418	0.00993354	0.0419083	0.0274398	0.95162	0.0522851	1.03202	0.0430441	4.50143e-05
10006	1	100	29	500	0.069168	0.0465073	0.00760767	0.0388996	0.0226607	0.954558	0.0541268	1.02925	0.0447531	4.54613e-05
10007	1	100	27	500	0.0604749	0.0410911	0.00658441	0.0345067	0.0193838	0.960584	0.0436013	1.02693	0.0402587	4.39546e-05
10008	1	100	23	500	0.0585281	0.0402112	0.00778165	0.0324295	0.0183169	0.961599	0.041499	1.02419	0.0370286	4.41832e-05
10009	1	100	20	500	0.063077	0.043267	0.00867833	0.0345887	0.01981	0.957619	0.044031	1.02558	0.0430699	4.55739e-05
10010	1	100	22	500	0.0594828	0.0412463	0.00744294	0.0338033	0.0182365	0.960745	0.0450938	1.02805	0.0432073	4.73109e-05
10011	1	100	22	500	0.0656917	0.0438975	0.00854258	0.0353549	0.0217942	0.958479	0.0442936	1.02712	0.0407855	4.75979e-05
10012	1	100	18	500	0.0613502	0.0417508	0.00841436	0.0333365	0.0195993	0.958491	0.0474427	1.02325	0.0362002	4.76984e-05
10013	1	100	19	500	0.0526252	0.0349843	0.00724465	0.0277397	0.0176409	0.96721	0.035761	1.01969	0.0351898	4.71635e-05
10014	1	100	18	500	0.0579372	0.038539	0.00789364	0.0306454	0.0193982	0.961915	0.0342801	1.02206	0.0381743	4.70206e-05
10015	1	100	18	500	0.04816	0.0294702	0.0047263	0.0247439	0.0186898	0.972041	0.0350715	1.01671	0.0388422	4.64216e-05
10016	1	100	21	500	0.0644508	0.0378747	0.008264	0.0296107	0.0265761	0.963278	0.0348015	1.01683	0.0378598	4.60569e-05
10017	1	100	20	500	0.0722672	0.0410123	0.0088149	0.0321974	0.0312549	0.959515	0.0400466	1.01821	0.0437672	4.66295e-05
10018	1	100	26	500	0.0728515	0.0438993	0.00906441	0.0348349	0.0289521	0.957793	0.0346988	1.02383	0.0384436	4.65826e-05
10019	1	100	19	500	0.0597982	0.0367904	0.00737709	0.0294133	0.0230078	0.96424	0.0363652	1.01728	0.0409523	4.46997e-05
10020	1	100	21	500	0.0498786	0.0375571	0.00933255	0.0282246	0.0123215	0.961785	0.0305667	1.01902	0.0394075	4.33408e-05
10021	1	100	18	500	0.0496315	0.0362392	0.00880291	0.0274363	0.0133923	0.962507	0.0334589	1.01656	0.0382914	4.19584e-05
10022	1	100	19	500	0.0513941	0.0380027	0.00842216	0.0295805	0.0133914	0.962699	0.0379094	1.02185	0.0392513	4.34243e-05
10023	1	100	20	500	0.0525142	0.0372999	0.00944117	0.0278587	0.0152143	0.962983	0.0300191	1.01778	0.0364914	4.22986e-05
10024	1	100	16	500	0.0413398	0.0298505	0.00756372	0.0222868	0.0114892	0.969395	0.0334895	1.01295	0.0360885	4.26524e-05
10025	1	100	18	500	0.0366857	0.0262236	0.00628156	0.0199421	0.010462	0.974382	0.0312009	1.01274	0.0320129	4.27968e-05
10026	1	100	18	500	0.0341716	0.0239495	0.0056612	0.0182883	0.0102221	0.977394	0.0306933	1.01225	0.0327348	4.33844e-05
10027	1	100	16	500	0.0299519	0.0194973	0.00579313	0.0137042	0.0104546	0.980356	0.0261882	1.00399	0.0274558	4.29264e-05
10028	1	100	17	500	0.0322063	0.0210509	0.0067386	0.0143123	0.0111555	0.978108	0.0290442	1.00275	0.0290042	4.21136e-05
10029	1	100	15	500	0.0355475	0.0245819	0.00693701	0.0176449	0.0109657	0.973563	0.0354061	1.00715	0.0351904	4.27867e-05
10030	1	100	18	500	0.0376208	0.0259868	0.00737642	0.0186104	0.011634	0.974884	0.0311116	1.00995	0.0295151	4.24209e-05
10031	1	100	18	500	0.0417446	0.0291798	0.00969277	0.019487	0.0125648	0.972015	0.0331825	1.00869	0.0272394	4.16356e-05
10032	1	100	19	500	0.043702	0.0303381	0.0105303	0.0198078	0.0133639	0.971255	0.0325353	1.00817	0.0310789	4.08654e-05
10033	1	100	16	500	0.0426611	0.0293096	0.0103249	0.0189847	0.0133516	0.96988	0.0337831	1.00517	0.0278146	4.05232e-05
10034	1	100	16	500	0.0464428	0.033653	0.0109439	0.0227091	0.0127897	0.96758	0.0289452	1.01356	0.030295	4.11421e-05
10035	1	100	19	500	0.0496514	0.0310719	0.00877534	0.0222965	0.0185795	0.970062	0.0328533	1.01081	0.0312426	4.11906e-05
10036	1	100	16	500	0.0645016	0.034374	0.0100265	0.0243475	0.0301276	0.96481	0.0393346	1.00447	0.0382822	4.09285e-05
10037	1	100	20	500	0.0732974	0.0376336	0.0118741	0.0257595	0.0356637	0.963434	0.0423171	1.00191	0.0402627	4.03167e-05
10038	1	100	20	500	0.0774434	0.0369079	0.0100904	0.0268175	0.0405355	0.96552	0.0388567	1.00354	0.0345278	4.12018e-05
10039	1	100	18	500	0.106631	0.0482626	0.0141627	0.0341	0.0583685	0.955289	0.0507461	0.999818	0.0428387	4.22923e-05
10040	1	100	17	500	0.0681838	0.032019	0.00829857	0.0237204	0.0361649	0.962652	0.10339	0.994487	0.10561	4.10546e-05
10041	1	100	17	500	0.068882	0.0350778	0.0082192	0.0268586	0.0338041	0.965669	0.0421111	1.00824	0.0360576	4.40069e-05
10042	1	100	17	500	0.0461422	0.0283772	0.00586698	0.0225102	0.017765	0.972433	0.0283977	1.0153	0.0310968	4.36408e-05
10043	1	100	19	500	0.0440648	0.024344	0.00477674	0.0195673	0.0197208	0.976007	0.0305612	1.00893	0.0308376	4.34197e-05
10044	1	100	18	500	0.079356	0.0393195	0.0104868	0.0288327	0.0400365	0.962243	0.0394512	1.00667	0.0391745	4.44979e-05
10045	1	100	18	500	0.0799533	0.041526	0.0110169	0.0305091	0.0384272	0.960349	0.0424261	1.01087	0.04136	4.57869e-05
10046	1	100	16	500	0.068642	0.0366355	0.010415	0.0262205	0.0320065	0.963453	0.0385603	1.00652	0.033298	4.42998e-05
10047	1	100	18	500	0.0667543	0.035419	0.0097619	0.0256571	0.0313353	0.964716	0.0401558	1.00618	0.034632	4.51502e-05
10048	1	100	16	500	0.0868215	0.0437458	0.0140328	0.029713	0.0430757	0.955836	0.0448076	1.00217	0.0382335	4.45624e-05
10049	1	100	17	500	0.0798143	0.0422176	0.0125957	0.0296219	0.0375966	0.958013	0.0421678	1.00715	0.0342399	4.56803e-05
10050	1	100	17	500	0.11263	0.0517443	0.0178039	0.0339404	0.0608853	0.943162	0.113488	0.988768	0.115903	4.49986e-05
10051	1	100	15	500	0.106552	0.0517763	0.0172758	0.0345005	0.0547752	0.951237	0.0443442	1.00368	0.0418441	4.48844e-05
10052	1	100	15	500	0.113786	0.0559285	0.0208644	0.035064	0.0578579	0.947132	0.0527619	1.00023	0.044379	4.32206e-05
10053	1	100	16	500	0.090482	0.048265	0.0195773	0.0286877	0.042217	0.950671	0.0515027	0.999067	0.0443499	4.2047e-05
10054	1	100	13	500	0.0511794	0.0360592	0.0144014	0.0216578	0.0151202	0.962433	0.0369705	1.00755	0.0312628	4.31718e-05
10055	1	100	15	500	0.0678798	0.0427626	0.0176531	0.0251095	0.0251173	0.959141	0.0357149	1.00885	0.0310455	4.1958e-05
10056	1	100	17	500	0.0575436	0.0417102	0.0165596	0.0251505	0.0158334	0.958148	0.0343906	1.01234	0.0308911	4.36365e-05
10057	1	100	14	500	0.0563279	0.0416333	0.0182054	0.0234279	0.0146946	0.959177	0.0353365	1.01207	0.028925	4.28335e-05
10058	1	100	13	500	0.0645856	0.0486016	0.0234367	0.0251649	0.015984	0.94901	0.0392056	1.00851	0.0335498	4.21021e-05
10059	1	100	16	500	0.0649332	0.0498214	0.0268322	0.0229892	0.0151118	0.952976	0.0373128	1.00912	0.0290225	3.98785e-05
10060	1	100	16	500	0.0694079	0.0502663	0.0273883	0.022878	0.0191416	0.949937	0.0361872	1.00341	0.0288897	4.02024e-05
10061	1	100	18	500	0.0688726	0.0513161	0.0298185	0.0214976	0.0175565	0.948068	0.0392996	0.9986	0.0294324	3.90842e-05
10062	1	100	15	500	0.063205	0.0499716	0.0299123	0.0200592	0.0132334	0.953212	0.0342521	1.00304	0.028759	3.85527e-05
10063	1	100	17	500	0.0695067	0.0507451	0.0333769	0.0173681	0.0187616	0.950515	0.0418186	0.996753	0.0238155	3.5882e-05
10064	1	100	18	500	0.0725876	0.0480896	0.0291304	0.0189592	0.024498	0.952946	0.0420093	0.996553	0.0243184	3.70995e-05
10065	1	100	15	500	0.0762645	0.0531265	0.0336523	0.0194742	0.023138	0.949488	0.0393898	1.00098	0.0254429	3.67483e-05
10066	1	100	16	500	0.0844092	0.057868	0.0345179	0.0233501	0.0265412	0.943705	0.0412925	1.00277	0.0307457	3.79198e-05
10067	1	100	14	500	0.069468	0.0512993	0.0305287	0.0207706	0.0181687	0.95152	0.0369778	1.00737	0.0245872	3.86956e-05
10068	1	100	16	500	0.07197	0.048501	0.026848	0.021653	0.023469	0.952901	0.0390561	1.00563	0.0277737	3.89645e-05
10069	1	100	14	500	0.0806708	0.0528035	0.0300355	0.022768	0.0278673	0.946859	0.0405225	1.00188	0.0285267	3.81748e-05
10070	1	100	14	500	0.0861182	0.0562234	0.0324341	0.0237893	0.0298948	0.9453	0.0404665	1.00341	0.0319373	3.80348e-05
10071	1	100	16	500	0.0849592	0.0563553	0.0330886	0.0232668	0.0286038	0.943526	0.0424988	1.00152	0.0332394	3.73574e-05
10072	1	100	16	500	0.0899299	0.0599775	0.0340826	0.0258949	0.0299524	0.939702	0.0391372	1.00409	0.0345412	3.85713e-05
10073	1	100	15	500	0.0963119	0.0694741	0.0442	0.0252741	0.0268379	0.931762	0.0366116	1.00577	0.0380729	3.53763e-05
10074	1	100	15	500	0.103661	0.0727448	0.0464606	0.0262843	0.0309163	0.929591	0.0366837	1.00319	0.0408662	3.40571e-05
10075	1	100	14	500	0.0896865	0.0690511	0.0469536	0.0220975	0.0206354	0.934765	0.0368099	1.00497	0.0324301	3.25862e-05
10076	1	100	16	500	0.0899792	0.0679865	0.0452744	0.0227121	0.0219927	0.932038	0.0390537	0.998201	0.0367364	3.48749e-05
10077	1	100	16	500	0.0931082	0.0702898	0.0488593	0.0214305	0.0228184	0.929678	0.04066	0.994273	0.033192	3.34879e-05
10078	1	100	18	500	0.090999	0.0680055	0.046727	0.0212785	0.0229935	0.933632	0.0380302	0.995011	0.0314572	3.35368e-05
10079	1	100	16	500	0.0811573	0.0695498	0.0515641	0.0179857	0.0116075	0.932085	0.038015	0.995805	0.0318686	3.33562e-05
10080	1	100	13	500	0.0818551	0.0708474	0.0542889	0.0165585	0.0110077	0.930945	0.0358275	0.9974	0.0273581	3.18313e-05
10081	1	100	13	500	0.0890834	0.0778518	0.0613795	0.0164723	0.0112317	0.923764	0.0377698	0.996158	0.0292431	2.93776e-05
10082	1	100	12	500	0.0924113	0.0829524	0.0644427	0.0185096	0.00945889	0.91875	0.0311481	0.997162	0.0335921	3.12331e-05
10083	1	100	13	500	0.0884469	0.0789139	0.0626634	0.0162505	0.00953295	0.922952	0.0351451	0.994511	0.0298492	3.08477e-05
10084	1	100	12	500	0.0839048	0.0730281	0.0537512	0.0192769	0.0108767	0.929619	0.0327318	0.999066	0.030744	3.46041e-05
10085	1	100	12	500	0.0869283	0.0783225	0.0669675	0.011355	0.00860577	0.923398	0.035797	0.986455	0.0207868	2.79854e-05
10086	1	100	15	500	0.0877858	0.0782206	0.0665322	0.0116883	0.00956524	0.924954	0.0343639	0.987205	0.02241	2.93533e-05
10087	1	100	14	500	0.0843349	0.0745524	0.0631358	0.0114166	0.00978248	0.927523	0.0361856	0.986436	0.0206583	3.0379e-05
10088	1	100	14	500	0.0902343	0.0742543	0.0612699	0.0129844	0.0159801	0.928008	0.0373209	0.986871	0.0231715	3.10256e-05
10089	1	100	15	500	0.0892315	0.073461	0.0608534	0.0126077	0.0157705	0.928923	0.0390505	0.989234	0.0230369	3.20151e-05
10090	1	100	18	500	0.0895568	0.0750405	0.0628873	0.0121532	0.0145163	0.928125	0.0377185	0.989032	0.0223973	3.23032e-05
10091	1	100	16	500	0.0981186	0.0867431	0.0768356	0.0099075	0.0113756	0.915139	0.033284	0.98069	0.0195225	2.90138e-05
10092	1	100	14	500	0.0910221	0.0819118	0.0722161	0.00969571	0.00911034	0.919928	0.03474	0.984579	0.0192438	3.02239e-05
10093	1	100	12	500	0.0915852	0.0824978	0.0726129	0.00988488	0.00908744	0.919635	0.0339749	0.983909	0.0215201	3.06597e-05
10094	1	100	11	500	0.0981392	0.0911318	0.082688	0.00844384	0.0070074	0.911245	0.0296193	0.97776	0.0145495	2.71434e-05
10095	1	100	14	500	0.101546	0.0955921	0.0883555	0.00723668	0.00595348	0.90744	0.0251049	0.976645	0.0130825	2.54533e-05
10096	1	100	14	500	0.10422	0.0976561	0.0904791	0.00717699	0.00656436	0.905306	0.0229781	0.974955	0.0123641	2.49317e-05
10097	1	100	12	500	0.0578587	0.0506834	0.0446153	0.00606805	0.00717536	0.949382	0.0153337	1.02612	0.0120481	2.22164e-05
10098	1	100	14	500	0.0597923	0.0501199	0.0427317	0.0073882	0.00967246	0.950544	0.0129414	1.02548	0.00892213	2.30824e-05
10099	1	100	12	500	0.0620551	0.0499958	0.0415374	0.0084584	0.0120593	0.950069	0.0136603	1.02378	0.0140206	2.37098e-05
10100	1	100	17	500	0.0742934	0.055332	0.0465926	0.00873934	0.0189614	0.944531	0.0171798	1.02174	0.0232917	2.28642e-05
10101	1	100	17	500	0.0730894	0.0565664	0.0496311	0.00693533	0.0165229	0.9434	0.0191169	1.02332	0.019662	2.23055e-05
