Generation	PopulationID	SampleSize	UniqueMutations	PopulationSize	totalLoad	RelzLoad	RelzLoadHomo	RelzLoadHetero	MskLoad	MeanFitness	SdFitness	MeanFitnessCached	SdFitnessCached	Heterozygosity	
10001	1	100	69	500	0.555539	0.524162	0.387023	0.13714	0.0313766	0.571915	0.049112	1.49676	0.0982373	3.80667e-05
10002	1	100	44	500	0.566015	0.518425	0.387221	0.131204	0.0475898	0.578057	0.0422575	1.47277	0.0825435	3.66572e-05
10003	1	100	39	500	0.560572	0.517863	0.383134	0.134728	0.0427093	0.57806	0.0379147	1.47872	0.0869321	3.67627e-05
10004	1	100	40	500	0.564399	0.525	0.410217	0.114783	0.0393992	0.574089	0.0398465	1.49031	0.0793879	3.34559e-05
10005	1	100	35	500	0.450498	0.409116	0.298413	0.110704	0.0413812	0.645643	0.0377473	1.41509	0.0679896	3.30916e-05
10006	1	100	35	500	0.450292	0.409865	0.310395	0.0994706	0.0404268	0.644757	0.036555	1.41551	0.0613464	3.03028e-05
10007	1	100	31	500	0.46289	0.413491	0.313708	0.0997826	0.0493988	0.643098	0.0373196	1.41285	0.0650045	3.01598e-05
10008	1	100	27	500	0.471106	0.421976	0.328234	0.0937425	0.0491295	0.635675	0.039049	1.41936	0.0692183	2.76517e-05
10009	1	100	25	500	0.294157	0.243477	0.170213	0.0732643	0.0506801	0.775184	0.0415088	1.20318	0.0575561	2.34416e-05
10010	1	100	24	500	0.287048	0.243701	0.167889	0.0758121	0.0433472	0.774567	0.0468687	1.20843	0.0610925	2.48592e-05
10011	1	100	24	500	0.298902	0.252339	0.186229	0.0661095	0.0465633	0.765221	0.0492162	1.21235	0.068909	2.2328e-05
10012	1	100	24	500	0.284638	0.245368	0.17928	0.0660877	0.0392699	0.77342	0.044008	1.21175	0.0596775	2.30442e-05
10013	1	100	23	500	0.279953	0.247474	0.187397	0.0600775	0.032479	0.770883	0.0416534	1.21683	0.0558124	2.13046e-05
10014	1	100	24	500	0.268087	0.241314	0.181642	0.0596719	0.0267737	0.773753	0.0421448	1.21268	0.0735433	2.09619e-05
10015	1	100	23	500	0.26721	0.240591	0.187329	0.0532617	0.0266186	0.770555	0.0392929	1.21062	0.08449	1.93084e-05
10016	1	100	24	500	0.276831	0.24781	0.191127	0.0566826	0.0290214	0.770528	0.0437842	1.22219	0.0653867	1.96695e-05
10017	1	100	25	500	0.268958	0.238451	0.176802	0.0616493	0.0305071	0.773768	0.03933	1.20673	0.0859233	2.15474e-05
10018	1	100	23	500	0.268403	0.238772	0.179929	0.0588426	0.0296307	0.773982	0.0479812	1.20744	0.0895631	2.10186e-05
10019	1	100	22	500	0.265215	0.231731	0.171533	0.0601975	0.0334845	0.784168	0.04407	1.20246	0.0660124	2.13272e-05
10020	1	100	23	500	0.247198	0.209046	0.147485	0.0615608	0.0381514	0.799653	0.0455399	1.16632	0.0837269	2.37072e-05
10021	1	100	22	500	0.251198	0.209152	0.141762	0.06739	0.0420465	0.805251	0.0456088	1.1688	0.0679537	2.44327e-05
10022	1	100	21	500	0.262304	0.220361	0.155001	0.0653592	0.0419431	0.794645	0.0453628	1.17929	0.0691707	2.38456e-05
10023	1	100	20	500	0.255481	0.217433	0.158802	0.0586312	0.0380484	0.797429	0.0423843	1.17855	0.0637389	2.34319e-05
10024	1	100	21	500	0.258524	0.224019	0.170752	0.0532678	0.0345047	0.787433	0.040112	1.18144	0.0713146	2.21463e-05
10025	1	100	23	500	0.260168	0.23376	0.188321	0.045439	0.0264079	0.781438	0.0369616	1.20302	0.0632163	2.02062e-05
10026	1	100	14	500	0.0941352	0.0735318	0.0339982	0.0395336	0.0206034	0.928609	0.0439214	1.05557	0.0496398	1.9617e-05
10027	1	100	14	500	0.0963767	0.0754024	0.0358494	0.039553	0.0209743	0.925682	0.046679	1.05722	0.0559353	1.89387e-05
10028	1	100	15	500	0.0928356	0.0699131	0.030515	0.0393982	0.0229225	0.930517	0.0455885	1.04591	0.054137	1.91268e-05
10029	1	100	15	500	0.0883322	0.0664531	0.0269776	0.0394755	0.0218791	0.931852	0.049094	1.04255	0.0624499	1.96949e-05
10030	1	100	17	500	0.0976634	0.0741993	0.0333624	0.040837	0.0234641	0.925476	0.0413517	1.04875	0.0615551	1.93126e-05
10031	1	100	18	500	0.11997	0.0894907	0.044432	0.0450587	0.030479	0.914162	0.0479928	1.06683	0.059082	1.86649e-05
10032	1	100	18	500	0.107775	0.083685	0.041329	0.042356	0.0240903	0.916219	0.0456354	1.06187	0.0589319	1.88414e-05
10033	1	100	18	500	0.105205	0.0821923	0.0413315	0.0408607	0.0230123	0.920289	0.0469318	1.06578	0.0512297	1.93633e-05
10034	1	100	19	500	0.101871	0.0759206	0.033155	0.0427656	0.0259505	0.925703	0.0493485	1.05594	0.0569939	2.026e-05
10035	1	100	19	500	0.106528	0.0829022	0.0410311	0.041871	0.0236255	0.916756	0.0493036	1.06247	0.0598918	1.98698e-05
10036	1	100	19	500	0.10795	0.0818473	0.039046	0.0428013	0.0261025	0.918932	0.0455993	1.06057	0.0559366	2.04677e-05
10037	1	100	17	500	0.096291	0.0716577	0.0318105	0.0398472	0.0246332	0.929721	0.0490098	1.05371	0.0524257	2.13282e-05
10038	1	100	17	500	0.113135	0.0840026	0.0422279	0.0417747	0.0291322	0.918241	0.0382581	1.05882	0.0498066	2.05378e-05
10039	1	100	16	500	0.10923	0.0808396	0.0400776	0.0407621	0.0283908	0.922358	0.0475331	1.05674	0.0509907	2.0919e-05
10040	1	100	14	500	0.11253	0.0820371	0.0407266	0.0413106	0.0304926	0.917014	0.0433767	1.05059	0.0602364	2.14165e-05
10041	1	100	19	500	0.114171	0.085801	0.0454429	0.0403581	0.0283704	0.912634	0.0554804	1.05669	0.0609318	2.09306e-05
10042	1	100	16	500	0.134705	0.098829	0.0579781	0.0408509	0.035876	0.89935	0.0442926	1.06134	0.0599907	1.97186e-05
10043	1	100	18	500	0.137573	0.09732	0.054779	0.042541	0.0402528	0.906341	0.0403677	1.06281	0.0555963	2.05642e-05
10044	1	100	16	500	0.136092	0.0925195	0.048081	0.0444385	0.0435724	0.911481	0.0515321	1.05407	0.0558477	2.14143e-05
10045	1	100	18	500	0.13143	0.089665	0.0459449	0.0437201	0.0417646	0.91105	0.0532842	1.04995	0.0581925	2.16267e-05
10046	1	100	15	500	0.12694	0.0873247	0.0440844	0.0432402	0.0396152	0.916761	0.0512994	1.05268	0.0508839	2.19394e-05
10047	1	100	15	500	0.136626	0.0902651	0.0453539	0.0449112	0.0463611	0.912295	0.0483188	1.04888	0.0585988	2.16086e-05
10048	1	100	13	500	0.145504	0.0965032	0.0511152	0.045388	0.0490013	0.904224	0.0556052	1.0455	0.0606922	2.1235e-05
10049	1	100	16	500	0.166242	0.104748	0.056582	0.0481659	0.0614939	0.905386	0.0456378	1.05429	0.0513792	2.11958e-05
10050	1	100	16	500	0.185641	0.109671	0.0577225	0.0519488	0.0759698	0.896891	0.0549722	1.04219	0.0573011	2.14063e-05
10051	1	100	13	500	0.193091	0.119918	0.0708286	0.0490892	0.0731727	0.886929	0.0524014	1.05298	0.0651142	1.99869e-05
10052	1	100	14	500	0.173268	0.113897	0.0675068	0.0463903	0.0593707	0.891319	0.0558148	1.05071	0.0506019	2.05185e-05
10053	1	100	14	500	0.179288	0.118978	0.0735221	0.0454555	0.0603106	0.888618	0.0550359	1.05788	0.0512589	1.9933e-05
10054	1	100	19	500	0.20402	0.127421	0.0772849	0.0501365	0.0765989	0.877473	0.0825092	1.0517	0.0971194	1.98763e-05
10055	1	100	13	500	0.180482	0.122759	0.0792541	0.0435048	0.057723	0.879279	0.0564475	1.05455	0.0565767	1.96916e-05
10056	1	100	15	500	0.15819	0.118116	0.0782371	0.0398785	0.0400743	0.88771	0.0574279	1.05921	0.0471586	1.97372e-05
10057	1	100	15	500	0.171481	0.122896	0.0812637	0.041632	0.0485856	0.88022	0.0593715	1.05333	0.0513445	1.98322e-05
10058	1	100	19	500	0.16412	0.124787	0.0876304	0.0371563	0.0393328	0.876991	0.0619507	1.06156	0.0531435	1.90072e-05
10059	1	100	16	500	0.162956	0.115832	0.0732346	0.0425974	0.0471242	0.886673	0.0600138	1.05208	0.0482454	2.0863e-05
10060	1	100	13	500	0.159016	0.113438	0.0711199	0.0423176	0.045578	0.892142	0.0606097	1.05757	0.0418254	2.11821e-05
10061	1	100	15	500	0.173002	0.120541	0.077045	0.0434955	0.0524614	0.888502	0.0608065	1.05672	0.0421098	2.08471e-05
10062	1	100	14	500	0.17563	0.123033	0.0806804	0.042353	0.052597	0.87948	0.0642658	1.05368	0.0503557	2.03095e-05
10063	1	100	14	500	0.183063	0.122967	0.0786143	0.0443532	0.0600957	0.880697	0.0648648	1.05403	0.0524503	2.07618e-05
10064	1	100	17	500	0.209442	0.143219	0.101674	0.0415451	0.0662229	0.867083	0.0559524	1.06126	0.0443273	1.85529e-05
10065	1	100	15	500	0.236212	0.156589	0.113195	0.0433935	0.0796234	0.846704	0.0889136	1.04003	0.0860005	1.74806e-05
10066	1	100	15	500	0.249665	0.161608	0.116303	0.0453049	0.0880565	0.854473	0.0583054	1.05118	0.0479121	1.7735e-05
10067	1	100	12	500	0.262237	0.168461	0.121813	0.0466487	0.0937755	0.840679	0.0998763	1.03216	0.0975323	1.81505e-05
10068	1	100	17	500	0.252565	0.165212	0.121772	0.0434396	0.0873534	0.843655	0.0826477	1.04249	0.0782554	1.80554e-05
10069	1	100	16	500	0.279023	0.176967	0.128579	0.0483877	0.102057	0.82844	0.118735	1.01757	0.120304	1.81073e-05
10070	1	100	13	500	0.291606	0.183716	0.135548	0.0481684	0.10789	0.819505	0.121012	1.01322	0.133375	1.75558e-05
10071	1	100	13	500	0.284567	0.181994	0.134594	0.0473998	0.102573	0.827088	0.115146	1.02014	0.1187	1.83553e-05
10072	1	100	16	500	0.280992	0.175098	0.122927	0.0521712	0.105894	0.833028	0.118415	1.01169	0.11673	1.98223e-05
10073	1	100	18	500	0.320107	0.200314	0.147261	0.0530526	0.119793	0.811504	0.136476	0.995562	0.139405	1.95478e-05
10074	1	100	19	500	0.329828	0.195183	0.133756	0.0614269	0.134645	0.822112	0.14554	0.987315	0.148328	2.21246e-05
10075	1	100	18	500	0.290465	0.166059	0.103909	0.0621505	0.124405	0.838397	0.152021	0.985795	0.14322	2.37089e-05
10076	1	100	19	500	0.349379	0.203747	0.139856	0.063891	0.145633	0.819842	0.143506	0.986247	0.147877	2.15252e-05
10077	1	100	22	500	0.320486	0.182545	0.119352	0.0631927	0.137941	0.839133	0.116456	1.00495	0.115959	2.2389e-05
10078	1	100	21	500	0.335695	0.178647	0.107839	0.0708084	0.157048	0.842638	0.126034	0.989557	0.12535	2.37196e-05
10079	1	100	18	500	0.306151	0.168045	0.100761	0.0672838	0.138106	0.845379	0.148334	0.978204	0.144983	2.47801e-05
10080	1	100	23	500	0.309052	0.165752	0.0968163	0.0689352	0.1433	0.863644	0.117296	0.9969	0.0988827	2.47499e-05
10081	1	100	16	500	0.298412	0.161188	0.0943606	0.0668278	0.137224	0.855462	0.127368	0.993594	0.115742	2.47826e-05
10082	1	100	20	500	0.293847	0.16537	0.101516	0.0638544	0.128477	0.851631	0.131993	0.998011	0.121653	2.47477e-05
10083	1	100	20	500	0.307338	0.177374	0.114548	0.0628261	0.129964	0.851357	0.10992	1.0098	0.0985011	2.40648e-05
10084	1	100	19	500	0.333918	0.192225	0.128208	0.0640169	0.141693	0.82247	0.147567	0.984948	0.148713	2.31874e-05
10085	1	100	19	500	0.270549	0.154913	0.0941305	0.0607829	0.115636	0.857263	0.129637	1.00296	0.122582	2.49208e-05
10086	1	100	20	500	0.295607	0.170002	0.106932	0.0630695	0.125605	0.853635	0.12827	1.00045	0.119586	2.48579e-05
10087	1	100	19	500	0.314263	0.18054	0.117024	0.0635159	0.133724	0.821766	0.165167	0.971852	0.162937	2.39458e-05
10088	1	100	25	500	0.326713	0.183477	0.118156	0.0653216	0.143236	0.844894	0.116337	1.00638	0.106523	2.41857e-05
10089	1	100	19	500	0.334225	0.188095	0.123008	0.0650871	0.146129	0.829478	0.134423	0.99266	0.132823	2.39009e-05
10090	1	100	19	500	0.338072	0.189551	0.122564	0.0669876	0.148521	0.826817	0.152018	0.981285	0.148919	2.46042e-05
10091	1	100	21	500	0.374548	0.209454	0.137334	0.0721204	0.165094	0.814144	0.164391	0.961526	0.156669	2.50475e-05
10092	1	100	22	500	0.387511	0.225752	0.156878	0.0688737	0.161759	0.799394	0.160314	0.966772	0.165339	2.3963e-05
10093	1	100	20	500	0.395298	0.224689	0.151322	0.0733676	0.170609	0.79047	0.190744	0.947528	0.203143	2.49261e-05
10094	1	100	25	500	0.36591	0.229155	0.165054	0.0641003	0.136755	0.778562	0.19384	0.939551	0.201691	2.45095e-05
10095	1	100	24	500	0.358065	0.217664	0.15022	0.0674431	0.140402	0.801716	0.170512	0.966704	0.175845	2.55192e-05
10096	1	100	27	500	0.328796	0.196329	0.128751	0.0675774	0.132467	0.83296	0.128641	1.00168	0.124652	2.60186e-05
10097	1	100	22	500	0.324843	0.201784	0.135102	0.0666815	0.12306	0.813702	0.17521	0.966792	0.177432	2.61973e-05
10098	1	100	21	500	0.314042	0.195686	0.128129	0.067557	0.118356	0.83771	0.141085	0.992649	0.141219	2.65416e-05
10099	1	100	18	500	0.286887	0.175772	0.110316	0.0654565	0.111115	0.848209	0.136324	0.99906	0.134347	2.68867e-05
10100	1	100	18	500	0.231825	0.140361	0.080128	0.0602335	0.0914631	0.868742	0.137039	1.00536	0.128458	2.70962e-05
10101	1	100	18	500	0.305773	0.19401	0.130695	0.0633151	0.111764	0.812984	0.18919	0.953886	0.190626	2.59282e-05
