Generation	PopulationID	SampleSize	UniqueMutations	PopulationSize	totalLoad	RelzLoad	RelzLoadHomo	RelzLoadHetero	MskLoad	MeanFitness	SdFitness	MeanFitnessCached	SdFitnessCached	Heterozygosity	
10001	1	100	42	500	0.0877949	0.0791812	0.0534217	0.0257594	0.00861372	0.920649	0.0283866	1.07458	0.0325296	2.19755e-05
10002	1	100	30	500	0.0803785	0.0747734	0.0468362	0.0279372	0.00560512	0.925624	0.0305071	1.07232	0.032865	2.2806e-05
10003	1	100	23	500	0.080437	0.0749418	0.052209	0.0227328	0.00549514	0.925451	0.028372	1.07193	0.0301944	2.29515e-05
10004	1	100	19	500	0.0826147	0.0779475	0.0577607	0.0201868	0.00466715	0.922143	0.028234	1.07513	0.03022	2.30082e-05
10005	1	100	20	500	0.0852339	0.0813722	0.0624561	0.0189161	0.00386162	0.918697	0.0241665	1.07901	0.0253566	2.27622e-05
10006	1	100	19	500	0.0841787	0.0777312	0.0599694	0.0177617	0.00644756	0.922677	0.0269218	1.07398	0.0283375	2.21033e-05
10007	1	100	17	500	0.0881289	0.0835718	0.0705454	0.0130264	0.00455716	0.916334	0.0226461	1.0806	0.0246625	2.10697e-05
10008	1	100	14	500	0.0869853	0.083772	0.0714576	0.0123145	0.00321325	0.916287	0.0229084	1.08183	0.024925	2.05628e-05
10009	1	100	14	500	0.085412	0.0818428	0.0674286	0.0144142	0.00356918	0.917877	0.0228346	1.07939	0.024993	2.06764e-05
10010	1	100	14	500	0.088741	0.0847388	0.0715567	0.0131821	0.00400221	0.914871	0.0208257	1.08181	0.0273056	2.01373e-05
10011	1	100	15	500	0.0888481	0.0825529	0.0670098	0.015543	0.00629529	0.917357	0.0255283	1.07798	0.0306487	2.0177e-05
10012	1	100	16	500	0.0972366	0.0907855	0.0817486	0.00903692	0.00645104	0.909674	0.0166136	1.08671	0.0197916	1.86757e-05
10013	1	100	18	500	0.10211	0.0947687	0.0891732	0.00559547	0.00734155	0.905309	0.0141882	1.08928	0.0162897	1.67156e-05
10014	1	100	19	500	0.102584	0.0948837	0.0891293	0.00575441	0.00770009	0.905235	0.0144792	1.08893	0.016611	1.77162e-05
10015	1	100	18	500	0.104659	0.0972073	0.0928167	0.00439058	0.00745157	0.903721	0.00989361	1.09195	0.011656	1.72561e-05
10016	1	100	19	500	0.103535	0.0955961	0.0900605	0.00553557	0.00793907	0.903866	0.015925	1.08821	0.0180858	1.75015e-05
10017	1	100	15	500	0.104032	0.0964384	0.0918966	0.00454179	0.00759325	0.904691	0.0126208	1.09044	0.0120239	1.7943e-05
10018	1	100	15	500	0.10295	0.0956754	0.0906691	0.00500624	0.00727458	0.90427	0.0160502	1.08867	0.0159505	1.79887e-05
10019	1	100	15	500	0.104879	0.0966104	0.0915773	0.00503312	0.00826832	0.902689	0.0179628	1.08709	0.018263	1.90379e-05
10020	1	100	14	500	0.104791	0.0955512	0.0886068	0.00694434	0.00923998	0.903015	0.0230146	1.08355	0.0232638	1.95416e-05
10021	1	100	17	500	0.105285	0.0954407	0.0870499	0.00839088	0.00984451	0.904925	0.0224396	1.0848	0.021815	2.01419e-05
10022	1	100	18	500	0.105301	0.0960105	0.0895729	0.00643755	0.0092903	0.905055	0.0169918	1.0872	0.0161103	1.99166e-05
10023	1	100	17	500	0.107298	0.0974181	0.0918498	0.00556828	0.00987944	0.903434	0.0165777	1.08787	0.016474	1.86709e-05
10024	1	100	14	500	0.102187	0.0951233	0.0895926	0.00553069	0.00706316	0.904452	0.0177118	1.08745	0.0180976	2.00785e-05
10025	1	100	17	500	0.0993673	0.0921059	0.0838098	0.00829605	0.00726137	0.90791	0.0201891	1.0849	0.0196262	2.09992e-05
10026	1	100	13	500	0.100985	0.0938158	0.0869617	0.00685406	0.00716875	0.906701	0.0178723	1.08687	0.0171331	2.05718e-05
10027	1	100	14	500	0.100688	0.0928074	0.0848517	0.00795578	0.00788072	0.907853	0.0188743	1.08596	0.0185924	2.11827e-05
10028	1	100	15	500	0.100691	0.0927805	0.0842825	0.00849796	0.00791007	0.908	0.0196955	1.085	0.018802	2.18382e-05
10029	1	100	12	500	0.100064	0.0923919	0.0839126	0.00847937	0.00767204	0.908767	0.020239	1.08558	0.0197144	2.2284e-05
10030	1	100	12	500	0.100867	0.0925613	0.0838419	0.0087194	0.0083062	0.906301	0.0264619	1.08236	0.0251825	2.25256e-05
10031	1	100	13	500	0.126315	0.100366	0.0893302	0.0110355	0.0259491	0.9007	0.028184	1.08087	0.0293335	2.38602e-05
10032	1	100	14	500	0.132477	0.101837	0.0893705	0.012466	0.0306403	0.901207	0.0283209	1.08088	0.0306672	2.31221e-05
10033	1	100	14	500	0.10357	0.0944929	0.0872468	0.0072461	0.0090774	0.903737	0.0246406	1.08356	0.0274115	2.41869e-05
10034	1	100	16	500	0.135202	0.104438	0.0928773	0.0115608	0.0307642	0.895841	0.0275996	1.07683	0.0322712	2.31575e-05
10035	1	100	23	500	0.147199	0.106556	0.092778	0.0137784	0.0406422	0.896029	0.0285	1.07775	0.034944	2.22579e-05
10036	1	100	16	500	0.154973	0.109872	0.0960477	0.0138245	0.0451004	0.89369	0.0296886	1.07742	0.0358861	2.29614e-05
10037	1	100	16	500	0.188854	0.121702	0.103967	0.0177359	0.0671517	0.884876	0.0368833	1.07068	0.0439765	2.14342e-05
10038	1	100	15	500	0.0852966	0.0265582	0.0118736	0.0146846	0.0587384	0.972212	0.0387083	0.972221	0.0386956	2.00237e-05
10039	1	100	15	500	0.106911	0.0318668	0.0131059	0.018761	0.0750439	0.967108	0.0824869	0.967808	0.0729699	2.11363e-05
10040	1	100	14	500	0.0722173	0.023753	0.011637	0.0121161	0.0484642	0.978583	0.0355767	0.978583	0.0355767	2.06109e-05
10041	1	100	12	500	0.0683392	0.0219174	0.0103119	0.0116055	0.0464218	0.978825	0.0353646	0.978825	0.0353646	1.98394e-05
10042	1	100	13	500	0.0455424	0.016199	0.0088631	0.00733585	0.0293434	0.983708	0.0266598	0.984063	0.0268709	2.05598e-05
10043	1	100	10	500	0.0429132	0.0176634	0.011351	0.00631245	0.0252498	0.981423	0.0261149	0.981423	0.0261149	1.95314e-05
10044	1	100	12	500	0.0294437	0.0162099	0.0129014	0.00330846	0.0132338	0.984832	0.0231634	0.984912	0.0231937	1.983e-05
10045	1	100	9	500	0.0318438	0.0185679	0.015249	0.00331896	0.0132758	0.982357	0.024763	0.9826	0.0248717	1.89829e-05
10046	1	100	10	500	0.0314003	0.0180148	0.0146685	0.00334635	0.0133854	0.983487	0.0238778	0.983487	0.0238778	1.93628e-05
10047	1	100	9	500	0.0274546	0.014414	0.0111538	0.00326016	0.0130406	0.985459	0.0231659	0.985459	0.0231659	1.94157e-05
10048	1	100	8	500	0.0291848	0.0159718	0.0126685	0.00330325	0.013213	0.987527	0.0200969	0.987733	0.0201614	1.95733e-05
10049	1	100	7	500	0.0271706	0.0144967	0.00993908	0.0045576	0.0126739	0.984823	0.0252992	0.987627	0.0226268	2.03167e-05
10050	1	100	9	500	0.029506	0.0164254	0.0117661	0.00465927	0.0130806	0.984071	0.0253569	0.986877	0.0227577	2.05305e-05
10051	1	100	11	500	0.0265178	0.0136247	0.0104015	0.00322326	0.012893	0.983746	0.0263274	0.986361	0.0271361	2.15817e-05
10052	1	100	10	500	0.0254451	0.0124533	0.00913481	0.00331852	0.0129917	0.985444	0.0243448	0.985661	0.0242657	2.27196e-05
10053	1	100	12	500	0.0251319	0.0121142	0.00885985	0.0032544	0.0130176	0.987142	0.0220243	0.987263	0.0220593	2.31259e-05
10054	1	100	9	500	0.0268922	0.0135928	0.0102679	0.00332486	0.0132994	0.987351	0.0220883	0.987714	0.0212066	2.3256e-05
10055	1	100	9	500	0.0271118	0.0139589	0.0106706	0.00328824	0.0131529	0.98456	0.024472	0.984688	0.0245178	2.33503e-05
10056	1	100	9	500	0.0302413	0.0165717	0.0131543	0.0034174	0.0136696	0.98518	0.0227755	0.985207	0.0227925	2.33847e-05
10057	1	100	9	500	0.0339532	0.0201719	0.0167265	0.00344533	0.0137813	0.979945	0.026681	0.980059	0.0266375	2.29851e-05
10058	1	100	10	500	0.0383233	0.0231275	0.0193285	0.00379896	0.0151958	0.975242	0.0295781	0.975242	0.0295781	2.27789e-05
10059	1	100	11	500	0.0395979	0.0262778	0.0229478	0.00333003	0.0133201	0.972923	0.0293099	0.972923	0.0293099	2.2282e-05
10060	1	100	9	500	0.0483635	0.0348222	0.0314368	0.00338534	0.0135413	0.966416	0.0315219	0.966416	0.0315219	2.19399e-05
10061	1	100	9	500	0.0443996	0.031906	0.0287826	0.00312339	0.0124936	0.967221	0.0299854	0.967283	0.0299218	2.20496e-05
10062	1	100	9	500	0.044419	0.0320884	0.0290057	0.00308265	0.0123306	0.967691	0.0299304	0.967691	0.0299304	2.2484e-05
10063	1	100	8	500	0.0418297	0.02881	0.0255551	0.00325492	0.0130197	0.971552	0.0294303	0.971564	0.0294154	2.2687e-05
10064	1	100	9	500	0.0444519	0.032265	0.0290611	0.00320389	0.0121869	0.969109	0.0298851	0.969699	0.0292269	2.22528e-05
10065	1	100	10	500	0.0484183	0.0360687	0.0305045	0.00556426	0.0123496	0.965247	0.0316981	0.970198	0.033495	2.28057e-05
10066	1	100	10	500	0.0454024	0.0323618	0.0273275	0.0050343	0.0130406	0.969464	0.0330044	0.972895	0.0291313	2.32502e-05
10067	1	100	11	500	0.046812	0.0329871	0.027524	0.00546313	0.0138249	0.968277	0.0336426	0.972117	0.0295638	2.30342e-05
10068	1	100	12	500	0.050875	0.0377854	0.0320236	0.00576181	0.0130896	0.960431	0.0347162	0.965265	0.030919	2.21246e-05
10069	1	100	15	500	0.0511071	0.0369223	0.0307111	0.00621122	0.0141847	0.96308	0.0327968	0.968437	0.0334162	2.20907e-05
10070	1	100	21	500	0.0512619	0.0366082	0.0316014	0.00500678	0.0146537	0.963521	0.0325264	0.9661	0.0301564	2.20775e-05
10071	1	100	16	500	0.0535721	0.0382957	0.0344766	0.0038191	0.0152764	0.96214	0.0292242	0.96214	0.0292242	2.11488e-05
10072	1	100	17	500	0.0535948	0.0392417	0.0356534	0.00358828	0.0143531	0.960956	0.0293827	0.960956	0.0293828	2.17941e-05
10073	1	100	19	500	0.0522902	0.0360586	0.0319401	0.00411853	0.0162315	0.964682	0.0300435	0.964873	0.0300821	2.20977e-05
10074	1	100	23	500	0.0555071	0.0385072	0.0342572	0.00424999	0.017	0.963715	0.0300734	0.963715	0.0300734	2.17367e-05
10075	1	100	17	500	0.0559872	0.0365399	0.031678	0.00486183	0.0194473	0.965191	0.0295053	0.965518	0.0298152	2.21186e-05
10076	1	100	17	500	0.0547448	0.038315	0.0342075	0.00410746	0.0164299	0.961056	0.0312679	0.961056	0.0312679	2.21273e-05
10077	1	100	14	500	0.0538494	0.0381838	0.0342674	0.00391639	0.0156656	0.964161	0.0300641	0.964254	0.0300268	2.24753e-05
10078	1	100	15	500	0.0526964	0.0383624	0.0344606	0.00390186	0.0143339	0.962621	0.030457	0.96332	0.0306689	2.24966e-05
10079	1	100	13	500	0.0511065	0.0376183	0.033581	0.00403737	0.0134881	0.963321	0.0308704	0.964631	0.02971	2.25901e-05
10080	1	100	11	500	0.049414	0.0356219	0.0312023	0.00441954	0.0137922	0.9641	0.0317024	0.965991	0.0301275	2.3464e-05
10081	1	100	11	500	0.0430452	0.0284254	0.0244872	0.00393824	0.0146198	0.970748	0.0300949	0.971493	0.0296601	2.37056e-05
10082	1	100	11	500	0.0424906	0.0282058	0.0243162	0.00388957	0.0142848	0.971652	0.0295568	0.972274	0.0294869	2.44367e-05
10083	1	100	11	500	0.043766	0.0297325	0.0256967	0.0040358	0.0140335	0.968489	0.0309759	0.970112	0.0313674	2.41192e-05
10084	1	100	11	500	0.0412976	0.0268095	0.0222498	0.00455978	0.014488	0.974708	0.0293775	0.976535	0.0276304	2.38255e-05
10085	1	100	14	500	0.0443902	0.0307326	0.0260794	0.00465321	0.0136577	0.969259	0.0305929	0.971899	0.0301864	2.31488e-05
10086	1	100	14	500	0.0467465	0.0328302	0.0285749	0.00425529	0.0139163	0.96821	0.0306801	0.97003	0.0297978	2.39024e-05
10087	1	100	15	500	0.0437376	0.0299059	0.0254413	0.00446465	0.0138317	0.972247	0.029099	0.974277	0.0290172	2.38948e-05
10088	1	100	13	500	0.0457072	0.032231	0.0274726	0.00475837	0.0134762	0.968297	0.030464	0.971102	0.0301495	2.34095e-05
10089	1	100	14	500	0.0413748	0.0269597	0.0230025	0.00395718	0.0144152	0.971938	0.0304164	0.972611	0.0296058	2.43821e-05
10090	1	100	14	500	0.0375695	0.0224585	0.0186759	0.00378262	0.015111	0.980169	0.0260141	0.980179	0.0260215	2.46355e-05
10091	1	100	15	500	0.0344856	0.0202366	0.0165882	0.00364845	0.014249	0.981217	0.0257925	0.981392	0.0258735	2.43421e-05
10092	1	100	13	500	0.0405359	0.0268268	0.0233275	0.00349933	0.0137091	0.97496	0.0285565	0.975105	0.0286651	2.36885e-05
10093	1	100	11	500	0.0363962	0.0225211	0.0189615	0.00355966	0.0138751	0.977624	0.0280502	0.977809	0.0281849	2.47869e-05
10094	1	100	14	500	0.0426837	0.0265754	0.0224295	0.00414593	0.0161083	0.973613	0.028876	0.973856	0.0290484	2.4214e-05
10095	1	100	15	500	0.0412677	0.0267157	0.0226638	0.00405188	0.014552	0.972973	0.0295356	0.973954	0.030008	2.35327e-05
10096	1	100	17	500	0.0521685	0.0321767	0.026921	0.00525573	0.0199917	0.967649	0.0303745	0.968186	0.0306451	2.26893e-05
10097	1	100	16	500	0.0555397	0.0352598	0.0298787	0.00538104	0.02028	0.964101	0.0305876	0.964714	0.0304833	2.28297e-05
10098	1	100	17	500	0.0600498	0.0381122	0.0323787	0.00573351	0.0219376	0.962414	0.0310829	0.963164	0.0312626	2.28858e-05
10099	1	100	15	500	0.0702936	0.0367887	0.0280728	0.0087159	0.0335049	0.962226	0.030097	0.963144	0.0300902	2.39718e-05
10100	1	100	19	500	0.0693958	0.0341033	0.024444	0.00965932	0.0352924	0.966439	0.0300361	0.968223	0.0301133	2.59425e-05
10101	1	100	15	500	0.0763975	0.0388671	0.0287685	0.0100986	0.0375303	0.962863	0.0302616	0.964349	0.0303363	2.52209e-05
