Generation	PopulationID	SampleSize	UniqueMutations	PopulationSize	totalLoad	RelzLoad	RelzLoadHomo	RelzLoadHetero	MskLoad	MeanFitness	SdFitness	MeanFitnessCached	SdFitnessCached	Heterozygosity	
10001	1	100	62	500	0.305852	0.272346	0.155059	0.117287	0.0335055	0.750751	0.0483855	1.2612	0.0772528	3.20671e-05
10002	1	100	43	500	0.289677	0.261998	0.149862	0.112136	0.027679	0.759006	0.0467531	1.25546	0.0761212	3.33709e-05
10003	1	100	46	500	0.290984	0.26582	0.157438	0.108381	0.0251647	0.758149	0.0512869	1.26578	0.0767841	3.2874e-05
10004	1	100	38	500	0.287365	0.263798	0.149024	0.114775	0.0235668	0.760003	0.0433753	1.26309	0.0590144	3.36657e-05
10005	1	100	38	500	0.27704	0.257493	0.14479	0.112703	0.0195473	0.763857	0.0453678	1.25671	0.0643469	3.33132e-05
10006	1	100	40	500	0.29364	0.264318	0.149319	0.114999	0.0293214	0.758678	0.0528652	1.26046	0.071966	3.42888e-05
10007	1	100	41	500	0.288125	0.253953	0.138085	0.115867	0.0341723	0.768238	0.0576552	1.24732	0.075248	3.45124e-05
10008	1	100	36	500	0.308253	0.265764	0.150722	0.115042	0.0424891	0.758007	0.0616496	1.25385	0.0769492	3.47888e-05
10009	1	100	34	500	0.294434	0.257799	0.148211	0.109588	0.0366353	0.765107	0.0624951	1.24999	0.0755388	3.41307e-05
10010	1	100	34	500	0.318348	0.269167	0.158116	0.111051	0.0491809	0.756193	0.0653082	1.25284	0.0765662	3.48618e-05
10011	1	100	34	500	0.330974	0.274085	0.162033	0.112052	0.0568892	0.753062	0.0659613	1.25307	0.0795494	3.46828e-05
10012	1	100	35	500	0.341375	0.278886	0.166451	0.112435	0.0624882	0.748626	0.0540996	1.25506	0.0713479	3.45573e-05
10013	1	100	32	500	0.310715	0.272529	0.17175	0.100779	0.0381862	0.751662	0.0582812	1.26471	0.0736929	3.38547e-05
10014	1	100	30	500	0.343934	0.288397	0.175609	0.112789	0.0555369	0.740952	0.0630447	1.26981	0.0775785	3.477e-05
10015	1	100	29	500	0.362415	0.299268	0.182499	0.116769	0.0631472	0.732144	0.0672049	1.27278	0.0766704	3.5218e-05
10016	1	100	32	500	0.341748	0.286777	0.170649	0.116128	0.0549702	0.742459	0.0675526	1.26638	0.0667628	3.59534e-05
10017	1	100	34	500	0.329966	0.280564	0.169767	0.110797	0.0494015	0.746683	0.0593648	1.26511	0.0654559	3.50044e-05
10018	1	100	32	500	0.31341	0.269878	0.159298	0.110579	0.0435321	0.754874	0.0506176	1.25781	0.0618099	3.59984e-05
10019	1	100	31	500	0.350189	0.280502	0.158618	0.121884	0.0696866	0.739572	0.130535	1.22435	0.186062	3.5412e-05
10020	1	100	28	500	0.345715	0.288219	0.171678	0.116541	0.0574961	0.742028	0.0634497	1.26642	0.0683039	3.57976e-05
10021	1	100	25	500	0.345151	0.279624	0.164456	0.115167	0.0655269	0.750454	0.0688035	1.25038	0.0688008	3.59273e-05
10022	1	100	25	500	0.310388	0.26119	0.154543	0.106647	0.0491983	0.761876	0.06217	1.23864	0.0670435	3.56173e-05
10023	1	100	26	500	0.268898	0.24679	0.14965	0.0971398	0.022108	0.773592	0.0522095	1.24366	0.0655908	3.59538e-05
10024	1	100	23	500	0.252709	0.238416	0.145666	0.0927508	0.0142929	0.779631	0.0382869	1.24052	0.0543806	3.55594e-05
10025	1	100	24	500	0.253799	0.238071	0.141869	0.0962025	0.0157274	0.779201	0.0461073	1.23764	0.0634958	3.5643e-05
10026	1	100	22	500	0.235753	0.218687	0.124414	0.0942732	0.0170665	0.795555	0.0391053	1.21426	0.0547846	3.45e-05
10027	1	100	23	500	0.231485	0.214828	0.134371	0.0804578	0.0166566	0.799727	0.0305222	1.21155	0.0376222	3.3443e-05
10028	1	100	20	500	0.228394	0.214107	0.12907	0.0850366	0.0142866	0.800133	0.0345793	1.21155	0.0431617	3.48614e-05
10029	1	100	22	500	0.225199	0.211013	0.121806	0.0892077	0.0141857	0.800574	0.0361981	1.2056	0.0489981	3.48811e-05
10030	1	100	24	500	0.226612	0.210649	0.120458	0.0901914	0.0159626	0.802948	0.0330001	1.20605	0.0413895	3.55066e-05
10031	1	100	21	500	0.222853	0.210466	0.118263	0.0922029	0.0123872	0.801632	0.0368786	1.20548	0.04574	3.69009e-05
10032	1	100	20	500	0.218241	0.206471	0.119627	0.0868445	0.0117696	0.804849	0.036813	1.20281	0.0405888	3.65749e-05
10033	1	100	23	500	0.228777	0.215852	0.12746	0.0883925	0.0129249	0.796875	0.0363841	1.2117	0.0428103	3.72332e-05
10034	1	100	25	500	0.225266	0.213886	0.132917	0.0809689	0.0113801	0.800046	0.0355997	1.21409	0.0397701	3.65545e-05
10035	1	100	21	500	0.223167	0.213939	0.142353	0.0715864	0.00922761	0.79846	0.0323905	1.21472	0.0394409	3.58869e-05
10036	1	100	22	500	0.218576	0.208227	0.12929	0.0789376	0.0103486	0.803126	0.0382554	1.20675	0.0445287	3.66132e-05
10037	1	100	21	500	0.221602	0.21297	0.145137	0.0678331	0.00863234	0.800469	0.0356093	1.21561	0.0416692	3.58951e-05
10038	1	100	22	500	0.224779	0.214773	0.139341	0.0754319	0.0100057	0.799127	0.0332791	1.21613	0.0381517	3.65011e-05
10039	1	100	22	500	0.219535	0.210318	0.140974	0.0693448	0.00921654	0.802797	0.0371479	1.21216	0.0414834	3.62261e-05
10040	1	100	21	500	0.223896	0.213134	0.138553	0.0745816	0.0107621	0.799073	0.036336	1.21097	0.038713	3.79384e-05
10041	1	100	20	500	0.223649	0.211728	0.130484	0.0812439	0.0119204	0.801036	0.0383104	1.20947	0.0415653	3.78698e-05
10042	1	100	21	500	0.220688	0.210531	0.141847	0.0686838	0.0101568	0.802092	0.0398977	1.21014	0.0422708	3.73049e-05
10043	1	100	26	500	0.221245	0.208999	0.132956	0.0760433	0.0122458	0.803209	0.0383438	1.20659	0.0409004	3.75126e-05
10044	1	100	26	500	0.216574	0.204306	0.125876	0.0784305	0.0122674	0.807815	0.0391547	1.20217	0.0420711	3.74437e-05
10045	1	100	23	500	0.223631	0.210574	0.129994	0.0805802	0.0130573	0.802574	0.039555	1.20798	0.0433709	3.89145e-05
10046	1	100	26	500	0.227245	0.211861	0.1269	0.0849612	0.0153843	0.801587	0.0365158	1.20759	0.0411627	4.03582e-05
10047	1	100	29	500	0.222855	0.208787	0.125161	0.0836259	0.014068	0.803654	0.0385851	1.20428	0.0400311	3.99567e-05
10048	1	100	25	500	0.231354	0.214655	0.128212	0.0864431	0.0166984	0.800096	0.0395543	1.20975	0.0412359	4.04618e-05
10049	1	100	28	500	0.236809	0.216564	0.12572	0.0908442	0.0202443	0.797816	0.038378	1.20737	0.0391008	4.03392e-05
10050	1	100	29	500	0.242857	0.217311	0.128927	0.0883838	0.0255462	0.797797	0.0353439	1.20639	0.0446402	4.06256e-05
10051	1	100	27	500	0.246065	0.216997	0.130607	0.0863893	0.0290679	0.797272	0.0397833	1.20265	0.0444602	4.01521e-05
10052	1	100	27	500	0.261044	0.221095	0.124732	0.0963638	0.0399488	0.794042	0.0383888	1.19746	0.0491458	4.14732e-05
10053	1	100	27	500	0.258372	0.220619	0.121796	0.0988232	0.0377525	0.797249	0.0344791	1.20299	0.0479483	4.18212e-05
10054	1	100	29	500	0.262304	0.22454	0.130317	0.0942237	0.0377634	0.792478	0.0328621	1.20491	0.0471102	4.20448e-05
10055	1	100	30	500	0.259282	0.221545	0.130589	0.0909554	0.0377373	0.793328	0.0411184	1.19951	0.0521539	4.22111e-05
10056	1	100	28	500	0.261391	0.222232	0.134287	0.0879449	0.0391593	0.793747	0.0358873	1.20084	0.0491301	4.15819e-05
10057	1	100	28	500	0.260105	0.224722	0.135192	0.0895296	0.0353829	0.792554	0.0345033	1.20735	0.0456545	4.15544e-05
10058	1	100	27	500	0.272153	0.229715	0.136862	0.0928529	0.0424377	0.786189	0.0347654	1.2034	0.0516679	4.24908e-05
10059	1	100	27	500	0.275197	0.239415	0.156464	0.0829512	0.035782	0.777283	0.0313212	1.21831	0.0485248	4.18769e-05
10060	1	100	27	500	0.270458	0.239656	0.164735	0.0749211	0.0308025	0.778682	0.0269142	1.2233	0.0406233	4.04463e-05
10061	1	100	27	500	0.264461	0.237436	0.1693	0.068136	0.0270249	0.778476	0.0289175	1.22122	0.0422751	4.07053e-05
10062	1	100	26	500	0.263037	0.236968	0.168363	0.0686048	0.0260694	0.779838	0.0292226	1.22272	0.044153	4.03974e-05
10063	1	100	26	500	0.254947	0.234114	0.161553	0.0725605	0.0208337	0.780664	0.0270727	1.2181	0.0357521	3.7562e-05
10064	1	100	28	500	0.264105	0.234165	0.156576	0.0775889	0.0299399	0.78198	0.0302676	1.21518	0.0385283	4.05837e-05
10065	1	100	30	500	0.259671	0.234593	0.157038	0.0775552	0.0250782	0.782448	0.0284501	1.21989	0.0359217	3.99029e-05
10066	1	100	26	500	0.258129	0.230663	0.154373	0.0762893	0.0274662	0.785783	0.029134	1.21403	0.0340864	3.986e-05
10067	1	100	31	500	0.258272	0.228424	0.148553	0.0798711	0.0298481	0.786754	0.0276048	1.20964	0.0432018	4.12549e-05
10068	1	100	34	500	0.271481	0.227705	0.149059	0.0786466	0.0437757	0.789752	0.0332008	1.20354	0.0438389	4.1675e-05
10069	1	100	31	500	0.265243	0.222168	0.132841	0.0893268	0.0430751	0.793128	0.0409352	1.19513	0.0439208	4.19687e-05
10070	1	100	28	500	0.279809	0.230421	0.14046	0.0899616	0.0493877	0.78646	0.0398156	1.20024	0.0495198	4.10859e-05
10071	1	100	28	500	0.284756	0.233083	0.148148	0.0849346	0.0516729	0.783916	0.0457116	1.20051	0.0514847	4.16099e-05
10072	1	100	31	500	0.292415	0.23361	0.141748	0.0918622	0.0588051	0.784671	0.0460876	1.19598	0.0547667	4.0207e-05
10073	1	100	31	500	0.34487	0.247634	0.140275	0.107359	0.0972361	0.775902	0.0550858	1.18242	0.0682367	4.15602e-05
10074	1	100	30	500	0.35799	0.253625	0.143445	0.11018	0.104366	0.773565	0.0535286	1.18309	0.0680775	3.9708e-05
10075	1	100	27	500	0.33626	0.248961	0.14943	0.0995309	0.0872989	0.76534	0.125269	1.18072	0.131273	3.83244e-05
10076	1	100	31	500	0.256357	0.227755	0.149207	0.0785479	0.0286024	0.788696	0.0369359	1.20993	0.0415772	3.97221e-05
10077	1	100	30	500	0.25685	0.228538	0.153511	0.0750276	0.0283118	0.786104	0.0369545	1.20722	0.0453654	3.79704e-05
10078	1	100	30	500	0.263438	0.231792	0.139738	0.0920539	0.0316457	0.78657	0.0328444	1.21043	0.0456886	4.00513e-05
10079	1	100	26	500	0.258949	0.233748	0.151726	0.0820219	0.0252009	0.782504	0.0332653	1.2126	0.036098	3.75309e-05
10080	1	100	26	500	0.267548	0.236263	0.158631	0.0776312	0.0312858	0.780581	0.0333969	1.21264	0.0399776	3.66089e-05
10081	1	100	28	500	0.297982	0.243358	0.164037	0.079321	0.0546248	0.776018	0.0430083	1.20749	0.0537094	3.88318e-05
10082	1	100	27	500	0.307265	0.244814	0.16365	0.0811638	0.0624516	0.776596	0.042592	1.20539	0.055656	3.9554e-05
10083	1	100	28	500	0.35555	0.258875	0.185102	0.0737731	0.0966756	0.756288	0.121963	1.17808	0.138167	3.57741e-05
10084	1	100	28	500	0.350429	0.263452	0.202333	0.0611199	0.0869766	0.750762	0.132215	1.19054	0.146057	3.25e-05
10085	1	100	24	500	0.337276	0.255881	0.185721	0.0701593	0.0813953	0.767369	0.0461657	1.19785	0.0626458	3.46748e-05
10086	1	100	22	500	0.28135	0.244835	0.190349	0.0544861	0.0365152	0.77195	0.0318454	1.21394	0.0553969	3.30405e-05
10087	1	100	24	500	0.295493	0.25291	0.212732	0.0401775	0.0425831	0.767324	0.0330615	1.21827	0.0427359	2.69859e-05
10088	1	100	26	500	0.292485	0.256923	0.219617	0.0373068	0.0355612	0.763143	0.0265224	1.22651	0.0404166	2.54816e-05
10089	1	100	26	500	0.311447	0.260101	0.214028	0.0460729	0.0513457	0.760589	0.0336954	1.21924	0.0467967	2.85688e-05
10090	1	100	28	500	0.310656	0.256606	0.205366	0.0512395	0.0540502	0.764079	0.0349344	1.2145	0.0473152	3.03699e-05
10091	1	100	29	500	0.330252	0.265086	0.21983	0.0452562	0.0651657	0.757708	0.0412345	1.21465	0.0586521	2.94267e-05
10092	1	100	21	500	0.35385	0.273508	0.230481	0.0430265	0.0803419	0.752722	0.0429911	1.21392	0.060741	2.87724e-05
10093	1	100	22	500	0.349391	0.271613	0.22555	0.0460627	0.0777778	0.754146	0.041013	1.21253	0.0606027	2.74801e-05
10094	1	100	21	500	0.356342	0.270313	0.211591	0.058722	0.0860293	0.755446	0.0401713	1.20567	0.0706137	3.03283e-05
10095	1	100	25	500	0.349827	0.269574	0.211348	0.058226	0.080253	0.755956	0.0406217	1.21282	0.0646866	3.28468e-05
10096	1	100	26	500	0.337099	0.270512	0.220353	0.0501585	0.0665875	0.754335	0.0367475	1.22294	0.0605452	3.02791e-05
10097	1	100	24	500	0.34427	0.273233	0.224254	0.048979	0.0710372	0.741829	0.117072	1.21064	0.133202	2.894e-05
10098	1	100	24	500	0.346133	0.275371	0.227412	0.0479591	0.0707613	0.748705	0.035744	1.22025	0.0594766	2.90272e-05
10099	1	100	21	500	0.388179	0.285865	0.218073	0.067792	0.102313	0.744504	0.0433508	1.21318	0.0720489	3.34338e-05
10100	1	100	21	500	0.340816	0.272572	0.205613	0.0669592	0.0682436	0.752194	0.0361459	1.22826	0.0622462	3.59616e-05
10101	1	100	25	500	0.370564	0.278375	0.204994	0.0733808	0.0921895	0.748518	0.0392455	1.21534	0.065042	3.36732e-05
