Generation	PopulationID	SampleSize	UniqueMutations	PopulationSize	totalLoad	RelzLoad	RelzLoadHomo	RelzLoadHetero	MskLoad	MeanFitness	SdFitness	MeanFitnessCached	SdFitnessCached	Heterozygosity	
10001	1	100	51	500	0.395328	0.36007	0.315069	0.0450008	0.0352586	0.655652	0.030098	1.30345	0.0521895	3.1408e-05
10002	1	100	32	500	0.394131	0.357327	0.30109	0.0562377	0.0368037	0.660999	0.0269277	1.3015	0.0387921	2.99963e-05
10003	1	100	30	500	0.400922	0.359368	0.3126	0.0467677	0.0415545	0.659009	0.0232094	1.29655	0.0344973	2.85662e-05
10004	1	100	29	500	0.398201	0.357625	0.316975	0.0406502	0.0405765	0.660376	0.0290595	1.29194	0.0294103	2.80794e-05
10005	1	100	30	500	0.394587	0.356014	0.310737	0.045277	0.0385726	0.661079	0.0272582	1.29437	0.0252533	2.81657e-05
10006	1	100	31	500	0.388544	0.352721	0.308142	0.0445783	0.0358236	0.663658	0.0272794	1.29088	0.0193658	2.62182e-05
10007	1	100	25	500	0.386467	0.351419	0.301324	0.0500954	0.0350477	0.663613	0.0308297	1.28548	0.0421735	2.59945e-05
10008	1	100	23	500	0.397749	0.354931	0.303416	0.0515148	0.0428183	0.662902	0.0204245	1.28402	0.0225296	2.45457e-05
10009	1	100	21	500	0.390915	0.347567	0.303588	0.0439791	0.0433475	0.664659	0.0232029	1.29621	0.0413419	2.35059e-05
10010	1	100	21	500	0.390969	0.345724	0.299839	0.0458848	0.0452448	0.669616	0.0109969	1.29632	0.0166045	2.41237e-05
10011	1	100	23	500	0.382441	0.344919	0.313475	0.031444	0.0375229	0.667744	0.0106941	1.29973	0.0158208	2.24027e-05
10012	1	100	24	500	0.385937	0.345784	0.312259	0.0335248	0.0401526	0.666707	0.0118059	1.29988	0.0170518	2.2533e-05
10013	1	100	24	500	0.382468	0.344027	0.312546	0.0314801	0.038441	0.665912	0.0226712	1.29568	0.0463113	2.19939e-05
10014	1	100	25	500	0.363744	0.340667	0.32149	0.0191772	0.0230766	0.668097	0.00965893	1.30279	0.0184817	2.13093e-05
10015	1	100	21	500	0.36795	0.340513	0.313648	0.0268659	0.0274362	0.668622	0.0108523	1.3005	0.0209193	2.28428e-05
10016	1	100	23	500	0.369215	0.34129	0.314501	0.0267895	0.0279255	0.668761	0.00921393	1.30281	0.0180309	2.2873e-05
10017	1	100	27	500	0.365162	0.341247	0.318026	0.0232205	0.0239152	0.668332	0.00953715	1.30476	0.0148578	2.23273e-05
10018	1	100	22	500	0.360568	0.341421	0.326252	0.015169	0.0191474	0.667568	0.00910715	1.30644	0.0148632	2.12211e-05
10019	1	100	20	500	0.365543	0.341925	0.320354	0.0215715	0.0236174	0.667728	0.00979924	1.30554	0.0170721	2.13182e-05
10020	1	100	23	500	0.360613	0.340696	0.317652	0.023044	0.0199172	0.668787	0.00842922	1.30767	0.0169224	2.16985e-05
10021	1	100	20	500	0.362821	0.342458	0.326745	0.0157124	0.0203632	0.666565	0.0114409	1.30705	0.0178754	2.13084e-05
10022	1	100	25	500	0.355451	0.34026	0.322923	0.0173373	0.0151906	0.668283	0.00864646	1.30942	0.0145195	2.17079e-05
10023	1	100	21	500	0.36096	0.34169	0.316823	0.0248665	0.0192698	0.668193	0.00831847	1.30906	0.0164163	2.17443e-05
10024	1	100	21	500	0.367898	0.343987	0.316052	0.0279353	0.0239112	0.666542	0.0107298	1.30879	0.0180327	2.21536e-05
10025	1	100	21	500	0.365519	0.344612	0.327333	0.0172784	0.0209075	0.66549	0.0105632	1.31052	0.015743	2.08085e-05
10026	1	100	20	500	0.366867	0.345171	0.32591	0.0192607	0.0216966	0.66343	0.0221534	1.30692	0.0393265	2.08313e-05
10027	1	100	21	500	0.369847	0.345072	0.3221	0.0229729	0.0247749	0.665528	0.0119033	1.30798	0.0174822	2.16685e-05
10028	1	100	21	500	0.362449	0.34136	0.313352	0.0280074	0.0210895	0.668675	0.0112499	1.3072	0.0203115	2.32449e-05
10029	1	100	20	500	0.365692	0.342553	0.318691	0.0238623	0.0231386	0.667694	0.0109626	1.30636	0.0146465	2.23654e-05
10030	1	100	23	500	0.363507	0.342256	0.319965	0.0222902	0.0212518	0.667873	0.00894133	1.30701	0.014323	2.27022e-05
10031	1	100	22	500	0.352792	0.338786	0.322234	0.0165526	0.0140062	0.669481	0.00811876	1.30717	0.012676	2.20487e-05
10032	1	100	10	500	0.0251422	0.0120479	0.00363621	0.00841172	0.0130942	0.988234	0.0137198	1.00296	0.0129567	2.16101e-05
10033	1	100	13	500	0.0227637	0.0112076	0.00317156	0.00803608	0.0115561	0.989191	0.0114367	1.00395	0.00908631	2.10153e-05
10034	1	100	12	500	0.0166921	0.00879205	0.00206336	0.00672869	0.00790008	0.991208	0.00992354	1.00374	0.0098534	2.09933e-05
10035	1	100	15	500	0.0202277	0.0108412	0.00316072	0.00768051	0.00938648	0.989172	0.010622	1.00472	0.0098822	2.15073e-05
10036	1	100	12	500	0.0258014	0.0125563	0.00338812	0.00916818	0.0132451	0.98761	0.0158051	1.00419	0.0148178	2.19355e-05
10037	1	100	15	500	0.0176419	0.00990332	0.00226534	0.00763798	0.00773856	0.990052	0.0115537	1.00541	0.0107339	2.15618e-05
10038	1	100	18	500	0.0135616	0.00864304	0.0017392	0.00690384	0.00491858	0.991399	0.011019	1.00576	0.0104312	2.12762e-05
10039	1	100	10	500	0.0131204	0.00943655	0.00238272	0.00705383	0.00368389	0.990648	0.0101664	1.00718	0.0107796	2.11847e-05
10040	1	100	13	500	0.0132356	0.00942806	0.00255329	0.00687477	0.00380754	0.990663	0.00949381	1.00714	0.00981378	2.01839e-05
10041	1	100	14	500	0.0140958	0.0108321	0.0041665	0.00666555	0.00326375	0.9892	0.00837804	1.00893	0.00861773	2.09909e-05
10042	1	100	15	500	0.0128747	0.0102851	0.00385081	0.00643431	0.00258959	0.98961	0.0088858	1.00869	0.0091049	2.09828e-05
10043	1	100	11	500	0.0117336	0.0105929	0.00439224	0.0062007	0.00114062	0.989268	0.00756841	1.00977	0.00789351	2.11031e-05
10044	1	100	9	500	0.0116163	0.0105374	0.00435976	0.00617768	0.00107883	0.989462	0.00867978	1.00986	0.0088308	2.11752e-05
10045	1	100	11	500	0.0124131	0.0113476	0.00507109	0.00627654	0.0010655	0.988607	0.00880363	1.01066	0.00913229	2.11683e-05
10046	1	100	11	500	0.0121168	0.0102195	0.00393815	0.0062814	0.00189728	0.989335	0.0100394	1.00861	0.0104805	2.20415e-05
10047	1	100	14	500	0.0269501	0.0126267	0.00343397	0.0091927	0.0143235	0.987427	0.0179294	1.00485	0.0172568	2.26124e-05
10048	1	100	14	500	0.0489504	0.0191656	0.00574838	0.0134172	0.0297848	0.981759	0.0231855	1.00274	0.0241816	2.25367e-05
10049	1	100	17	500	0.0506176	0.0186397	0.00486866	0.013771	0.0319779	0.982341	0.0275196	1.0013	0.0260257	2.24865e-05
10050	1	100	18	500	0.0229672	0.0113458	0.00304956	0.00829629	0.0116214	0.988594	0.0135093	1.00464	0.0140579	2.21225e-05
10051	1	100	15	500	0.0186698	0.0104048	0.0029634	0.00744143	0.00826501	0.987991	0.0170361	1.00402	0.0175899	2.13819e-05
10052	1	100	16	500	0.023865	0.0123975	0.00380319	0.00859433	0.0114675	0.987502	0.0172708	1.00599	0.0167021	2.12915e-05
10053	1	100	16	500	0.0480995	0.0187269	0.00549149	0.0132354	0.0293726	0.982195	0.0297214	1.00231	0.027455	2.16949e-05
10054	1	100	14	500	0.046705	0.0192868	0.00640267	0.0128841	0.0274182	0.981607	0.0291732	1.00388	0.0264374	2.13156e-05
10055	1	100	17	500	0.0813639	0.0301496	0.0113498	0.0187998	0.0512143	0.973122	0.0400956	0.999281	0.0339842	2.08371e-05
10056	1	100	12	500	0.101348	0.0360004	0.0136431	0.0223573	0.0653474	0.960609	0.115719	0.987223	0.106096	2.1377e-05
10057	1	100	11	500	0.0828783	0.0320574	0.0137347	0.0183227	0.0508208	0.971056	0.0371551	1.00133	0.036211	2.0746e-05
10058	1	100	16	500	0.114963	0.0409826	0.0165647	0.0244179	0.07398	0.965897	0.0452191	0.993266	0.0427	2.22612e-05
10059	1	100	9	500	0.0704648	0.0276019	0.0110104	0.0165915	0.0428629	0.974337	0.0350287	1.00237	0.033116	2.23114e-05
10060	1	100	13	500	0.102963	0.0373208	0.0150371	0.0222838	0.0656423	0.967979	0.0437287	0.996366	0.0404896	2.2753e-05
10061	1	100	12	500	0.10491	0.0357287	0.0123797	0.0233491	0.0691812	0.969051	0.0483258	0.993373	0.0447358	2.31157e-05
10062	1	100	13	500	0.140216	0.0444333	0.0144487	0.0299845	0.0957828	0.96261	0.0608963	0.987684	0.0631771	2.24865e-05
10063	1	100	12	500	0.161076	0.0517059	0.0184064	0.0332995	0.10937	0.957913	0.0643138	0.984579	0.0666209	2.25325e-05
10064	1	100	13	500	0.157733	0.0479753	0.0144984	0.0334769	0.109758	0.960742	0.0672266	0.983031	0.0703412	2.29981e-05
10065	1	100	14	500	0.0976837	0.031503	0.00889869	0.0226043	0.0661807	0.971225	0.0525104	0.995208	0.0573034	2.3102e-05
10066	1	100	13	500	0.134802	0.0409444	0.0114522	0.0294923	0.0938578	0.964421	0.0617201	0.986568	0.0645184	2.26245e-05
10067	1	100	17	500	0.187931	0.0568336	0.018037	0.0387966	0.131097	0.935873	0.181775	0.959704	0.169754	2.34414e-05
10068	1	100	16	500	0.176918	0.053831	0.0170001	0.036831	0.123087	0.95631	0.0694043	0.980641	0.0753486	2.3659e-05
10069	1	100	15	500	0.164118	0.0498717	0.0151348	0.0347369	0.114246	0.9586	0.0712657	0.982749	0.0736631	2.35587e-05
10070	1	100	16	500	0.0849694	0.0278215	0.00750495	0.0203165	0.0571479	0.974464	0.0495344	0.996663	0.050115	2.52318e-05
10071	1	100	17	500	0.085615	0.0275053	0.00685435	0.020651	0.0581097	0.974993	0.0494462	0.9961	0.0495652	2.53088e-05
10072	1	100	14	500	0.0297869	0.0144898	0.00474627	0.00974353	0.0152971	0.985787	0.0198593	1.00624	0.0192597	2.50918e-05
10073	1	100	15	500	0.0251934	0.0137431	0.00490567	0.00883745	0.0114503	0.986422	0.0185554	1.00772	0.0182977	2.52094e-05
10074	1	100	15	500	0.0352424	0.0139985	0.00328818	0.0107104	0.0212439	0.986451	0.0272832	1.00246	0.0227769	2.48544e-05
10075	1	100	18	500	0.0359931	0.0133387	0.00268465	0.010654	0.0226545	0.987153	0.0256681	1.00108	0.0241649	2.54054e-05
10076	1	100	16	500	0.0291864	0.0104528	0.00180514	0.00864768	0.0187335	0.990197	0.0231704	1.00008	0.0212742	2.45207e-05
10077	1	100	19	500	0.0201971	0.00877379	0.00166483	0.00710895	0.0114233	0.991119	0.0191145	1.0023	0.016708	2.55626e-05
10078	1	100	20	500	0.045876	0.0142115	0.00237401	0.0118375	0.0316645	0.986214	0.0296813	0.995961	0.027967	2.52257e-05
10079	1	100	22	500	0.0982269	0.0282958	0.0062289	0.0220669	0.0699311	0.975393	0.0434787	0.986601	0.0398198	2.5674e-05
10080	1	100	17	500	0.0580603	0.0171086	0.00272552	0.0143831	0.0409517	0.983652	0.0317714	0.993576	0.0291004	2.50937e-05
10081	1	100	18	500	0.061073	0.017745	0.0026333	0.0151117	0.0433281	0.983989	0.0343827	0.9937	0.0304319	2.44859e-05
10082	1	100	16	500	0.0570241	0.0169247	0.00264402	0.0142807	0.0400994	0.984489	0.0282302	0.99441	0.0270509	2.46217e-05
10083	1	100	18	500	0.0763976	0.022177	0.00419399	0.017983	0.0542207	0.975899	0.0464509	0.986101	0.0441326	2.56512e-05
10084	1	100	17	500	0.108556	0.0326591	0.00788535	0.0247737	0.0758968	0.971386	0.0459617	0.985696	0.0436279	2.6878e-05
10085	1	100	19	500	0.146333	0.0447342	0.0131172	0.031617	0.101599	0.961285	0.0526763	0.977986	0.050949	2.76718e-05
10086	1	100	23	500	0.17315	0.0535305	0.0174631	0.0360674	0.11962	0.955946	0.0572888	0.97282	0.0534276	2.77856e-05
10087	1	100	19	500	0.238745	0.0814397	0.0351966	0.0462431	0.157305	0.93405	0.127869	0.956431	0.119417	2.77182e-05
10088	1	100	21	500	0.226945	0.0781638	0.033444	0.0447197	0.148781	0.90794	0.227485	0.934428	0.211606	2.71416e-05
10089	1	100	21	500	0.132556	0.0420999	0.0120598	0.0300401	0.0904557	0.961027	0.0795762	0.983437	0.0762297	2.70696e-05
10090	1	100	18	500	0.157504	0.0493936	0.0156956	0.033698	0.108111	0.946416	0.14052	0.969313	0.130718	2.71454e-05
10091	1	100	18	500	0.161115	0.0520171	0.0171243	0.0348928	0.109098	0.958305	0.0502772	0.982365	0.0482738	2.76293e-05
10092	1	100	21	500	0.163042	0.0540197	0.0193969	0.0346229	0.109022	0.943	0.149737	0.968313	0.13918	2.76401e-05
10093	1	100	19	500	0.193823	0.0678815	0.0292999	0.0385816	0.125942	0.92677	0.188229	0.954172	0.175488	2.79662e-05
10094	1	100	18	500	0.169243	0.0579283	0.0233049	0.0346233	0.111314	0.947982	0.112146	0.97324	0.105374	2.80225e-05
10095	1	100	18	500	0.152809	0.0533858	0.0214869	0.0318988	0.0994231	0.949283	0.116529	0.980137	0.109078	2.75808e-05
10096	1	100	22	500	0.132771	0.0458254	0.0170979	0.0287276	0.0869459	0.951595	0.123565	0.981913	0.115993	2.80708e-05
10097	1	100	19	500	0.0880757	0.03385	0.013405	0.020445	0.0542257	0.966999	0.0409111	0.999623	0.0413909	2.85751e-05
10098	1	100	19	500	0.11129	0.0409827	0.0161118	0.0248709	0.0703073	0.962526	0.0490842	0.99627	0.0480995	2.84898e-05
10099	1	100	24	500	0.0793061	0.0319438	0.0126004	0.0193434	0.0473622	0.965555	0.0427502	0.999183	0.0476746	2.84241e-05
10100	1	100	27	500	0.074158	0.0295179	0.0108998	0.0186181	0.0446401	0.971469	0.0262487	1.00362	0.0276077	2.8488e-05
10101	1	100	21	500	0.0568534	0.0247697	0.00956946	0.0152003	0.0320836	0.974839	0.0241531	1.00495	0.028142	2.83546e-05
