Generation	PopulationID	SampleSize	UniqueMutations	PopulationSize	totalLoad	RelzLoad	RelzLoadHomo	RelzLoadHetero	MskLoad	MeanFitness	SdFitness	MeanFitnessCached	SdFitnessCached	Heterozygosity	
10001	1	100	63	500	0.293757	0.258159	0.122174	0.135986	0.0355974	0.763102	0.0427465	1.24808	0.06164	6.71043e-05
10002	1	100	40	500	0.288662	0.265028	0.13191	0.133118	0.0236344	0.755921	0.0429663	1.26212	0.0619512	6.48777e-05
10003	1	100	31	500	0.286821	0.265175	0.131504	0.133671	0.0216459	0.757892	0.0414339	1.26825	0.059684	6.52017e-05
10004	1	100	31	500	0.292593	0.271158	0.127077	0.144081	0.0214354	0.753432	0.0359516	1.27579	0.055681	6.60606e-05
10005	1	100	29	500	0.290901	0.271174	0.134061	0.137113	0.0197271	0.753126	0.0368318	1.27636	0.0562135	6.42963e-05
10006	1	100	33	500	0.312977	0.280547	0.146447	0.1341	0.0324304	0.745619	0.0400509	1.27717	0.0618457	6.46274e-05
10007	1	100	35	500	0.312122	0.278244	0.13382	0.144424	0.0338782	0.745792	0.049589	1.27024	0.0680886	6.52733e-05
10008	1	100	31	500	0.334366	0.283933	0.131514	0.15242	0.0504322	0.742907	0.0431663	1.27232	0.0779533	6.57903e-05
10009	1	100	31	500	0.359326	0.290018	0.129369	0.160649	0.0693084	0.741977	0.0481757	1.2636	0.0805643	6.79907e-05
10010	1	100	31	500	0.360782	0.289515	0.135949	0.153566	0.0712665	0.74272	0.0469243	1.26057	0.0767101	6.7272e-05
10011	1	100	32	500	0.372606	0.288721	0.124772	0.163949	0.0838846	0.742506	0.0402397	1.24527	0.0788465	7.00627e-05
10012	1	100	29	500	0.355956	0.281973	0.125579	0.156394	0.0739825	0.749724	0.0439253	1.24848	0.0721972	7.08133e-05
10013	1	100	31	500	0.348745	0.281048	0.130272	0.150776	0.0676971	0.747672	0.0388578	1.24771	0.0750493	7.02162e-05
10014	1	100	28	500	0.36726	0.282317	0.120345	0.161973	0.0849425	0.748731	0.0478684	1.23614	0.0742947	7.11635e-05
10015	1	100	29	500	0.386512	0.289426	0.129885	0.159541	0.0970867	0.742476	0.0785269	1.22987	0.120154	7.25779e-05
10016	1	100	27	500	0.364178	0.277633	0.11612	0.161513	0.0865444	0.752658	0.0498895	1.22945	0.078861	7.19627e-05
10017	1	100	27	500	0.373983	0.280851	0.122667	0.158184	0.0931327	0.751319	0.0487965	1.22633	0.0815511	7.09555e-05
10018	1	100	25	500	0.369065	0.27429	0.12133	0.152961	0.0947751	0.747344	0.113901	1.20321	0.152705	7.05501e-05
10019	1	100	29	500	0.374962	0.277566	0.127844	0.149722	0.0973956	0.754682	0.0465675	1.21809	0.0714601	7.05197e-05
10020	1	100	29	500	0.362066	0.272625	0.12215	0.150475	0.0894405	0.755654	0.0449101	1.21924	0.0751579	7.01919e-05
10021	1	100	29	500	0.418585	0.291675	0.131454	0.160221	0.12691	0.745694	0.0493117	1.21004	0.0857049	6.98228e-05
10022	1	100	27	500	0.411826	0.28738	0.121518	0.165862	0.124445	0.747495	0.0470172	1.21144	0.0949382	7.04184e-05
10023	1	100	29	500	0.447572	0.310259	0.152042	0.158217	0.137313	0.712954	0.133883	1.20403	0.199158	7.0477e-05
10024	1	100	30	500	0.416945	0.301448	0.142564	0.158883	0.115497	0.734176	0.046337	1.2312	0.105412	7.00322e-05
10025	1	100	31	500	0.415635	0.298665	0.132136	0.166528	0.11697	0.725572	0.117629	1.21624	0.178659	7.0805e-05
10026	1	100	29	500	0.401609	0.290843	0.129784	0.161059	0.110766	0.740869	0.0591988	1.22175	0.107071	7.11801e-05
10027	1	100	33	500	0.435266	0.312229	0.142813	0.169417	0.123037	0.722402	0.0940772	1.22795	0.145717	7.04659e-05
10028	1	100	32	500	0.435221	0.314813	0.154366	0.160447	0.120408	0.724911	0.0716655	1.24205	0.12111	7.11684e-05
10029	1	100	33	500	0.446853	0.322168	0.160019	0.162149	0.124686	0.724093	0.0507427	1.24812	0.0976555	7.14827e-05
10030	1	100	32	500	0.445349	0.323846	0.164409	0.159437	0.121503	0.720177	0.0521988	1.24938	0.0872593	7.10136e-05
10031	1	100	26	500	0.484133	0.341001	0.169313	0.171689	0.143132	0.711394	0.0424338	1.24604	0.100385	6.84656e-05
10032	1	100	32	500	0.467431	0.338031	0.172199	0.165832	0.1294	0.710785	0.0526187	1.25442	0.100933	6.68093e-05
10033	1	100	30	500	0.466547	0.337212	0.168518	0.168695	0.129335	0.704583	0.109737	1.24689	0.167529	6.87542e-05
10034	1	100	30	500	0.453564	0.333239	0.160855	0.172384	0.120325	0.715574	0.0534283	1.2563	0.0924349	6.88885e-05
10035	1	100	35	500	0.383974	0.313852	0.159087	0.154766	0.0701213	0.720539	0.048328	1.28032	0.0806447	6.89275e-05
10036	1	100	36	500	0.403536	0.32151	0.16269	0.15882	0.0820264	0.718694	0.0495092	1.28784	0.0909803	6.90792e-05
10037	1	100	32	500	0.40741	0.322115	0.167818	0.154297	0.0852949	0.703788	0.128809	1.26684	0.191213	6.86018e-05
10038	1	100	33	500	0.370784	0.31285	0.165719	0.147131	0.0579334	0.723103	0.0431142	1.28779	0.0623201	6.74089e-05
10039	1	100	33	500	0.362776	0.315768	0.173879	0.141889	0.0470078	0.719557	0.041747	1.29518	0.067254	6.6054e-05
10040	1	100	30	500	0.384072	0.322313	0.173451	0.148863	0.0617584	0.718092	0.0382694	1.29511	0.0812411	6.27028e-05
10041	1	100	36	500	0.410244	0.326239	0.166299	0.15994	0.0840049	0.713846	0.0427203	1.27846	0.0889933	6.29053e-05
10042	1	100	34	500	0.392385	0.31656	0.162909	0.153651	0.0758249	0.718183	0.0412103	1.2757	0.0849261	6.41717e-05
10043	1	100	34	500	0.400373	0.321393	0.170098	0.151295	0.0789808	0.709885	0.0987095	1.27125	0.148348	6.0942e-05
10044	1	100	31	500	0.4083	0.329627	0.17882	0.150807	0.0786735	0.709728	0.0414232	1.28689	0.0888069	6.12536e-05
10045	1	100	34	500	0.372642	0.321554	0.184297	0.137257	0.0510873	0.714409	0.0412577	1.30062	0.0705254	6.06494e-05
10046	1	100	36	500	0.377433	0.32703	0.197212	0.129818	0.0504028	0.707649	0.0360176	1.30692	0.0763365	6.11068e-05
10047	1	100	32	500	0.388925	0.334362	0.20597	0.128392	0.054563	0.706153	0.0367642	1.32308	0.0800532	5.90897e-05
10048	1	100	32	500	0.410665	0.339421	0.203369	0.136051	0.0712441	0.703227	0.0365431	1.31626	0.0798789	5.9336e-05
10049	1	100	34	500	0.424039	0.341064	0.199331	0.141734	0.0829745	0.697647	0.0774549	1.3021	0.132117	6.24898e-05
10050	1	100	34	500	0.467369	0.35634	0.202647	0.153693	0.111028	0.678209	0.135539	1.28003	0.215733	6.3736e-05
10051	1	100	33	500	0.445245	0.347149	0.195962	0.151187	0.0980958	0.696514	0.071973	1.29645	0.12621	6.3228e-05
10052	1	100	33	500	0.465624	0.360138	0.210544	0.149594	0.105486	0.692815	0.0373453	1.31284	0.101494	6.19495e-05
10053	1	100	37	500	0.467666	0.359364	0.209392	0.149972	0.108302	0.691671	0.0384175	1.30659	0.0962069	6.08914e-05
10054	1	100	36	500	0.478424	0.362473	0.208618	0.153854	0.115951	0.685575	0.041336	1.29407	0.102498	6.17105e-05
10055	1	100	41	500	0.487062	0.367795	0.210886	0.156909	0.119267	0.666233	0.14829	1.28272	0.235786	6.19183e-05
10056	1	100	39	500	0.466206	0.36427	0.217119	0.147151	0.101936	0.687383	0.0384223	1.32009	0.0891175	6.04959e-05
10057	1	100	40	500	0.462541	0.361852	0.215029	0.146823	0.100689	0.687198	0.031151	1.31764	0.098607	6.24687e-05
10058	1	100	36	500	0.434606	0.35475	0.216186	0.138564	0.0798555	0.690413	0.0338855	1.32537	0.0864632	6.15181e-05
10059	1	100	35	500	0.445729	0.359838	0.21876	0.141078	0.0858913	0.688874	0.0351898	1.33252	0.0917487	6.13196e-05
10060	1	100	34	500	0.415306	0.35466	0.222605	0.132055	0.0606457	0.686438	0.0690364	1.3386	0.118248	5.98445e-05
10061	1	100	34	500	0.423545	0.3537	0.2154	0.1383	0.0698448	0.691539	0.0372895	1.33386	0.0844487	6.22112e-05
10062	1	100	33	500	0.43716	0.355735	0.21088	0.144854	0.0814255	0.689266	0.0334145	1.32575	0.0968213	6.30159e-05
10063	1	100	34	500	0.437437	0.358931	0.21624	0.142691	0.0785058	0.689888	0.0335092	1.33648	0.0811886	6.23795e-05
10064	1	100	36	500	0.412789	0.352393	0.216462	0.135931	0.0603952	0.688864	0.035541	1.33549	0.0803393	6.20517e-05
10065	1	100	36	500	0.392198	0.351186	0.227575	0.123611	0.0410122	0.692807	0.0345557	1.35597	0.0729099	5.98231e-05
10066	1	100	37	500	0.40092	0.348563	0.216538	0.132026	0.0523562	0.694584	0.0327995	1.34215	0.0556066	6.14083e-05
10067	1	100	34	500	0.386831	0.345933	0.218864	0.127068	0.0408986	0.694922	0.0322024	1.34218	0.0537117	5.97711e-05
10068	1	100	35	500	0.39547	0.349789	0.219549	0.13024	0.0456805	0.69141	0.0341571	1.34246	0.0566393	6.08535e-05
10069	1	100	34	500	0.39072	0.352557	0.219336	0.13322	0.0381638	0.688446	0.0362422	1.34854	0.0602273	5.97635e-05
10070	1	100	36	500	0.389237	0.355258	0.230381	0.124877	0.0339787	0.689723	0.0332096	1.36087	0.0549615	6.05004e-05
10071	1	100	39	500	0.390613	0.356865	0.228008	0.128857	0.0337485	0.687337	0.0312398	1.36321	0.0522572	5.91182e-05
10072	1	100	32	500	0.395525	0.361458	0.238956	0.122503	0.0340671	0.682515	0.0281685	1.35971	0.0511121	5.37419e-05
10073	1	100	34	500	0.402963	0.36822	0.251863	0.116357	0.034743	0.678114	0.0349294	1.36703	0.0518747	5.11278e-05
10074	1	100	31	500	0.409521	0.374841	0.264554	0.110287	0.03468	0.674509	0.0312268	1.37503	0.0466581	4.70251e-05
10075	1	100	33	500	0.423274	0.38243	0.270318	0.112112	0.040844	0.671365	0.0252142	1.38322	0.0399789	4.75657e-05
10076	1	100	32	500	0.436657	0.388573	0.274858	0.113715	0.0480842	0.665027	0.034478	1.37519	0.0506853	4.85373e-05
10077	1	100	34	500	0.425152	0.382392	0.266371	0.116021	0.0427599	0.667634	0.0378483	1.37088	0.0558954	5.02502e-05
10078	1	100	27	500	0.275505	0.244627	0.137034	0.107593	0.0308771	0.778411	0.0351305	1.22401	0.0386658	4.83154e-05
10079	1	100	26	500	0.272966	0.241709	0.129667	0.112041	0.0312574	0.777723	0.0342074	1.217	0.0463696	5.02893e-05
10080	1	100	26	500	0.267981	0.238386	0.127895	0.110491	0.0295942	0.780876	0.0308125	1.21495	0.0363574	4.94763e-05
10081	1	100	25	500	0.262261	0.233595	0.120868	0.112727	0.0286661	0.784242	0.0288677	1.20516	0.0407472	4.87651e-05
10082	1	100	26	500	0.256985	0.231787	0.118758	0.11303	0.0251975	0.784844	0.0254575	1.20181	0.0396637	4.58129e-05
10083	1	100	26	500	0.253404	0.229381	0.118004	0.111378	0.0240231	0.788651	0.0255718	1.20551	0.0364294	4.58699e-05
10084	1	100	28	500	0.256982	0.232099	0.11801	0.114089	0.024883	0.786134	0.0273563	1.20434	0.0399108	4.44301e-05
10085	1	100	24	500	0.263676	0.237689	0.122644	0.115045	0.0259878	0.778613	0.0257969	1.20362	0.0483569	4.22764e-05
10086	1	100	18	500	0.257417	0.234061	0.1197	0.114361	0.0233562	0.783599	0.0187054	1.20502	0.0411205	4.16448e-05
10087	1	100	22	500	0.258662	0.237801	0.125535	0.112266	0.0208615	0.779952	0.0222886	1.2099	0.040391	4.05839e-05
10088	1	100	20	500	0.261584	0.23846	0.124562	0.113898	0.0231242	0.782703	0.0236067	1.21352	0.0385714	4.15581e-05
10089	1	100	20	500	0.262308	0.240385	0.124852	0.115532	0.0219233	0.779237	0.0308172	1.21082	0.0442892	4.26238e-05
10090	1	100	21	500	0.268476	0.24103	0.124086	0.116944	0.0274465	0.780283	0.0275496	1.2111	0.0438347	4.24646e-05
10091	1	100	21	500	0.262146	0.238922	0.124833	0.114089	0.0232233	0.781815	0.0234307	1.20649	0.0413945	4.13045e-05
10092	1	100	17	500	0.255142	0.236127	0.123102	0.113025	0.0190153	0.781098	0.0255045	1.20018	0.0474192	4.21889e-05
10093	1	100	16	500	0.251776	0.233372	0.121523	0.111849	0.0184032	0.784743	0.0262751	1.20184	0.0484172	4.31248e-05
10094	1	100	18	500	0.25052	0.231609	0.121589	0.11002	0.0189115	0.78536	0.0233714	1.19679	0.0464363	4.32089e-05
10095	1	100	19	500	0.25132	0.232682	0.119751	0.112931	0.0186383	0.78593	0.0205323	1.20357	0.0419974	4.30199e-05
10096	1	100	18	500	0.248945	0.229302	0.117971	0.111331	0.0196437	0.787194	0.0230625	1.19646	0.0428785	4.44526e-05
10097	1	100	18	500	0.244713	0.227285	0.117792	0.109493	0.0174279	0.788157	0.0268179	1.20179	0.0408791	4.5519e-05
10098	1	100	18	500	0.247783	0.229434	0.118036	0.111398	0.0183482	0.787106	0.0267775	1.20246	0.0414467	4.45972e-05
10099	1	100	18	500	0.258268	0.234533	0.123384	0.111149	0.023735	0.780956	0.0274829	1.19976	0.0456379	4.28894e-05
10100	1	100	17	500	0.255878	0.229671	0.117722	0.11195	0.0262066	0.784151	0.0302343	1.19417	0.0440852	4.52597e-05
10101	1	100	18	500	0.258658	0.231699	0.119997	0.111703	0.0269582	0.789335	0.0286768	1.20866	0.0326522	4.48731e-05
