Generation	PopulationID	SampleSize	UniqueMutations	PopulationSize	totalLoad	RelzLoad	RelzLoadHomo	RelzLoadHetero	MskLoad	MeanFitness	SdFitness	MeanFitnessCached	SdFitnessCached	Heterozygosity	
10001	1	100	57	500	0.100976	0.0917272	0.0405099	0.0512173	0.0092488	0.91038	0.022945	1.08806	0.0271968	5.73397e-05
10002	1	100	32	500	0.0995606	0.0888186	0.0393971	0.0494215	0.010742	0.913359	0.0230196	1.08383	0.0270465	5.68215e-05
10003	1	100	37	500	0.105834	0.0902768	0.0421272	0.0481496	0.0155569	0.91161	0.0264278	1.08214	0.0327857	5.5812e-05
10004	1	100	34	500	0.103334	0.0892854	0.0410976	0.0481877	0.0140491	0.913083	0.0225002	1.08204	0.0280106	5.49424e-05
10005	1	100	33	500	0.11947	0.100991	0.04515	0.0558411	0.0184788	0.902943	0.0207697	1.0929	0.0279186	5.47924e-05
10006	1	100	32	500	0.125964	0.100037	0.0408198	0.0592177	0.025927	0.904172	0.0198496	1.08562	0.031198	5.79772e-05
10007	1	100	32	500	0.120567	0.100558	0.0429982	0.0575594	0.0200098	0.902876	0.0242523	1.0901	0.0322766	5.70392e-05
10008	1	100	30	500	0.116165	0.0986947	0.0416796	0.0570151	0.0174699	0.905293	0.0240012	1.09055	0.0293283	5.63675e-05
10009	1	100	31	500	0.112592	0.0981421	0.045983	0.0521591	0.01445	0.905369	0.0226603	1.09234	0.0299437	5.33821e-05
10010	1	100	30	500	0.108981	0.0968422	0.0487869	0.0480553	0.0121389	0.906747	0.0271878	1.09254	0.0324317	5.03859e-05
10011	1	100	26	500	0.106691	0.0956116	0.0481835	0.0474281	0.0110791	0.907672	0.0256856	1.09128	0.0317964	5.01648e-05
10012	1	100	27	500	0.104953	0.0927969	0.0451089	0.047688	0.0121564	0.910048	0.0251861	1.08745	0.0329145	5.21564e-05
10013	1	100	30	500	0.1106	0.0995524	0.0514119	0.0481404	0.0110477	0.904088	0.0283573	1.09593	0.0334613	4.99819e-05
10014	1	100	26	500	0.114251	0.102634	0.0544393	0.0481951	0.0116166	0.901513	0.0293311	1.09881	0.0362807	4.8901e-05
10015	1	100	27	500	0.113649	0.102821	0.0556211	0.0472002	0.0108279	0.899204	0.0313363	1.09733	0.0430603	4.84926e-05
10016	1	100	26	500	0.109303	0.0985751	0.055518	0.0430571	0.0107277	0.901556	0.0387502	1.09103	0.0498979	4.79814e-05
10017	1	100	25	500	0.119752	0.101596	0.0499145	0.0516815	0.0181557	0.898337	0.0336121	1.08646	0.0495415	5.25796e-05
10018	1	100	28	500	0.116878	0.10228	0.0560321	0.0462475	0.0145984	0.901243	0.0251478	1.09447	0.0324835	4.92161e-05
10019	1	100	26	500	0.109805	0.0946877	0.0483329	0.0463548	0.0151176	0.909721	0.0219018	1.08705	0.0264692	4.9663e-05
10020	1	100	22	500	0.107911	0.0929552	0.0506121	0.0423431	0.0149562	0.91095	0.0218434	1.08464	0.0250456	4.76762e-05
10021	1	100	29	500	0.110946	0.0916494	0.0496939	0.0419555	0.0192971	0.912371	0.0234823	1.07956	0.0270211	4.94222e-05
10022	1	100	29	500	0.113826	0.0937807	0.0486108	0.0451699	0.0200451	0.909295	0.0282226	1.08073	0.033084	4.9445e-05
10023	1	100	31	500	0.117788	0.0952059	0.0501226	0.0450832	0.0225825	0.907558	0.0297314	1.08213	0.0349415	5.02227e-05
10024	1	100	31	500	0.139246	0.100041	0.0507225	0.0493182	0.0392052	0.903463	0.0348836	1.07617	0.0377849	5.05507e-05
10025	1	100	29	500	0.14774	0.10472	0.0559655	0.0487549	0.0430199	0.899281	0.0360494	1.08041	0.0401266	4.96272e-05
10026	1	100	25	500	0.13022	0.0962824	0.0518593	0.044423	0.0339379	0.907973	0.0265697	1.0787	0.0329342	4.82811e-05
10027	1	100	28	500	0.14894	0.100358	0.0501836	0.0501739	0.0485824	0.903899	0.0354968	1.06909	0.039406	5.17063e-05
10028	1	100	28	500	0.148167	0.102297	0.0526975	0.0495993	0.0458705	0.899895	0.0408129	1.06997	0.0480746	5.2397e-05
10029	1	100	26	500	0.151762	0.106104	0.0521578	0.0539461	0.0456585	0.899775	0.0344657	1.07501	0.0402507	5.38154e-05
10030	1	100	25	500	0.143172	0.104287	0.0502534	0.0540334	0.0388852	0.904219	0.0234383	1.07798	0.0318096	5.46436e-05
10031	1	100	29	500	0.153903	0.107775	0.0507957	0.0569793	0.046128	0.895782	0.0398326	1.07107	0.0530862	5.44392e-05
10032	1	100	23	500	0.13404	0.103563	0.0522901	0.0512729	0.0304774	0.902986	0.0251095	1.08054	0.0369666	5.38432e-05
10033	1	100	26	500	0.156103	0.11471	0.0578856	0.0568245	0.0413932	0.890917	0.0425675	1.07067	0.0597079	5.67858e-05
10034	1	100	22	500	0.15941	0.115545	0.058104	0.0574413	0.0438643	0.889499	0.0506075	1.05945	0.0636618	5.85018e-05
10035	1	100	23	500	0.17744	0.120892	0.0624073	0.0584846	0.0565485	0.881525	0.0566315	1.05186	0.0739707	5.69103e-05
10036	1	100	26	500	0.178238	0.121586	0.063874	0.0577118	0.0566524	0.887991	0.0435427	1.06149	0.0557291	5.59489e-05
10037	1	100	20	500	0.162381	0.115255	0.0631772	0.0520778	0.0471256	0.890207	0.0450402	1.05907	0.0593235	5.46304e-05
10038	1	100	22	500	0.156004	0.113191	0.0624875	0.0507039	0.0428126	0.89614	0.0390613	1.06678	0.0499253	5.28891e-05
10039	1	100	21	500	0.161102	0.117842	0.0665632	0.0512789	0.0432596	0.888711	0.0455744	1.06191	0.0598558	5.46238e-05
10040	1	100	19	500	0.159854	0.118453	0.0671467	0.0513061	0.0414011	0.883724	0.0508608	1.05919	0.0680164	5.34688e-05
10041	1	100	20	500	0.173418	0.126817	0.0711502	0.0556669	0.046601	0.883519	0.0562521	1.04784	0.0685017	5.46827e-05
10042	1	100	25	500	0.193002	0.131202	0.0731947	0.0580075	0.0618001	0.875792	0.0645263	1.04824	0.0742785	5.50047e-05
10043	1	100	23	500	0.224456	0.146867	0.0828426	0.0640241	0.0775891	0.863603	0.0748227	1.04346	0.0886777	5.51456e-05
10044	1	100	23	500	0.197128	0.145847	0.0881901	0.0576571	0.0512813	0.850372	0.0871426	1.02506	0.107316	5.43349e-05
10045	1	100	24	500	0.25609	0.158603	0.0918438	0.0667593	0.0974864	0.854686	0.0863102	1.02266	0.0931586	5.26191e-05
10046	1	100	22	500	0.233394	0.157166	0.0962841	0.0608817	0.0762279	0.85598	0.0703107	1.0271	0.0834977	5.12838e-05
10047	1	100	24	500	0.222493	0.154942	0.0952191	0.0597229	0.0675512	0.859186	0.07019	1.02732	0.0844294	5.12583e-05
10048	1	100	22	500	0.212424	0.144862	0.0848417	0.0600204	0.067562	0.860093	0.0746137	1.03043	0.0843766	5.19639e-05
10049	1	100	26	500	0.287047	0.163316	0.0911314	0.0721848	0.123731	0.852923	0.0893079	1.01801	0.0950816	5.21949e-05
10050	1	100	20	500	0.243629	0.156514	0.0929926	0.0635209	0.0871152	0.850716	0.0741502	1.01674	0.0892117	5.19882e-05
10051	1	100	24	500	0.218899	0.143367	0.084094	0.0592734	0.0755317	0.869021	0.0679988	1.03976	0.0802609	5.27403e-05
10052	1	100	25	500	0.205724	0.136104	0.078989	0.0571151	0.0696197	0.872474	0.0689169	1.03954	0.0740341	5.01628e-05
10053	1	100	23	500	0.231379	0.149105	0.0883371	0.0607678	0.0822744	0.849211	0.128801	1.01857	0.148904	5.09311e-05
10054	1	100	25	500	0.210573	0.143627	0.0870636	0.0565633	0.0669462	0.864783	0.0675669	1.03839	0.0832283	5.05037e-05
10055	1	100	25	500	0.193574	0.133336	0.0811317	0.0522044	0.0602374	0.876179	0.0567344	1.05376	0.0644328	4.74647e-05
10056	1	100	24	500	0.22042	0.143037	0.0861293	0.0569079	0.0773832	0.873244	0.0553641	1.0537	0.064492	4.83067e-05
10057	1	100	23	500	0.219265	0.146833	0.0914107	0.0554227	0.0724316	0.85905	0.0676528	1.04192	0.078365	4.96605e-05
10058	1	100	23	500	0.233924	0.157111	0.0989476	0.0581633	0.0768134	0.858398	0.0577799	1.04375	0.0728267	5.11638e-05
10059	1	100	23	500	0.233281	0.157091	0.0976107	0.0594801	0.0761906	0.847701	0.0858484	1.02412	0.0990836	5.16102e-05
10060	1	100	23	500	0.226716	0.1619	0.105332	0.0565678	0.0648162	0.850391	0.0714138	1.03501	0.0759336	5.15073e-05
10061	1	100	25	500	0.230374	0.158319	0.100194	0.0581245	0.072055	0.860125	0.0622916	1.04058	0.0758706	5.19047e-05
10062	1	100	22	500	0.212166	0.145449	0.0904046	0.0550439	0.066717	0.863686	0.0601183	1.0404	0.0749927	5.12572e-05
10063	1	100	24	500	0.22627	0.155337	0.100076	0.0552616	0.0709329	0.852962	0.065275	1.03882	0.0821847	5.12147e-05
10064	1	100	23	500	0.237733	0.169436	0.112372	0.0570637	0.0682967	0.847992	0.0734449	1.027	0.0780098	5.25948e-05
10065	1	100	22	500	0.242526	0.166228	0.108653	0.0575743	0.0762978	0.854988	0.0639852	1.03623	0.0716927	5.24747e-05
10066	1	100	21	500	0.243285	0.170023	0.114175	0.0558486	0.0732612	0.84239	0.0820233	1.03042	0.0914178	5.16696e-05
10067	1	100	21	500	0.232952	0.163145	0.108858	0.0542875	0.069807	0.853034	0.0742051	1.04535	0.0757265	5.19213e-05
10068	1	100	21	500	0.227734	0.161287	0.108778	0.0525089	0.0664469	0.851549	0.0725186	1.04825	0.0697086	5.0402e-05
10069	1	100	23	500	0.207575	0.142681	0.0953968	0.0472846	0.0648939	0.859683	0.0778575	1.05393	0.0790957	4.71268e-05
10070	1	100	23	500	0.210445	0.140691	0.0915654	0.0491259	0.0697538	0.866685	0.0701452	1.05437	0.0547555	4.77437e-05
10071	1	100	24	500	0.229714	0.155444	0.102444	0.0529993	0.0742703	0.859102	0.061085	1.05194	0.0691986	5.00579e-05
10072	1	100	22	500	0.224086	0.148076	0.0973298	0.0507459	0.0760107	0.855619	0.0609095	1.04443	0.0762063	4.85064e-05
10073	1	100	25	500	0.24548	0.162679	0.105904	0.0567755	0.0828002	0.843735	0.0870117	1.02745	0.0983964	5.24301e-05
10074	1	100	24	500	0.253433	0.168194	0.110778	0.0574168	0.0852384	0.844374	0.07422	1.03132	0.0898782	5.26456e-05
10075	1	100	23	500	0.283704	0.185061	0.124559	0.0605026	0.0986423	0.833261	0.082067	1.02633	0.0965234	5.18776e-05
10076	1	100	21	500	0.254409	0.177828	0.122958	0.0548702	0.0765802	0.834974	0.0817776	1.03148	0.0981332	5.30193e-05
10077	1	100	22	500	0.250017	0.171542	0.116609	0.0549329	0.0784752	0.838618	0.0847237	1.03146	0.0945553	5.27555e-05
10078	1	100	22	500	0.265808	0.186728	0.130949	0.0557789	0.0790794	0.819736	0.0983532	1.01646	0.110068	5.27678e-05
10079	1	100	23	500	0.272467	0.205298	0.151434	0.0538641	0.0671688	0.806817	0.0873272	1.00416	0.0927828	5.24636e-05
10080	1	100	24	500	0.2729	0.215527	0.165711	0.0498166	0.0573728	0.806652	0.0810489	1.01422	0.0809313	5.0968e-05
10081	1	100	25	500	0.278551	0.220077	0.169966	0.0501106	0.0584736	0.802818	0.077328	1.01118	0.0804217	5.04514e-05
10082	1	100	24	500	0.261593	0.191695	0.137623	0.0540716	0.069898	0.826262	0.0753775	1.02621	0.0805403	5.2824e-05
10083	1	100	27	500	0.285539	0.220298	0.169183	0.051115	0.0652412	0.801136	0.0820462	1.00717	0.0812219	5.06661e-05
10084	1	100	24	500	0.264623	0.217445	0.171203	0.0462414	0.0471786	0.806758	0.0828712	1.01724	0.0847435	5.01303e-05
10085	1	100	23	500	0.275862	0.232104	0.187054	0.0450504	0.0437582	0.793521	0.0830236	1.00134	0.0821379	4.90035e-05
10086	1	100	21	500	0.30586	0.264307	0.222875	0.0414327	0.0415525	0.763784	0.0726837	0.971261	0.082272	4.4375e-05
10087	1	100	24	500	0.314518	0.267568	0.224337	0.0432311	0.0469501	0.762998	0.0724416	0.964445	0.0834683	4.4712e-05
10088	1	100	24	500	0.32521	0.285568	0.246544	0.0390244	0.039642	0.749325	0.0645625	0.956204	0.0737487	4.13799e-05
10089	1	100	24	500	0.311119	0.282185	0.245492	0.036693	0.0289347	0.75104	0.0633862	0.963691	0.0717276	4.15877e-05
10090	1	100	26	500	0.31586	0.285468	0.250037	0.035431	0.0303916	0.747397	0.0635901	0.953539	0.0744419	4.06286e-05
10091	1	100	25	500	0.311753	0.278376	0.24003	0.0383462	0.0333763	0.749851	0.0630428	0.952482	0.0726441	4.30987e-05
10092	1	100	24	500	0.3128	0.276799	0.237585	0.0392137	0.0360013	0.754249	0.0702497	0.956322	0.0814872	4.4105e-05
10093	1	100	26	500	0.319267	0.28175	0.24266	0.03909	0.0375174	0.752153	0.062076	0.945856	0.0697328	4.26952e-05
10094	1	100	25	500	0.313468	0.268903	0.227204	0.0416998	0.0445641	0.761149	0.0758346	0.955826	0.0839431	4.52918e-05
10095	1	100	26	500	0.308052	0.266048	0.225583	0.040465	0.0420042	0.765211	0.0760597	0.961277	0.0816838	4.55523e-05
10096	1	100	27	500	0.314589	0.277581	0.240092	0.0374891	0.0370076	0.753048	0.0725807	0.955061	0.0741329	4.34625e-05
10097	1	100	24	500	0.313362	0.280668	0.244782	0.0358862	0.0326944	0.753985	0.0682582	0.963019	0.0741476	4.26882e-05
10098	1	100	21	500	0.31633	0.291872	0.260234	0.0316381	0.0244577	0.742325	0.0622458	0.96322	0.0732121	4.04265e-05
10099	1	100	24	500	0.339286	0.314445	0.286177	0.028268	0.0248408	0.725504	0.0469732	0.947759	0.0504884	3.50631e-05
10100	1	100	21	500	0.326452	0.307935	0.280561	0.0273745	0.018517	0.727551	0.0518112	0.951964	0.0595348	3.59409e-05
10101	1	100	25	500	0.33364	0.306313	0.27616	0.0301526	0.0273275	0.729871	0.0595856	0.950012	0.0583489	3.74183e-05
