Generation	PopulationID	SampleSize	UniqueMutations	PopulationSize	totalLoad	RelzLoad	RelzLoadHomo	RelzLoadHetero	MskLoad	MeanFitness	SdFitness	MeanFitnessCached	SdFitnessCached	Heterozygosity	
10001	1	100	42	500	0.404199	0.384999	0.315599	0.0693991	0.0192006	0.652021	0.0469852	1.40719	0.0816133	1.9347e-05
10002	1	100	28	500	0.425219	0.401988	0.321805	0.0801831	0.0232317	0.642735	0.0452795	1.42804	0.0816851	1.96038e-05
10003	1	100	26	500	0.439359	0.410913	0.328537	0.0823762	0.0284466	0.635635	0.0490554	1.43009	0.0900151	1.9021e-05
10004	1	100	21	500	0.446445	0.423032	0.346042	0.0769898	0.0234134	0.625938	0.0434843	1.44666	0.0844662	1.75354e-05
10005	1	100	20	500	0.471195	0.437869	0.358039	0.0798305	0.0333255	0.616357	0.0491803	1.45428	0.083307	1.67293e-05
10006	1	100	23	500	0.483622	0.444696	0.353055	0.0916403	0.0389261	0.611844	0.0623844	1.45463	0.124053	1.63483e-05
10007	1	100	22	500	0.452996	0.424412	0.319091	0.105321	0.028584	0.625732	0.0491591	1.44144	0.104805	1.84899e-05
10008	1	100	24	500	0.456496	0.427658	0.320533	0.107125	0.0288375	0.624674	0.0466328	1.45387	0.0968811	1.89302e-05
10009	1	100	20	500	0.457895	0.432398	0.334939	0.0974592	0.0254968	0.621904	0.0456195	1.46429	0.0953725	1.88265e-05
10010	1	100	24	500	0.458142	0.431626	0.332653	0.0989732	0.0265159	0.622542	0.0465314	1.46266	0.0932956	1.89064e-05
10011	1	100	20	500	0.480735	0.442096	0.344316	0.09778	0.0386391	0.613398	0.0496569	1.45734	0.10683	1.90965e-05
10012	1	100	24	500	0.491523	0.446919	0.343854	0.103066	0.044604	0.613995	0.0502078	1.46403	0.0961649	1.9588e-05
10013	1	100	20	500	0.485791	0.442407	0.324956	0.117452	0.0433835	0.615166	0.0537887	1.45272	0.118634	2.11879e-05
10014	1	100	22	500	0.498091	0.441008	0.327804	0.113205	0.0570824	0.617078	0.0547093	1.4398	0.105445	2.17798e-05
10015	1	100	18	500	0.228446	0.184594	0.0938548	0.0907388	0.0438525	0.826425	0.0584891	1.15568	0.0699913	2.04624e-05
10016	1	100	19	500	0.255907	0.186199	0.0933181	0.0928813	0.0697074	0.826132	0.0618481	1.13733	0.0772199	2.03285e-05
10017	1	100	19	500	0.255095	0.187277	0.10671	0.0805679	0.0678174	0.822157	0.0660261	1.12872	0.0834166	2.02044e-05
10018	1	100	21	500	0.291939	0.191127	0.105012	0.0861151	0.100812	0.822372	0.0712081	1.11694	0.102677	1.99814e-05
10019	1	100	19	500	0.310056	0.197975	0.115391	0.0825844	0.112081	0.82049	0.0638178	1.11291	0.0934293	1.93504e-05
10020	1	100	17	500	0.317501	0.206249	0.126643	0.0796055	0.111252	0.811508	0.0604372	1.11861	0.0914282	1.85772e-05
10021	1	100	15	500	0.280009	0.207501	0.13965	0.0678513	0.072508	0.810306	0.0578601	1.14296	0.0723494	1.93238e-05
10022	1	100	17	500	0.314857	0.229907	0.162679	0.0672277	0.0849501	0.790985	0.0591876	1.14551	0.0902872	1.85574e-05
10023	1	100	15	500	0.348749	0.247137	0.175146	0.0719914	0.101611	0.77775	0.0712536	1.1332	0.0998904	1.79326e-05
10024	1	100	15	500	0.320261	0.235156	0.166899	0.0682567	0.0851048	0.778384	0.0797947	1.14241	0.123905	1.75658e-05
10025	1	100	15	500	0.335369	0.241075	0.17409	0.0669847	0.094294	0.778022	0.0709491	1.13708	0.105454	1.64457e-05
10026	1	100	15	500	0.34352	0.245526	0.177665	0.0678612	0.097994	0.769785	0.0864168	1.13056	0.136002	1.77489e-05
10027	1	100	21	500	0.357658	0.251253	0.180993	0.0702594	0.106405	0.76301	0.106031	1.11679	0.171196	1.82082e-05
10028	1	100	19	500	0.332474	0.242977	0.180403	0.0625734	0.0894974	0.775688	0.0628236	1.14578	0.0900404	1.7654e-05
10029	1	100	19	500	0.256711	0.155509	0.0886378	0.0668716	0.101202	0.854091	0.0764625	1.03624	0.0957007	1.77479e-05
10030	1	100	18	500	0.256302	0.155102	0.0880445	0.0670578	0.1012	0.840089	0.105638	1.02166	0.138481	1.75467e-05
10031	1	100	19	500	0.235584	0.147721	0.0859476	0.0617735	0.0878631	0.85971	0.0661692	1.04629	0.0712984	1.69784e-05
10032	1	100	16	500	0.222211	0.143735	0.0874041	0.0563305	0.0784767	0.852486	0.0864306	1.04546	0.107802	1.58697e-05
10033	1	100	17	500	0.226318	0.144391	0.0867607	0.0576298	0.0819277	0.851092	0.0844072	1.03771	0.103082	1.65233e-05
10034	1	100	20	500	0.244387	0.150366	0.0888737	0.0614922	0.0940216	0.862322	0.0566463	1.054	0.0558599	1.72281e-05
10035	1	100	19	500	0.259628	0.154711	0.0864524	0.0682586	0.104917	0.856156	0.0805028	1.0278	0.0941727	1.82917e-05
10036	1	100	20	500	0.277095	0.164714	0.0959623	0.0687522	0.11238	0.848156	0.0879907	1.0319	0.107361	1.84099e-05
10037	1	100	21	500	0.290043	0.170412	0.10108	0.0693325	0.119631	0.837208	0.0852859	1.02656	0.101837	1.7675e-05
10038	1	100	24	500	0.297188	0.168787	0.0999303	0.0688568	0.128401	0.836918	0.0785788	1.03001	0.099905	1.70802e-05
10039	1	100	19	500	0.283213	0.163524	0.0961862	0.067338	0.119689	0.840613	0.07067	1.03378	0.0879261	1.6806e-05
10040	1	100	24	500	0.279276	0.159593	0.0899294	0.0696636	0.119683	0.843754	0.0886865	1.02949	0.113064	1.77449e-05
10041	1	100	19	500	0.289947	0.160896	0.0897569	0.071139	0.129051	0.859128	0.0535701	1.04205	0.0555121	1.7038e-05
10042	1	100	22	500	0.294821	0.158858	0.0849208	0.0739368	0.135963	0.847843	0.0769353	1.01852	0.101388	1.67719e-05
10043	1	100	25	500	0.265777	0.147053	0.0777944	0.0692588	0.118724	0.864294	0.0674804	1.03131	0.103065	1.6962e-05
10044	1	100	24	500	0.275208	0.147464	0.0758812	0.0715823	0.127744	0.85942	0.0615559	1.0091	0.0866081	1.69413e-05
10045	1	100	19	500	0.26826	0.142792	0.0714449	0.0713475	0.125468	0.86697	0.0468721	1.00835	0.0855974	1.75144e-05
10046	1	100	19	500	0.26902	0.144867	0.0736439	0.0712228	0.124153	0.862293	0.0653334	1.01204	0.0963819	1.82134e-05
10047	1	100	21	500	0.293085	0.155213	0.0797268	0.0754865	0.137872	0.849858	0.0940464	0.996192	0.112789	1.92792e-05
10048	1	100	20	500	0.297932	0.157099	0.080353	0.0767459	0.140833	0.86424	0.0622849	1.0136	0.0813179	1.94116e-05
10049	1	100	18	500	0.296929	0.158923	0.0827862	0.0761366	0.138006	0.841044	0.100146	0.993086	0.128388	1.98145e-05
10050	1	100	19	500	0.295576	0.159773	0.0846377	0.0751351	0.135804	0.855692	0.0730725	1.01522	0.088308	1.99715e-05
10051	1	100	17	500	0.286673	0.158427	0.0842174	0.0742093	0.128246	0.846956	0.0821253	1.00228	0.107663	2.03846e-05
10052	1	100	17	500	0.288157	0.162606	0.0923378	0.0702679	0.125551	0.851722	0.0523033	1.03223	0.0665134	1.98043e-05
10053	1	100	20	500	0.275041	0.151979	0.0805189	0.0714597	0.123063	0.840416	0.103637	1.00476	0.135772	1.97144e-05
10054	1	100	20	500	0.278268	0.156503	0.0839779	0.072525	0.121765	0.850958	0.0920023	1.01608	0.123928	2.06909e-05
10055	1	100	22	500	0.28989	0.166947	0.0945926	0.0723542	0.122943	0.836689	0.107343	1.01606	0.142653	2.16178e-05
10056	1	100	17	500	0.248623	0.152368	0.0920995	0.0602686	0.0962548	0.852508	0.073423	1.04959	0.0975829	2.01565e-05
10057	1	100	18	500	0.252894	0.15307	0.0919951	0.0610753	0.0998233	0.857697	0.0487059	1.05305	0.0636154	2.05665e-05
10058	1	100	20	500	0.284411	0.165791	0.0971868	0.0686039	0.11862	0.844034	0.085993	1.03168	0.116228	2.19999e-05
10059	1	100	17	500	0.29349	0.174277	0.107628	0.0666498	0.119212	0.832115	0.112257	1.02473	0.143776	2.20938e-05
10060	1	100	16	500	0.284253	0.165873	0.0982069	0.0676665	0.11838	0.829646	0.111698	1.01865	0.151032	2.16381e-05
10061	1	100	17	500	0.273092	0.166295	0.105239	0.0610563	0.106796	0.843739	0.0874732	1.04381	0.102543	2.17797e-05
10062	1	100	18	500	0.271461	0.153676	0.0837565	0.0699194	0.117785	0.839428	0.107671	1.00814	0.137441	2.20626e-05
10063	1	100	19	500	0.283759	0.158878	0.086317	0.0725607	0.124881	0.845822	0.0986634	1.01328	0.124621	2.25696e-05
10064	1	100	21	500	0.29365	0.166589	0.0943134	0.0722752	0.127061	0.833879	0.106625	1.00386	0.126015	2.26831e-05
10065	1	100	20	500	0.308692	0.175136	0.104657	0.0704792	0.133556	0.837217	0.0936008	1.02704	0.115763	2.28642e-05
10066	1	100	20	500	0.280083	0.167143	0.104376	0.0627667	0.11294	0.845464	0.0583808	1.04532	0.0624283	2.14217e-05
10067	1	100	17	500	0.26772	0.160946	0.0993056	0.0616409	0.106774	0.839313	0.0795229	1.03343	0.0992153	2.12231e-05
10068	1	100	19	500	0.255018	0.16377	0.111896	0.051874	0.091248	0.848795	0.0591779	1.05653	0.0521535	1.95954e-05
10069	1	100	21	500	0.26955	0.168898	0.115708	0.0531899	0.100652	0.843312	0.0626784	1.05896	0.0762543	2.04007e-05
10070	1	100	18	500	0.291582	0.171333	0.108026	0.063307	0.120249	0.844777	0.0535757	1.04505	0.0612168	2.16683e-05
10071	1	100	20	500	0.31154	0.188653	0.129618	0.0590347	0.122887	0.822299	0.0890751	1.02799	0.0911152	2.05839e-05
10072	1	100	22	500	0.305258	0.186348	0.130384	0.0559639	0.11891	0.822538	0.096529	1.03133	0.111053	1.99892e-05
10073	1	100	18	500	0.281319	0.164305	0.100796	0.0635094	0.117014	0.841463	0.0728797	1.02396	0.0815879	2.08161e-05
10074	1	100	22	500	0.299364	0.17436	0.110535	0.0638253	0.125004	0.844444	0.059063	1.03808	0.0622519	2.10736e-05
10075	1	100	21	500	0.278688	0.163981	0.10193	0.0620515	0.114707	0.839892	0.104691	1.02342	0.111182	2.08088e-05
10076	1	100	19	500	0.279703	0.16614	0.107333	0.0588072	0.113563	0.850719	0.051302	1.0493	0.0655151	2.04437e-05
10077	1	100	22	500	0.25236	0.153475	0.0974562	0.0560193	0.0988849	0.851864	0.0646125	1.05096	0.0836692	2.09693e-05
10078	1	100	22	500	0.23896	0.150994	0.0969244	0.0540693	0.0879662	0.853917	0.0527708	1.04999	0.0675335	2.08988e-05
10079	1	100	24	500	0.22815	0.147882	0.094724	0.0531575	0.0802689	0.855347	0.0526756	1.04624	0.0721573	2.07087e-05
10080	1	100	22	500	0.239756	0.151289	0.0968615	0.0544274	0.0884667	0.851449	0.0531373	1.04605	0.0779317	2.08059e-05
10081	1	100	22	500	0.244203	0.152841	0.0988308	0.0540101	0.0913624	0.858571	0.0538665	1.05374	0.0573292	2.10433e-05
10082	1	100	23	500	0.261408	0.158124	0.100562	0.0575617	0.103284	0.85113	0.0541597	1.04231	0.0659918	2.13523e-05
10083	1	100	18	500	0.264322	0.161061	0.103754	0.057307	0.103261	0.841549	0.0800777	1.02834	0.0887109	2.12693e-05
10084	1	100	21	500	0.277574	0.160877	0.0972436	0.0636334	0.116697	0.84751	0.0588189	1.02223	0.0724285	2.1964e-05
10085	1	100	22	500	0.302852	0.166853	0.0980266	0.0688264	0.135999	0.855142	0.0463502	1.03524	0.0665579	2.29703e-05
10086	1	100	23	500	0.299162	0.166475	0.0993523	0.0671226	0.132687	0.844609	0.0633132	1.03243	0.0877162	2.37131e-05
10087	1	100	23	500	0.297721	0.170023	0.105684	0.0643386	0.127698	0.838565	0.0803695	1.03086	0.096662	2.32587e-05
10088	1	100	23	500	0.275669	0.158993	0.0930101	0.0659831	0.116676	0.844682	0.0594642	1.02213	0.0771502	2.39516e-05
10089	1	100	25	500	0.303905	0.168453	0.0966436	0.0718096	0.135452	0.848551	0.0570334	1.02748	0.0699265	2.50437e-05
10090	1	100	27	500	0.331549	0.177654	0.099497	0.0781573	0.153895	0.823895	0.0879199	1.00042	0.113229	2.56796e-05
10091	1	100	26	500	0.32504	0.17361	0.0960984	0.0775111	0.151431	0.820124	0.131062	0.991251	0.144905	2.57893e-05
10092	1	100	28	500	0.30548	0.165522	0.090813	0.074709	0.139958	0.842318	0.0980006	1.01494	0.116981	2.54592e-05
10093	1	100	25	500	0.338924	0.17536	0.0923669	0.082993	0.163564	0.841874	0.0930274	1.00975	0.109192	2.76862e-05
10094	1	100	24	500	0.334654	0.171953	0.091125	0.0808283	0.162701	0.846812	0.0608506	0.999256	0.100869	2.68503e-05
10095	1	100	24	500	0.327191	0.169193	0.0901643	0.0790288	0.157998	0.840709	0.102426	0.991917	0.114136	2.70697e-05
10096	1	100	21	500	0.326407	0.168798	0.0901545	0.078643	0.15761	0.835907	0.105653	0.994814	0.128164	2.67243e-05
10097	1	100	21	500	0.329294	0.169825	0.0905613	0.0792637	0.159469	0.844851	0.0707712	1.00601	0.0979382	2.66094e-05
10098	1	100	19	500	0.317397	0.165781	0.0890806	0.0767004	0.151616	0.846402	0.0917332	1.01259	0.117336	2.65888e-05
10099	1	100	21	500	0.286126	0.150844	0.0769933	0.0738508	0.135282	0.864188	0.0613492	1.02395	0.0937973	2.63949e-05
10100	1	100	25	500	0.281476	0.150786	0.0783524	0.072434	0.130689	0.854611	0.0661704	1.01304	0.10342	2.62788e-05
10101	1	100	23	500	0.283236	0.147205	0.0723629	0.0748424	0.136031	0.863349	0.0796369	1.00653	0.115954	2.72279e-05
