Generation	PopulationID	SampleSize	UniqueMutations	PopulationSize	totalLoad	RelzLoad	RelzLoadHomo	RelzLoadHetero	MskLoad	MeanFitness	SdFitness	MeanFitnessCached	SdFitnessCached	Heterozygosity	
10001	1	100	57	500	0.0948259	0.0781475	0.0296068	0.0485408	0.0166783	0.922828	0.0361048	1.06608	0.0402931	4.37886e-05
10002	1	100	38	500	0.0995745	0.0808969	0.0299084	0.0509885	0.0186776	0.921598	0.0293583	1.06628	0.0349451	4.27849e-05
10003	1	100	36	500	0.0898987	0.0740376	0.0260791	0.0479586	0.0158611	0.927921	0.0315325	1.06015	0.0320379	4.31606e-05
10004	1	100	35	500	0.0967498	0.0769484	0.0265194	0.050429	0.0198014	0.924995	0.0303369	1.06148	0.0311018	4.30676e-05
10005	1	100	32	500	0.10477	0.079384	0.0288312	0.0505528	0.0253864	0.922314	0.0326348	1.05913	0.039296	4.34145e-05
10006	1	100	33	500	0.114179	0.0846109	0.0292542	0.0553567	0.0295682	0.915423	0.045301	1.0611	0.0554763	4.25637e-05
10007	1	100	31	500	0.109908	0.0828853	0.0284908	0.0543945	0.0270222	0.91795	0.0435181	1.06095	0.0477584	4.40704e-05
10008	1	100	29	500	0.101146	0.0771866	0.0273204	0.0498662	0.0239595	0.925472	0.0273703	1.05958	0.0300423	4.35341e-05
10009	1	100	27	500	0.101731	0.072952	0.0239285	0.0490235	0.0287795	0.931312	0.02806	1.05404	0.0290292	4.45203e-05
10010	1	100	26	500	0.0983236	0.0704308	0.0212643	0.0491666	0.0278928	0.931898	0.0382307	1.05036	0.040163	4.4576e-05
10011	1	100	28	500	0.113551	0.0798397	0.0269387	0.052901	0.0337109	0.925771	0.0334453	1.05582	0.0327634	4.53037e-05
10012	1	100	31	500	0.123147	0.0819429	0.0255709	0.0563719	0.041204	0.918111	0.0515605	1.04502	0.0582153	4.53348e-05
10013	1	100	27	500	0.118693	0.0812245	0.022814	0.0584105	0.0374684	0.922193	0.0441665	1.05487	0.0549764	4.42795e-05
10014	1	100	24	500	0.115128	0.0831101	0.0264446	0.0566655	0.0320178	0.919789	0.0491755	1.05296	0.0564179	4.4813e-05
10015	1	100	25	500	0.13176	0.0943438	0.0372245	0.0571193	0.0374166	0.913509	0.0394744	1.05776	0.0498712	4.28804e-05
10016	1	100	25	500	0.146986	0.103359	0.0453379	0.0580211	0.0436269	0.907587	0.0465523	1.05243	0.0573053	4.07586e-05
10017	1	100	23	500	0.141827	0.101008	0.0395253	0.0614826	0.040819	0.904845	0.05319	1.05592	0.0666714	4.08288e-05
10018	1	100	23	500	0.151251	0.107393	0.0398232	0.06757	0.0438577	0.8975	0.0587891	1.06058	0.0631064	4.04324e-05
10019	1	100	23	500	0.137118	0.0987079	0.0352049	0.0635029	0.0384098	0.901703	0.058889	1.05723	0.0770698	4.09752e-05
10020	1	100	24	500	0.1398	0.10333	0.0344746	0.068855	0.0364708	0.900624	0.0548729	1.07137	0.0686721	4.04941e-05
10021	1	100	24	500	0.122933	0.0911659	0.0317121	0.0594538	0.031767	0.914712	0.0370254	1.06611	0.0423097	4.14668e-05
10022	1	100	21	500	0.123497	0.0887744	0.0343204	0.0544541	0.0347228	0.91133	0.0497004	1.05117	0.0611678	4.00421e-05
10023	1	100	21	500	0.114407	0.0867463	0.030995	0.0557513	0.0276603	0.917052	0.0365814	1.06739	0.0419415	3.94177e-05
10024	1	100	20	500	0.122696	0.0903311	0.0315196	0.0588115	0.0323652	0.912793	0.0422295	1.06157	0.0512212	4.15252e-05
10025	1	100	22	500	0.1237	0.0892347	0.0326931	0.0565416	0.0344651	0.913352	0.0474314	1.05536	0.0577227	3.90882e-05
10026	1	100	22	500	0.127437	0.0914807	0.0333735	0.0581072	0.0359565	0.907322	0.0543847	1.04947	0.0708865	4.02676e-05
10027	1	100	23	500	0.121258	0.0904704	0.0332568	0.0572137	0.0307873	0.908683	0.0516844	1.05767	0.0655156	3.89339e-05
10028	1	100	21	500	0.125104	0.0927304	0.0326021	0.0601283	0.0323732	0.912563	0.038931	1.06622	0.046785	4.01216e-05
10029	1	100	21	500	0.124557	0.0892181	0.0298578	0.0593603	0.0353388	0.918247	0.0401962	1.06129	0.0455505	4.0531e-05
10030	1	100	24	500	0.12003	0.086284	0.0339225	0.0523615	0.0337462	0.918907	0.036802	1.05432	0.0471086	3.92579e-05
10031	1	100	23	500	0.124003	0.0876351	0.0346554	0.0529797	0.0363679	0.91245	0.0507716	1.04752	0.0608964	4.10875e-05
10032	1	100	23	500	0.130922	0.0913716	0.0359841	0.0553875	0.0395502	0.913839	0.0458638	1.04923	0.0565622	4.10666e-05
10033	1	100	22	500	0.125421	0.091028	0.0352959	0.0557321	0.0343932	0.909002	0.0520224	1.05366	0.065071	3.85337e-05
10034	1	100	23	500	0.132764	0.091825	0.0382497	0.0535753	0.0409392	0.916869	0.0405804	1.04734	0.048646	3.93215e-05
10035	1	100	23	500	0.127304	0.0894576	0.03676	0.0526976	0.0378465	0.914426	0.0460274	1.04792	0.0562507	3.99904e-05
10036	1	100	21	500	0.127317	0.0933648	0.0393187	0.0540461	0.0339524	0.90801	0.0471465	1.05695	0.0631914	3.91537e-05
10037	1	100	20	500	0.135618	0.0994666	0.0446141	0.0548525	0.0361509	0.906645	0.038	1.0631	0.05113	3.75791e-05
10038	1	100	20	500	0.12809	0.0947256	0.0424393	0.0522862	0.0333647	0.910939	0.0346677	1.06496	0.046814	3.75968e-05
10039	1	100	20	500	0.113725	0.0917275	0.0447426	0.0469849	0.0219971	0.911012	0.0310684	1.07674	0.0409595	3.34811e-05
10040	1	100	21	500	0.110966	0.0881431	0.0361798	0.0519633	0.0228227	0.916569	0.0270444	1.07387	0.0358674	3.62344e-05
10041	1	100	21	500	0.102829	0.0867547	0.0364073	0.0503474	0.0160741	0.91643	0.0257395	1.07837	0.0323898	3.48325e-05
10042	1	100	23	500	0.0984001	0.0845292	0.0359119	0.0486173	0.0138708	0.915937	0.0305391	1.0755	0.0451547	3.26562e-05
10043	1	100	21	500	0.0896673	0.0778675	0.034239	0.0436285	0.0117997	0.924395	0.0257144	1.07235	0.029838	3.34398e-05
10044	1	100	23	500	0.0971699	0.0802048	0.0345147	0.0456901	0.0169651	0.922338	0.0285666	1.07197	0.033834	3.35747e-05
10045	1	100	23	500	0.097817	0.0829955	0.0339183	0.0490771	0.0148215	0.918797	0.0293257	1.07566	0.0390918	3.36816e-05
10046	1	100	24	500	0.0892764	0.0804623	0.0333649	0.0470975	0.00881406	0.921528	0.0257011	1.07729	0.0288941	3.59075e-05
10047	1	100	25	500	0.097531	0.0865657	0.033236	0.0533297	0.0109653	0.915891	0.0310924	1.08175	0.0338588	3.73308e-05
10048	1	100	22	500	0.0907299	0.0828832	0.0325692	0.050314	0.0078467	0.91956	0.0306219	1.07983	0.0324585	3.72717e-05
10049	1	100	17	500	0.089559	0.0817759	0.0295888	0.0521871	0.00778311	0.919484	0.0360515	1.07647	0.0362589	3.89002e-05
10050	1	100	25	500	0.0957116	0.0850614	0.0339348	0.0511265	0.0106503	0.917967	0.0309255	1.08029	0.0343684	3.85412e-05
10051	1	100	19	500	0.101945	0.0917874	0.0454274	0.04636	0.0101577	0.911438	0.0270027	1.08733	0.029119	3.58847e-05
10052	1	100	20	500	0.112375	0.0978891	0.0490074	0.0488816	0.0144864	0.905447	0.0223261	1.09042	0.0262132	3.56065e-05
10053	1	100	21	500	0.105179	0.0961616	0.0506652	0.0454964	0.00901728	0.906851	0.0211054	1.09269	0.0224097	3.44543e-05
10054	1	100	17	500	0.0992439	0.091425	0.0499888	0.0414362	0.00781884	0.910785	0.0202182	1.08772	0.0249349	3.48283e-05
10055	1	100	20	500	0.0935872	0.0872061	0.0466625	0.0405435	0.00638109	0.915154	0.0205955	1.08511	0.0220146	3.48108e-05
10056	1	100	18	500	0.0974562	0.0883268	0.052393	0.0359338	0.00912942	0.912887	0.0201383	1.08337	0.0290558	3.04903e-05
10057	1	100	17	500	0.0972168	0.087149	0.05235	0.034799	0.0100678	0.914979	0.0223872	1.08186	0.0253796	3.14313e-05
10058	1	100	18	500	0.0985354	0.0886291	0.0573861	0.031243	0.0099064	0.91366	0.0184794	1.08395	0.0235817	2.81964e-05
10059	1	100	17	500	0.0981497	0.0867237	0.0523781	0.0343456	0.011426	0.915766	0.0197026	1.08178	0.0246465	3.04145e-05
10060	1	100	15	500	0.0986092	0.0878874	0.055387	0.0325004	0.0107218	0.91446	0.0202818	1.08322	0.0261215	2.86158e-05
10061	1	100	14	500	0.0912235	0.0851991	0.0532855	0.0319136	0.00602439	0.915975	0.0228784	1.08219	0.0286732	2.91386e-05
10062	1	100	14	500	0.0925654	0.0875002	0.0593299	0.0281703	0.00506515	0.912646	0.027496	1.08425	0.0328396	2.59462e-05
10063	1	100	12	500	0.0823785	0.0800708	0.0524544	0.0276165	0.00230762	0.921012	0.0204601	1.07971	0.0247491	2.67592e-05
10064	1	100	14	500	0.0901432	0.0808347	0.0487508	0.0320839	0.0093085	0.920698	0.0221766	1.07646	0.0242132	2.98792e-05
10065	1	100	14	500	0.0927894	0.0832234	0.0543066	0.0289168	0.00956604	0.918833	0.0158875	1.07937	0.0218195	2.56902e-05
10066	1	100	17	500	0.102051	0.0843999	0.0549932	0.0294067	0.017651	0.918243	0.02116	1.07515	0.0275612	2.38481e-05
10067	1	100	16	500	0.116791	0.0895538	0.059425	0.0301288	0.0272376	0.912228	0.0377825	1.06973	0.0507701	2.20087e-05
10068	1	100	14	500	0.101779	0.08602	0.0552251	0.030795	0.0157592	0.91634	0.0206581	1.07794	0.0257291	2.5153e-05
10069	1	100	14	500	0.106016	0.0851845	0.0526027	0.0325817	0.0208312	0.917501	0.0232176	1.07494	0.0312253	2.60225e-05
10070	1	100	20	500	0.10723	0.0874157	0.0572215	0.0301942	0.0198144	0.914822	0.0219379	1.07771	0.0330342	2.44228e-05
10071	1	100	18	500	0.103113	0.0844967	0.0546503	0.0298464	0.018616	0.912878	0.0463122	1.07021	0.0599618	2.43347e-05
10072	1	100	16	500	0.0952195	0.0806335	0.0528925	0.027741	0.0145859	0.92143	0.0190199	1.07278	0.024503	2.41682e-05
10073	1	100	15	500	0.10463	0.08689	0.0586829	0.028207	0.0177403	0.91378	0.0352163	1.07483	0.0444844	2.32818e-05
10074	1	100	14	500	0.10363	0.0845962	0.0526192	0.031977	0.0190337	0.918702	0.0200221	1.07408	0.0270771	2.74686e-05
10075	1	100	14	500	0.115632	0.0916316	0.0582441	0.0333875	0.0240008	0.912371	0.0196935	1.07712	0.0282154	2.72342e-05
10076	1	100	12	500	0.119291	0.0901814	0.0550064	0.0351751	0.0291098	0.914964	0.0194464	1.07118	0.0239297	2.75835e-05
10077	1	100	14	500	0.122047	0.0916062	0.0554821	0.0361241	0.0304407	0.911575	0.0335111	1.06976	0.0470937	2.86685e-05
10078	1	100	13	500	0.104835	0.0885568	0.0564843	0.0320725	0.0162784	0.913703	0.0213496	1.07993	0.0288533	2.80985e-05
10079	1	100	15	500	0.116031	0.0920479	0.0596031	0.0324449	0.0239827	0.907609	0.0435882	1.07355	0.0573866	2.71945e-05
10080	1	100	12	500	0.109351	0.0914414	0.0586462	0.0327951	0.0179093	0.911561	0.0217714	1.08238	0.0240974	2.87209e-05
10081	1	100	14	500	0.105483	0.0937349	0.067824	0.0259109	0.0117483	0.908675	0.0199768	1.08873	0.0248971	2.47161e-05
10082	1	100	13	500	0.0981704	0.0920363	0.0710683	0.0209681	0.00613409	0.90989	0.0194514	1.09025	0.0232103	2.1679e-05
10083	1	100	14	500	0.0964487	0.0909794	0.0649851	0.0259943	0.00546936	0.910969	0.0185164	1.08952	0.022196	2.59669e-05
10084	1	100	11	500	0.100543	0.091286	0.0638126	0.0274734	0.00925672	0.910874	0.0219839	1.08816	0.0271377	2.62476e-05
10085	1	100	13	500	0.101802	0.0937307	0.0664414	0.0272893	0.00807167	0.908688	0.0200685	1.09111	0.0256039	2.69166e-05
10086	1	100	11	500	0.0504146	0.0427633	0.0202702	0.0224931	0.00765123	0.954656	0.0380882	1.0359	0.0461169	2.30629e-05
10087	1	100	11	500	0.0601664	0.0470361	0.0213102	0.0257259	0.0131303	0.953445	0.0227255	1.03918	0.0294446	2.45196e-05
10088	1	100	11	500	0.0566633	0.0425465	0.017287	0.0252596	0.0141167	0.95802	0.0230376	1.0347	0.0262634	2.33596e-05
10089	1	100	11	500	0.0743496	0.049248	0.0216955	0.0275526	0.0251015	0.952961	0.0268064	1.03362	0.0340716	2.302e-05
10090	1	100	9	500	0.0751954	0.0494354	0.0228968	0.0265386	0.02576	0.94789	0.0461438	1.02946	0.0571949	2.23152e-05
10091	1	100	10	500	0.0803042	0.0498926	0.0220134	0.0278791	0.0304116	0.95252	0.0277713	1.03152	0.0317203	2.25035e-05
10092	1	100	9	500	0.0698437	0.0474219	0.0217469	0.0256751	0.0224218	0.95405	0.0247834	1.0347	0.0312536	2.22086e-05
10093	1	100	7	500	0.0629009	0.0446314	0.0196363	0.024995	0.0182695	0.956187	0.0297356	1.03502	0.0338151	2.19517e-05
10094	1	100	8	500	0.0620225	0.0455814	0.0209659	0.0246154	0.0164411	0.955101	0.0243357	1.03689	0.0317001	2.16748e-05
10095	1	100	5	500	0.0699185	0.0471415	0.0225773	0.0245642	0.022777	0.949497	0.049005	1.02943	0.0583015	2.10909e-05
10096	1	100	8	500	0.0711782	0.048046	0.0231373	0.0249087	0.0231323	0.953259	0.0245268	1.03478	0.031274	2.09917e-05
10097	1	100	7	500	0.0660541	0.0482173	0.0255682	0.0226491	0.0178369	0.952591	0.026669	1.03812	0.0300485	2.0098e-05
10098	1	100	9	500	0.0627686	0.0491718	0.0286013	0.0205705	0.0135968	0.950194	0.0310383	1.04113	0.0356918	2.04716e-05
10099	1	100	6	500	0.0608502	0.0464168	0.0252713	0.0211455	0.0144334	0.954325	0.0256635	1.03832	0.0290492	2.11222e-05
10100	1	100	10	500	0.0622076	0.0464384	0.0242931	0.0221454	0.0157692	0.954185	0.0233388	1.03777	0.0277357	2.15567e-05
10101	1	100	9	500	0.0593707	0.0471036	0.0243917	0.0227118	0.0122671	0.953591	0.0248752	1.04056	0.02941	2.26821e-05
