Generation	PopulationID	SampleSize	UniqueMutations	PopulationSize	totalLoad	RelzLoad	RelzLoadHomo	RelzLoadHetero	MskLoad	MeanFitness	SdFitness	MeanFitnessCached	SdFitnessCached	Heterozygosity	
10001	1	100	52	500	0.419146	0.412525	0.348399	0.0641261	0.00662091	0.648995	0.046434	1.47993	0.0899503	3.29541e-05
10002	1	100	33	500	0.32479	0.309967	0.241515	0.0684516	0.0148236	0.72395	0.0487326	1.33704	0.0832966	3.37488e-05
10003	1	100	32	500	0.316191	0.308319	0.240291	0.0680275	0.00787164	0.724511	0.0468068	1.33848	0.074861	3.42587e-05
10004	1	100	29	500	0.322577	0.312204	0.243672	0.0685328	0.010373	0.722537	0.0518814	1.34358	0.0855961	3.30042e-05
10005	1	100	29	500	0.316747	0.301408	0.221354	0.0800538	0.0153393	0.731063	0.0527749	1.32579	0.0861499	3.53188e-05
10006	1	100	31	500	0.323867	0.301586	0.214626	0.0869602	0.0222807	0.731622	0.0579826	1.32123	0.0938933	3.73083e-05
10007	1	100	26	500	0.30998	0.287804	0.198426	0.0893783	0.0221757	0.741751	0.0582153	1.30268	0.0965713	3.94702e-05
10008	1	100	26	500	0.320693	0.296234	0.208099	0.0881349	0.0244594	0.73626	0.0601774	1.31264	0.100015	3.83623e-05
10009	1	100	25	500	0.320526	0.293466	0.203258	0.090208	0.0270601	0.738623	0.0627331	1.30664	0.10404	3.85788e-05
10010	1	100	26	500	0.297669	0.271913	0.185616	0.0862971	0.0257557	0.755479	0.0517895	1.2805	0.0856215	4.00131e-05
10011	1	100	25	500	0.190219	0.166719	0.0889739	0.077745	0.0235006	0.844073	0.0621515	1.16069	0.0876466	3.85443e-05
10012	1	100	24	500	0.200124	0.173608	0.0994373	0.0741704	0.0265162	0.83819	0.0625528	1.16699	0.0819284	3.79683e-05
10013	1	100	22	500	0.202714	0.176934	0.100601	0.0763331	0.02578	0.83535	0.064667	1.17077	0.0912284	3.80771e-05
10014	1	100	24	500	0.203679	0.181139	0.102965	0.078174	0.0225397	0.831337	0.0697285	1.1783	0.0919302	3.80449e-05
10015	1	100	24	500	0.2035	0.178137	0.0967478	0.0813895	0.0253628	0.834303	0.063666	1.17317	0.0894867	3.90256e-05
10016	1	100	23	500	0.219563	0.189953	0.10648	0.083473	0.0296102	0.822439	0.0697838	1.18038	0.10771	3.86687e-05
10017	1	100	22	500	0.207798	0.182648	0.0971735	0.0854745	0.0251499	0.830553	0.0612272	1.17488	0.0887211	4.02668e-05
10018	1	100	18	500	0.193049	0.169241	0.0840383	0.0852025	0.0238083	0.84166	0.0652188	1.15997	0.0995924	4.05807e-05
10019	1	100	21	500	0.197527	0.174273	0.0866976	0.0875758	0.023254	0.838959	0.0647443	1.16725	0.090313	3.97214e-05
10020	1	100	20	500	0.195598	0.169709	0.0826021	0.0871068	0.0258896	0.840856	0.0580646	1.15811	0.0940072	3.99501e-05
10021	1	100	22	500	0.191686	0.164465	0.0723898	0.0920747	0.0272215	0.845522	0.0682378	1.15099	0.108129	4.06818e-05
10022	1	100	23	500	0.194125	0.165025	0.0728271	0.0921978	0.0291004	0.846339	0.0664093	1.15223	0.104257	4.04728e-05
10023	1	100	28	500	0.181867	0.156005	0.0689787	0.0870261	0.0258624	0.851545	0.0664265	1.14699	0.0978456	4.00494e-05
10024	1	100	24	500	0.187829	0.159596	0.0703377	0.0892586	0.0282323	0.851526	0.0688811	1.14859	0.0952086	4.08122e-05
10025	1	100	24	500	0.19787	0.167778	0.0774658	0.0903124	0.0300916	0.844001	0.0601009	1.15685	0.0893424	4.02746e-05
10026	1	100	24	500	0.23987	0.190324	0.0983363	0.0919876	0.049546	0.823133	0.0675916	1.17161	0.104331	3.87567e-05
10027	1	100	24	500	0.225993	0.186686	0.0988372	0.0878485	0.0393077	0.826799	0.069198	1.17419	0.100224	3.8596e-05
10028	1	100	21	500	0.234835	0.196149	0.113172	0.082977	0.0386864	0.816731	0.0616463	1.18479	0.0956605	3.69782e-05
10029	1	100	23	500	0.223921	0.198704	0.122678	0.0760263	0.0252168	0.815551	0.0702578	1.19719	0.0990196	3.55122e-05
10030	1	100	23	500	0.195081	0.184685	0.110314	0.0743703	0.010396	0.824698	0.0587328	1.18605	0.0861966	3.70481e-05
10031	1	100	23	500	0.230726	0.184716	0.0973566	0.0873593	0.0460101	0.82757	0.0667983	1.16742	0.0985202	3.89692e-05
10032	1	100	24	500	0.242781	0.192596	0.100494	0.0921021	0.0501853	0.820804	0.070308	1.1745	0.109906	3.86792e-05
10033	1	100	25	500	0.219494	0.191687	0.112238	0.0794482	0.0278075	0.820977	0.070202	1.18716	0.106103	3.66925e-05
10034	1	100	24	500	0.206172	0.181117	0.103905	0.0772122	0.0250547	0.830786	0.0631709	1.17738	0.091182	3.75846e-05
10035	1	100	27	500	0.210789	0.181618	0.103254	0.0783638	0.0291713	0.829904	0.0633413	1.17552	0.0982934	3.82838e-05
10036	1	100	26	500	0.20616	0.17783	0.0986996	0.0791305	0.0283297	0.832977	0.067246	1.17074	0.0948679	3.8957e-05
10037	1	100	26	500	0.216691	0.182069	0.103877	0.0781919	0.0346214	0.829874	0.0716127	1.17162	0.0903861	3.76059e-05
10038	1	100	23	500	0.202002	0.18174	0.108026	0.0737141	0.020262	0.829971	0.0669073	1.18014	0.0883785	3.7525e-05
10039	1	100	26	500	0.249922	0.1947	0.113547	0.0811532	0.0552223	0.819877	0.0740259	1.17265	0.100501	3.79917e-05
10040	1	100	23	500	0.21463	0.186017	0.114518	0.0714995	0.0286126	0.82598	0.0640366	1.17981	0.0886546	3.82145e-05
10041	1	100	19	500	0.175189	0.164148	0.0979249	0.0662227	0.0110413	0.845503	0.0677068	1.16619	0.0872322	3.88029e-05
10042	1	100	16	500	0.166632	0.164665	0.0998902	0.0647752	0.00196609	0.844947	0.0661155	1.17212	0.0845364	3.88698e-05
10043	1	100	16	500	0.181	0.17878	0.118294	0.0604865	0.00221969	0.832055	0.0608856	1.18748	0.0781838	3.71433e-05
10044	1	100	15	500	0.188204	0.184795	0.118753	0.0660423	0.00340883	0.827334	0.0665002	1.19408	0.0862653	3.7031e-05
10045	1	100	15	500	0.18132	0.178804	0.112547	0.0662576	0.00251605	0.832576	0.0611474	1.18777	0.0799082	3.61367e-05
10046	1	100	15	500	0.179596	0.177115	0.11198	0.0651351	0.00248013	0.834127	0.069465	1.18612	0.0892925	3.64721e-05
10047	1	100	12	500	0.173879	0.171428	0.106771	0.0646567	0.00245149	0.838924	0.0630203	1.17945	0.0790634	3.7937e-05
10048	1	100	16	500	0.174465	0.169647	0.103632	0.0660143	0.00481861	0.840491	0.0732559	1.17611	0.0955166	3.89571e-05
10049	1	100	16	500	0.209176	0.191682	0.123536	0.0681461	0.0174937	0.819794	0.0668559	1.19205	0.0982582	3.77978e-05
10050	1	100	18	500	0.195301	0.183566	0.115373	0.0681924	0.0117356	0.828332	0.0614167	1.18824	0.0815637	3.75243e-05
10051	1	100	19	500	0.183746	0.171245	0.0976527	0.0735926	0.0125009	0.839572	0.0652339	1.17373	0.0886518	3.91402e-05
10052	1	100	19	500	0.196603	0.181767	0.108613	0.0731542	0.0148352	0.83101	0.0739999	1.18488	0.09558	3.84785e-05
10053	1	100	16	500	0.195339	0.183589	0.109933	0.0736561	0.01175	0.829739	0.0742819	1.1887	0.0934517	3.7367e-05
10054	1	100	18	500	0.19916	0.186554	0.113542	0.0730121	0.0126061	0.82678	0.0784456	1.19103	0.0985492	3.72786e-05
10055	1	100	18	500	0.203839	0.187824	0.114611	0.0732135	0.0160143	0.825442	0.0691823	1.19046	0.0889363	3.81616e-05
10056	1	100	15	500	0.20193	0.187011	0.11439	0.0726209	0.014919	0.826196	0.0749491	1.18986	0.0962829	3.87176e-05
10057	1	100	14	500	0.176933	0.171356	0.0995849	0.0717711	0.00557724	0.840057	0.0787279	1.17861	0.1001	4.08118e-05
10058	1	100	13	500	0.176889	0.171788	0.103096	0.0686919	0.00510148	0.838926	0.0625079	1.17833	0.0796894	3.95185e-05
10059	1	100	16	500	0.165331	0.157296	0.0859104	0.0713855	0.00803556	0.852868	0.0801366	1.16068	0.0979299	4.15334e-05
10060	1	100	17	500	0.158494	0.152429	0.0802671	0.0721614	0.00606501	0.85717	0.0734917	1.15558	0.0947984	4.03484e-05
10061	1	100	15	500	0.139989	0.134185	0.0624049	0.0717802	0.00580353	0.873104	0.0682274	1.13432	0.0870631	4.25456e-05
10062	1	100	14	500	0.148952	0.143655	0.072177	0.0714779	0.00529699	0.864624	0.0660127	1.1459	0.0832822	4.31364e-05
10063	1	100	12	500	0.145795	0.142786	0.0731911	0.0695954	0.00300872	0.86594	0.0750912	1.14695	0.0940487	4.2084e-05
10064	1	100	14	500	0.160442	0.155998	0.0818974	0.0741004	0.00444389	0.853389	0.0704099	1.16038	0.0916864	4.24966e-05
10065	1	100	18	500	0.155186	0.150836	0.0782781	0.072558	0.00435022	0.858219	0.0681278	1.15436	0.0865509	4.14284e-05
10066	1	100	16	500	0.167239	0.161943	0.0881646	0.0737784	0.0052963	0.848724	0.0776147	1.16694	0.102849	4.10006e-05
10067	1	100	14	500	0.163338	0.160137	0.0861508	0.0739857	0.00320145	0.849693	0.0736513	1.16565	0.0943995	4.1933e-05
10068	1	100	13	500	0.16958	0.166798	0.0926763	0.0741219	0.00278169	0.843613	0.0627091	1.17321	0.0815508	4.11349e-05
10069	1	100	12	500	0.155478	0.153213	0.0766627	0.0765504	0.00226483	0.856065	0.0690663	1.15776	0.0914027	4.11308e-05
10070	1	100	13	500	0.157443	0.155058	0.0798225	0.0752359	0.00238435	0.85425	0.0720634	1.15947	0.0955195	4.06466e-05
10071	1	100	15	500	0.143979	0.140745	0.0671684	0.0735764	0.0032337	0.867443	0.0689896	1.14163	0.0898191	4.00667e-05
10072	1	100	14	500	0.147301	0.14398	0.0688833	0.0750969	0.00332028	0.864459	0.0695702	1.1452	0.0906347	4.01462e-05
10073	1	100	15	500	0.147263	0.143787	0.0691814	0.0746059	0.00347589	0.864482	0.0761673	1.14436	0.101198	4.01413e-05
10074	1	100	18	500	0.156211	0.146314	0.0691827	0.0771317	0.00989658	0.862639	0.0777506	1.14382	0.102015	4.06912e-05
10075	1	100	14	500	0.159057	0.15325	0.0762161	0.0770342	0.00580635	0.856701	0.0786162	1.15501	0.106556	4.0675e-05
10076	1	100	17	500	0.167684	0.163159	0.0866364	0.0765225	0.00452554	0.84746	0.0737237	1.1674	0.0989671	4.18652e-05
10077	1	100	19	500	0.151859	0.146815	0.0702425	0.076572	0.0050442	0.862021	0.0781969	1.14762	0.105456	4.1057e-05
10078	1	100	17	500	0.159704	0.154773	0.078126	0.0766468	0.00493095	0.855229	0.077435	1.15752	0.104129	4.21615e-05
10079	1	100	15	500	0.166118	0.161593	0.0826543	0.0789387	0.00452533	0.84846	0.0751932	1.1648	0.101416	4.21744e-05
10080	1	100	14	500	0.174022	0.168916	0.0876704	0.0812453	0.0051063	0.842987	0.0819362	1.17392	0.110442	4.15938e-05
10081	1	100	16	500	0.177047	0.171842	0.0902996	0.081542	0.00520585	0.840007	0.0697924	1.17707	0.0953406	4.19093e-05
10082	1	100	14	500	0.190243	0.186915	0.106747	0.0801682	0.00332797	0.827202	0.0810964	1.19714	0.111801	4.04355e-05
10083	1	100	17	500	0.183166	0.179693	0.0977053	0.081988	0.00347246	0.834275	0.0821287	1.18872	0.111334	4.10544e-05
10084	1	100	15	500	0.202589	0.196732	0.118279	0.0784536	0.00585676	0.817443	0.0786611	1.20817	0.105796	4.04039e-05
10085	1	100	18	500	0.214073	0.201012	0.120095	0.0809166	0.013061	0.815418	0.0774954	1.20652	0.101959	3.97993e-05
10086	1	100	16	500	0.205729	0.194278	0.113311	0.0809665	0.0114508	0.820805	0.0697447	1.19934	0.0901916	4.00658e-05
10087	1	100	14	500	0.18657	0.17911	0.0970371	0.0820734	0.00745911	0.833468	0.0669219	1.18268	0.0908373	4.0329e-05
10088	1	100	14	500	0.184589	0.179243	0.0985081	0.0807347	0.00534665	0.833465	0.0776603	1.18548	0.103777	4.14195e-05
10089	1	100	15	500	0.189966	0.185223	0.104614	0.0806083	0.00474293	0.828652	0.0782354	1.19385	0.104379	3.98784e-05
10090	1	100	11	500	0.192205	0.186173	0.105138	0.081035	0.00603251	0.827619	0.0747337	1.1935	0.101622	4.00784e-05
10091	1	100	11	500	0.196873	0.189078	0.107881	0.081197	0.00779502	0.824991	0.0639203	1.19508	0.0885054	4.01499e-05
10092	1	100	15	500	0.198652	0.190521	0.109515	0.0810064	0.008131	0.824362	0.0826394	1.19718	0.110725	4.0084e-05
10093	1	100	14	500	0.21359	0.207439	0.131918	0.0755215	0.00615021	0.809977	0.0769256	1.21953	0.102974	3.82119e-05
10094	1	100	12	500	0.216032	0.205719	0.12745	0.0782692	0.0103125	0.811422	0.0717205	1.21291	0.0945429	3.81315e-05
10095	1	100	11	500	0.197449	0.188867	0.107278	0.0815891	0.00858196	0.826139	0.0694667	1.19441	0.0921365	3.87777e-05
10096	1	100	14	500	0.217725	0.20753	0.13029	0.0772404	0.0101945	0.810187	0.0759557	1.21622	0.102922	3.78876e-05
10097	1	100	12	500	0.209221	0.200141	0.12107	0.0790712	0.00908001	0.815757	0.0681604	1.20708	0.093833	3.88417e-05
10098	1	100	14	500	0.21741	0.213613	0.140151	0.0734614	0.00379689	0.804935	0.0794455	1.22804	0.108287	3.80938e-05
10099	1	100	12	500	0.214621	0.212557	0.139471	0.0730864	0.00206336	0.805552	0.0784624	1.227	0.105212	3.87256e-05
10100	1	100	11	500	0.238563	0.23645	0.174855	0.0615956	0.00211312	0.784459	0.0769566	1.25535	0.105519	3.53749e-05
10101	1	100	11	500	0.236036	0.233976	0.170531	0.0634447	0.00206024	0.786833	0.0670952	1.2518	0.0937061	3.65727e-05
