Generation	PopulationID	SampleSize	UniqueMutations	PopulationSize	totalLoad	RelzLoad	RelzLoadHomo	RelzLoadHetero	MskLoad	MeanFitness	SdFitness	MeanFitnessCached	SdFitnessCached	Heterozygosity	
10001	1	100	44	500	0.296422	0.284911	0.170059	0.114852	0.0115102	0.737752	0.0501841	1.29924	0.0748062	3.70059e-05
10002	1	100	39	500	0.297033	0.279925	0.169206	0.110719	0.0171077	0.740904	0.0456045	1.2869	0.0619696	3.52104e-05
10003	1	100	35	500	0.304453	0.27651	0.152507	0.124004	0.0279425	0.746889	0.0396605	1.28009	0.0564905	3.79043e-05
10004	1	100	33	500	0.299954	0.274521	0.144213	0.130308	0.0254327	0.745626	0.0449168	1.27411	0.0801567	3.79156e-05
10005	1	100	30	500	0.292235	0.273546	0.145155	0.128391	0.0186889	0.748525	0.0355161	1.28258	0.0569566	3.68053e-05
10006	1	100	33	500	0.30186	0.276553	0.152666	0.123887	0.0253073	0.746911	0.0352981	1.28097	0.0574852	3.69832e-05
10007	1	100	33	500	0.312327	0.275451	0.152923	0.122528	0.036876	0.74874	0.0352281	1.26841	0.0636422	3.61913e-05
10008	1	100	30	500	0.319103	0.278049	0.169196	0.108853	0.0410546	0.741409	0.0503759	1.25562	0.0944712	3.37644e-05
10009	1	100	29	500	0.325747	0.280651	0.174243	0.106408	0.045096	0.745651	0.0291423	1.26189	0.0563587	3.3792e-05
10010	1	100	34	500	0.333258	0.286935	0.185494	0.101441	0.0463226	0.73523	0.0530295	1.25479	0.103417	3.34354e-05
10011	1	100	26	500	0.309946	0.274763	0.17611	0.0986529	0.0351827	0.741805	0.0512329	1.25419	0.0974485	3.32264e-05
10012	1	100	29	500	0.314805	0.276968	0.190939	0.0860288	0.0378375	0.744498	0.0424446	1.25923	0.080104	3.18125e-05
10013	1	100	30	500	0.316155	0.274558	0.185026	0.0895323	0.0415966	0.749989	0.028978	1.25432	0.0604424	3.1142e-05
10014	1	100	31	500	0.300995	0.27179	0.178123	0.0936668	0.0292053	0.745908	0.043283	1.2635	0.0823501	3.16532e-05
10015	1	100	32	500	0.313244	0.280515	0.193852	0.0866635	0.0327285	0.740047	0.0415957	1.27131	0.0786688	3.17286e-05
10016	1	100	27	500	0.311513	0.280959	0.195679	0.0852799	0.0305535	0.734136	0.0533467	1.26521	0.104118	3.18974e-05
10017	1	100	28	500	0.315031	0.283796	0.20248	0.0813168	0.0312347	0.738847	0.0304743	1.27839	0.0578029	3.08884e-05
10018	1	100	25	500	0.315445	0.283678	0.196939	0.086739	0.0317668	0.735044	0.0409991	1.2728	0.0845239	3.23122e-05
10019	1	100	25	500	0.319464	0.281868	0.194384	0.087484	0.0375955	0.7391	0.0384282	1.266	0.0772401	3.19755e-05
10020	1	100	28	500	0.339038	0.295577	0.208255	0.087322	0.043461	0.729563	0.0371214	1.27439	0.0821249	3.12577e-05
10021	1	100	26	500	0.351744	0.300316	0.213099	0.0872169	0.0514282	0.72547	0.0483934	1.25994	0.108677	3.11038e-05
10022	1	100	29	500	0.375456	0.313307	0.225448	0.0878595	0.0621482	0.712843	0.0697943	1.23389	0.142357	3.10629e-05
10023	1	100	29	500	0.368161	0.310741	0.227811	0.0829301	0.0574201	0.71589	0.0581465	1.25042	0.129792	3.07205e-05
10024	1	100	29	500	0.355329	0.3021	0.218334	0.0837663	0.0532289	0.716721	0.0645989	1.24644	0.138843	3.15617e-05
10025	1	100	30	500	0.378068	0.310643	0.226773	0.0838705	0.0674253	0.725618	0.0348234	1.26336	0.0843862	3.13477e-05
10026	1	100	27	500	0.354153	0.293897	0.207198	0.0866987	0.060256	0.726159	0.057343	1.25308	0.120081	3.35429e-05
10027	1	100	25	500	0.341212	0.288846	0.206579	0.0822673	0.052366	0.733745	0.0400514	1.26708	0.0797431	3.31482e-05
10028	1	100	31	500	0.354854	0.288044	0.20326	0.0847835	0.0668105	0.734725	0.0427936	1.24743	0.0894234	3.35884e-05
10029	1	100	28	500	0.351302	0.29248	0.212941	0.0795388	0.0588217	0.730802	0.044612	1.24752	0.100673	3.30221e-05
10030	1	100	24	500	0.360766	0.289509	0.212047	0.0774627	0.0712564	0.734715	0.0430235	1.24567	0.0830694	3.29509e-05
10031	1	100	22	500	0.341793	0.286072	0.212966	0.0731065	0.0557206	0.736981	0.041512	1.25641	0.0837954	3.27607e-05
10032	1	100	21	500	0.3181	0.277658	0.21301	0.0646478	0.0404414	0.737903	0.0513073	1.25341	0.0985793	3.00942e-05
10033	1	100	20	500	0.319107	0.277375	0.208792	0.0685823	0.0417327	0.739082	0.0549714	1.25113	0.0977844	3.2178e-05
10034	1	100	19	500	0.312555	0.273547	0.20904	0.0645076	0.0390072	0.746482	0.0384186	1.26009	0.0663823	3.19241e-05
10035	1	100	18	500	0.305572	0.264773	0.198596	0.0661771	0.0407984	0.754669	0.0432832	1.24902	0.0652465	3.21337e-05
10036	1	100	22	500	0.289767	0.261851	0.187915	0.0739361	0.0279163	0.755346	0.0433487	1.25432	0.0672406	3.27714e-05
10037	1	100	19	500	0.277513	0.253941	0.185873	0.0680683	0.0235722	0.760572	0.036374	1.24547	0.0596116	3.28469e-05
10038	1	100	18	500	0.284154	0.258187	0.177325	0.0808621	0.0259667	0.758741	0.0397879	1.25324	0.0685622	3.39595e-05
10039	1	100	19	500	0.294452	0.261175	0.18164	0.0795355	0.0332767	0.756291	0.0415861	1.24758	0.0776452	3.40981e-05
10040	1	100	21	500	0.271411	0.248222	0.166052	0.08217	0.0231895	0.766826	0.0448559	1.23993	0.0717596	3.52971e-05
10041	1	100	23	500	0.279655	0.252684	0.170209	0.0824749	0.0269714	0.762514	0.0440076	1.24183	0.0681816	3.5677e-05
10042	1	100	24	500	0.27111	0.246769	0.167955	0.0788146	0.024341	0.765949	0.0400407	1.23757	0.0672109	3.54809e-05
10043	1	100	25	500	0.272959	0.248455	0.166238	0.0822172	0.0245046	0.765428	0.0464963	1.2408	0.0724552	3.56139e-05
10044	1	100	26	500	0.254977	0.236077	0.148988	0.0870889	0.0189003	0.777274	0.0450336	1.23412	0.0643739	3.69025e-05
10045	1	100	24	500	0.251441	0.237402	0.158265	0.0791372	0.0140392	0.774829	0.0366704	1.23846	0.0553471	3.65846e-05
10046	1	100	24	500	0.246524	0.231101	0.167411	0.0636894	0.0154233	0.779063	0.0346853	1.22839	0.0509366	3.43246e-05
10047	1	100	22	500	0.241881	0.225586	0.157541	0.0680447	0.0162951	0.783796	0.0430828	1.21955	0.0651996	3.49405e-05
10048	1	100	24	500	0.245375	0.22542	0.1491	0.0763193	0.019955	0.785639	0.0362166	1.21615	0.0585839	3.6155e-05
10049	1	100	26	500	0.253791	0.227032	0.142458	0.084574	0.0267592	0.787465	0.0541055	1.21331	0.0706527	3.7228e-05
10050	1	100	25	500	0.256599	0.226007	0.137914	0.0880927	0.0305919	0.784545	0.0425448	1.20496	0.0747756	3.7277e-05
10051	1	100	26	500	0.248961	0.219465	0.130039	0.0894265	0.0294964	0.793853	0.0550354	1.2046	0.0759444	3.74742e-05
10052	1	100	21	500	0.259001	0.22541	0.119604	0.105806	0.0335903	0.78773	0.052144	1.20854	0.0756735	3.85151e-05
10053	1	100	21	500	0.251094	0.223831	0.134062	0.0897688	0.0272628	0.785077	0.0468693	1.2088	0.0754448	3.75986e-05
10054	1	100	20	500	0.241379	0.215929	0.130278	0.0856509	0.0254493	0.793267	0.044452	1.20258	0.0677081	3.7051e-05
10055	1	100	21	500	0.234901	0.208202	0.124458	0.0837434	0.026699	0.801217	0.0466516	1.19263	0.0615958	3.70836e-05
10056	1	100	19	500	0.236739	0.210863	0.123232	0.0876312	0.025876	0.798888	0.0421243	1.19607	0.0549218	3.68386e-05
10057	1	100	23	500	0.237758	0.213605	0.127156	0.0864493	0.0241529	0.796296	0.0398226	1.20272	0.0565155	3.74345e-05
10058	1	100	19	500	0.231977	0.205644	0.114142	0.0915015	0.0263335	0.802962	0.0462687	1.19009	0.0618524	3.65876e-05
10059	1	100	20	500	0.247937	0.212667	0.122127	0.0905397	0.03527	0.799263	0.0503339	1.19387	0.0586819	3.63782e-05
10060	1	100	23	500	0.243373	0.21157	0.134045	0.0775253	0.0318025	0.796918	0.047442	1.19435	0.0682442	3.57126e-05
10061	1	100	27	500	0.247263	0.211007	0.145083	0.0659237	0.0362561	0.796594	0.0403841	1.18816	0.057872	3.42007e-05
10062	1	100	22	500	0.286716	0.217981	0.140611	0.0773695	0.068735	0.792164	0.0519766	1.17494	0.0750674	3.52451e-05
10063	1	100	27	500	0.29373	0.222735	0.139537	0.0831985	0.0709949	0.789395	0.0529078	1.18107	0.0694049	3.57805e-05
10064	1	100	25	500	0.303604	0.230578	0.149183	0.0813955	0.0730252	0.780505	0.0454774	1.1886	0.0695881	3.43415e-05
10065	1	100	27	500	0.307573	0.229381	0.147343	0.0820378	0.0781927	0.783263	0.0479328	1.18556	0.0708153	3.42219e-05
10066	1	100	24	500	0.309231	0.225675	0.152827	0.0728481	0.083556	0.785067	0.0588247	1.17155	0.0755834	3.3244e-05
10067	1	100	27	500	0.270339	0.218619	0.155989	0.0626303	0.0517205	0.790853	0.0423547	1.18797	0.0617204	3.27939e-05
10068	1	100	26	500	0.295535	0.225057	0.147467	0.0775903	0.0704776	0.783554	0.0536412	1.17757	0.0817354	3.52785e-05
10069	1	100	30	500	0.31171	0.224124	0.139749	0.0843752	0.0875856	0.789994	0.058896	1.17184	0.0764768	3.4651e-05
10070	1	100	22	500	0.305288	0.221177	0.158245	0.0629315	0.0841112	0.788476	0.0600263	1.16497	0.0782324	3.0126e-05
10071	1	100	24	500	0.298977	0.226032	0.165627	0.0604057	0.0729446	0.786285	0.0467638	1.18179	0.0652417	3.0196e-05
10072	1	100	27	500	0.310787	0.230298	0.17749	0.0528083	0.080489	0.778701	0.050229	1.17849	0.0721666	2.80911e-05
10073	1	100	25	500	0.370266	0.243731	0.172125	0.0716062	0.126536	0.773732	0.0597313	1.16557	0.0840751	2.91206e-05
10074	1	100	28	500	0.333435	0.233514	0.173238	0.0602762	0.0999212	0.777944	0.05821	1.16273	0.0826175	3.07565e-05
10075	1	100	23	500	0.307851	0.227123	0.169121	0.0580023	0.080728	0.784297	0.052143	1.16839	0.0790655	3.11243e-05
10076	1	100	23	500	0.328662	0.232304	0.160707	0.0715977	0.0963575	0.781917	0.0550481	1.16793	0.078013	3.14247e-05
10077	1	100	25	500	0.381179	0.244586	0.16341	0.0811756	0.136593	0.776573	0.0683356	1.1534	0.0856961	3.04762e-05
10078	1	100	24	500	0.313835	0.223728	0.166172	0.0575568	0.0901062	0.78792	0.0527612	1.16358	0.0789137	2.95442e-05
10079	1	100	28	500	0.26415	0.217566	0.187472	0.0300943	0.0465837	0.78658	0.0409518	1.17651	0.0677853	2.76171e-05
10080	1	100	22	500	0.273919	0.220791	0.187063	0.0337274	0.0531282	0.789813	0.0392776	1.18171	0.0462937	2.81509e-05
10081	1	100	25	500	0.266705	0.221243	0.193727	0.0275159	0.045462	0.785034	0.0394679	1.1765	0.0621017	2.85032e-05
10082	1	100	25	500	0.259848	0.220769	0.200053	0.0207168	0.0390787	0.786197	0.0194782	1.18874	0.0356659	2.7826e-05
10083	1	100	23	500	0.270914	0.226012	0.208733	0.0172787	0.0449015	0.783157	0.0177852	1.18926	0.0261333	2.81969e-05
10084	1	100	22	500	0.260225	0.222028	0.204442	0.0175866	0.0381965	0.782726	0.0330146	1.18727	0.0511651	2.88195e-05
10085	1	100	21	500	0.255838	0.220088	0.200465	0.019623	0.0357505	0.782522	0.0360295	1.18453	0.0543514	3.02297e-05
10086	1	100	21	500	0.266328	0.223302	0.19821	0.0250917	0.0430259	0.782685	0.0384855	1.18009	0.058385	3.18284e-05
10087	1	100	22	500	0.270597	0.223904	0.192488	0.0314154	0.0466934	0.77915	0.0516078	1.16794	0.0746049	3.29937e-05
10088	1	100	24	500	0.267849	0.222878	0.192476	0.0304027	0.0449707	0.789702	0.022907	1.18365	0.0262414	3.42581e-05
10089	1	100	23	500	0.260262	0.217709	0.185405	0.0323036	0.0425532	0.790296	0.0371181	1.17987	0.0500258	3.30508e-05
10090	1	100	25	500	0.254253	0.215661	0.182825	0.0328358	0.0385913	0.79069	0.0354927	1.18076	0.045901	3.43468e-05
10091	1	100	25	500	0.245995	0.212713	0.181181	0.0315315	0.0332824	0.794312	0.0264596	1.18642	0.0263601	3.41741e-05
10092	1	100	23	500	0.22992	0.205862	0.174106	0.0317564	0.0240572	0.797984	0.0313101	1.18663	0.0304314	3.34131e-05
10093	1	100	22	500	0.229128	0.206329	0.175043	0.0312862	0.0227986	0.798124	0.0298527	1.18922	0.0289492	3.41644e-05
10094	1	100	23	500	0.241642	0.213937	0.192418	0.0215191	0.0277047	0.789488	0.0227388	1.19295	0.0293742	2.89737e-05
10095	1	100	27	500	0.245444	0.214405	0.188911	0.025494	0.0310386	0.791039	0.0232221	1.19399	0.0236745	2.80257e-05
10096	1	100	27	500	0.252624	0.21679	0.190575	0.0262149	0.0358338	0.789555	0.023655	1.19164	0.0257368	2.90009e-05
10097	1	100	28	500	0.253755	0.219927	0.203019	0.0169071	0.0338289	0.785502	0.0279105	1.19326	0.0386989	2.88031e-05
10098	1	100	24	500	0.23786	0.213885	0.195227	0.0186583	0.0239747	0.791287	0.0182685	1.19717	0.0206259	3.18324e-05
10099	1	100	23	500	0.241756	0.215748	0.199793	0.0159542	0.0260085	0.788885	0.0178005	1.19662	0.022099	3.04494e-05
10100	1	100	23	500	0.243709	0.216324	0.204676	0.0116478	0.0273854	0.789926	0.0184821	1.19815	0.0186844	3.01972e-05
10101	1	100	22	500	0.240999	0.214569	0.201582	0.0129872	0.02643	0.791433	0.0232715	1.19641	0.0229557	3.06197e-05
