Generation	PopulationID	SampleSize	UniqueMutations	PopulationSize	totalLoad	RelzLoad	RelzLoadHomo	RelzLoadHetero	MskLoad	MeanFitness	SdFitness	MeanFitnessCached	SdFitnessCached	Heterozygosity	
10001	1	100	69	500	0.497708	0.47917	0.353898	0.125271	0.0185387	0.599411	0.0377741	1.5418	0.091944	5.90862e-05
10002	1	100	43	500	0.492173	0.480765	0.350712	0.130053	0.0114073	0.598861	0.0383828	1.54998	0.0843198	5.8019e-05
10003	1	100	43	500	0.494025	0.48095	0.344783	0.136167	0.0130749	0.598793	0.0370773	1.54892	0.0915592	5.89529e-05
10004	1	100	33	500	0.288488	0.276322	0.139424	0.136898	0.012166	0.751276	0.0475	1.28389	0.0778593	5.94333e-05
10005	1	100	35	500	0.29292	0.280458	0.142363	0.138094	0.0124625	0.747398	0.0418434	1.28601	0.0675065	5.82734e-05
10006	1	100	34	500	0.295216	0.282311	0.144977	0.137334	0.0129055	0.747189	0.038832	1.28964	0.0636488	5.76376e-05
10007	1	100	33	500	0.292442	0.281164	0.153276	0.127888	0.0112773	0.74714	0.0508771	1.28592	0.0743058	5.19088e-05
10008	1	100	33	500	0.286908	0.275648	0.146674	0.128974	0.0112601	0.751307	0.048719	1.28049	0.0780285	5.35977e-05
10009	1	100	31	500	0.292318	0.279911	0.142977	0.136934	0.0124071	0.748276	0.0459517	1.28596	0.069192	5.49288e-05
10010	1	100	34	500	0.297919	0.286211	0.148565	0.137646	0.0117073	0.744709	0.0469518	1.29688	0.0760335	5.68147e-05
10011	1	100	33	500	0.301485	0.290209	0.162957	0.127252	0.011276	0.740314	0.0526163	1.29764	0.0870697	5.13959e-05
10012	1	100	33	500	0.297623	0.284497	0.171799	0.112697	0.0131263	0.744099	0.0394149	1.2863	0.0666932	5.40216e-05
10013	1	100	33	500	0.303744	0.28816	0.171826	0.116334	0.015584	0.741352	0.0414743	1.29011	0.0699175	5.56815e-05
10014	1	100	35	500	0.304914	0.291331	0.170481	0.120849	0.0135837	0.738018	0.0378673	1.29412	0.0594259	5.65177e-05
10015	1	100	33	500	0.325274	0.296783	0.185819	0.110964	0.0284919	0.734335	0.0355554	1.28899	0.0500332	5.24145e-05
10016	1	100	35	500	0.3257	0.301408	0.195426	0.105982	0.0242919	0.730026	0.033054	1.29672	0.0528756	5.27176e-05
10017	1	100	39	500	0.33911	0.305999	0.186508	0.119491	0.0331108	0.728003	0.0372016	1.29744	0.0523026	5.33313e-05
10018	1	100	37	500	0.335185	0.297295	0.173855	0.12344	0.0378903	0.734486	0.0325288	1.2835	0.0508552	5.64954e-05
10019	1	100	36	500	0.338501	0.297095	0.18122	0.115876	0.041406	0.736017	0.0411837	1.27985	0.0463078	5.3865e-05
10020	1	100	36	500	0.340222	0.295249	0.187796	0.107452	0.0449739	0.731039	0.0689535	1.26104	0.101497	5.01873e-05
10021	1	100	36	500	0.331751	0.29355	0.181433	0.112117	0.0382012	0.73834	0.0352163	1.27739	0.0447826	5.12859e-05
10022	1	100	35	500	0.342108	0.298099	0.185374	0.112725	0.0440087	0.729011	0.0670471	1.26545	0.102035	4.88891e-05
10023	1	100	33	500	0.323201	0.288464	0.180108	0.108356	0.0347375	0.741711	0.0411675	1.27118	0.0447713	4.74202e-05
10024	1	100	35	500	0.323118	0.294644	0.201777	0.0928663	0.0284746	0.734587	0.0335457	1.27993	0.0437298	4.52104e-05
10025	1	100	33	500	0.328995	0.293221	0.196482	0.0967393	0.0357736	0.737321	0.0410042	1.27242	0.0491213	4.23634e-05
10026	1	100	35	500	0.349848	0.307296	0.215948	0.0913474	0.0425522	0.718642	0.0791675	1.26627	0.131637	3.75492e-05
10027	1	100	30	500	0.335795	0.30177	0.216411	0.0853584	0.034025	0.730562	0.0360568	1.28212	0.0444182	4.04021e-05
10028	1	100	29	500	0.344124	0.298324	0.208221	0.0901028	0.0457998	0.734278	0.0407106	1.26722	0.0451906	4.0494e-05
10029	1	100	33	500	0.350041	0.305968	0.229494	0.0764734	0.0440728	0.727293	0.038112	1.27638	0.0428751	3.64782e-05
10030	1	100	33	500	0.355304	0.305455	0.224003	0.0814512	0.0498493	0.720084	0.0844363	1.25329	0.13482	3.84676e-05
10031	1	100	29	500	0.347384	0.30341	0.225866	0.0775445	0.0439737	0.729738	0.0397408	1.27155	0.0459792	3.46757e-05
10032	1	100	30	500	0.344535	0.302848	0.224919	0.0779296	0.0416871	0.729961	0.0396115	1.27263	0.0432833	3.37057e-05
10033	1	100	31	500	0.343987	0.303242	0.229824	0.0734183	0.0407453	0.729218	0.0382581	1.27396	0.0443546	3.34749e-05
10034	1	100	33	500	0.335614	0.301417	0.236659	0.0647581	0.0341967	0.729889	0.0357608	1.27453	0.0470537	2.99648e-05
10035	1	100	30	500	0.318979	0.290886	0.210499	0.0803871	0.0280921	0.738514	0.0386743	1.27091	0.0464816	3.88617e-05
10036	1	100	33	500	0.336799	0.298402	0.215291	0.0831108	0.0383972	0.730205	0.0496504	1.2678	0.060197	4.24039e-05
10037	1	100	32	500	0.332343	0.291105	0.212632	0.0784738	0.0412375	0.739823	0.0500684	1.26157	0.0534312	4.07523e-05
10038	1	100	32	500	0.328221	0.288777	0.202854	0.0859225	0.0394443	0.737982	0.0601736	1.25443	0.0852035	4.14266e-05
10039	1	100	32	500	0.330775	0.290833	0.212198	0.0786349	0.039942	0.739382	0.0401828	1.26034	0.0474956	3.58633e-05
10040	1	100	32	500	0.33971	0.29151	0.209993	0.0815169	0.0481999	0.738825	0.0390393	1.25415	0.0470219	3.59907e-05
10041	1	100	34	500	0.343892	0.293383	0.21302	0.0803627	0.0505088	0.738148	0.0378094	1.25588	0.0499584	3.67068e-05
10042	1	100	33	500	0.362008	0.302248	0.223981	0.0782665	0.05976	0.731713	0.037865	1.25617	0.0471006	3.48048e-05
10043	1	100	38	500	0.388398	0.315184	0.233243	0.0819412	0.0732136	0.724677	0.0457242	1.25841	0.0466628	3.38698e-05
10044	1	100	36	500	0.375346	0.314168	0.236682	0.0774855	0.0611786	0.723623	0.0410602	1.26902	0.0459936	3.32614e-05
10045	1	100	38	500	0.392672	0.319308	0.23462	0.0846874	0.0733648	0.715126	0.0797665	1.24901	0.128317	3.55334e-05
10046	1	100	37	500	0.433915	0.340114	0.260907	0.0792067	0.0938006	0.70942	0.0674627	1.24774	0.101275	3.33969e-05
10047	1	100	33	500	0.426127	0.337628	0.26363	0.0739979	0.088499	0.70493	0.0845606	1.24348	0.134906	3.02564e-05
10048	1	100	33	500	0.411037	0.332796	0.262638	0.0701578	0.0782415	0.698504	0.102563	1.24141	0.172004	3.0115e-05
10049	1	100	30	500	0.434265	0.341371	0.27532	0.066051	0.0928939	0.704792	0.0716895	1.24784	0.11497	3.09655e-05
10050	1	100	34	500	0.43344	0.343207	0.279104	0.064103	0.0902329	0.691042	0.113469	1.23043	0.191563	3.197e-05
10051	1	100	31	500	0.413516	0.332581	0.27023	0.0623508	0.0809351	0.706518	0.0761018	1.24985	0.126817	3.0223e-05
10052	1	100	35	500	0.400931	0.326235	0.261775	0.0644596	0.0746964	0.705036	0.0995066	1.24049	0.160182	3.19783e-05
10053	1	100	34	500	0.426857	0.339511	0.276525	0.0629865	0.0873462	0.693859	0.104077	1.23374	0.175484	3.11482e-05
10054	1	100	40	500	0.435646	0.343919	0.281319	0.0625993	0.0917276	0.70145	0.075448	1.25056	0.124189	3.06566e-05
10055	1	100	36	500	0.447352	0.34498	0.271106	0.0738748	0.102372	0.699873	0.0923875	1.23597	0.14754	3.56435e-05
10056	1	100	31	500	0.440392	0.341874	0.268786	0.0730883	0.0985177	0.703397	0.0801417	1.24444	0.125178	3.66152e-05
10057	1	100	30	500	0.478422	0.365793	0.289014	0.0767794	0.112629	0.685413	0.111521	1.22217	0.186785	3.77168e-05
10058	1	100	35	500	0.458199	0.355999	0.288762	0.0672371	0.1022	0.680531	0.122562	1.21756	0.211239	3.30577e-05
10059	1	100	32	500	0.468982	0.356939	0.289247	0.0676924	0.112042	0.679586	0.127391	1.20424	0.215896	3.0323e-05
10060	1	100	30	500	0.464945	0.351228	0.272269	0.0789596	0.113717	0.698218	0.0995289	1.22313	0.156885	3.66175e-05
10061	1	100	30	500	0.446957	0.340792	0.263278	0.0775136	0.106165	0.698286	0.108956	1.21891	0.176225	3.65647e-05
10062	1	100	28	500	0.422384	0.326479	0.2418	0.0846786	0.0959056	0.704345	0.1251	1.20559	0.192205	4.1541e-05
10063	1	100	32	500	0.471047	0.346034	0.256888	0.0891468	0.125013	0.69131	0.137767	1.17808	0.215135	3.92214e-05
10064	1	100	31	500	0.449969	0.340939	0.268843	0.0720955	0.10903	0.708802	0.0806972	1.22561	0.114922	3.14004e-05
10065	1	100	32	500	0.409403	0.325054	0.258453	0.0666007	0.0843488	0.709807	0.0903695	1.23441	0.140975	3.29108e-05
10066	1	100	31	500	0.466745	0.349203	0.270992	0.078211	0.117541	0.699528	0.0974579	1.21886	0.155172	3.50165e-05
10067	1	100	32	500	0.440749	0.336589	0.258312	0.0782765	0.10416	0.708841	0.076955	1.23517	0.118291	3.68479e-05
10068	1	100	31	500	0.421435	0.329997	0.256208	0.0737885	0.0914384	0.715932	0.0487931	1.25404	0.0429498	3.66099e-05
10069	1	100	32	500	0.371432	0.30609	0.23112	0.0749706	0.0653413	0.724999	0.0734882	1.24452	0.109169	3.9432e-05
10070	1	100	30	500	0.374146	0.315979	0.259232	0.0567466	0.058167	0.721292	0.0402206	1.26342	0.0467403	3.01734e-05
10071	1	100	30	500	0.413721	0.328555	0.257932	0.0706235	0.0851654	0.712412	0.069029	1.24408	0.101705	3.52134e-05
10072	1	100	35	500	0.410374	0.323006	0.240649	0.0823572	0.0873681	0.710241	0.103011	1.22891	0.164761	4.25861e-05
10073	1	100	32	500	0.388385	0.313203	0.237591	0.0756114	0.0751822	0.721793	0.0758794	1.24064	0.109414	3.83742e-05
10074	1	100	36	500	0.37615	0.314578	0.246289	0.0682888	0.0615728	0.719439	0.0654938	1.25649	0.100516	3.77461e-05
10075	1	100	33	500	0.339813	0.300138	0.231664	0.0684742	0.0396749	0.731949	0.0423006	1.26674	0.046555	4.01866e-05
10076	1	100	34	500	0.355635	0.307905	0.240101	0.0678041	0.0477303	0.726371	0.0385424	1.26803	0.0480186	3.97414e-05
10077	1	100	33	500	0.353202	0.307654	0.235164	0.0724907	0.0455477	0.726301	0.0387525	1.27169	0.040491	4.5219e-05
10078	1	100	31	500	0.363336	0.309716	0.230199	0.0795177	0.0536192	0.726438	0.0432135	1.27181	0.0445485	4.97513e-05
10079	1	100	30	500	0.374415	0.316086	0.239132	0.0769541	0.0583292	0.721222	0.0434758	1.27309	0.0450725	4.897e-05
10080	1	100	27	500	0.351175	0.313327	0.247167	0.0661597	0.0378483	0.721333	0.031526	1.28479	0.0408506	4.58243e-05
10081	1	100	28	500	0.344568	0.306313	0.232559	0.073754	0.0382542	0.727578	0.0363926	1.27914	0.0396659	5.03711e-05
10082	1	100	31	500	0.352499	0.31047	0.238646	0.0718247	0.0420284	0.723706	0.0389753	1.27886	0.0420309	4.893e-05
10083	1	100	31	500	0.353986	0.308193	0.234152	0.0740409	0.0457927	0.72516	0.0382748	1.27323	0.0494348	4.896e-05
10084	1	100	29	500	0.354071	0.30996	0.238555	0.0714054	0.0441109	0.721725	0.0613287	1.27274	0.0950027	4.77118e-05
10085	1	100	28	500	0.369928	0.318829	0.255841	0.0629882	0.0510991	0.718828	0.0373687	1.28068	0.0461874	4.145e-05
10086	1	100	29	500	0.373302	0.318389	0.244462	0.0739273	0.0549128	0.719277	0.0369146	1.27745	0.0464818	4.61093e-05
10087	1	100	29	500	0.379818	0.326793	0.271747	0.0550455	0.0530252	0.712399	0.0398453	1.28367	0.0463623	3.5517e-05
10088	1	100	29	500	0.395648	0.333927	0.28174	0.0521876	0.0617203	0.70745	0.0348289	1.28329	0.0494266	3.24343e-05
10089	1	100	34	500	0.415546	0.342651	0.289804	0.0528475	0.0728951	0.702586	0.0366714	1.28201	0.0507289	3.23892e-05
10090	1	100	30	500	0.394265	0.334976	0.283238	0.0517377	0.0592891	0.705589	0.0358661	1.28675	0.0498935	3.43848e-05
10091	1	100	33	500	0.401063	0.332695	0.277264	0.0554312	0.0683676	0.699444	0.0890504	1.26175	0.155463	3.4725e-05
10092	1	100	32	500	0.360645	0.322683	0.269099	0.053584	0.0379612	0.706936	0.0725549	1.27906	0.123841	3.51896e-05
10093	1	100	30	500	0.346432	0.31894	0.266602	0.0523378	0.027492	0.715183	0.0302898	1.29471	0.0342251	3.80397e-05
10094	1	100	30	500	0.354086	0.322081	0.2654	0.0566816	0.0320044	0.713714	0.031978	1.29772	0.0427856	4.03213e-05
10095	1	100	31	500	0.340562	0.314076	0.255032	0.0590448	0.0264858	0.718873	0.0342486	1.29533	0.0421505	4.39196e-05
10096	1	100	31	500	0.325664	0.308428	0.252496	0.0559324	0.0172359	0.722736	0.0364195	1.29771	0.0461392	4.16523e-05
10097	1	100	32	500	0.335433	0.311457	0.244376	0.0670814	0.0239764	0.721635	0.0393692	1.29496	0.0551651	4.19872e-05
10098	1	100	30	500	0.32089	0.312467	0.245734	0.0667338	0.00842275	0.719707	0.0398075	1.30588	0.0608975	4.23787e-05
10099	1	100	29	500	0.326516	0.311504	0.23733	0.0741739	0.0150121	0.721524	0.039934	1.30238	0.0586521	4.47307e-05
10100	1	100	31	500	0.32106	0.305855	0.229833	0.0760221	0.0152046	0.726267	0.0380705	1.29667	0.0592251	4.51549e-05
10101	1	100	28	500	0.317368	0.308176	0.229813	0.0783636	0.00919153	0.724891	0.0431118	1.30531	0.0680077	4.62547e-05
