Generation	PopulationID	SampleSize	UniqueMutations	PopulationSize	totalLoad	RelzLoad	RelzLoadHomo	RelzLoadHetero	MskLoad	MeanFitness	SdFitness	MeanFitnessCached	SdFitnessCached	Heterozygosity	
10001	1	100	64	500	0.190953	0.178055	0.0951419	0.0829126	0.0128986	0.830252	0.0722175	1.17778	0.0858346	4.54381e-05
10002	1	100	42	500	0.197821	0.185303	0.0999428	0.0853601	0.0125177	0.824177	0.0688655	1.18449	0.0774434	4.37267e-05
10003	1	100	36	500	0.201595	0.186667	0.110459	0.0762076	0.0149281	0.823706	0.0776261	1.18536	0.0905763	3.89456e-05
10004	1	100	38	500	0.18859	0.163364	0.0791377	0.0842265	0.0252258	0.846526	0.0843198	1.15431	0.0927913	4.53488e-05
10005	1	100	38	500	0.191187	0.164199	0.0767232	0.0874756	0.026988	0.845015	0.0760618	1.15471	0.0863328	4.54005e-05
10006	1	100	37	500	0.181975	0.156746	0.0675164	0.0892296	0.0252295	0.852039	0.0780774	1.14744	0.0911463	4.82584e-05
10007	1	100	38	500	0.172794	0.145659	0.0553306	0.0903286	0.0271348	0.861187	0.0879067	1.13168	0.0991595	5.13186e-05
10008	1	100	38	500	0.174919	0.150302	0.0606958	0.0896067	0.024617	0.857994	0.0720161	1.14009	0.0750578	4.94096e-05
10009	1	100	38	500	0.176657	0.154454	0.0635995	0.0908541	0.0222033	0.853537	0.0696589	1.14611	0.0840138	4.97359e-05
10010	1	100	36	500	0.194927	0.161841	0.0670891	0.0947517	0.0330858	0.847952	0.0691487	1.14621	0.0846751	4.97001e-05
10011	1	100	34	500	0.185438	0.154585	0.0630587	0.0915267	0.0308526	0.852623	0.07762	1.13792	0.0978164	5.05521e-05
10012	1	100	35	500	0.186029	0.150962	0.0584911	0.0924711	0.0350664	0.854159	0.0672837	1.1263	0.0929746	4.97621e-05
10013	1	100	35	500	0.192716	0.165985	0.0753081	0.0906765	0.0267318	0.844252	0.0725556	1.15471	0.089999	4.67731e-05
10014	1	100	35	500	0.172602	0.151809	0.0650611	0.0867475	0.0207931	0.855036	0.0650768	1.14339	0.0841077	4.77305e-05
10015	1	100	38	500	0.175575	0.153382	0.0663837	0.0869979	0.0221935	0.852902	0.0643177	1.14255	0.0820781	4.86009e-05
10016	1	100	38	500	0.164561	0.141031	0.0509179	0.090113	0.0235296	0.864765	0.0666311	1.12801	0.0795837	5.27353e-05
10017	1	100	38	500	0.169832	0.140955	0.0500624	0.0908922	0.0288774	0.865154	0.0615953	1.12374	0.0816818	5.27887e-05
10018	1	100	35	500	0.161222	0.136463	0.0490184	0.0874447	0.024759	0.87016	0.067173	1.12398	0.0853181	5.14937e-05
10019	1	100	37	500	0.151005	0.123858	0.0390599	0.0847977	0.027147	0.881563	0.0714142	1.10726	0.08647	5.38125e-05
10020	1	100	33	500	0.144785	0.121129	0.0366155	0.0845131	0.0236567	0.880163	0.0704045	1.10428	0.0956991	5.58763e-05
10021	1	100	36	500	0.136224	0.111253	0.0303182	0.0809346	0.0249712	0.891342	0.0725307	1.09432	0.0890737	5.78876e-05
10022	1	100	35	500	0.154949	0.123518	0.0366179	0.0869002	0.0314307	0.883945	0.0555947	1.10408	0.0670939	5.71914e-05
10023	1	100	39	500	0.141026	0.10685	0.0274298	0.0794198	0.034176	0.900249	0.0525425	1.08583	0.0663622	5.8709e-05
10024	1	100	42	500	0.129782	0.096528	0.0249968	0.0715312	0.0332539	0.904116	0.05442	1.06811	0.0701347	5.74108e-05
10025	1	100	41	500	0.143611	0.111255	0.0307078	0.0805471	0.0323562	0.891436	0.0544195	1.08532	0.0785032	5.66526e-05
10026	1	100	38	500	0.148232	0.113707	0.0325538	0.0811529	0.0345249	0.885121	0.0597469	1.07828	0.0913098	5.57857e-05
10027	1	100	32	500	0.143266	0.112612	0.0311375	0.0814744	0.0306544	0.892404	0.0495101	1.08965	0.0702203	5.58665e-05
10028	1	100	24	500	0.162287	0.128612	0.0387235	0.0898886	0.0336753	0.880296	0.0509968	1.10425	0.0637892	5.4265e-05
10029	1	100	28	500	0.166413	0.128513	0.0370247	0.0914885	0.0378995	0.877713	0.0628043	1.0981	0.0858126	5.47559e-05
10030	1	100	27	500	0.168906	0.132008	0.0403732	0.0916351	0.0368978	0.876315	0.0636366	1.10556	0.0786237	5.37868e-05
10031	1	100	29	500	0.170655	0.134474	0.0417595	0.0927146	0.0361813	0.870848	0.0602677	1.10787	0.0803872	5.41733e-05
10032	1	100	29	500	0.16917	0.140624	0.0468902	0.0937337	0.0285462	0.866845	0.0572575	1.12345	0.0735043	5.40679e-05
10033	1	100	28	500	0.168995	0.143423	0.0496171	0.0938055	0.025572	0.863538	0.060912	1.12744	0.0766842	5.39781e-05
10034	1	100	29	500	0.182338	0.148752	0.0518801	0.0968719	0.0335859	0.86067	0.0540268	1.12803	0.0717429	5.38749e-05
10035	1	100	31	500	0.182782	0.147238	0.0498527	0.0973848	0.0355448	0.861061	0.0595146	1.12422	0.077122	5.44805e-05
10036	1	100	30	500	0.179825	0.149358	0.0520448	0.0973131	0.0304672	0.852964	0.059813	1.12494	0.0893499	5.45509e-05
10037	1	100	30	500	0.169925	0.139954	0.0457755	0.0941785	0.0299708	0.865143	0.0638145	1.11964	0.0862647	5.44319e-05
10038	1	100	27	500	0.159562	0.13173	0.0418815	0.0898488	0.0278322	0.875543	0.0578138	1.11361	0.0682761	5.55147e-05
10039	1	100	30	500	0.164034	0.138588	0.0459027	0.0926849	0.0254463	0.868679	0.0605664	1.12341	0.0731527	5.48307e-05
10040	1	100	30	500	0.172234	0.144069	0.0489603	0.0951083	0.0281656	0.863545	0.058397	1.12697	0.0789604	5.51922e-05
10041	1	100	30	500	0.176018	0.144538	0.0486823	0.0958558	0.0314796	0.86482	0.054027	1.12514	0.0682517	5.61882e-05
10042	1	100	31	500	0.180816	0.146638	0.049304	0.0973341	0.0341776	0.85946	0.0583693	1.12276	0.0820469	5.5496e-05
10043	1	100	30	500	0.180872	0.15154	0.0538546	0.0976859	0.0293311	0.851831	0.0675786	1.13015	0.0945758	5.4765e-05
10044	1	100	29	500	0.185724	0.150004	0.0523372	0.0976672	0.03572	0.860432	0.0567693	1.12768	0.0771261	5.45082e-05
10045	1	100	27	500	0.190484	0.160398	0.0643925	0.0960052	0.030086	0.849744	0.062229	1.14383	0.076891	5.0544e-05
10046	1	100	28	500	0.189755	0.159788	0.0603634	0.0994244	0.0299668	0.850601	0.0597068	1.14288	0.0730786	5.2968e-05
10047	1	100	25	500	0.166209	0.139138	0.0446451	0.094493	0.027071	0.867745	0.0566337	1.12166	0.069813	5.44741e-05
10048	1	100	26	500	0.188954	0.158721	0.0589321	0.0997887	0.0302337	0.847972	0.0645103	1.13657	0.0902607	5.28878e-05
10049	1	100	28	500	0.193921	0.16032	0.0579358	0.102384	0.0336015	0.849975	0.0604666	1.13771	0.0833755	5.4061e-05
10050	1	100	29	500	0.198451	0.15841	0.0556043	0.102805	0.0400413	0.852452	0.0615166	1.12697	0.0936911	5.39237e-05
10051	1	100	24	500	0.206747	0.169367	0.0668305	0.102536	0.0373801	0.842532	0.0676933	1.14303	0.0964893	5.29995e-05
10052	1	100	25	500	0.224599	0.185559	0.0875931	0.097966	0.0390398	0.822721	0.0662983	1.1538	0.103137	4.84892e-05
10053	1	100	24	500	0.220979	0.184583	0.0905423	0.0940409	0.0363959	0.828832	0.0587884	1.16298	0.0814881	4.83739e-05
10054	1	100	25	500	0.214405	0.176686	0.0840093	0.0926767	0.0377186	0.834396	0.0568161	1.15215	0.0893168	4.78732e-05
10055	1	100	23	500	0.207233	0.179109	0.0881926	0.0909168	0.0281233	0.83077	0.0587308	1.16504	0.0848117	4.81113e-05
10056	1	100	27	500	0.221255	0.191841	0.100899	0.0909419	0.029414	0.820769	0.057307	1.17788	0.0795102	4.70525e-05
10057	1	100	22	500	0.217447	0.185395	0.0911091	0.0942856	0.0320524	0.825112	0.0563468	1.16546	0.0879105	4.93445e-05
10058	1	100	23	500	0.253686	0.197444	0.0976226	0.0998213	0.0562418	0.815255	0.0627082	1.16343	0.10323	4.9274e-05
10059	1	100	25	500	0.266868	0.191489	0.0845943	0.106895	0.0753788	0.82067	0.0690597	1.1429	0.110018	5.17074e-05
10060	1	100	25	500	0.301401	0.194087	0.0768084	0.117278	0.107315	0.828075	0.0665832	1.12522	0.118279	5.29082e-05
10061	1	100	26	500	0.292799	0.186342	0.0692646	0.117077	0.106457	0.81945	0.138304	1.09902	0.159634	5.49482e-05
10062	1	100	24	500	0.263808	0.178281	0.0677248	0.110556	0.0855268	0.833303	0.0773221	1.1219	0.126777	5.38966e-05
10063	1	100	26	500	0.264982	0.180266	0.0718348	0.108431	0.0847158	0.833987	0.0602719	1.12701	0.107707	5.24106e-05
10064	1	100	22	500	0.279972	0.184457	0.0706941	0.113763	0.0955144	0.830663	0.0754494	1.11417	0.125308	5.37229e-05
10065	1	100	27	500	0.284828	0.189652	0.07667	0.112982	0.0951757	0.825632	0.0684014	1.11621	0.121445	5.31725e-05
10066	1	100	25	500	0.273467	0.185557	0.0757815	0.109776	0.0879096	0.832257	0.0707513	1.12079	0.119298	5.05981e-05
10067	1	100	27	500	0.271874	0.191893	0.0845408	0.107352	0.0799809	0.819438	0.0719384	1.13307	0.127169	4.94032e-05
10068	1	100	22	500	0.257811	0.182693	0.0788803	0.103813	0.0751182	0.831338	0.0670175	1.12697	0.115064	4.80543e-05
10069	1	100	23	500	0.288871	0.184669	0.0723104	0.112359	0.104201	0.83525	0.0761554	1.11241	0.12525	4.97706e-05
10070	1	100	20	500	0.295908	0.19898	0.0901217	0.108859	0.096928	0.808681	0.0778979	1.12156	0.158804	4.81989e-05
10071	1	100	26	500	0.28666	0.208591	0.111086	0.0975056	0.0780688	0.795841	0.131111	1.15233	0.163704	4.31412e-05
10072	1	100	22	500	0.230361	0.182231	0.0880534	0.0941779	0.0481296	0.827943	0.0712163	1.14605	0.118968	4.66627e-05
10073	1	100	24	500	0.24723	0.189624	0.0935551	0.0960693	0.0576053	0.826655	0.0635489	1.14572	0.10349	4.73885e-05
10074	1	100	21	500	0.231959	0.186205	0.0903601	0.0958444	0.0457549	0.824539	0.065284	1.13838	0.121291	4.90808e-05
10075	1	100	30	500	0.24898	0.194	0.0982768	0.095723	0.05498	0.812803	0.0595623	1.14623	0.122198	4.75713e-05
10076	1	100	26	500	0.246988	0.195709	0.0996295	0.0960794	0.0512786	0.821559	0.0638385	1.15854	0.100986	4.81703e-05
10077	1	100	25	500	0.270795	0.212992	0.122705	0.0902877	0.0578025	0.798729	0.0639687	1.16984	0.119854	4.40479e-05
10078	1	100	29	500	0.268662	0.201321	0.101117	0.100204	0.0673408	0.814976	0.0572381	1.15347	0.098436	4.82624e-05
10079	1	100	27	500	0.268373	0.199696	0.0981225	0.101574	0.0686773	0.809116	0.0854546	1.13901	0.133233	4.8844e-05
10080	1	100	25	500	0.299652	0.206632	0.0996722	0.10696	0.0930203	0.805144	0.0692812	1.12387	0.132095	4.72935e-05
10081	1	100	27	500	0.305597	0.210572	0.103139	0.107433	0.095025	0.803408	0.0661847	1.12844	0.132905	4.71392e-05
10082	1	100	24	500	0.316761	0.218015	0.112311	0.105704	0.0987459	0.791131	0.0838952	1.1299	0.147029	4.58022e-05
10083	1	100	28	500	0.28918	0.204739	0.100884	0.103855	0.0844417	0.813627	0.0660498	1.12629	0.123428	4.69881e-05
10084	1	100	26	500	0.293921	0.209264	0.109114	0.10015	0.0846571	0.805589	0.0754267	1.1258	0.142378	4.51046e-05
10085	1	100	24	500	0.285068	0.209007	0.109149	0.0998587	0.0760605	0.806878	0.0617198	1.10939	0.142038	4.65878e-05
10086	1	100	23	500	0.287945	0.212824	0.114085	0.0987394	0.0751201	0.801466	0.0617098	1.12793	0.141856	4.64138e-05
10087	1	100	25	500	0.293197	0.207262	0.10774	0.0995219	0.0859345	0.804732	0.0644459	1.08059	0.156225	4.38199e-05
10088	1	100	20	500	0.30539	0.214446	0.114073	0.100373	0.0909437	0.81447	0.0645229	1.08462	0.143433	4.4086e-05
10089	1	100	24	500	0.295715	0.202507	0.101749	0.100758	0.0932078	0.805009	0.0787057	1.06721	0.16061	4.26956e-05
10090	1	100	19	500	0.296779	0.206869	0.108429	0.0984392	0.0899108	0.80363	0.068082	1.05306	0.169726	4.28645e-05
10091	1	100	16	500	0.291958	0.211662	0.113459	0.0982031	0.0802964	0.79981	0.065508	1.0906	0.158362	4.36183e-05
10092	1	100	19	500	0.29755	0.219753	0.125257	0.094496	0.0777969	0.791415	0.0591539	1.12909	0.157217	4.29549e-05
10093	1	100	19	500	0.296066	0.219607	0.123924	0.0956836	0.0764593	0.79537	0.0547828	1.1174	0.150612	4.40007e-05
10094	1	100	18	500	0.308156	0.213933	0.113312	0.100621	0.0942231	0.799259	0.0626813	1.10096	0.150812	4.30465e-05
10095	1	100	17	500	0.296999	0.215345	0.119604	0.0957404	0.0816549	0.805716	0.0579371	1.13194	0.120912	4.26911e-05
10096	1	100	18	500	0.296314	0.217323	0.125653	0.0916702	0.078991	0.791423	0.0609708	1.13612	0.145242	4.0863e-05
10097	1	100	16	500	0.279397	0.207016	0.115102	0.0919142	0.0723813	0.808728	0.0666964	1.13726	0.1351	4.14203e-05
10098	1	100	18	500	0.27654	0.204555	0.109438	0.0951173	0.0719846	0.812001	0.0581323	1.1187	0.130264	4.44248e-05
10099	1	100	19	500	0.272635	0.203096	0.107607	0.0954883	0.0695394	0.800287	0.0673733	1.09916	0.163939	4.54146e-05
10100	1	100	17	500	0.2602	0.194403	0.0999976	0.0944052	0.065797	0.825442	0.0772535	1.0926	0.148221	4.6413e-05
10101	1	100	16	500	0.24675	0.177174	0.0867633	0.0904109	0.069576	0.833028	0.0867245	1.05448	0.155008	4.54351e-05
