Generation	PopulationID	SampleSize	UniqueMutations	PopulationSize	totalLoad	RelzLoad	RelzLoadHomo	RelzLoadHetero	MskLoad	MeanFitness	SdFitness	MeanFitnessCached	SdFitnessCached	Heterozygosity	
10001	1	100	36	500	0.316089	0.30226	0.255202	0.0470578	0.0138291	0.723769	0.0588809	1.25486	0.0483832	2.21116e-05
10002	1	100	24	500	0.317631	0.306757	0.267031	0.0397261	0.0108744	0.721504	0.0531951	1.26221	0.0458433	2.17759e-05
10003	1	100	22	500	0.310068	0.296167	0.248682	0.0474845	0.0139011	0.731258	0.0524156	1.25692	0.0371051	2.22035e-05
10004	1	100	25	500	0.303462	0.288696	0.238552	0.0501435	0.0147657	0.737514	0.054582	1.25778	0.0463662	2.39668e-05
10005	1	100	26	500	0.30479	0.289355	0.238648	0.0507065	0.0154351	0.735853	0.0539912	1.25864	0.0476029	2.4317e-05
10006	1	100	24	500	0.186828	0.173972	0.124049	0.0499234	0.0128552	0.832895	0.0581213	1.13364	0.0418223	2.45648e-05
10007	1	100	19	500	0.179446	0.163577	0.107702	0.0558745	0.0158688	0.841092	0.0631386	1.12616	0.0447673	2.55043e-05
10008	1	100	15	500	0.179433	0.162503	0.105599	0.0569043	0.0169293	0.840515	0.0703237	1.12545	0.0532357	2.60393e-05
10009	1	100	18	500	0.169727	0.154027	0.0933944	0.060633	0.0156991	0.848832	0.0695318	1.1217	0.0469636	2.62161e-05
10010	1	100	19	500	0.165568	0.147897	0.088452	0.0594446	0.0176709	0.857617	0.0613512	1.11944	0.0487262	2.6701e-05
10011	1	100	17	500	0.166292	0.146012	0.0845105	0.0615019	0.0202798	0.857944	0.0622133	1.11527	0.0454759	2.7941e-05
10012	1	100	18	500	0.170718	0.146758	0.0893593	0.0573991	0.0239598	0.856821	0.0624601	1.11432	0.0440165	2.84463e-05
10013	1	100	16	500	0.176881	0.153007	0.0988371	0.0541701	0.0238741	0.851879	0.0610401	1.11718	0.0438463	2.81265e-05
10014	1	100	16	500	0.176035	0.151134	0.0941875	0.0569469	0.0249007	0.85385	0.0638125	1.117	0.047717	2.78257e-05
10015	1	100	16	500	0.179581	0.157904	0.104166	0.0537377	0.0216771	0.847284	0.0587681	1.12662	0.0495125	2.74482e-05
10016	1	100	21	500	0.176087	0.155686	0.100939	0.0547473	0.020401	0.847706	0.0595218	1.12764	0.0456845	2.74484e-05
10017	1	100	18	500	0.190649	0.155017	0.0942633	0.0607532	0.0356326	0.849781	0.0705091	1.11714	0.0540991	2.84317e-05
10018	1	100	19	500	0.22493	0.178826	0.12675	0.0520767	0.0461036	0.826305	0.0677576	1.12068	0.0477253	2.8509e-05
10019	1	100	19	500	0.211029	0.17903	0.130792	0.0482389	0.0319989	0.828758	0.0588815	1.12508	0.044972	2.83472e-05
10020	1	100	18	500	0.211026	0.176078	0.124066	0.052012	0.0349483	0.823186	0.0781164	1.10829	0.0645437	2.85639e-05
10021	1	100	18	500	0.234032	0.196284	0.157379	0.0389056	0.0377474	0.808261	0.0669955	1.11791	0.0628702	2.75603e-05
10022	1	100	20	500	0.246439	0.208203	0.170393	0.0378106	0.0382362	0.800678	0.0687631	1.11022	0.0637393	2.68097e-05
10023	1	100	22	500	0.23968	0.200347	0.154288	0.0460589	0.0393337	0.804787	0.0800374	1.09915	0.0692512	2.78196e-05
10024	1	100	17	500	0.247614	0.207965	0.165418	0.0425477	0.0396489	0.799617	0.0828881	1.09623	0.0710434	2.77241e-05
10025	1	100	18	500	0.278462	0.234383	0.197245	0.0371387	0.0440786	0.775877	0.081406	1.0912	0.0790262	2.5561e-05
10026	1	100	18	500	0.290843	0.242281	0.209787	0.0324943	0.048562	0.776632	0.0752412	1.09014	0.0744145	2.44688e-05
10027	1	100	17	500	0.271982	0.22638	0.18792	0.0384591	0.0456022	0.790084	0.0798192	1.09027	0.0738687	2.55912e-05
10028	1	100	18	500	0.274836	0.233634	0.200134	0.0334995	0.0412017	0.78067	0.0766057	1.08754	0.0761958	2.55721e-05
10029	1	100	18	500	0.276556	0.230656	0.197516	0.0331399	0.0459005	0.789837	0.0662754	1.10434	0.0621153	2.60801e-05
10030	1	100	15	500	0.29344	0.238396	0.199227	0.0391683	0.0550442	0.776584	0.0792316	1.08073	0.0779275	2.62546e-05
10031	1	100	14	500	0.263661	0.217565	0.170805	0.0467601	0.0460959	0.797625	0.0803528	1.08969	0.066654	2.86604e-05
10032	1	100	15	500	0.277306	0.22883	0.183134	0.045696	0.0484754	0.790355	0.0813271	1.08462	0.0678668	2.8235e-05
10033	1	100	13	500	0.295877	0.247349	0.208971	0.0383782	0.0485282	0.77161	0.0823803	1.0784	0.0797185	2.72432e-05
10034	1	100	17	500	0.295485	0.24391	0.202805	0.0411049	0.0515748	0.775311	0.0820999	1.08244	0.0810037	2.85793e-05
10035	1	100	13	500	0.279492	0.228784	0.183043	0.0457409	0.0507079	0.78836	0.0858666	1.08724	0.0763881	2.91617e-05
10036	1	100	14	500	0.276979	0.225859	0.177315	0.0485432	0.0511205	0.78516	0.0955059	1.07231	0.0809414	2.89854e-05
10037	1	100	13	500	0.264404	0.213673	0.159858	0.0538148	0.0507311	0.80378	0.0890155	1.08546	0.0738985	2.97285e-05
10038	1	100	12	500	0.241063	0.192454	0.132358	0.0600962	0.0486092	0.817217	0.0941658	1.07811	0.0689075	3.06948e-05
10039	1	100	14	500	0.229714	0.182924	0.120848	0.062076	0.0467893	0.828769	0.0910346	1.08423	0.0655955	3.07716e-05
10040	1	100	12	500	0.233014	0.188209	0.126455	0.0617544	0.0448042	0.824267	0.0944735	1.07655	0.0676175	3.02188e-05
10041	1	100	19	500	0.250793	0.203284	0.145376	0.0579071	0.0475093	0.81248	0.0928771	1.07939	0.0702603	3.02553e-05
10042	1	100	17	500	0.2327	0.188974	0.129081	0.0598928	0.043726	0.824758	0.0851224	1.08788	0.0627193	3.09693e-05
10043	1	100	15	500	0.220421	0.173955	0.110651	0.0633039	0.0464664	0.832245	0.0898536	1.0847	0.0641282	3.14026e-05
10044	1	100	15	500	0.219734	0.171467	0.107105	0.0643621	0.0482669	0.839481	0.0818796	1.09163	0.0591203	3.23127e-05
10045	1	100	15	500	0.2316	0.177838	0.110484	0.0673536	0.0537622	0.835093	0.0914468	1.07395	0.0619603	3.14831e-05
10046	1	100	23	500	0.230952	0.183532	0.121742	0.06179	0.0474203	0.828164	0.0836983	1.0877	0.0583672	3.29127e-05
10047	1	100	16	500	0.218244	0.170123	0.103279	0.0668436	0.0481209	0.840942	0.0860068	1.08119	0.0478751	3.24431e-05
10048	1	100	17	500	0.24095	0.179853	0.109411	0.0704418	0.061097	0.829712	0.0986405	1.06868	0.0658167	3.26833e-05
10049	1	100	23	500	0.266643	0.197828	0.127929	0.0698989	0.0688153	0.821827	0.0864264	1.07735	0.0577682	3.27619e-05
10050	1	100	19	500	0.284828	0.21805	0.151507	0.0665421	0.066778	0.793428	0.10649	1.05172	0.0723222	3.23587e-05
10051	1	100	21	500	0.295791	0.225779	0.158838	0.0669406	0.070012	0.794331	0.103596	1.05466	0.0694134	3.1738e-05
10052	1	100	21	500	0.293894	0.232297	0.167872	0.0644251	0.0615963	0.79035	0.106891	1.04547	0.0708639	3.03277e-05
10053	1	100	22	500	0.325652	0.26233	0.202918	0.059412	0.0633212	0.766412	0.108829	1.03227	0.0703566	2.81711e-05
10054	1	100	18	500	0.309928	0.251653	0.195548	0.0561052	0.0582748	0.772562	0.103385	1.0453	0.0748462	2.99171e-05
10055	1	100	24	500	0.32114	0.263828	0.213973	0.049855	0.0573116	0.762344	0.0980639	1.04739	0.0775053	2.91369e-05
10056	1	100	22	500	0.350056	0.288537	0.240346	0.0481913	0.0615182	0.737976	0.105394	1.02022	0.0790714	2.65387e-05
10057	1	100	19	500	0.352303	0.286465	0.240259	0.0462059	0.0658382	0.742705	0.0986269	1.03353	0.0826555	2.7143e-05
10058	1	100	19	500	0.319213	0.257269	0.200948	0.0563211	0.0619439	0.766611	0.102377	1.03844	0.0810066	2.94489e-05
10059	1	100	19	500	0.323183	0.262349	0.211455	0.0508934	0.0608341	0.763954	0.0978064	1.04755	0.0820863	2.95814e-05
10060	1	100	20	500	0.320353	0.249695	0.190542	0.0591533	0.0706579	0.773215	0.105638	1.0433	0.0762986	3.13138e-05
10061	1	100	20	500	0.324325	0.255959	0.199685	0.0562742	0.0683662	0.767229	0.101805	1.0415	0.0790262	3.10606e-05
10062	1	100	22	500	0.299787	0.234964	0.172784	0.0621795	0.0648228	0.786004	0.104268	1.04335	0.0682675	3.21698e-05
10063	1	100	18	500	0.287635	0.231985	0.169406	0.0625794	0.0556499	0.795127	0.101637	1.04131	0.0726649	3.06553e-05
10064	1	100	18	500	0.287022	0.231824	0.167721	0.0641022	0.0551989	0.789866	0.115292	1.02707	0.0678039	2.96351e-05
10065	1	100	15	500	0.313164	0.258557	0.200454	0.0581025	0.0546071	0.770111	0.110114	1.01991	0.0752478	2.76458e-05
10066	1	100	12	500	0.30538	0.254427	0.197176	0.0572512	0.0509522	0.774851	0.107601	1.02358	0.0674033	2.71825e-05
10067	1	100	15	500	0.295389	0.239138	0.177259	0.0618799	0.0562504	0.781349	0.113765	1.02233	0.0694083	2.96587e-05
10068	1	100	14	500	0.269538	0.215529	0.150028	0.0655011	0.0540087	0.804907	0.104266	1.03258	0.0716078	3.0551e-05
10069	1	100	12	500	0.262683	0.210411	0.144734	0.0656762	0.0522723	0.807513	0.109426	1.02675	0.0680585	3.02864e-05
10070	1	100	10	500	0.26128	0.205602	0.138134	0.0674672	0.0556782	0.810928	0.112363	1.0232	0.0693448	3.05849e-05
10071	1	100	12	500	0.281104	0.226704	0.162862	0.0638422	0.0543997	0.792717	0.110416	1.02284	0.0760929	2.98787e-05
10072	1	100	12	500	0.281307	0.222735	0.157725	0.0650102	0.0585725	0.796174	0.110696	1.02498	0.0689427	3.03556e-05
10073	1	100	12	500	0.285797	0.225854	0.1608	0.0650545	0.0599427	0.794594	0.111981	1.02311	0.0757668	3.0269e-05
10074	1	100	13	500	0.264143	0.206272	0.138883	0.0673895	0.057871	0.81282	0.10862	1.03079	0.071791	3.1921e-05
10075	1	100	11	500	0.278363	0.215456	0.147621	0.0678347	0.0629077	0.804838	0.107006	1.02805	0.0694668	3.15664e-05
10076	1	100	13	500	0.268573	0.206714	0.137044	0.0696695	0.061859	0.816245	0.113584	1.02753	0.0652088	3.07785e-05
10077	1	100	11	500	0.256813	0.191491	0.119722	0.0717687	0.0653217	0.823568	0.117017	1.01325	0.0742169	3.05975e-05
10078	1	100	13	500	0.245044	0.188522	0.118774	0.0697486	0.0565213	0.82455	0.114749	1.01472	0.069142	2.99163e-05
10079	1	100	15	500	0.260088	0.206035	0.137564	0.0684708	0.0540533	0.821377	0.102774	1.03456	0.0666002	3.03395e-05
10080	1	100	16	500	0.242645	0.188667	0.119459	0.0692078	0.0539782	0.827203	0.116174	1.0296	0.0611291	3.1641e-05
10081	1	100	17	500	0.246676	0.196822	0.129139	0.0676828	0.0498542	0.82105	0.109248	1.02619	0.0644572	3.13632e-05
10082	1	100	15	500	0.230307	0.178791	0.110204	0.0685869	0.051516	0.835644	0.119105	1.02547	0.0651714	3.23293e-05
10083	1	100	13	500	0.201963	0.153	0.0862947	0.0667053	0.0489628	0.85906	0.105369	1.03548	0.0635497	3.2326e-05
10084	1	100	14	500	0.192808	0.144372	0.0785772	0.0657947	0.0484358	0.857718	0.11799	1.02587	0.0564821	3.23762e-05
10085	1	100	15	500	0.183095	0.130713	0.066273	0.0644395	0.0523821	0.874959	0.0986011	1.03523	0.0568987	3.19971e-05
10086	1	100	12	500	0.175455	0.125044	0.0619917	0.0630527	0.0504106	0.882133	0.0954339	1.04061	0.0555006	3.14044e-05
10087	1	100	14	500	0.176912	0.122243	0.0594124	0.0628303	0.0546691	0.882647	0.0958558	1.04015	0.063809	3.06614e-05
10088	1	100	11	500	0.141812	0.0964701	0.0438668	0.0526032	0.0453423	0.907427	0.0790942	1.04478	0.038316	2.70555e-05
10089	1	100	10	500	0.15315	0.104138	0.0480752	0.0560627	0.0490121	0.899399	0.0906787	1.03958	0.0458341	2.87542e-05
10090	1	100	12	500	0.13591	0.0922647	0.04173	0.0505346	0.0436451	0.909873	0.0879845	1.04012	0.04388	2.69279e-05
10091	1	100	15	500	0.1546	0.0989635	0.0440106	0.0549529	0.0556365	0.907028	0.0873751	1.03938	0.0458922	2.7811e-05
10092	1	100	14	500	0.147988	0.0907991	0.0395115	0.0512876	0.0571887	0.916181	0.0704092	1.041	0.0382193	2.63324e-05
10093	1	100	11	500	0.116033	0.0740913	0.0333298	0.0407615	0.0419414	0.931066	0.0603576	1.03991	0.0288954	2.49445e-05
10094	1	100	13	500	0.117456	0.0788009	0.0362124	0.0425885	0.0386552	0.927472	0.0624133	1.04215	0.0319413	2.62449e-05
10095	1	100	13	500	0.122339	0.0823452	0.0370266	0.0453186	0.0399941	0.917093	0.0830227	1.031	0.0464462	2.805e-05
10096	1	100	12	500	0.101682	0.0647561	0.030045	0.0347111	0.0369263	0.939448	0.0469054	1.03633	0.0385683	2.41947e-05
10097	1	100	14	500	0.102897	0.0676902	0.0294054	0.0382847	0.0352072	0.936483	0.0543727	1.03671	0.0405073	2.64585e-05
10098	1	100	15	500	0.105985	0.0668038	0.0292528	0.0375509	0.0391816	0.937002	0.0547202	1.03064	0.0433976	2.74959e-05
10099	1	100	13	500	0.103793	0.0680843	0.030903	0.0371813	0.0357089	0.931045	0.0662261	1.03153	0.0478413	2.54224e-05
10100	1	100	18	500	0.128338	0.0780238	0.0327452	0.0452786	0.0503137	0.919678	0.0833372	1.02342	0.0551812	2.79242e-05
10101	1	100	14	500	0.124549	0.0714749	0.0308434	0.0406315	0.0530741	0.929178	0.0688486	1.02303	0.04726	2.61008e-05
