Generation	PopulationID	SampleSize	UniqueMutations	PopulationSize	totalLoad	RelzLoad	RelzLoadHomo	RelzLoadHetero	MskLoad	MeanFitness	SdFitness	MeanFitnessCached	SdFitnessCached	Heterozygosity	
10001	1	100	63	500	0.301903	0.282828	0.174889	0.107939	0.019075	0.745128	0.0636806	1.29181	0.0919697	4.22478e-05
10002	1	100	41	500	0.297604	0.282382	0.181727	0.100655	0.0152224	0.746413	0.0671703	1.29531	0.0973959	4.09258e-05
10003	1	100	40	500	0.307357	0.290612	0.188585	0.102028	0.0167446	0.739707	0.0633857	1.30608	0.0968625	4.02623e-05
10004	1	100	40	500	0.30253	0.284485	0.179026	0.105459	0.0180455	0.745316	0.0568067	1.29758	0.0825458	4.08624e-05
10005	1	100	34	500	0.291481	0.275838	0.168718	0.10712	0.0156421	0.751875	0.0555113	1.29109	0.0795536	4.09361e-05
10006	1	100	34	500	0.290619	0.276358	0.171256	0.105102	0.0142607	0.751539	0.0630876	1.29258	0.0921116	4.08e-05
10007	1	100	33	500	0.292813	0.277442	0.175544	0.101898	0.015371	0.748881	0.0658298	1.29002	0.102474	4.05211e-05
10008	1	100	30	500	0.313075	0.3012	0.206095	0.0951053	0.0118751	0.731026	0.0687501	1.32212	0.103353	3.89956e-05
10009	1	100	32	500	0.313144	0.296077	0.198261	0.0978154	0.0170672	0.735947	0.0720838	1.31485	0.115445	4.01679e-05
10010	1	100	34	500	0.310014	0.293927	0.197117	0.09681	0.0160865	0.738356	0.0662191	1.3119	0.0993704	4.13448e-05
10011	1	100	29	500	0.303619	0.287941	0.188715	0.0992259	0.0156788	0.743021	0.0639275	1.30678	0.0987942	4.17972e-05
10012	1	100	31	500	0.315388	0.302061	0.207855	0.094206	0.0133265	0.729178	0.0655689	1.32298	0.103041	3.98967e-05
10013	1	100	30	500	0.238948	0.230396	0.143725	0.0866716	0.00855197	0.787826	0.0797379	1.23971	0.100735	3.85912e-05
10014	1	100	28	500	0.228539	0.220908	0.135872	0.0850357	0.00763074	0.794442	0.059916	1.22695	0.0728722	3.82385e-05
10015	1	100	26	500	0.217238	0.213068	0.12386	0.0892072	0.00417014	0.800831	0.0667407	1.22257	0.0805148	3.75692e-05
10016	1	100	21	500	0.228263	0.223496	0.137125	0.0863717	0.0047666	0.792671	0.062053	1.23482	0.077231	3.69324e-05
10017	1	100	22	500	0.239722	0.23479	0.150311	0.0844788	0.00493248	0.782459	0.0687031	1.24599	0.0830545	3.84058e-05
10018	1	100	25	500	0.247415	0.242386	0.157709	0.0846776	0.00502845	0.775393	0.065566	1.25393	0.0785071	3.8331e-05
10019	1	100	28	500	0.247749	0.241837	0.158383	0.0834544	0.00591143	0.776718	0.0653029	1.25194	0.0777871	3.83917e-05
10020	1	100	26	500	0.232888	0.2278	0.133275	0.0945249	0.00508813	0.78882	0.0725211	1.23892	0.0890717	4.02449e-05
10021	1	100	24	500	0.233383	0.224789	0.127505	0.0972843	0.00859431	0.791488	0.0665119	1.23301	0.0818126	4.19307e-05
10022	1	100	27	500	0.213054	0.204855	0.102488	0.102367	0.0081986	0.809091	0.0773413	1.21113	0.094532	4.29572e-05
10023	1	100	24	500	0.1949	0.190067	0.0838945	0.106173	0.00483303	0.822002	0.0696062	1.19773	0.0857183	4.37937e-05
10024	1	100	21	500	0.178963	0.173989	0.0665835	0.107405	0.00497416	0.836023	0.0665643	1.17857	0.0795401	4.50587e-05
10025	1	100	23	500	0.176851	0.17169	0.0665721	0.105118	0.0051608	0.838433	0.0612909	1.17728	0.073644	4.45355e-05
10026	1	100	20	500	0.191422	0.183927	0.0783966	0.10553	0.00749527	0.827061	0.065587	1.1886	0.0763485	4.375e-05
10027	1	100	23	500	0.196169	0.190112	0.0820844	0.108028	0.00605693	0.821315	0.0682497	1.19559	0.082319	4.40858e-05
10028	1	100	21	500	0.193988	0.188849	0.0806659	0.108183	0.00513918	0.822831	0.061295	1.19562	0.0727722	4.46841e-05
10029	1	100	21	500	0.192046	0.187632	0.0826292	0.105003	0.0044144	0.823508	0.0624871	1.19474	0.0732217	4.34516e-05
10030	1	100	22	500	0.191225	0.186209	0.078116	0.108093	0.00501633	0.824334	0.0640049	1.19433	0.0783353	4.40608e-05
10031	1	100	24	500	0.211015	0.205362	0.100692	0.10467	0.00565364	0.808431	0.0585471	1.21462	0.073789	4.31327e-05
10032	1	100	26	500	0.212944	0.206897	0.104905	0.101992	0.00604646	0.806765	0.0669531	1.21524	0.0825032	4.26112e-05
10033	1	100	25	500	0.208719	0.19991	0.0939627	0.105947	0.00880845	0.813097	0.0705914	1.20581	0.0850282	4.3247e-05
10034	1	100	24	500	0.225353	0.217834	0.114644	0.10319	0.00751936	0.795941	0.0739031	1.22556	0.0897519	4.25128e-05
10035	1	100	22	500	0.228125	0.222853	0.122613	0.100239	0.00527193	0.792449	0.0611536	1.23264	0.0748432	4.19772e-05
10036	1	100	20	500	0.23094	0.225295	0.124908	0.100387	0.00564495	0.79002	0.0685893	1.23424	0.0797582	4.19993e-05
10037	1	100	18	500	0.244703	0.230226	0.128852	0.101374	0.0144764	0.786131	0.0667934	1.23416	0.0784593	4.22913e-05
10038	1	100	20	500	0.255007	0.226514	0.11672	0.109794	0.0284931	0.790142	0.0684822	1.22112	0.085038	4.27656e-05
10039	1	100	19	500	0.251074	0.224591	0.115047	0.109544	0.0264826	0.79281	0.0735709	1.22171	0.0889313	4.26656e-05
10040	1	100	20	500	0.212162	0.207463	0.101461	0.106002	0.00469976	0.806909	0.0648143	1.21574	0.0765942	4.3462e-05
10041	1	100	17	500	0.196958	0.192729	0.0893611	0.103368	0.00422843	0.819601	0.0723268	1.19977	0.0862028	4.36742e-05
10042	1	100	14	500	0.180962	0.177479	0.0759133	0.101566	0.00348252	0.8326	0.0682146	1.18347	0.0785349	4.23156e-05
10043	1	100	14	500	0.183002	0.180692	0.0791409	0.101551	0.00231048	0.830171	0.0630004	1.19003	0.0791386	4.14461e-05
10044	1	100	14	500	0.187921	0.185185	0.0821851	0.103	0.00273577	0.825912	0.0636991	1.19431	0.0799691	4.18483e-05
10045	1	100	15	500	0.183624	0.181487	0.0792073	0.102279	0.00213722	0.829048	0.0743819	1.19109	0.0938845	4.09696e-05
10046	1	100	16	500	0.192774	0.189722	0.0885807	0.101142	0.00305144	0.821911	0.0669962	1.19929	0.0831896	4.25606e-05
10047	1	100	16	500	0.194968	0.187555	0.0841881	0.103367	0.00741296	0.823612	0.0670249	1.19422	0.0851067	4.24845e-05
10048	1	100	16	500	0.189241	0.178615	0.0743025	0.104313	0.0106254	0.83173	0.0655892	1.18174	0.0793368	4.18317e-05
10049	1	100	19	500	0.202494	0.190146	0.0815779	0.108569	0.0123479	0.822139	0.0611818	1.19418	0.0787342	4.23078e-05
10050	1	100	18	500	0.204439	0.187464	0.0783152	0.109149	0.0169752	0.825169	0.0642786	1.18718	0.0797432	4.19726e-05
10051	1	100	21	500	0.198922	0.183486	0.0746092	0.108877	0.0154361	0.828029	0.0629266	1.18345	0.0774972	4.18636e-05
10052	1	100	17	500	0.192988	0.174819	0.068115	0.106704	0.0181689	0.833069	0.0690795	1.16721	0.0853626	4.09175e-05
10053	1	100	19	500	0.190133	0.177734	0.0715717	0.106162	0.0123988	0.833129	0.0543892	1.18066	0.0729209	4.06237e-05
10054	1	100	19	500	0.200608	0.188202	0.0775042	0.110698	0.0124064	0.824029	0.0631091	1.19243	0.0833521	4.09612e-05
10055	1	100	20	500	0.219419	0.196911	0.0821515	0.114759	0.0225087	0.815367	0.0635203	1.19073	0.0855421	4.26671e-05
10056	1	100	17	500	0.234006	0.216654	0.102886	0.113768	0.0173513	0.799308	0.0696761	1.22033	0.0950916	4.12718e-05
10057	1	100	19	500	0.219536	0.201293	0.0887264	0.112566	0.0182433	0.813127	0.0609742	1.20261	0.0799335	4.16053e-05
10058	1	100	18	500	0.214603	0.190567	0.0770472	0.113519	0.0240367	0.823085	0.0632554	1.18565	0.0831733	4.30262e-05
10059	1	100	19	500	0.223347	0.194846	0.0811286	0.113717	0.0285017	0.818106	0.0656151	1.18107	0.0828082	4.40234e-05
10060	1	100	19	500	0.218534	0.191089	0.0784069	0.112682	0.0274454	0.822976	0.0559675	1.18075	0.0732904	4.41173e-05
10061	1	100	19	500	0.208967	0.193323	0.0864752	0.106848	0.015644	0.819533	0.0590511	1.1955	0.0765662	4.27806e-05
10062	1	100	20	500	0.208481	0.193415	0.0843582	0.109057	0.0150659	0.816844	0.067148	1.19223	0.091542	4.22118e-05
10063	1	100	18	500	0.214915	0.196056	0.0869705	0.109085	0.0188591	0.816948	0.0618404	1.1947	0.0815826	4.30158e-05
10064	1	100	19	500	0.213381	0.199203	0.0928275	0.106376	0.0141775	0.814554	0.0675031	1.20329	0.0864362	4.1922e-05
10065	1	100	17	500	0.184568	0.174115	0.0716016	0.102514	0.0104525	0.835825	0.0495906	1.17808	0.0648894	4.18667e-05
10066	1	100	18	500	0.180515	0.173125	0.0727852	0.100339	0.00739039	0.836694	0.0607537	1.17851	0.0778621	4.15559e-05
10067	1	100	17	500	0.182581	0.177145	0.0750799	0.102065	0.00543594	0.833393	0.0579387	1.18491	0.0739414	4.12919e-05
10068	1	100	16	500	0.188106	0.178548	0.0731337	0.105414	0.00955824	0.832248	0.0511651	1.18356	0.0692404	4.18522e-05
10069	1	100	19	500	0.178426	0.167118	0.066902	0.100216	0.0113074	0.842566	0.0557923	1.16935	0.0680316	4.15934e-05
10070	1	100	18	500	0.189673	0.184858	0.0801305	0.104728	0.00481405	0.826191	0.0571104	1.19298	0.0774735	4.17403e-05
10071	1	100	16	500	0.188064	0.18276	0.0790964	0.103664	0.005304	0.827871	0.0628773	1.18966	0.0836257	4.17572e-05
10072	1	100	17	500	0.192215	0.187319	0.0809515	0.106368	0.00489584	0.824525	0.0688719	1.19599	0.0898771	4.18681e-05
10073	1	100	17	500	0.195361	0.184202	0.0790001	0.105202	0.0111584	0.827541	0.0597001	1.18864	0.0754622	4.22763e-05
10074	1	100	19	500	0.193151	0.179979	0.0747419	0.105237	0.013172	0.831007	0.0623143	1.18172	0.0805022	4.23249e-05
10075	1	100	19	500	0.193977	0.179752	0.0756089	0.104143	0.0142249	0.831911	0.0540334	1.18221	0.0676811	4.25938e-05
10076	1	100	15	500	0.183993	0.178406	0.074083	0.104323	0.00558713	0.832727	0.0623599	1.18574	0.0806356	4.26631e-05
10077	1	100	18	500	0.185444	0.179831	0.0754321	0.104399	0.00561277	0.831016	0.05912	1.18695	0.0753131	4.29894e-05
10078	1	100	19	500	0.183544	0.17774	0.0740607	0.103679	0.00580412	0.833298	0.0548417	1.18546	0.0720985	4.29091e-05
10079	1	100	17	500	0.171837	0.168229	0.0690565	0.0991723	0.00360877	0.841463	0.0545008	1.17618	0.0707517	4.30541e-05
10080	1	100	22	500	0.178611	0.173153	0.0715352	0.101618	0.00545797	0.837061	0.056036	1.18025	0.072348	4.26829e-05
10081	1	100	20	500	0.185139	0.178182	0.0756699	0.102512	0.00695723	0.832404	0.0596875	1.18435	0.0756413	4.21168e-05
10082	1	100	16	500	0.175804	0.168932	0.0700724	0.0988598	0.0068714	0.840784	0.0517643	1.17458	0.067695	4.19731e-05
10083	1	100	16	500	0.189201	0.182512	0.0775797	0.104932	0.00668856	0.828657	0.0597219	1.18937	0.0787122	4.22854e-05
10084	1	100	16	500	0.194185	0.188246	0.0815107	0.106736	0.0059386	0.823863	0.0593427	1.19663	0.0761602	4.2183e-05
10085	1	100	13	500	0.204625	0.200541	0.0945333	0.106007	0.00408374	0.813071	0.0575848	1.21147	0.074732	4.11808e-05
10086	1	100	17	500	0.194283	0.190003	0.0817139	0.108289	0.00427995	0.822653	0.0647424	1.20034	0.0851425	4.16879e-05
10087	1	100	14	500	0.196814	0.191631	0.0822471	0.109384	0.00518271	0.821233	0.0618218	1.20101	0.082339	4.10798e-05
10088	1	100	14	500	0.194299	0.185595	0.0780548	0.10754	0.00870484	0.826526	0.061571	1.19065	0.0796579	4.13213e-05
10089	1	100	14	500	0.179977	0.173847	0.0721312	0.101715	0.00613027	0.83691	0.0531207	1.17986	0.0707535	4.16057e-05
10090	1	100	16	500	0.189146	0.183625	0.0766442	0.106981	0.00552138	0.82795	0.0602673	1.19127	0.0829866	4.22928e-05
10091	1	100	15	500	0.186863	0.182787	0.0759366	0.10685	0.00407601	0.828618	0.0535135	1.19171	0.0706002	4.2793e-05
10092	1	100	20	500	0.210329	0.204459	0.0907753	0.113684	0.00586983	0.810231	0.0616837	1.21525	0.0839903	4.24037e-05
10093	1	100	14	500	0.217539	0.212304	0.0975306	0.114773	0.00523593	0.802944	0.0635267	1.22434	0.0858861	4.27507e-05
10094	1	100	18	500	0.212204	0.206207	0.0901635	0.116043	0.00599686	0.807986	0.0598567	1.21655	0.0847484	4.44079e-05
10095	1	100	14	500	0.237758	0.234105	0.119012	0.115093	0.00365302	0.784683	0.0630781	1.25122	0.0854929	4.31516e-05
10096	1	100	14	500	0.233535	0.229437	0.11137	0.118067	0.00409796	0.788703	0.0675613	1.24547	0.0909607	4.37879e-05
10097	1	100	16	500	0.238448	0.233989	0.11426	0.119729	0.00445958	0.784964	0.0644789	1.25077	0.0883147	4.4071e-05
10098	1	100	13	500	0.253217	0.24756	0.129932	0.117628	0.005657	0.773584	0.0660826	1.26519	0.0905063	4.26144e-05
10099	1	100	15	500	0.251999	0.246059	0.129298	0.116761	0.00593968	0.775217	0.0669749	1.26389	0.0918956	4.2426e-05
10100	1	100	17	500	0.247049	0.241641	0.123266	0.118375	0.00540715	0.778265	0.0635698	1.25801	0.0902495	4.24911e-05
10101	1	100	16	500	0.23225	0.227992	0.106001	0.121991	0.0042585	0.790749	0.0699763	1.24475	0.0959587	4.58179e-05
