Generation	PopulationID	SampleSize	UniqueMutations	PopulationSize	totalLoad	RelzLoad	RelzLoadHomo	RelzLoadHetero	MskLoad	MeanFitness	SdFitness	MeanFitnessCached	SdFitnessCached	Heterozygosity	
10001	1	100	50	500	0.161402	0.143545	0.0992715	0.0442735	0.0178572	0.86036	0.0272264	1.13426	0.0349119	3.35098e-05
10002	1	100	36	500	0.175939	0.14468	0.0919755	0.0527047	0.0312584	0.861138	0.02855	1.12763	0.0353208	3.45178e-05
10003	1	100	30	500	0.180764	0.145977	0.0875226	0.0584539	0.034787	0.857786	0.0310261	1.12331	0.0452533	3.55415e-05
10004	1	100	31	500	0.198043	0.150969	0.0934893	0.0574793	0.0470749	0.856857	0.0343215	1.12303	0.0484379	3.41534e-05
10005	1	100	27	500	0.181863	0.142206	0.085075	0.0571308	0.0396574	0.864213	0.0353953	1.11869	0.0396998	3.50986e-05
10006	1	100	24	500	0.176846	0.144165	0.0872227	0.0569426	0.0326812	0.862564	0.029217	1.12678	0.0408194	3.56493e-05
10007	1	100	28	500	0.178663	0.146827	0.0888239	0.0580031	0.0318355	0.859384	0.0354023	1.12917	0.0428129	3.57047e-05
10008	1	100	29	500	0.190688	0.154912	0.0949719	0.0599405	0.0357754	0.852126	0.0388716	1.13575	0.0496789	3.55585e-05
10009	1	100	27	500	0.187331	0.153798	0.0981203	0.0556774	0.0335336	0.853439	0.0330986	1.13603	0.0434283	3.51344e-05
10010	1	100	28	500	0.178703	0.148404	0.0960386	0.0523651	0.0302997	0.85814	0.0348362	1.13027	0.042987	3.45311e-05
10011	1	100	28	500	0.172109	0.142924	0.0837726	0.0591514	0.029185	0.861404	0.0343646	1.12474	0.0516467	3.69508e-05
10012	1	100	24	500	0.145044	0.135149	0.0814486	0.0536999	0.00989557	0.867602	0.0344749	1.12828	0.0428433	3.67125e-05
10013	1	100	23	500	0.142978	0.133005	0.0772055	0.055799	0.00997333	0.870136	0.0356869	1.12677	0.0425409	3.72024e-05
10014	1	100	22	500	0.138308	0.125241	0.0696096	0.055631	0.0130671	0.879191	0.0326638	1.11702	0.0403064	3.70193e-05
10015	1	100	19	500	0.141672	0.130133	0.0736743	0.0564583	0.0115398	0.873917	0.0363554	1.12261	0.0453952	3.76789e-05
10016	1	100	23	500	0.140282	0.127273	0.0679109	0.0593619	0.0130087	0.876356	0.0357355	1.11744	0.0447143	3.77744e-05
10017	1	100	22	500	0.134293	0.120367	0.058626	0.0617406	0.0139267	0.882024	0.0358105	1.10747	0.0442072	3.87267e-05
10018	1	100	26	500	0.136885	0.12197	0.0614381	0.0605321	0.0149153	0.883523	0.0372541	1.11062	0.0424079	3.76554e-05
10019	1	100	23	500	0.132354	0.118696	0.0541101	0.0645857	0.0136579	0.885236	0.0314911	1.10465	0.037042	3.80023e-05
10020	1	100	24	500	0.130146	0.115526	0.0514329	0.0640935	0.0146194	0.888542	0.0344224	1.10123	0.0413417	3.84318e-05
10021	1	100	24	500	0.136915	0.121591	0.0594657	0.0621251	0.0153237	0.882787	0.0377225	1.10403	0.0435635	3.75721e-05
10022	1	100	20	500	0.138324	0.124725	0.0659271	0.0587975	0.0135996	0.880701	0.0355499	1.10645	0.0403587	3.67436e-05
10023	1	100	26	500	0.136212	0.122865	0.062336	0.0605288	0.0133474	0.880879	0.0344212	1.10482	0.0396159	3.68303e-05
10024	1	100	20	500	0.12619	0.113932	0.0539696	0.0599624	0.0122579	0.889465	0.036977	1.09748	0.0399065	3.58948e-05
10025	1	100	22	500	0.135595	0.115454	0.0498773	0.0655764	0.0201414	0.886614	0.039337	1.09683	0.0460451	3.54707e-05
10026	1	100	21	500	0.141321	0.116645	0.0461047	0.0705406	0.0246759	0.886367	0.0412026	1.09992	0.0490898	3.68558e-05
10027	1	100	22	500	0.134419	0.113238	0.0462984	0.0669392	0.0211815	0.891483	0.0385872	1.09819	0.0421632	3.61666e-05
10028	1	100	20	500	0.129395	0.108421	0.0398873	0.0685338	0.0209739	0.89438	0.0381885	1.09304	0.0442763	3.76429e-05
10029	1	100	20	500	0.142054	0.112581	0.0423728	0.0702086	0.0294726	0.890908	0.0390836	1.09205	0.0414641	3.7576e-05
10030	1	100	18	500	0.149042	0.11731	0.0437386	0.0735716	0.0317322	0.887438	0.0356085	1.09851	0.0484365	3.81704e-05
10031	1	100	20	500	0.136191	0.109202	0.0387029	0.0704995	0.0269889	0.894595	0.0377315	1.09261	0.0457402	3.89221e-05
10032	1	100	22	500	0.120098	0.102812	0.0372114	0.0656004	0.0172862	0.90119	0.0347454	1.09263	0.0407278	3.7936e-05
10033	1	100	16	500	0.115442	0.102571	0.0367068	0.0658643	0.0128713	0.900243	0.0340977	1.09463	0.0389128	3.90076e-05
10034	1	100	20	500	0.12191	0.104001	0.0394155	0.0645855	0.0179094	0.897476	0.0362526	1.09028	0.0465006	3.81204e-05
10035	1	100	21	500	0.119756	0.0990995	0.0372812	0.0618182	0.0206564	0.905738	0.0316403	1.08724	0.038915	3.49787e-05
10036	1	100	17	500	0.118135	0.0999871	0.037629	0.0623581	0.0181475	0.902742	0.0411595	1.08689	0.0511247	3.474e-05
10037	1	100	15	500	0.113846	0.0967226	0.0379466	0.058776	0.0171234	0.905618	0.0352698	1.08592	0.040242	3.45086e-05
10038	1	100	19	500	0.114794	0.099395	0.0393532	0.0600418	0.0153991	0.905066	0.0326694	1.08948	0.0363582	3.57451e-05
10039	1	100	20	500	0.12236	0.107099	0.0442595	0.0628395	0.0152614	0.894287	0.0370682	1.09397	0.0456045	3.56107e-05
10040	1	100	19	500	0.126391	0.110838	0.0461759	0.0646617	0.0155533	0.891516	0.0381323	1.09942	0.0469043	3.69399e-05
10041	1	100	21	500	0.129828	0.106971	0.0431338	0.0638371	0.0228572	0.897281	0.0418203	1.09421	0.0410935	3.50087e-05
10042	1	100	20	500	0.136134	0.116692	0.0494887	0.0672033	0.0194424	0.886172	0.0441312	1.1051	0.0492232	3.76972e-05
10043	1	100	26	500	0.130012	0.116492	0.0511788	0.0653136	0.0135198	0.886913	0.0397898	1.1081	0.0450674	3.83577e-05
10044	1	100	21	500	0.131127	0.119949	0.0550986	0.06485	0.0111783	0.883798	0.0396308	1.1139	0.0445638	3.71429e-05
10045	1	100	21	500	0.132357	0.118724	0.0538685	0.064856	0.0136324	0.885897	0.0407438	1.11193	0.0453021	3.66887e-05
10046	1	100	16	500	0.13155	0.115793	0.051057	0.0647361	0.0157566	0.888079	0.0407176	1.10687	0.0462004	3.5449e-05
10047	1	100	19	500	0.125387	0.114265	0.0499964	0.0642688	0.0111217	0.889938	0.0374691	1.10953	0.0438209	3.51209e-05
10048	1	100	19	500	0.130646	0.118543	0.0533589	0.0651846	0.0121023	0.886572	0.0410716	1.11284	0.0469857	3.65001e-05
10049	1	100	15	500	0.126343	0.114866	0.0502709	0.0645951	0.0114767	0.888885	0.0417463	1.10854	0.048878	3.61901e-05
10050	1	100	16	500	0.130885	0.115789	0.0491691	0.0666201	0.0150955	0.888886	0.0358281	1.10886	0.0434592	3.72822e-05
10051	1	100	17	500	0.137425	0.12267	0.054279	0.0683906	0.0147551	0.882595	0.0435419	1.11639	0.0537744	3.94094e-05
10052	1	100	15	500	0.13717	0.125438	0.0579519	0.0674863	0.0117316	0.880019	0.0424614	1.12027	0.050781	3.80889e-05
10053	1	100	15	500	0.138507	0.12634	0.056709	0.0696314	0.0121668	0.879231	0.0435005	1.12112	0.0500276	3.64737e-05
10054	1	100	13	500	0.144097	0.127284	0.056995	0.0702889	0.0168133	0.879153	0.0482069	1.11914	0.0500355	3.6364e-05
10055	1	100	11	500	0.127541	0.118806	0.0501515	0.0686547	0.00873482	0.884883	0.0461915	1.11421	0.0501069	3.63452e-05
10056	1	100	14	500	0.130051	0.120846	0.0519252	0.0689207	0.00920511	0.884401	0.0460854	1.11736	0.0539623	3.62431e-05
10057	1	100	16	500	0.14414	0.134515	0.0628045	0.0717106	0.00962521	0.871576	0.0449446	1.13108	0.0540891	3.81592e-05
10058	1	100	16	500	0.137069	0.128809	0.0585153	0.0702939	0.00825933	0.875811	0.0448748	1.1242	0.0503078	3.82542e-05
10059	1	100	17	500	0.132808	0.124369	0.0536517	0.0707177	0.00843871	0.881386	0.0471137	1.12233	0.0551504	3.82706e-05
10060	1	100	16	500	0.136062	0.128211	0.0574455	0.0707654	0.00785149	0.876336	0.0468566	1.12492	0.054029	4.00026e-05
10061	1	100	16	500	0.1457	0.139386	0.0660485	0.0733379	0.00631381	0.86697	0.0502908	1.14015	0.0580106	4.1154e-05
10062	1	100	21	500	0.139999	0.13417	0.061524	0.072646	0.00582855	0.871406	0.0485887	1.13461	0.0569763	4.01117e-05
10063	1	100	20	500	0.151944	0.137421	0.0617015	0.0757198	0.0145223	0.868746	0.045545	1.13296	0.0574959	3.96149e-05
10064	1	100	21	500	0.147492	0.139848	0.0663419	0.0735061	0.0076438	0.866153	0.0464427	1.13912	0.0571533	4.07131e-05
10065	1	100	22	500	0.160206	0.14247	0.0671853	0.0752851	0.0177361	0.864485	0.045337	1.13642	0.0596381	4.23508e-05
10066	1	100	20	500	0.166752	0.149757	0.0733059	0.0764512	0.0169944	0.856045	0.0423469	1.14289	0.0670586	4.20549e-05
10067	1	100	19	500	0.169572	0.147082	0.0682065	0.0788751	0.02249	0.860677	0.0478633	1.13889	0.0641763	4.18185e-05
10068	1	100	18	500	0.161693	0.139164	0.0628845	0.0762793	0.0225291	0.867513	0.0436812	1.12998	0.0589183	4.23077e-05
10069	1	100	19	500	0.172729	0.141734	0.0623861	0.0793476	0.0309957	0.866335	0.0502123	1.12723	0.0649156	4.12844e-05
10070	1	100	20	500	0.153574	0.131996	0.0558134	0.0761826	0.0215779	0.874494	0.0492075	1.12239	0.0611583	4.02679e-05
10071	1	100	19	500	0.170689	0.138468	0.0608073	0.0776604	0.0322217	0.867793	0.0427941	1.12227	0.0598108	3.9096e-05
10072	1	100	18	500	0.158855	0.129004	0.0531532	0.0758505	0.0298515	0.877493	0.0515819	1.11449	0.0633152	3.75809e-05
10073	1	100	20	500	0.148333	0.124033	0.0489209	0.075112	0.0243003	0.881599	0.0449643	1.11277	0.0604369	3.73506e-05
10074	1	100	16	500	0.139315	0.11712	0.0451365	0.0719834	0.0221952	0.888108	0.0468294	1.10735	0.0616825	3.79726e-05
10075	1	100	17	500	0.128535	0.105875	0.0377269	0.0681484	0.0226595	0.898936	0.0512318	1.09531	0.058145	3.77363e-05
10076	1	100	17	500	0.11587	0.0971513	0.0339343	0.063217	0.0187187	0.905908	0.0448948	1.08689	0.0519931	3.68872e-05
10077	1	100	15	500	0.110792	0.0978878	0.0352346	0.0626531	0.0129047	0.905271	0.0447864	1.09099	0.0487029	3.94623e-05
10078	1	100	15	500	0.12286	0.10882	0.0434596	0.0653607	0.0140401	0.893821	0.0472527	1.09805	0.0526311	4.18854e-05
10079	1	100	17	500	0.128923	0.110085	0.0426611	0.0674239	0.018838	0.893576	0.0449556	1.09949	0.0537676	4.2508e-05
10080	1	100	16	500	0.125888	0.105847	0.0392526	0.066594	0.0200412	0.897696	0.0460251	1.09484	0.0552664	4.19035e-05
10081	1	100	18	500	0.134951	0.108033	0.0377922	0.0702407	0.0269184	0.897579	0.0447637	1.09367	0.0527969	4.13322e-05
10082	1	100	19	500	0.145289	0.114813	0.0411494	0.0736634	0.030476	0.891396	0.0457019	1.09797	0.0603109	4.10298e-05
10083	1	100	18	500	0.130086	0.108276	0.0391357	0.0691406	0.0218098	0.896167	0.0487847	1.09749	0.0580614	4.0547e-05
10084	1	100	18	500	0.141468	0.113016	0.0407417	0.0722743	0.0284524	0.890784	0.0508694	1.09588	0.064204	4.08272e-05
10085	1	100	18	500	0.129504	0.110262	0.0400087	0.0702534	0.019242	0.893104	0.0493196	1.09944	0.0544279	4.10209e-05
10086	1	100	20	500	0.121107	0.102318	0.0345046	0.0678132	0.0187893	0.901953	0.05508	1.09301	0.064088	3.94116e-05
10087	1	100	18	500	0.12226	0.102595	0.0352519	0.0673433	0.0196649	0.901846	0.0512694	1.09341	0.0622958	4.11902e-05
10088	1	100	17	500	0.125707	0.112799	0.0434585	0.0693401	0.0129086	0.89022	0.0599228	1.10609	0.0738771	4.2688e-05
10089	1	100	17	500	0.119203	0.105241	0.0396773	0.065564	0.0139621	0.898828	0.0507494	1.09901	0.0643618	4.20338e-05
10090	1	100	21	500	0.122417	0.10561	0.0388626	0.0667476	0.0168072	0.899277	0.0620766	1.09788	0.0728356	4.12425e-05
10091	1	100	11	500	0.119123	0.103574	0.038116	0.0654584	0.0155491	0.900504	0.0598303	1.09503	0.0691845	4.07195e-05
10092	1	100	11	500	0.110926	0.0999207	0.0362605	0.0636602	0.0110054	0.901564	0.0617972	1.09118	0.0753258	3.9088e-05
10093	1	100	13	500	0.115451	0.0950109	0.0301703	0.0648406	0.0204402	0.906585	0.0588959	1.07902	0.0739897	3.8665e-05
10094	1	100	14	500	0.120291	0.097068	0.0329157	0.0641523	0.0232226	0.907781	0.0550469	1.08288	0.0658183	4.11256e-05
10095	1	100	17	500	0.129246	0.10273	0.0356313	0.0670982	0.0265161	0.903092	0.0569883	1.0854	0.0659416	4.09389e-05
10096	1	100	15	500	0.130747	0.0964706	0.0300859	0.0663847	0.0342769	0.909204	0.0661728	1.06927	0.0744402	3.92804e-05
10097	1	100	13	500	0.14892	0.106212	0.0367327	0.0694798	0.042707	0.901936	0.065666	1.06859	0.0792347	4.13433e-05
10098	1	100	14	500	0.15139	0.11163	0.0391745	0.0724555	0.0397597	0.895474	0.0669161	1.07822	0.0866017	4.17571e-05
10099	1	100	16	500	0.146153	0.109619	0.0380889	0.0715302	0.0365344	0.890889	0.0744763	1.07417	0.0986311	4.19291e-05
10100	1	100	14	500	0.130353	0.0943578	0.029304	0.0650537	0.0359951	0.910828	0.0673604	1.06469	0.0796721	3.99233e-05
10101	1	100	15	500	0.121704	0.0843097	0.0240697	0.0602399	0.0373944	0.922887	0.0571941	1.05504	0.0673594	3.76155e-05
