Generation	PopulationID	SampleSize	UniqueMutations	PopulationSize	totalLoad	RelzLoad	RelzLoadHomo	RelzLoadHetero	MskLoad	MeanFitness	SdFitness	MeanFitnessCached	SdFitnessCached	Heterozygosity	
10001	1	100	67	500	0.134907	0.118227	0.0875643	0.0306624	0.0166801	0.883157	0.0314373	1.1099	0.0355593	3.23116e-05
10002	1	100	37	500	0.126295	0.113383	0.0775113	0.035872	0.0129119	0.888812	0.0330442	1.10775	0.0364565	3.33718e-05
10003	1	100	35	500	0.119713	0.110894	0.0774212	0.0334727	0.008819	0.891079	0.0317515	1.10695	0.0362778	3.35721e-05
10004	1	100	36	500	0.125756	0.114917	0.0861815	0.0287352	0.0108397	0.887412	0.027862	1.10944	0.0341202	3.22341e-05
10005	1	100	33	500	0.130239	0.118301	0.0900409	0.0282603	0.0119376	0.884025	0.0267548	1.11197	0.035622	3.21998e-05
10006	1	100	36	500	0.129866	0.116561	0.0813337	0.0352276	0.0133051	0.885755	0.0305418	1.1097	0.0404699	3.43039e-05
10007	1	100	37	500	0.12399	0.110367	0.0728635	0.0375035	0.0136233	0.891452	0.0339533	1.10304	0.0411116	3.4945e-05
10008	1	100	34	500	0.125823	0.109709	0.0706157	0.0390937	0.0161136	0.892712	0.0308183	1.10155	0.0384727	3.47368e-05
10009	1	100	30	500	0.128719	0.10874	0.0685415	0.0401986	0.0199788	0.893975	0.0301263	1.09796	0.0407733	3.42853e-05
10010	1	100	30	500	0.11958	0.108777	0.0719923	0.0367851	0.0108026	0.893146	0.0306166	1.10353	0.0398201	3.30602e-05
10011	1	100	26	500	0.11428	0.108394	0.0762153	0.032179	0.00588616	0.892582	0.0297363	1.10515	0.0406744	3.1654e-05
10012	1	100	28	500	0.116623	0.109778	0.0749524	0.0348256	0.00684469	0.892226	0.0256208	1.10702	0.0330396	3.22633e-05
10013	1	100	26	500	0.120587	0.110931	0.0755172	0.0354135	0.00965588	0.891013	0.0281922	1.10634	0.036994	3.2586e-05
10014	1	100	25	500	0.118434	0.107554	0.0673559	0.0401983	0.0108801	0.894761	0.0306725	1.10197	0.0388874	3.4133e-05
10015	1	100	28	500	0.12213	0.109012	0.0670486	0.0419632	0.013118	0.893754	0.032379	1.10229	0.0443868	3.54497e-05
10016	1	100	27	500	0.126338	0.114327	0.0750592	0.0392673	0.0120117	0.887694	0.0381361	1.108	0.0535585	3.48483e-05
10017	1	100	26	500	0.127694	0.113015	0.0703041	0.0427108	0.014679	0.889694	0.0388331	1.10484	0.0483904	3.67513e-05
10018	1	100	28	500	0.127934	0.109596	0.0616556	0.0479404	0.0183382	0.893702	0.0420369	1.09884	0.0540854	3.80028e-05
10019	1	100	23	500	0.125261	0.109611	0.0645615	0.0450496	0.0156503	0.893571	0.0398508	1.10064	0.0534305	3.70541e-05
10020	1	100	27	500	0.132373	0.11377	0.0662654	0.0475042	0.0186034	0.889784	0.039611	1.10292	0.0513502	3.71926e-05
10021	1	100	26	500	0.13176	0.111334	0.0651719	0.0461623	0.0204259	0.89158	0.0396887	1.09821	0.0529573	3.81387e-05
10022	1	100	25	500	0.121529	0.106927	0.0634005	0.0435268	0.014602	0.895276	0.0408062	1.09721	0.0507772	3.67105e-05
10023	1	100	23	500	0.126503	0.111482	0.0669753	0.0445068	0.0150213	0.891307	0.0412056	1.10188	0.054896	3.72036e-05
10024	1	100	30	500	0.125576	0.112617	0.0719093	0.0407073	0.0129592	0.888711	0.0356717	1.10357	0.0448779	3.5551e-05
10025	1	100	33	500	0.13702	0.116919	0.0721443	0.0447745	0.0201012	0.884544	0.0368956	1.10269	0.0607051	3.67489e-05
10026	1	100	25	500	0.140855	0.116911	0.0706363	0.0462746	0.0239442	0.884839	0.0394005	1.09901	0.059352	3.76468e-05
10027	1	100	27	500	0.130896	0.110054	0.0667563	0.0432977	0.0208422	0.893994	0.0375678	1.0973	0.0498978	3.79081e-05
10028	1	100	25	500	0.131288	0.113774	0.0737317	0.0400421	0.0175137	0.887945	0.0327793	1.10064	0.0506802	3.67963e-05
10029	1	100	24	500	0.132488	0.116487	0.0861331	0.0303543	0.0160011	0.883701	0.0301389	1.10395	0.047269	3.44196e-05
10030	1	100	27	500	0.136018	0.119183	0.0887672	0.0304154	0.0168354	0.884267	0.0270336	1.10896	0.0351913	3.29941e-05
10031	1	100	25	500	0.131346	0.114817	0.0851177	0.0296998	0.0165282	0.887236	0.028706	1.10349	0.0390122	3.35013e-05
10032	1	100	23	500	0.133901	0.116653	0.0888593	0.0277935	0.017248	0.883703	0.0266962	1.10269	0.046174	3.26591e-05
10033	1	100	23	500	0.130619	0.115875	0.0896569	0.0262181	0.0147435	0.886288	0.0278023	1.10659	0.0382049	3.34503e-05
10034	1	100	26	500	0.136817	0.120119	0.0923332	0.0277854	0.0166985	0.88401	0.0281621	1.10955	0.0368828	3.37019e-05
10035	1	100	18	500	0.14071	0.127662	0.108409	0.0192526	0.0130481	0.874637	0.0232099	1.11663	0.0334981	3.08407e-05
10036	1	100	19	500	0.145108	0.132289	0.113079	0.0192103	0.0128183	0.870963	0.0206707	1.12086	0.0301819	2.98113e-05
10037	1	100	12	500	0.0409493	0.0270978	0.00774998	0.0193478	0.0138515	0.972564	0.0259476	1.00947	0.0342309	2.9103e-05
10038	1	100	11	500	0.0400198	0.0253943	0.00785903	0.0175353	0.0146255	0.975088	0.0248549	1.0065	0.0318835	2.84782e-05
10039	1	100	13	500	0.0351861	0.0225074	0.00573211	0.0167753	0.0126787	0.97878	0.0206061	1.00935	0.0248013	3.02846e-05
10040	1	100	16	500	0.0364439	0.0219851	0.00700179	0.0149833	0.0144588	0.977444	0.0256012	1.00226	0.0316498	2.92687e-05
10041	1	100	12	500	0.03703	0.0220008	0.00779337	0.0142074	0.0150292	0.98034	0.0229615	1.00285	0.0269247	2.9403e-05
10042	1	100	13	500	0.0417147	0.0254047	0.010203	0.0152017	0.01631	0.973419	0.0309489	0.997655	0.0357646	2.85915e-05
10043	1	100	14	500	0.042737	0.0261129	0.0109068	0.0152061	0.016624	0.973381	0.0292197	0.99766	0.0374148	2.80573e-05
10044	1	100	12	500	0.037337	0.0217204	0.00860779	0.0131127	0.0156166	0.979764	0.0256121	0.999763	0.0300451	2.86732e-05
10045	1	100	13	500	0.0326102	0.0181211	0.00536657	0.0127545	0.0144892	0.982795	0.0212556	1.00336	0.0252997	3.01714e-05
10046	1	100	12	500	0.0355305	0.0170429	0.00751518	0.00952772	0.0184876	0.980201	0.0295813	0.990831	0.0339908	2.87369e-05
10047	1	100	14	500	0.04413	0.0207601	0.00959435	0.0111658	0.0233699	0.980217	0.0281851	0.991152	0.0298291	2.84323e-05
10048	1	100	12	500	0.0431078	0.0188582	0.0088811	0.00997715	0.0242495	0.979846	0.0285194	0.989237	0.0318074	2.89873e-05
10049	1	100	12	500	0.0623987	0.0213081	0.00736425	0.0139438	0.0410906	0.979279	0.0358676	0.986723	0.0347694	2.92758e-05
10050	1	100	14	500	0.0734865	0.0227811	0.0055725	0.0172086	0.0507055	0.978015	0.0383238	0.987666	0.0405752	2.9469e-05
10051	1	100	15	500	0.0689939	0.0231532	0.00694735	0.0162059	0.0458407	0.978793	0.0392234	0.988867	0.0391232	2.92575e-05
10052	1	100	12	500	0.0723544	0.0240894	0.00717959	0.0169098	0.048265	0.974658	0.0432463	0.984792	0.0423497	2.89995e-05
10053	1	100	14	500	0.0884741	0.027565	0.00788972	0.0196753	0.0609091	0.97482	0.0433348	0.984304	0.0471719	2.97523e-05
10054	1	100	15	500	0.0801091	0.0258601	0.0070835	0.0187766	0.054249	0.975953	0.039698	0.987192	0.0435522	3.00082e-05
10055	1	100	13	500	0.0956204	0.029018	0.00646936	0.0225486	0.0666025	0.971772	0.0459465	0.984488	0.0481466	3.10685e-05
10056	1	100	17	500	0.107934	0.0337108	0.00742695	0.0262839	0.0742236	0.958663	0.1424	0.980261	0.0994765	3.2017e-05
10057	1	100	17	500	0.106848	0.0336248	0.0075344	0.0260904	0.0732233	0.966693	0.0491707	0.984149	0.0538169	3.09006e-05
10058	1	100	18	500	0.0611592	0.0207237	0.00440044	0.0163233	0.0404355	0.978708	0.0379575	0.993486	0.0422676	3.05478e-05
10059	1	100	15	500	0.0668593	0.0229404	0.00440354	0.0185368	0.0439189	0.979668	0.0355903	0.996908	0.0382384	3.17521e-05
10060	1	100	17	500	0.0338407	0.0124129	0.00215833	0.0102546	0.0214278	0.987471	0.0259685	0.997986	0.0277599	3.16071e-05
10061	1	100	12	500	0.0459059	0.0166394	0.00293891	0.0137005	0.0292665	0.984382	0.0282077	0.99853	0.0311773	3.16095e-05
10062	1	100	12	500	0.0235481	0.00934385	0.00193351	0.00741035	0.0142042	0.990841	0.0177306	0.998984	0.0186737	3.13831e-05
10063	1	100	14	500	0.0212143	0.00862677	0.00188612	0.00674065	0.0125875	0.991526	0.0180283	0.999056	0.0175747	3.17448e-05
10064	1	100	14	500	0.0220823	0.00845204	0.00145071	0.00700133	0.0136303	0.992244	0.0130986	0.999943	0.0148548	3.17631e-05
10065	1	100	12	500	0.0242893	0.00778171	0.00198628	0.00579543	0.0165076	0.991462	0.0188513	0.994879	0.0199558	3.11708e-05
10066	1	100	14	500	0.0241159	0.00667926	0.00173082	0.00494844	0.0174367	0.994059	0.0115152	0.995239	0.0113597	3.07361e-05
10067	1	100	12	500	0.0282551	0.00883004	0.00195222	0.00687782	0.0194251	0.990679	0.0172811	0.994898	0.0187682	3.18295e-05
10068	1	100	13	500	0.0231854	0.00776971	0.00120141	0.00656831	0.0154157	0.991475	0.0202145	0.997369	0.0207068	3.05322e-05
10069	1	100	17	500	0.0233297	0.00616168	0.00120741	0.00495427	0.017168	0.994707	0.00964515	0.996058	0.00853079	2.92657e-05
10070	1	100	15	500	0.0250632	0.0067174	0.00132316	0.00539425	0.0183458	0.993394	0.0140948	0.995064	0.0135022	3.06459e-05
10071	1	100	16	500	0.0164912	0.00527022	0.000572377	0.00469784	0.0112209	0.994793	0.0117137	0.999082	0.0103316	3.06915e-05
10072	1	100	13	500	0.0170664	0.00533098	0.000728574	0.0046024	0.0117355	0.994957	0.00899322	0.998723	0.0101964	3.07613e-05
10073	1	100	20	500	0.0246629	0.00810803	0.00151207	0.00659596	0.0165549	0.992584	0.011663	0.997633	0.0114956	3.21203e-05
10074	1	100	21	500	0.0200717	0.00695949	0.00146762	0.00549187	0.0131122	0.993108	0.014044	0.997669	0.0154402	3.11678e-05
10075	1	100	19	500	0.018746	0.00745575	0.00104877	0.00640698	0.0112902	0.990381	0.0200878	0.997779	0.0217401	3.18182e-05
10076	1	100	17	500	0.0153103	0.00626679	0.000783025	0.00548376	0.00904346	0.992908	0.0172959	0.999678	0.0170185	3.12817e-05
10077	1	100	13	500	0.0143232	0.0063167	0.000559406	0.0057573	0.00800648	0.993953	0.0110442	1.00174	0.0124189	3.2621e-05
10078	1	100	12	500	0.0130734	0.00500141	0.000544645	0.00445676	0.008072	0.994688	0.0135523	0.999758	0.0144186	2.84707e-05
10079	1	100	14	500	0.0147162	0.0042243	0.000504253	0.00372005	0.0104919	0.996057	0.0101986	0.998265	0.00912379	2.78705e-05
10080	1	100	16	500	0.0111371	0.00360626	0.000339549	0.00326671	0.00753085	0.996031	0.0112124	0.998894	0.0118135	2.75545e-05
10081	1	100	14	500	0.0147258	0.00482531	0.000610887	0.00421442	0.00990049	0.995536	0.00873875	0.999099	0.00966665	2.63342e-05
10082	1	100	14	500	0.0126029	0.00453836	0.000501349	0.00403701	0.00806457	0.994682	0.014253	0.998827	0.0142951	2.55359e-05
10083	1	100	13	500	0.011477	0.00452606	0.00055784	0.00396822	0.00695096	0.995767	0.00981915	1.00036	0.00998031	2.26846e-05
10084	1	100	17	500	0.0125824	0.00531631	0.000444212	0.0048721	0.00726607	0.994811	0.011045	1.0012	0.0120883	2.28644e-05
10085	1	100	15	500	0.0108452	0.00583001	0.00038835	0.00544166	0.00501518	0.993868	0.0136564	1.00286	0.0146408	2.18158e-05
10086	1	100	16	500	0.0209974	0.00808291	0.000731851	0.00735106	0.0129145	0.992164	0.0137021	1.00091	0.0148995	2.24895e-05
10087	1	100	17	500	0.0177658	0.00811237	0.00067425	0.00743812	0.00965341	0.991599	0.0149623	1.00266	0.0163739	2.12999e-05
10088	1	100	15	500	0.0200142	0.00760473	0.00064307	0.00696166	0.0124095	0.991923	0.0157461	1.00008	0.0164321	2.11017e-05
10089	1	100	16	500	0.0258387	0.0114798	0.00138617	0.0100936	0.0143589	0.988813	0.0164601	1.00337	0.0187259	2.42555e-05
10090	1	100	19	500	0.0387756	0.0145656	0.00183038	0.0127352	0.02421	0.986218	0.0181673	1.00105	0.0210215	2.59689e-05
10091	1	100	19	500	0.0297575	0.0107501	0.000908556	0.00984153	0.0190074	0.989338	0.0176272	1.00081	0.0200559	2.32491e-05
10092	1	100	17	500	0.0407624	0.013299	0.00140835	0.0118906	0.0274635	0.986864	0.0201065	0.997776	0.0228883	2.08424e-05
10093	1	100	13	500	0.0306026	0.0111794	0.00187558	0.00930383	0.0194231	0.990085	0.0156128	0.999542	0.0158107	1.79901e-05
10094	1	100	12	500	0.0231311	0.008535	0.00115915	0.00737584	0.0145961	0.991734	0.0135488	0.999594	0.0152013	1.9714e-05
10095	1	100	14	500	0.0148164	0.00634888	0.000455664	0.00589322	0.00846752	0.993817	0.0138551	1.00174	0.0120759	1.79457e-05
10096	1	100	13	500	0.0167066	0.00841096	0.000747587	0.00766338	0.00829567	0.991718	0.01626	1.00391	0.0162223	1.99585e-05
10097	1	100	12	500	0.0195844	0.00926424	0.000970878	0.00829336	0.0103202	0.991028	0.0157533	1.00345	0.0145784	1.99968e-05
10098	1	100	9	500	0.0106386	0.00627364	0.000669684	0.00560396	0.00436495	0.993695	0.0151544	1.00333	0.0151325	2.01429e-05
10099	1	100	9	500	0.0123875	0.00591629	0.000571674	0.00534462	0.00647116	0.994195	0.0122635	1.00211	0.012961	1.93897e-05
10100	1	100	11	500	0.018479	0.00954734	0.00105112	0.00849623	0.00893169	0.99066	0.0163415	1.00449	0.0161079	1.9642e-05
10101	1	100	12	500	0.0212462	0.0108335	0.0013111	0.00952236	0.0104127	0.989445	0.0152806	1.00489	0.0178258	2.00784e-05
