Generation	PopulationID	SampleSize	UniqueMutations	PopulationSize	totalLoad	RelzLoad	RelzLoadHomo	RelzLoadHetero	MskLoad	MeanFitness	SdFitness	MeanFitnessCached	SdFitnessCached	Heterozygosity	
10001	1	100	39	500	0.219257	0.197582	0.147268	0.0503145	0.0216749	0.815845	0.0738356	1.05593	0.0282186	2.9028e-05
10002	1	100	29	500	0.211668	0.19229	0.143761	0.0485293	0.0193786	0.823423	0.0719307	1.05436	0.0278916	2.92942e-05
10003	1	100	26	500	0.203828	0.183529	0.132946	0.0505831	0.0202989	0.83024	0.0757124	1.04889	0.0313958	3.03351e-05
10004	1	100	19	500	0.181776	0.163208	0.111397	0.0518106	0.0185684	0.847544	0.0748255	1.04817	0.0320334	3.13551e-05
10005	1	100	20	500	0.196983	0.174426	0.122754	0.0516717	0.0225576	0.836695	0.075176	1.03791	0.0299447	3.04391e-05
10006	1	100	19	500	0.20018	0.184863	0.14152	0.0433433	0.0153173	0.826973	0.0762541	1.04371	0.031871	3.00114e-05
10007	1	100	20	500	0.203723	0.192219	0.153585	0.038634	0.011504	0.820861	0.0674996	1.04649	0.0285364	2.94437e-05
10008	1	100	22	500	0.208342	0.198138	0.1586	0.0395386	0.010204	0.817036	0.0610802	1.04851	0.0318619	2.9911e-05
10009	1	100	21	500	0.205564	0.193424	0.153501	0.0399231	0.01214	0.820317	0.0673691	1.04846	0.0320727	3.02858e-05
10010	1	100	22	500	0.188926	0.174185	0.129387	0.0447973	0.0147409	0.838596	0.0758052	1.04935	0.0289706	3.05996e-05
10011	1	100	22	500	0.19747	0.183594	0.142189	0.0414049	0.0138764	0.829359	0.075918	1.05408	0.0254511	2.95784e-05
10012	1	100	20	500	0.203242	0.189699	0.149224	0.0404751	0.0135424	0.822773	0.0780405	1.05625	0.0261682	2.94372e-05
10013	1	100	18	500	0.198446	0.182877	0.142229	0.0406483	0.0155686	0.832141	0.0790501	1.06477	0.0220198	2.9605e-05
10014	1	100	19	500	0.209329	0.195431	0.158401	0.0370299	0.0138986	0.819592	0.0762539	1.06566	0.0245271	2.84615e-05
10015	1	100	16	500	0.236137	0.225787	0.197697	0.0280905	0.0103496	0.789683	0.0673557	1.06185	0.027976	2.68899e-05
10016	1	100	20	500	0.229197	0.220298	0.186472	0.0338258	0.00889859	0.795624	0.0639466	1.06188	0.0305675	2.77046e-05
10017	1	100	18	500	0.229594	0.218813	0.177201	0.0416121	0.0107813	0.798872	0.0625708	1.06978	0.0388932	2.72682e-05
10018	1	100	16	500	0.238569	0.23259	0.197079	0.0355109	0.00597839	0.786803	0.05173	1.06542	0.0343287	2.62056e-05
10019	1	100	16	500	0.245975	0.241252	0.20946	0.031792	0.00472329	0.779121	0.048036	1.0678	0.0354109	2.58076e-05
10020	1	100	17	500	0.242853	0.236941	0.20613	0.0308108	0.0059122	0.782229	0.046673	1.0677	0.034174	2.63534e-05
10021	1	100	17	500	0.240367	0.234005	0.20633	0.0276752	0.00636161	0.784956	0.0474125	1.0664	0.0304514	2.66943e-05
10022	1	100	16	500	0.249636	0.244421	0.220659	0.0237621	0.00521581	0.776186	0.0466991	1.07122	0.0271014	2.57126e-05
10023	1	100	21	500	0.241537	0.234102	0.206318	0.0277838	0.00743519	0.785271	0.0541734	1.07007	0.0253211	2.68658e-05
10024	1	100	18	500	0.240618	0.229479	0.199503	0.0299761	0.0111387	0.787907	0.0515973	1.06796	0.0278965	2.68754e-05
10025	1	100	17	500	0.254684	0.248917	0.229282	0.0196352	0.00576721	0.772013	0.0385704	1.07237	0.0221672	2.494e-05
10026	1	100	17	500	0.246649	0.240209	0.219797	0.0204121	0.00644023	0.779285	0.044325	1.06742	0.024003	2.5387e-05
10027	1	100	15	500	0.238869	0.230731	0.207801	0.0229297	0.00813818	0.786761	0.0519332	1.06706	0.0248382	2.60015e-05
10028	1	100	17	500	0.239707	0.231928	0.20773	0.0241979	0.00777935	0.785877	0.0484631	1.06545	0.0220372	2.61182e-05
10029	1	100	22	500	0.240161	0.22854	0.197537	0.0310028	0.0116213	0.788231	0.055983	1.06936	0.0200401	2.7081e-05
10030	1	100	18	500	0.239154	0.229255	0.199423	0.0298316	0.00989946	0.789181	0.0489156	1.07088	0.0282734	2.72149e-05
10031	1	100	21	500	0.242385	0.233473	0.208025	0.0254474	0.00891261	0.785307	0.0472619	1.07012	0.0271159	2.67558e-05
10032	1	100	21	500	0.245184	0.235111	0.208281	0.0268301	0.0100724	0.782906	0.0462785	1.0701	0.0285373	2.62492e-05
10033	1	100	25	500	0.246598	0.234955	0.205983	0.0289722	0.0116434	0.784136	0.0494587	1.07268	0.0239148	2.68957e-05
10034	1	100	23	500	0.244548	0.229984	0.187967	0.0420169	0.0145632	0.788456	0.044968	1.0788	0.0342446	2.86683e-05
10035	1	100	20	500	0.242432	0.227274	0.182372	0.0449023	0.0151577	0.790116	0.0470845	1.08182	0.0337056	2.9138e-05
10036	1	100	21	500	0.240925	0.225078	0.180244	0.0448339	0.0158473	0.792153	0.0470335	1.08178	0.0321646	2.89698e-05
10037	1	100	23	500	0.252926	0.239893	0.207084	0.0328088	0.0130335	0.780357	0.0391614	1.07854	0.0306691	2.82746e-05
10038	1	100	23	500	0.256535	0.242471	0.207301	0.0351698	0.014064	0.778184	0.0388565	1.08035	0.0329744	2.89553e-05
10039	1	100	21	500	0.256878	0.241506	0.20129	0.0402161	0.0153719	0.778355	0.041243	1.08184	0.0347223	2.92797e-05
10040	1	100	19	500	0.254915	0.243131	0.207473	0.0356574	0.0117838	0.777447	0.0388741	1.07763	0.0343603	2.87758e-05
10041	1	100	18	500	0.258613	0.24601	0.206845	0.039165	0.0126033	0.774424	0.0414564	1.07907	0.0319443	2.90541e-05
10042	1	100	21	500	0.254637	0.239008	0.194154	0.0448539	0.0156286	0.779716	0.0414244	1.08121	0.0354146	3.15356e-05
10043	1	100	20	500	0.259668	0.245343	0.204983	0.0403602	0.0143251	0.774831	0.0444007	1.08055	0.0328066	3.0763e-05
10044	1	100	20	500	0.253754	0.236059	0.182555	0.0535037	0.0176948	0.781166	0.0472154	1.08606	0.0373377	3.21405e-05
10045	1	100	21	500	0.259501	0.24332	0.194893	0.0484274	0.0161807	0.77681	0.0415368	1.08878	0.0383236	3.14567e-05
10046	1	100	22	500	0.257497	0.243108	0.201828	0.0412796	0.0143888	0.776903	0.0412499	1.08258	0.0365165	3.10981e-05
10047	1	100	25	500	0.271894	0.25421	0.218766	0.0354431	0.0176849	0.768723	0.0397615	1.08072	0.0320005	2.93944e-05
10048	1	100	25	500	0.263765	0.246025	0.200783	0.0452419	0.0177402	0.775578	0.0455284	1.08728	0.035268	3.09154e-05
10049	1	100	20	500	0.25914	0.244667	0.198859	0.0458078	0.0144738	0.777537	0.0458541	1.08954	0.0366605	3.10873e-05
10050	1	100	22	500	0.266406	0.25564	0.222693	0.0329472	0.0107657	0.76662	0.0368366	1.08089	0.0291927	2.85702e-05
10051	1	100	23	500	0.269669	0.259944	0.231201	0.0287428	0.00972516	0.763225	0.0358415	1.08208	0.0261087	2.84325e-05
10052	1	100	20	500	0.280213	0.267728	0.243628	0.0241	0.0124844	0.756539	0.0321706	1.0795	0.0246057	2.71918e-05
10053	1	100	16	500	0.279181	0.270628	0.244718	0.0259095	0.00855396	0.754431	0.0332035	1.08467	0.0238372	2.72113e-05
10054	1	100	20	500	0.286739	0.279093	0.255706	0.0233868	0.00764641	0.747727	0.0309419	1.08675	0.0228677	2.68107e-05
10055	1	100	18	500	0.298501	0.291636	0.270641	0.0209952	0.00686477	0.738514	0.0240039	1.09046	0.0189939	2.28888e-05
10056	1	100	12	500	0.0402596	0.0336371	0.0162829	0.0173542	0.00662255	0.966898	0.0265808	1.01859	0.018537	2.09455e-05
10057	1	100	13	500	0.0414803	0.0338816	0.0147652	0.0191164	0.00759875	0.966553	0.0276141	1.01937	0.0223512	2.20311e-05
10058	1	100	15	500	0.0388337	0.0297224	0.0127927	0.0169297	0.00911131	0.969671	0.0266551	1.01336	0.0211193	2.18671e-05
10059	1	100	7	500	0.0344949	0.0286257	0.0125279	0.0160978	0.00586918	0.971862	0.024793	1.01561	0.0181266	2.17556e-05
10060	1	100	10	500	0.039853	0.0307231	0.0134063	0.0173169	0.00912982	0.970348	0.0237663	1.01698	0.0170687	2.21154e-05
10061	1	100	7	500	0.0314324	0.026166	0.0108726	0.0152934	0.00526645	0.973892	0.0263489	1.01392	0.0173473	2.16763e-05
10062	1	100	9	500	0.03198	0.0245202	0.00946386	0.0150563	0.00745981	0.976016	0.0237243	1.01227	0.0172441	2.18436e-05
10063	1	100	8	500	0.0300317	0.0220927	0.00802329	0.0140694	0.007939	0.97837	0.0251046	1.0099	0.0160505	2.14468e-05
10064	1	100	8	500	0.0298302	0.0220147	0.00827175	0.013743	0.00781549	0.97872	0.0210269	1.00936	0.0170273	2.10927e-05
10065	1	100	10	500	0.0270529	0.0204857	0.00777612	0.0127096	0.00656727	0.978986	0.0217881	1.00705	0.0172968	2.09708e-05
10066	1	100	10	500	0.0289596	0.0214506	0.00779296	0.0136576	0.00750896	0.97847	0.0230864	1.00832	0.0169461	2.19202e-05
10067	1	100	10	500	0.0331567	0.0217763	0.00792841	0.0138479	0.0113805	0.978369	0.0215684	1.00531	0.0187798	2.16605e-05
10068	1	100	13	500	0.0305041	0.0163127	0.00716596	0.00914677	0.0141913	0.985086	0.0171766	0.997333	0.0158632	2.02598e-05
10069	1	100	13	500	0.0310091	0.0188306	0.00756307	0.0112676	0.0121785	0.982035	0.0166613	1.00083	0.0166224	2.08478e-05
10070	1	100	11	500	0.02913	0.0178901	0.00684811	0.011042	0.0112399	0.982234	0.0182308	1.00078	0.017228	2.10114e-05
10071	1	100	14	500	0.0319746	0.0210306	0.00844018	0.0125905	0.010944	0.979362	0.0181487	1.00268	0.0176741	2.08051e-05
10072	1	100	10	500	0.035653	0.0255303	0.0107027	0.0148276	0.0101227	0.974373	0.0215185	1.00492	0.0170128	1.97551e-05
10073	1	100	13	500	0.0367701	0.0257214	0.0103204	0.015401	0.0110487	0.974811	0.020787	1.00586	0.0178497	1.94621e-05
10074	1	100	13	500	0.037035	0.0255477	0.0109321	0.0146156	0.0114873	0.97483	0.0212121	1.00296	0.0228815	1.75253e-05
10075	1	100	14	500	0.0355722	0.0245242	0.010011	0.0145132	0.011048	0.975042	0.0175888	1.00286	0.01973	1.60268e-05
10076	1	100	14	500	0.0371277	0.0267891	0.0108319	0.0159572	0.0103386	0.973698	0.019394	1.0063	0.0203672	1.6269e-05
10077	1	100	11	500	0.0346385	0.0266373	0.0116031	0.0150342	0.00800118	0.972933	0.0216127	1.00549	0.0209807	1.7295e-05
10078	1	100	9	500	0.0293709	0.0223341	0.00761603	0.0147181	0.00703677	0.978225	0.0205011	1.01184	0.0183468	1.69835e-05
10079	1	100	10	500	0.0304137	0.0228015	0.00803607	0.0147655	0.00761213	0.977246	0.0218708	1.01049	0.0218509	1.7161e-05
10080	1	100	11	500	0.0369397	0.0289308	0.0117037	0.0172272	0.00800891	0.97069	0.0211753	1.0151	0.0198709	1.77153e-05
10081	1	100	10	500	0.0401727	0.0305464	0.0126833	0.0178631	0.00962627	0.970118	0.0243011	1.01497	0.021847	1.71166e-05
10082	1	100	9	500	0.0558998	0.0385198	0.0166582	0.0218616	0.01738	0.961295	0.0237441	1.0173	0.0268081	1.79502e-05
10083	1	100	11	500	0.05565	0.0380345	0.0164391	0.0215954	0.0176155	0.962579	0.0273012	1.01546	0.0252127	1.7524e-05
10084	1	100	13	500	0.0587412	0.0366489	0.0148323	0.0218166	0.0220923	0.964142	0.0241958	1.0106	0.0255274	1.76473e-05
10085	1	100	9	500	0.0554158	0.0382228	0.0168741	0.0213487	0.017193	0.962839	0.0232117	1.01505	0.0258964	1.71955e-05
10086	1	100	8	500	0.0616117	0.0372787	0.0151188	0.0221599	0.024333	0.963778	0.0235598	1.01018	0.0283983	1.80554e-05
10087	1	100	8	500	0.0779701	0.0461016	0.0205966	0.025505	0.0318685	0.955877	0.0269292	1.01271	0.0301648	1.81014e-05
10088	1	100	9	500	0.0858911	0.0517605	0.0250918	0.0266687	0.0341306	0.950216	0.0245325	1.01399	0.0299244	1.8576e-05
10089	1	100	11	500	0.0693306	0.0462337	0.0218756	0.0243581	0.0230969	0.954037	0.0247568	1.01585	0.0276205	1.88878e-05
10090	1	100	10	500	0.0642312	0.0486492	0.0245419	0.0241072	0.0155821	0.952631	0.0294786	1.02237	0.028915	1.83299e-05
10091	1	100	11	500	0.0800646	0.0541533	0.0281429	0.0260104	0.0259113	0.947251	0.0273496	1.01968	0.0293696	1.84074e-05
10092	1	100	11	500	0.0785142	0.0538337	0.0242986	0.0295351	0.0246805	0.947935	0.026802	1.02139	0.0368533	1.86092e-05
10093	1	100	9	500	0.0593307	0.0452932	0.0211419	0.0241513	0.0140374	0.955032	0.0305815	1.01869	0.0330097	1.84303e-05
10094	1	100	6	500	0.0479309	0.0424363	0.0247355	0.0177007	0.00549468	0.957104	0.026479	1.01786	0.0241082	1.7795e-05
10095	1	100	8	500	0.0516744	0.047036	0.0296396	0.0173964	0.00463841	0.952698	0.029615	1.02368	0.023168	1.77679e-05
10096	1	100	11	500	0.0484343	0.0434168	0.0257715	0.0176454	0.00501741	0.957199	0.0261792	1.02138	0.0203729	1.72871e-05
10097	1	100	6	500	0.038283	0.0345179	0.0180347	0.0164832	0.00376504	0.965498	0.0244169	1.01563	0.0198309	1.75797e-05
10098	1	100	10	500	0.0389575	0.034851	0.0184547	0.0163962	0.00410659	0.965592	0.0267875	1.01412	0.0203546	1.72922e-05
10099	1	100	7	500	0.0385511	0.0313076	0.0149533	0.0163543	0.00724353	0.968944	0.0238089	1.01231	0.01948	1.79484e-05
10100	1	100	8	500	0.0474617	0.0347634	0.0164076	0.0183559	0.0126983	0.96513	0.0241662	1.01229	0.022402	1.83335e-05
10101	1	100	10	500	0.0562129	0.0346595	0.0152546	0.0194049	0.0215534	0.966569	0.0250849	1.00636	0.0229359	1.83003e-05
