Generation	PopulationID	SampleSize	UniqueMutations	PopulationSize	totalLoad	RelzLoad	RelzLoadHomo	RelzLoadHetero	MskLoad	MeanFitness	SdFitness	MeanFitnessCached	SdFitnessCached	Heterozygosity	
10001	1	100	55	500	0.446498	0.426016	0.368541	0.057475	0.0204819	0.614402	0.0266312	1.45165	0.0398035	2.00326e-05
10002	1	100	40	500	0.459474	0.433188	0.384927	0.0482617	0.0262854	0.610285	0.0184122	1.45736	0.038524	1.92517e-05
10003	1	100	33	500	0.457239	0.430911	0.379123	0.0517875	0.0263279	0.612174	0.0202143	1.45472	0.037483	2.01029e-05
10004	1	100	30	500	0.455046	0.434948	0.382027	0.052921	0.0200983	0.609013	0.019578	1.46463	0.0400755	2.05446e-05
10005	1	100	25	500	0.449583	0.438299	0.369323	0.0689755	0.0112845	0.606765	0.0220545	1.4758	0.046226	2.22263e-05
10006	1	100	22	500	0.160175	0.149626	0.0832064	0.0664197	0.0105488	0.855269	0.0301021	1.14753	0.0381924	2.17127e-05
10007	1	100	17	500	0.150421	0.145527	0.0723846	0.073142	0.00489396	0.858092	0.0278509	1.14581	0.035863	2.35025e-05
10008	1	100	20	500	0.14693	0.143611	0.0702532	0.0733576	0.00331926	0.860246	0.020845	1.14543	0.0279989	2.31623e-05
10009	1	100	13	500	0.14104	0.13947	0.0701421	0.0693276	0.00157024	0.863598	0.018402	1.14144	0.0242537	2.31221e-05
10010	1	100	17	500	0.1428	0.141327	0.0683143	0.0730131	0.00147222	0.861565	0.0176523	1.14324	0.0222218	2.30885e-05
10011	1	100	14	500	0.143037	0.141484	0.0682642	0.0732201	0.00155224	0.861607	0.0152662	1.1436	0.0175852	2.25497e-05
10012	1	100	15	500	0.146098	0.143926	0.0688646	0.0750617	0.00217186	0.859077	0.0198313	1.14567	0.0241926	2.19309e-05
10013	1	100	16	500	0.144078	0.142581	0.0686776	0.0739035	0.00149686	0.860513	0.015679	1.14482	0.0183382	2.226e-05
10014	1	100	17	500	0.147652	0.145796	0.071912	0.0738845	0.00185539	0.857811	0.0187804	1.14834	0.0227791	2.05182e-05
10015	1	100	17	500	0.146145	0.143458	0.0718097	0.0716483	0.00268684	0.859349	0.0151899	1.14457	0.0174517	2.03483e-05
10016	1	100	14	500	0.145362	0.144025	0.0761048	0.0679199	0.00133764	0.857936	0.0138498	1.14501	0.0132642	2.03069e-05
10017	1	100	11	500	0.159967	0.14676	0.0799364	0.066824	0.0132067	0.85575	0.0201826	1.14253	0.0191431	1.89332e-05
10018	1	100	15	500	0.170085	0.150555	0.0835846	0.06697	0.0195303	0.852588	0.0214638	1.14122	0.0269597	1.86515e-05
10019	1	100	15	500	0.17336	0.151712	0.0857655	0.0659462	0.021648	0.851746	0.0235365	1.14124	0.0257967	1.93542e-05
10020	1	100	12	500	0.167475	0.151623	0.0861587	0.0654638	0.0158523	0.851675	0.0230735	1.14488	0.0240911	1.93553e-05
10021	1	100	10	500	0.154996	0.150038	0.0905784	0.0594595	0.00495813	0.852949	0.0164989	1.14966	0.0165905	1.89384e-05
10022	1	100	12	500	0.154504	0.148313	0.0839686	0.0643445	0.00619102	0.854362	0.0181906	1.14655	0.0176087	2.15884e-05
10023	1	100	13	500	0.153177	0.149428	0.0852072	0.064221	0.00374863	0.853181	0.0194293	1.14923	0.0195814	2.23251e-05
10024	1	100	14	500	0.162809	0.154951	0.0893331	0.0656182	0.00785789	0.848681	0.023917	1.15354	0.0277444	2.21976e-05
10025	1	100	13	500	0.166734	0.152928	0.0825575	0.0703709	0.0138052	0.851066	0.0239189	1.14799	0.0257675	2.30923e-05
10026	1	100	13	500	0.163711	0.152377	0.0910997	0.0612773	0.011334	0.85055	0.0196524	1.14806	0.0191263	2.16339e-05
10027	1	100	14	500	0.163864	0.153389	0.0943991	0.0589898	0.0104751	0.849335	0.0198774	1.1493	0.021914	2.05973e-05
10028	1	100	15	500	0.168387	0.153462	0.0921019	0.0613599	0.0149249	0.849704	0.018573	1.14661	0.0204093	2.11811e-05
10029	1	100	14	500	0.160623	0.148227	0.0788183	0.0694091	0.012396	0.854985	0.0197021	1.14299	0.0184297	2.3201e-05
10030	1	100	16	500	0.167911	0.151508	0.0828745	0.0686337	0.0164033	0.852602	0.0201866	1.14417	0.0212852	2.35759e-05
10031	1	100	16	500	0.171072	0.152831	0.0824875	0.0703438	0.0182402	0.851802	0.0228798	1.14454	0.0242037	2.43335e-05
10032	1	100	16	500	0.173775	0.156121	0.0909563	0.0651648	0.0176543	0.847776	0.0261853	1.14713	0.0274819	2.31071e-05
10033	1	100	19	500	0.188026	0.16158	0.101808	0.0597717	0.0264462	0.843826	0.0234122	1.14659	0.0271908	2.15821e-05
10034	1	100	18	500	0.198641	0.165812	0.109421	0.0563915	0.0328285	0.840618	0.0239628	1.14617	0.0286868	2.12805e-05
10035	1	100	17	500	0.178036	0.158481	0.102928	0.0555521	0.019555	0.845147	0.0226094	1.14878	0.0242989	2.18847e-05
10036	1	100	15	500	0.163021	0.152712	0.0933594	0.0593522	0.0103092	0.850036	0.0187142	1.14843	0.0206678	2.21647e-05
10037	1	100	10	500	0.176912	0.156863	0.101474	0.0553891	0.0200497	0.8469	0.0195273	1.14563	0.0215503	2.10122e-05
10038	1	100	11	500	0.195046	0.162972	0.111192	0.0517806	0.0320736	0.841844	0.0333653	1.14035	0.0421237	1.95838e-05
10039	1	100	14	500	0.197932	0.164348	0.107219	0.0571288	0.0335844	0.839284	0.0439206	1.13814	0.0555005	2.09912e-05
10040	1	100	13	500	0.196458	0.161381	0.0966034	0.0647772	0.0350773	0.84607	0.0231511	1.13904	0.0235208	2.1984e-05
10041	1	100	11	500	0.196321	0.162172	0.104323	0.0578491	0.0341495	0.841827	0.0415098	1.13611	0.0496872	2.13813e-05
10042	1	100	10	500	0.189796	0.157649	0.0926104	0.0650391	0.0321465	0.84541	0.0420048	1.13332	0.0524796	2.25458e-05
10043	1	100	13	500	0.186951	0.156181	0.0897604	0.0664205	0.0307699	0.844212	0.0532612	1.12971	0.0658987	2.31235e-05
10044	1	100	13	500	0.199214	0.160636	0.0923702	0.0682656	0.0385778	0.847628	0.022758	1.13458	0.0215684	2.31212e-05
10045	1	100	15	500	0.186615	0.156279	0.0906161	0.0656629	0.0303363	0.849875	0.020189	1.13806	0.0195799	2.29845e-05
10046	1	100	14	500	0.168603	0.149967	0.0835997	0.0663674	0.0186354	0.853337	0.0193249	1.13999	0.0179582	2.3564e-05
10047	1	100	15	500	0.165291	0.149699	0.0809348	0.0687639	0.0155926	0.853903	0.018628	1.14294	0.0198584	2.38645e-05
10048	1	100	15	500	0.155904	0.147443	0.0747023	0.0727409	0.00846095	0.855105	0.0216783	1.1424	0.0293873	2.44713e-05
10049	1	100	11	500	0.155364	0.149393	0.0828202	0.0665724	0.00597158	0.854017	0.0172318	1.14772	0.0206535	2.36894e-05
10050	1	100	11	500	0.162028	0.152622	0.077421	0.0752009	0.00940663	0.852451	0.0200554	1.14881	0.0269784	2.51608e-05
10051	1	100	11	500	0.16624	0.153541	0.0791587	0.0743818	0.0126999	0.851226	0.0212794	1.14373	0.0327939	2.51859e-05
10052	1	100	15	500	0.163833	0.149565	0.0760827	0.0734819	0.0142688	0.854821	0.0191819	1.13754	0.0297292	2.54825e-05
10053	1	100	11	500	0.16491	0.148902	0.0746731	0.0742286	0.0160086	0.852752	0.0233259	1.12997	0.0397828	2.50406e-05
10054	1	100	11	500	0.178107	0.153471	0.0763975	0.0770739	0.0246352	0.851032	0.0244423	1.12906	0.0413363	2.53125e-05
10055	1	100	13	500	0.197579	0.157913	0.0773884	0.080525	0.0396656	0.847772	0.0287104	1.12223	0.0468001	2.53737e-05
10056	1	100	11	500	0.185818	0.156532	0.0798997	0.0766321	0.0292865	0.84739	0.0282377	1.11732	0.0491041	2.53684e-05
10057	1	100	15	500	0.192098	0.158548	0.0817914	0.0767569	0.0335493	0.846224	0.0282634	1.11314	0.0502141	2.55164e-05
10058	1	100	11	500	0.191306	0.159441	0.0921172	0.0673237	0.0318652	0.847809	0.0314553	1.10371	0.0508715	2.45755e-05
10059	1	100	11	500	0.195377	0.15986	0.0916825	0.0681779	0.0355165	0.847542	0.0325146	1.10288	0.0515676	2.50536e-05
10060	1	100	11	500	0.193581	0.160481	0.0894757	0.0710049	0.0331001	0.846523	0.0330806	1.10498	0.053685	2.48761e-05
10061	1	100	9	500	0.177401	0.152865	0.0836048	0.0692603	0.0245363	0.852184	0.0295949	1.11284	0.0484279	2.4815e-05
10062	1	100	12	500	0.177493	0.155338	0.0884877	0.0668505	0.0221549	0.847421	0.0311697	1.10509	0.0535332	2.4437e-05
10063	1	100	12	500	0.180935	0.157705	0.0905374	0.0671677	0.02323	0.847624	0.0302582	1.10644	0.0513593	2.44178e-05
10064	1	100	11	500	0.180489	0.159085	0.0904494	0.0686359	0.0214041	0.847188	0.0297661	1.1081	0.0530219	2.49525e-05
10065	1	100	10	500	0.1822	0.160723	0.094805	0.065918	0.0214767	0.845333	0.0318792	1.1024	0.0552449	2.4812e-05
10066	1	100	11	500	0.176867	0.155612	0.0891409	0.0664706	0.0212553	0.849553	0.0296914	1.10906	0.0509648	2.57046e-05
10067	1	100	7	500	0.179766	0.158454	0.0932032	0.0652512	0.0213112	0.846043	0.0322653	1.10226	0.0546768	2.55757e-05
10068	1	100	9	500	0.178088	0.156973	0.0956745	0.0612988	0.0211145	0.84639	0.0336888	1.09945	0.0553978	2.58674e-05
10069	1	100	6	500	0.17722	0.156169	0.0946554	0.0615132	0.0210517	0.849481	0.0314708	1.10367	0.0513357	2.56057e-05
10070	1	100	8	500	0.175657	0.154389	0.104734	0.0496545	0.0212683	0.847477	0.0355844	1.09416	0.0548448	2.45936e-05
10071	1	100	7	500	0.182467	0.153257	0.0943018	0.0589552	0.0292103	0.850074	0.0342839	1.10139	0.0520687	2.57526e-05
10072	1	100	7	500	0.180862	0.154475	0.098907	0.0555678	0.0263867	0.851752	0.0323321	1.10224	0.0499072	2.57636e-05
10073	1	100	9	500	0.191429	0.158076	0.0975684	0.0605076	0.0333534	0.847059	0.0339257	1.09781	0.0536651	2.66124e-05
10074	1	100	11	500	0.199577	0.159803	0.100824	0.0589793	0.0397744	0.846578	0.0355391	1.09549	0.0548219	2.68884e-05
10075	1	100	14	500	0.22085	0.168452	0.100945	0.0675073	0.0523985	0.839935	0.0354389	1.08995	0.0572436	2.76428e-05
10076	1	100	13	500	0.213049	0.168999	0.113707	0.0552922	0.0440501	0.842605	0.0356716	1.08821	0.0558948	2.60138e-05
10077	1	100	12	500	0.210482	0.171645	0.119624	0.0520206	0.0388372	0.83377	0.0392148	1.07585	0.0606251	2.55568e-05
10078	1	100	9	500	0.213706	0.174133	0.120908	0.0532249	0.0395733	0.829889	0.0403689	1.07167	0.0643894	2.56655e-05
10079	1	100	11	500	0.204803	0.163095	0.103043	0.0600521	0.0417072	0.845743	0.033909	1.09479	0.0547048	2.77403e-05
10080	1	100	11	500	0.217517	0.166566	0.104203	0.0623631	0.0509512	0.842607	0.0362118	1.09061	0.0568526	2.80079e-05
10081	1	100	17	500	0.206157	0.167852	0.113938	0.0539144	0.0383046	0.839386	0.0380088	1.08384	0.0581117	2.76658e-05
10082	1	100	13	500	0.212436	0.175368	0.126068	0.0492996	0.0370679	0.833549	0.03916	1.07438	0.0612269	2.61485e-05
10083	1	100	13	500	0.210621	0.171296	0.119672	0.0516248	0.0393245	0.833644	0.0411995	1.07542	0.0643939	2.69215e-05
10084	1	100	13	500	0.219779	0.184226	0.138614	0.0456116	0.0355529	0.819972	0.0586272	1.05558	0.084233	2.38453e-05
10085	1	100	10	500	0.215226	0.175389	0.120442	0.0549471	0.0398371	0.82943	0.0406335	1.07142	0.065846	2.66115e-05
10086	1	100	10	500	0.221197	0.175782	0.109642	0.06614	0.0454154	0.830232	0.0390588	1.07806	0.0663021	2.85565e-05
10087	1	100	11	500	0.22568	0.182278	0.11826	0.0640182	0.0434021	0.826737	0.0387579	1.07242	0.0660663	2.74484e-05
10088	1	100	8	500	0.238385	0.188449	0.127079	0.0613709	0.0499359	0.820514	0.0554337	1.0622	0.0831587	2.68911e-05
10089	1	100	11	500	0.242379	0.189171	0.125519	0.063652	0.0532083	0.822935	0.0585346	1.06584	0.0858968	2.71235e-05
10090	1	100	9	500	0.222965	0.181084	0.122784	0.0583001	0.0418807	0.825986	0.0396036	1.06848	0.0643443	2.72362e-05
10091	1	100	10	500	0.226377	0.185424	0.136786	0.0486386	0.0409528	0.823295	0.0417766	1.06066	0.0655269	2.67749e-05
10092	1	100	9	500	0.218466	0.18593	0.143574	0.0423562	0.0325358	0.826563	0.0418412	1.06308	0.0639458	2.59543e-05
10093	1	100	10	500	0.208683	0.174917	0.142501	0.0324163	0.0337662	0.831919	0.0412744	1.06607	0.0597116	2.57761e-05
10094	1	100	10	500	0.19764	0.169617	0.137768	0.0318495	0.0280231	0.837424	0.0400733	1.07316	0.0574603	2.60316e-05
10095	1	100	10	500	0.18574	0.160526	0.128719	0.0318072	0.025214	0.84801	0.0373064	1.08696	0.0524765	2.67832e-05
10096	1	100	7	500	0.187251	0.161896	0.1188	0.0430963	0.0253548	0.843049	0.0389331	1.08581	0.058024	2.90876e-05
10097	1	100	10	500	0.19142	0.167766	0.144596	0.0231706	0.0236533	0.83781	0.0408139	1.07148	0.0567663	2.51459e-05
10098	1	100	8	500	0.204318	0.175654	0.151689	0.0239647	0.0286643	0.831421	0.0408624	1.06325	0.0577701	2.42024e-05
10099	1	100	8	500	0.204799	0.183665	0.155489	0.0281757	0.0211348	0.823805	0.0407378	1.05577	0.0604235	2.48687e-05
10100	1	100	8	500	0.196043	0.17136	0.124623	0.0467373	0.0246824	0.834292	0.0394547	1.07599	0.0617816	2.92737e-05
10101	1	100	7	500	0.207132	0.182828	0.140029	0.0427993	0.0243038	0.828359	0.0398201	1.06635	0.0620089	2.74353e-05
