Generation	PopulationID	SampleSize	UniqueMutations	PopulationSize	totalLoad	RelzLoad	RelzLoadHomo	RelzLoadHetero	MskLoad	MeanFitness	SdFitness	MeanFitnessCached	SdFitnessCached	Heterozygosity	
10001	1	100	67	500	0.278036	0.253843	0.159112	0.094732	0.0241921	0.767078	0.0445983	1.21052	0.0650367	5.27643e-05
10002	1	100	47	500	0.25936	0.244681	0.153093	0.0915879	0.0146786	0.775285	0.0302466	1.21139	0.0438357	5.35403e-05
10003	1	100	40	500	0.272544	0.251213	0.16014	0.0910728	0.0213314	0.77083	0.0313416	1.21307	0.0456304	5.32198e-05
10004	1	100	40	500	0.275234	0.247365	0.160173	0.0871917	0.0278689	0.774772	0.0333443	1.20353	0.0411215	5.33427e-05
10005	1	100	37	500	0.289767	0.258939	0.179231	0.0797085	0.030828	0.765438	0.034772	1.20454	0.0350308	4.76559e-05
10006	1	100	38	500	0.277424	0.255775	0.187371	0.0684048	0.0216482	0.766862	0.0334508	1.20419	0.0393532	4.7279e-05
10007	1	100	38	500	0.2708	0.257043	0.186612	0.0704313	0.0137574	0.765762	0.0243557	1.20954	0.033527	4.76152e-05
10008	1	100	36	500	0.271416	0.257354	0.191013	0.0663408	0.0140621	0.76586	0.0261248	1.21096	0.0368957	4.72273e-05
10009	1	100	32	500	0.27735	0.260006	0.194845	0.0651611	0.0173436	0.763107	0.0292418	1.2105	0.0433695	4.62132e-05
10010	1	100	33	500	0.275839	0.258558	0.190832	0.0677265	0.0172805	0.764615	0.0318908	1.21083	0.0417231	4.58349e-05
10011	1	100	33	500	0.283198	0.262255	0.185187	0.0770679	0.020943	0.762135	0.0296099	1.21316	0.0438431	4.81898e-05
10012	1	100	36	500	0.277661	0.255597	0.175394	0.0802034	0.0220635	0.768061	0.0336697	1.20671	0.0413853	5.07601e-05
10013	1	100	32	500	0.288093	0.262347	0.185611	0.0767362	0.0257461	0.759015	0.0404061	1.20401	0.0626931	4.86738e-05
10014	1	100	34	500	0.286535	0.259369	0.1799	0.0794688	0.0271664	0.761062	0.0397302	1.1994	0.055478	5.08047e-05
10015	1	100	30	500	0.300911	0.270653	0.189864	0.0807889	0.0302574	0.754412	0.036887	1.20395	0.0592169	5.00932e-05
10016	1	100	29	500	0.293486	0.262996	0.17912	0.0838763	0.0304905	0.763597	0.0299283	1.20756	0.041875	5.1302e-05
10017	1	100	26	500	0.299129	0.27138	0.188447	0.0829331	0.0277489	0.753976	0.0446757	1.21555	0.0617216	4.93689e-05
10018	1	100	23	500	0.300312	0.269495	0.18031	0.0891847	0.0308163	0.757474	0.036746	1.21212	0.0533589	5.09303e-05
10019	1	100	25	500	0.292917	0.264693	0.174284	0.0904086	0.028224	0.756783	0.0416624	1.20248	0.0681406	5.32368e-05
10020	1	100	25	500	0.30125	0.269344	0.181117	0.0882273	0.0319054	0.758195	0.0358394	1.20209	0.0535591	5.32678e-05
10021	1	100	21	500	0.19658	0.165818	0.0802016	0.0856168	0.030762	0.842165	0.0336374	1.13759	0.0573575	4.95953e-05
10022	1	100	23	500	0.197499	0.167288	0.0823125	0.0849751	0.0302111	0.841027	0.029862	1.13927	0.0528752	4.94276e-05
10023	1	100	24	500	0.213011	0.174605	0.0874281	0.0871773	0.0384053	0.834972	0.034182	1.1313	0.0638552	4.7391e-05
10024	1	100	23	500	0.219579	0.180308	0.0925156	0.0877928	0.0392709	0.835683	0.0288452	1.14286	0.0546752	4.45987e-05
10025	1	100	21	500	0.210496	0.173609	0.0854905	0.0881187	0.0368869	0.836651	0.0327214	1.13246	0.061321	4.63838e-05
10026	1	100	23	500	0.223448	0.180905	0.0913193	0.089586	0.0425425	0.828189	0.0397738	1.12267	0.0799575	4.69046e-05
10027	1	100	25	500	0.218377	0.177527	0.088241	0.0892862	0.04085	0.834803	0.0372594	1.11964	0.0731499	4.72503e-05
10028	1	100	25	500	0.213328	0.172738	0.0836413	0.0890969	0.0405893	0.838252	0.0343184	1.11814	0.0622785	4.8713e-05
10029	1	100	24	500	0.219163	0.175406	0.0858485	0.0895576	0.0437564	0.830842	0.043553	1.1038	0.0727835	4.90968e-05
10030	1	100	28	500	0.215097	0.174336	0.085503	0.0888327	0.0407609	0.830518	0.046551	1.10873	0.0778204	5.01185e-05
10031	1	100	23	500	0.210213	0.172841	0.0845347	0.0883065	0.0373713	0.840284	0.0387721	1.12831	0.0591318	5.0352e-05
10032	1	100	23	500	0.219398	0.182955	0.0954494	0.0875052	0.0364432	0.829083	0.0422357	1.13283	0.0614577	4.76688e-05
10033	1	100	20	500	0.220251	0.183628	0.0955035	0.0881247	0.0366228	0.828539	0.0467036	1.1249	0.0686913	4.70427e-05
10034	1	100	22	500	0.225705	0.187258	0.0986013	0.088657	0.0384471	0.823097	0.0493549	1.11533	0.0796051	4.57687e-05
10035	1	100	22	500	0.229257	0.188019	0.100775	0.0872434	0.0412379	0.826931	0.0440986	1.10867	0.0768596	4.55421e-05
10036	1	100	22	500	0.234167	0.193714	0.109093	0.0846214	0.0404533	0.818018	0.0540029	1.08705	0.0918304	4.34754e-05
10037	1	100	22	500	0.241104	0.201486	0.119578	0.0819084	0.0396174	0.81054	0.0551353	1.07219	0.0953178	4.04544e-05
10038	1	100	23	500	0.241016	0.19805	0.118071	0.0799783	0.0429662	0.812448	0.0504265	1.06594	0.0965086	4.17517e-05
10039	1	100	24	500	0.241704	0.200353	0.127011	0.0733415	0.041351	0.807435	0.055295	1.04938	0.0896854	3.93703e-05
10040	1	100	25	500	0.235961	0.187273	0.109523	0.0777503	0.0486872	0.819991	0.0527155	1.06568	0.0904177	4.30159e-05
10041	1	100	23	500	0.228579	0.184901	0.105224	0.0796768	0.0436773	0.82852	0.0513873	1.08005	0.0736328	4.3695e-05
10042	1	100	24	500	0.238066	0.19324	0.114035	0.0792051	0.0448253	0.819781	0.0518967	1.07166	0.0837759	4.16273e-05
10043	1	100	24	500	0.250193	0.196265	0.120016	0.076249	0.0539282	0.819547	0.0514208	1.06635	0.0805658	3.96404e-05
10044	1	100	22	500	0.260849	0.203892	0.127239	0.0766529	0.0569563	0.809725	0.0502465	1.05719	0.0850513	3.7375e-05
10045	1	100	22	500	0.266652	0.220371	0.141014	0.0793575	0.0462806	0.790149	0.0621395	1.03748	0.0874466	3.7569e-05
10046	1	100	18	500	0.258854	0.205389	0.129675	0.0757135	0.0534651	0.810447	0.0559118	1.05042	0.0685129	3.92149e-05
10047	1	100	21	500	0.25333	0.208969	0.128952	0.0800165	0.0443612	0.804799	0.059195	1.05046	0.0771045	4.11866e-05
10048	1	100	26	500	0.26378	0.216812	0.133942	0.08287	0.0469686	0.799808	0.0622075	1.05289	0.0774142	3.95994e-05
10049	1	100	19	500	0.262096	0.215794	0.133177	0.0826165	0.0463018	0.798008	0.0559582	1.05252	0.0772034	3.84934e-05
10050	1	100	21	500	0.258769	0.207314	0.128123	0.0791906	0.0514554	0.806743	0.0582307	1.05463	0.070262	3.85289e-05
10051	1	100	21	500	0.259762	0.21529	0.129763	0.0855266	0.0444721	0.804032	0.0585901	1.06875	0.0634175	3.8232e-05
10052	1	100	20	500	0.273526	0.22501	0.135963	0.0890465	0.0485165	0.791955	0.0590537	1.06604	0.0698242	3.688e-05
10053	1	100	21	500	0.306067	0.240975	0.148203	0.0927718	0.0650923	0.780225	0.0591072	1.06766	0.0738331	3.55942e-05
10054	1	100	17	500	0.28369	0.223351	0.131298	0.0920524	0.0603396	0.79156	0.0665981	1.07654	0.0795778	3.70208e-05
10055	1	100	19	500	0.311462	0.239669	0.145338	0.0943314	0.0717925	0.782683	0.0516473	1.07583	0.0708496	3.58701e-05
10056	1	100	18	500	0.306956	0.25031	0.162397	0.0879129	0.0566457	0.772284	0.0608751	1.07304	0.0699761	3.40101e-05
10057	1	100	14	500	0.315568	0.25336	0.164421	0.0889384	0.0622081	0.769429	0.0552721	1.07235	0.0792173	3.31942e-05
10058	1	100	13	500	0.308643	0.251253	0.162807	0.0884456	0.0573906	0.7719	0.0535075	1.07364	0.0800664	3.36717e-05
10059	1	100	16	500	0.287412	0.23326	0.143452	0.0898079	0.0541516	0.790981	0.0526351	1.09233	0.06404	3.56191e-05
10060	1	100	15	500	0.277823	0.237206	0.158712	0.0784944	0.0406164	0.779199	0.0512675	1.09913	0.0797356	3.30558e-05
10061	1	100	16	500	0.274107	0.240539	0.185503	0.0550359	0.0335675	0.774936	0.047362	1.12201	0.0660439	2.54036e-05
10062	1	100	15	500	0.270922	0.239645	0.183279	0.0563666	0.0312762	0.78397	0.0345202	1.13487	0.0488502	2.55543e-05
10063	1	100	15	500	0.279126	0.244467	0.189734	0.0547335	0.0346583	0.778031	0.043756	1.12681	0.0613464	2.6591e-05
10064	1	100	16	500	0.281655	0.252211	0.216005	0.0362059	0.0294434	0.768697	0.0386279	1.13024	0.0607618	2.10209e-05
10065	1	100	19	500	0.284073	0.254899	0.222343	0.032556	0.0291739	0.766867	0.0393934	1.13012	0.0565467	1.98069e-05
10066	1	100	19	500	0.276493	0.248219	0.217365	0.0308541	0.0282747	0.769447	0.0367932	1.13581	0.0597991	1.86251e-05
10067	1	100	14	500	0.279947	0.250836	0.219279	0.0315574	0.0291104	0.77196	0.0337892	1.13878	0.0487361	1.90615e-05
10068	1	100	15	500	0.291976	0.258568	0.229425	0.0291428	0.0334077	0.765967	0.0429662	1.13265	0.052625	2.02703e-05
10069	1	100	18	500	0.293277	0.260978	0.233026	0.0279517	0.0322991	0.762941	0.0429687	1.12923	0.0581133	1.96457e-05
10070	1	100	15	500	0.300209	0.267793	0.245664	0.0221288	0.0324161	0.756285	0.046774	1.12345	0.0620853	1.84608e-05
10071	1	100	13	500	0.268254	0.237617	0.22003	0.0175869	0.0306372	0.783406	0.0417805	1.16817	0.062693	1.61709e-05
10072	1	100	12	500	0.259921	0.231117	0.208941	0.0221758	0.0288042	0.783991	0.0421652	1.16492	0.0700992	1.76502e-05
10073	1	100	12	500	0.264096	0.234873	0.196814	0.0380587	0.0292233	0.779993	0.0445741	1.14686	0.0825638	2.18587e-05
10074	1	100	13	500	0.263518	0.234153	0.188638	0.045515	0.0293649	0.780039	0.0467458	1.14029	0.0855975	2.35493e-05
10075	1	100	11	500	0.261256	0.232213	0.187068	0.0451456	0.0290431	0.785959	0.0442208	1.14898	0.0782088	2.3568e-05
10076	1	100	13	500	0.257144	0.228051	0.180027	0.048024	0.0290926	0.786809	0.046798	1.14648	0.0782691	2.39891e-05
10077	1	100	11	500	0.258922	0.229475	0.178633	0.0508427	0.0294467	0.786952	0.0484936	1.14499	0.0769042	2.3656e-05
10078	1	100	14	500	0.258048	0.228932	0.189213	0.0397191	0.0291154	0.787429	0.0389772	1.16455	0.0727341	1.99326e-05
10079	1	100	15	500	0.250368	0.223535	0.187207	0.036328	0.0268331	0.79378	0.0345411	1.18212	0.0530462	1.69433e-05
10080	1	100	15	500	0.252037	0.224523	0.189884	0.0346396	0.0275136	0.789838	0.0379573	1.17618	0.0625716	1.71124e-05
10081	1	100	13	500	0.250967	0.224274	0.195405	0.0288695	0.0266926	0.791861	0.0349869	1.18216	0.0538785	1.55758e-05
10082	1	100	11	500	0.143923	0.121256	0.102223	0.0190329	0.022667	0.878934	0.032939	1.08918	0.0409388	1.26079e-05
10083	1	100	10	500	0.162287	0.129309	0.101992	0.027317	0.032978	0.873412	0.0386717	1.0821	0.047951	1.48334e-05
10084	1	100	9	500	0.162997	0.128174	0.105548	0.0226256	0.0348238	0.875467	0.0354156	1.08466	0.043862	1.46362e-05
10085	1	100	13	500	0.160105	0.124604	0.104616	0.0199884	0.0355005	0.87898	0.0282139	1.08902	0.0349833	1.35834e-05
10086	1	100	12	500	0.16059	0.124529	0.0944144	0.0301147	0.0360607	0.880481	0.0272067	1.09088	0.0337042	1.33376e-05
10087	1	100	15	500	0.169745	0.128992	0.0890585	0.0399331	0.0407536	0.874332	0.043031	1.08335	0.053348	1.44769e-05
10088	1	100	11	500	0.171368	0.131124	0.0867234	0.0444004	0.0402442	0.866914	0.0534651	1.07409	0.0661748	1.49493e-05
10089	1	100	10	500	0.188804	0.140177	0.0947175	0.0454595	0.0486272	0.860889	0.0640853	1.06657	0.0793384	1.6007e-05
10090	1	100	14	500	0.197843	0.14449	0.0978484	0.0466411	0.0533538	0.86439	0.0541948	1.07108	0.06715	1.61362e-05
10091	1	100	14	500	0.193138	0.137795	0.090657	0.0471384	0.055343	0.864186	0.0504938	1.07078	0.0623054	1.52101e-05
10092	1	100	14	500	0.205437	0.143297	0.0905952	0.052702	0.0621396	0.85468	0.0589192	1.05896	0.0730114	1.57152e-05
10093	1	100	15	500	0.202955	0.13745	0.0863534	0.051097	0.0655042	0.872593	0.0365755	1.08105	0.0452885	1.42094e-05
10094	1	100	16	500	0.201329	0.134362	0.0832243	0.0511375	0.0669672	0.871049	0.0330438	1.07928	0.0409825	1.40716e-05
10095	1	100	14	500	0.193194	0.134539	0.0883451	0.0461938	0.0586548	0.868957	0.0457197	1.07686	0.0562413	1.40674e-05
10096	1	100	13	500	0.179424	0.130112	0.0886124	0.0414996	0.0493117	0.873773	0.0355807	1.08265	0.0440554	1.37602e-05
10097	1	100	12	500	0.195464	0.137164	0.0876154	0.0495483	0.0583002	0.873353	0.0289989	1.08195	0.0359469	1.49924e-05
10098	1	100	13	500	0.203337	0.14056	0.0896414	0.0509181	0.062777	0.868639	0.0371169	1.07635	0.046086	1.56691e-05
10099	1	100	11	500	0.193819	0.138582	0.0824331	0.056149	0.0552367	0.865655	0.0519362	1.0725	0.0642336	1.62302e-05
10100	1	100	13	500	0.178603	0.131666	0.0826468	0.0490192	0.0469374	0.87238	0.0395971	1.08082	0.0489249	1.58447e-05
10101	1	100	13	500	0.170346	0.131566	0.0810414	0.0505243	0.0387807	0.870538	0.0413498	1.07921	0.05141	1.68513e-05
