Generation	PopulationID	SampleSize	UniqueMutations	PopulationSize	totalLoad	RelzLoad	RelzLoadHomo	RelzLoadHetero	MskLoad	MeanFitness	SdFitness	MeanFitnessCached	SdFitnessCached	Heterozygosity	
10001	1	100	58	500	0.313168	0.279578	0.254311	0.0252669	0.0335897	0.740398	0.023362	1.27073	0.0371636	2.48388e-05
10002	1	100	37	500	0.306293	0.276962	0.256032	0.0209302	0.0293305	0.74189	0.0211395	1.27491	0.038177	2.51828e-05
10003	1	100	35	500	0.298253	0.274712	0.256742	0.0179698	0.0235413	0.744042	0.0195569	1.27424	0.0321879	2.5702e-05
10004	1	100	36	500	0.143661	0.11027	0.091148	0.0191219	0.0333912	0.892403	0.0227303	1.09075	0.0292722	2.58919e-05
10005	1	100	29	500	0.158286	0.115267	0.0950599	0.0202066	0.043019	0.887902	0.0235333	1.08802	0.0267414	2.57919e-05
10006	1	100	26	500	0.0706083	0.025455	0.00555787	0.0198971	0.0451533	0.97598	0.0227762	0.995448	0.025171	2.45004e-05
10007	1	100	23	500	0.0842957	0.0302937	0.00781117	0.0224825	0.054002	0.970226	0.0388068	0.991253	0.0404566	2.38101e-05
10008	1	100	27	500	0.0771869	0.0291664	0.00731732	0.021849	0.0480205	0.97167	0.0259106	0.994371	0.0284205	2.41767e-05
10009	1	100	22	500	0.07118	0.0286655	0.00701361	0.0216519	0.0425145	0.973407	0.0256937	1.00033	0.0297524	2.43153e-05
10010	1	100	17	500	0.0598937	0.0318087	0.00819773	0.023611	0.028085	0.967848	0.0318628	1.009	0.0360235	2.41895e-05
10011	1	100	19	500	0.0478684	0.0206245	0.00462194	0.0160026	0.0272439	0.980472	0.0253829	1.0017	0.0222521	2.45579e-05
10012	1	100	16	500	0.0445788	0.0159173	0.00326359	0.0126537	0.0286615	0.984701	0.0194165	0.996571	0.0175783	2.45083e-05
10013	1	100	18	500	0.0287835	0.0106482	0.00175899	0.00888917	0.0181353	0.989	0.0249706	0.998176	0.0233615	2.36495e-05
10014	1	100	17	500	0.0274081	0.010376	0.00181222	0.00856376	0.0170321	0.990441	0.0160488	0.999491	0.0131782	2.3689e-05
10015	1	100	14	500	0.0212985	0.00907001	0.00219459	0.00687542	0.0122285	0.990459	0.0152959	0.998407	0.011468	2.49133e-05
10016	1	100	15	500	0.024798	0.0115011	0.00253467	0.00896647	0.0132969	0.989124	0.0191329	1.0012	0.0130216	2.509e-05
10017	1	100	17	500	0.0282706	0.0135822	0.00349575	0.0100865	0.0146884	0.986132	0.0190896	1.00004	0.0131229	2.44418e-05
10018	1	100	14	500	0.0294155	0.0139054	0.00344593	0.0104595	0.0155101	0.98707	0.0184295	1.00151	0.011444	2.49342e-05
10019	1	100	14	500	0.025472	0.0114253	0.00300486	0.00842047	0.0140467	0.988278	0.0169391	0.998771	0.0110554	2.56628e-05
10020	1	100	17	500	0.0316036	0.0147104	0.00381671	0.0108937	0.0168932	0.986153	0.0230895	1.00066	0.0117779	2.55653e-05
10021	1	100	16	500	0.0239985	0.0109777	0.0031206	0.00785713	0.0130207	0.98943	0.0206634	0.999546	0.00981299	2.55319e-05
10022	1	100	16	500	0.0313511	0.0152901	0.00496398	0.0103261	0.016061	0.983405	0.0323642	0.997533	0.0150023	2.50074e-05
10023	1	100	19	500	0.0323639	0.0157314	0.00472251	0.0110089	0.0166325	0.983532	0.0290412	0.998687	0.0141824	2.5434e-05
10024	1	100	16	500	0.0369475	0.018016	0.00535555	0.0126604	0.0189315	0.983499	0.0199886	1.00174	0.011146	2.60445e-05
10025	1	100	21	500	0.0410757	0.019762	0.0056658	0.0140962	0.0213137	0.981668	0.0214558	1.00179	0.0125883	2.64662e-05
10026	1	100	20	500	0.0434861	0.0208757	0.00567006	0.0152057	0.0226104	0.981266	0.0225332	1.00374	0.0128619	2.68478e-05
10027	1	100	21	500	0.0424584	0.0204901	0.00586183	0.0146283	0.0219683	0.977204	0.0375468	0.997807	0.0186004	2.65482e-05
10028	1	100	18	500	0.0436069	0.0221497	0.00670341	0.0154463	0.0214571	0.977688	0.0344356	1.00095	0.0166501	2.6382e-05
10029	1	100	21	500	0.0482663	0.0253302	0.00832462	0.0170056	0.0229361	0.977037	0.0281046	1.00392	0.0143982	2.65263e-05
10030	1	100	18	500	0.0430995	0.0221166	0.00720536	0.0149112	0.0209829	0.975034	0.0432702	0.996903	0.019799	2.63379e-05
10031	1	100	20	500	0.0564361	0.0279599	0.0095451	0.0184148	0.0284763	0.975845	0.0232956	1.00324	0.015976	2.6023e-05
10032	1	100	18	500	0.0522275	0.0257516	0.00839102	0.0173605	0.0264759	0.973109	0.0365176	0.998181	0.0210189	2.69566e-05
10033	1	100	19	500	0.0538691	0.0251871	0.00787573	0.0173114	0.028682	0.975389	0.0338358	0.99876	0.0192096	2.69114e-05
10034	1	100	18	500	0.0388055	0.0216801	0.00923476	0.0124454	0.0171254	0.97995	0.0214616	1.00024	0.0139709	2.5987e-05
10035	1	100	16	500	0.0454008	0.0252135	0.0102623	0.0149513	0.0201873	0.974131	0.0377337	0.998289	0.019255	2.65485e-05
10036	1	100	14	500	0.049501	0.0278063	0.0112315	0.0165749	0.0216947	0.967744	0.0508448	0.994219	0.0238596	2.60213e-05
10037	1	100	17	500	0.048512	0.0267712	0.00936076	0.0174105	0.0217408	0.969879	0.0508082	0.997105	0.0265637	2.70626e-05
10038	1	100	15	500	0.0454728	0.0254215	0.0101104	0.0153112	0.0200512	0.971107	0.0440743	0.995004	0.0224914	2.65067e-05
10039	1	100	15	500	0.0416384	0.0230421	0.00777388	0.0152682	0.0185963	0.97904	0.0238168	1.00347	0.016226	2.55324e-05
10040	1	100	12	500	0.0486067	0.0266288	0.0101099	0.0165189	0.0219778	0.973627	0.0333438	0.999853	0.0183468	2.54473e-05
10041	1	100	15	500	0.0374692	0.0197817	0.0066328	0.0131489	0.0176875	0.981536	0.0214226	1.002	0.0124444	2.56091e-05
10042	1	100	14	500	0.0314283	0.0167235	0.00622287	0.0105007	0.0147048	0.984207	0.0190884	1.0005	0.0115925	2.50808e-05
10043	1	100	14	500	0.0331122	0.0179829	0.00701728	0.0109656	0.0151293	0.982478	0.0203588	0.999597	0.0129091	2.62364e-05
10044	1	100	14	500	0.0300238	0.0153911	0.00594767	0.00944344	0.0146327	0.984854	0.0180216	0.998946	0.0116512	2.63422e-05
10045	1	100	18	500	0.0348904	0.0175389	0.00636255	0.0111763	0.0173515	0.982879	0.0207051	0.99971	0.0132201	2.70121e-05
10046	1	100	16	500	0.0288318	0.0145726	0.00539952	0.00917307	0.0142592	0.986131	0.017496	0.999838	0.011691	2.71719e-05
10047	1	100	18	500	0.0228475	0.0115443	0.00689702	0.00464729	0.0113031	0.988398	0.0132751	0.997735	0.00923386	2.61069e-05
10048	1	100	12	500	0.0235647	0.0123621	0.00614194	0.00622015	0.0112026	0.987115	0.0159698	0.996783	0.0114109	2.66548e-05
10049	1	100	14	500	0.0304668	0.0147573	0.00577408	0.00898323	0.0157095	0.984037	0.0239936	0.996647	0.0158589	2.80336e-05
10050	1	100	13	500	0.0288249	0.0140375	0.00596007	0.00807745	0.0147874	0.983321	0.0272722	0.994212	0.0177946	2.79847e-05
10051	1	100	17	500	0.0343317	0.0163783	0.00668554	0.00969278	0.0179533	0.984461	0.0168395	0.997484	0.0114636	2.81487e-05
10052	1	100	15	500	0.0319984	0.0155415	0.00833567	0.00720584	0.0164569	0.985245	0.0150666	0.994905	0.0112893	2.76096e-05
10053	1	100	15	500	0.0297996	0.0149886	0.00874173	0.00624685	0.014811	0.985435	0.014935	0.993911	0.0118648	2.63754e-05
10054	1	100	11	500	0.0230035	0.0145715	0.0105937	0.00397784	0.00843202	0.985372	0.0135785	0.992361	0.0114115	2.51376e-05
10055	1	100	10	500	0.02447	0.0179533	0.0145372	0.00341608	0.00651673	0.982751	0.0146191	0.991098	0.0124577	2.29144e-05
10056	1	100	10	500	0.0262027	0.0193299	0.0158846	0.0034453	0.00687284	0.981154	0.0138308	0.99014	0.0124645	2.24997e-05
10057	1	100	14	500	0.0260172	0.0171285	0.0130943	0.00403424	0.00888872	0.982447	0.0143398	0.990417	0.0124062	2.43171e-05
10058	1	100	12	500	0.028771	0.0177967	0.0132346	0.00456205	0.0109744	0.982084	0.0158295	0.990183	0.0156149	2.36331e-05
10059	1	100	14	500	0.0283837	0.0163521	0.0115132	0.00483891	0.0120316	0.983218	0.0151553	0.990748	0.0150569	2.48213e-05
10060	1	100	15	500	0.0373716	0.0175249	0.0104049	0.00712003	0.0198468	0.982189	0.0204132	0.989266	0.018843	2.54323e-05
10061	1	100	15	500	0.0280196	0.0139524	0.00875999	0.00519243	0.0140672	0.985155	0.0165731	0.990136	0.0159113	2.5171e-05
10062	1	100	15	500	0.0346055	0.0170207	0.0109842	0.00603648	0.0175848	0.981865	0.0186085	0.986746	0.018826	2.41649e-05
10063	1	100	12	500	0.0379456	0.0170407	0.0101338	0.00690688	0.0209049	0.983567	0.0176093	0.988701	0.0169152	2.49464e-05
10064	1	100	13	500	0.0457637	0.0208379	0.0128939	0.00794399	0.0249258	0.980889	0.0200508	0.986266	0.0207346	2.48375e-05
10065	1	100	14	500	0.048107	0.0224188	0.014338	0.00808083	0.0256881	0.978768	0.0189609	0.983743	0.0189016	2.43184e-05
10066	1	100	13	500	0.0524283	0.0237218	0.0150327	0.00868908	0.0287065	0.97711	0.0354712	0.981364	0.0359133	2.41638e-05
10067	1	100	13	500	0.0422346	0.0215661	0.0147248	0.00684136	0.0206684	0.979811	0.0186019	0.984907	0.0192729	2.4228e-05
10068	1	100	11	500	0.0273635	0.0172059	0.0128474	0.0043585	0.0101576	0.981912	0.0144133	0.988507	0.0140977	2.52486e-05
10069	1	100	11	500	0.0214716	0.0143884	0.010785	0.00360339	0.00708322	0.984684	0.0128809	0.992016	0.0120798	2.58714e-05
10070	1	100	11	500	0.022305	0.0153807	0.0118177	0.00356301	0.00692435	0.9849	0.0121582	0.992305	0.0120502	2.55479e-05
10071	1	100	12	500	0.0240306	0.015738	0.011749	0.00398894	0.00829265	0.983871	0.0135129	0.99188	0.012811	2.57189e-05
10072	1	100	11	500	0.0271905	0.0200965	0.0164907	0.00360579	0.00709398	0.980137	0.0148522	0.98744	0.0143366	2.36139e-05
10073	1	100	12	500	0.0227953	0.0157726	0.0121463	0.00362632	0.00702276	0.984463	0.0137131	0.992571	0.0133597	2.61766e-05
10074	1	100	10	500	0.0209266	0.0137667	0.0101464	0.00362026	0.00715994	0.985582	0.0137673	0.993063	0.011271	2.67832e-05
10075	1	100	11	500	0.0211221	0.0135532	0.00982837	0.00372486	0.00756884	0.986744	0.0132527	0.993991	0.0122906	2.57147e-05
10076	1	100	12	500	0.0208124	0.0137735	0.0101856	0.00358782	0.00703899	0.986787	0.012766	0.993733	0.0111835	2.58055e-05
10077	1	100	10	500	0.0208519	0.0136962	0.0100763	0.00361993	0.00715569	0.98564	0.0130548	0.992832	0.0126232	2.6834e-05
10078	1	100	11	500	0.0198514	0.0125157	0.00884913	0.00366653	0.00733577	0.987269	0.0123767	0.994556	0.0106795	2.67246e-05
10079	1	100	13	500	0.0227187	0.0141936	0.0102322	0.00396138	0.00852506	0.985465	0.0130711	0.992308	0.0115324	2.70607e-05
10080	1	100	11	500	0.0219634	0.0146012	0.0109285	0.00367263	0.00736227	0.98655	0.0119245	0.99367	0.0112964	2.68658e-05
10081	1	100	11	500	0.0198519	0.0125555	0.00890877	0.00364672	0.00729643	0.987197	0.0121717	0.993909	0.0112198	2.77736e-05
10082	1	100	11	500	0.0167427	0.00973822	0.00628607	0.00345215	0.0070045	0.988989	0.0122596	0.994293	0.0108677	2.78621e-05
10083	1	100	10	500	0.0203243	0.0117735	0.00769673	0.00407675	0.00855084	0.988247	0.0120904	0.994552	0.010468	2.74437e-05
10084	1	100	13	500	0.0210594	0.0112817	0.00703367	0.00424799	0.00977773	0.98965	0.0104314	0.995992	0.00855885	2.80212e-05
10085	1	100	14	500	0.0190654	0.0102486	0.00623666	0.00401195	0.00881678	0.988707	0.0119398	0.994973	0.0101358	2.76769e-05
10086	1	100	15	500	0.0183143	0.00978134	0.00583366	0.00394768	0.00853298	0.991979	0.00871497	0.997358	0.00763178	2.70462e-05
10087	1	100	15	500	0.0196432	0.00972112	0.00541254	0.00430858	0.00992204	0.989243	0.0132742	0.994177	0.0128663	2.65093e-05
10088	1	100	14	500	0.0226115	0.0112346	0.00652989	0.00470474	0.0113769	0.988436	0.0123382	0.99352	0.0121476	2.714e-05
10089	1	100	15	500	0.0277515	0.0129873	0.00717617	0.00581115	0.0147642	0.98667	0.0153796	0.992746	0.0153638	2.77561e-05
10090	1	100	15	500	0.032642	0.0136542	0.00649669	0.00715756	0.0189877	0.985979	0.0141998	0.993407	0.0138316	2.83455e-05
10091	1	100	18	500	0.0456714	0.0168644	0.00663106	0.0102333	0.028807	0.983817	0.017353	0.992586	0.0167145	2.85855e-05
10092	1	100	15	500	0.0391353	0.0148484	0.0064525	0.00839588	0.0242869	0.984633	0.0152797	0.991657	0.015668	2.90274e-05
10093	1	100	16	500	0.0413132	0.0155329	0.00663417	0.0088987	0.0257804	0.986215	0.0151004	0.993951	0.0141837	2.93161e-05
10094	1	100	18	500	0.0434175	0.0160348	0.0065698	0.00946504	0.0273826	0.983812	0.0166009	0.991212	0.0162822	2.89811e-05
10095	1	100	18	500	0.0308332	0.012312	0.00516134	0.00715064	0.0185213	0.988864	0.0102446	0.995987	0.0105946	2.8994e-05
10096	1	100	19	500	0.0335162	0.0134039	0.00588035	0.00752355	0.0201123	0.98709	0.0147912	0.995145	0.0145057	2.88487e-05
10097	1	100	15	500	0.0322335	0.0131584	0.00566696	0.00749145	0.0190751	0.986449	0.0116727	0.995359	0.0105949	2.87144e-05
10098	1	100	18	500	0.0367162	0.0133178	0.00445019	0.0088676	0.0233984	0.986028	0.0155802	0.994317	0.0160778	2.86484e-05
10099	1	100	20	500	0.0344259	0.0132991	0.00500184	0.0082973	0.0211268	0.987468	0.0103372	0.996075	0.0110304	2.97976e-05
10100	1	100	14	500	0.0284318	0.0112463	0.00397265	0.00727367	0.0171854	0.988532	0.0117626	0.996866	0.0120738	2.91129e-05
10101	1	100	18	500	0.0321235	0.0125704	0.00386207	0.00870835	0.0195531	0.987776	0.0153338	0.997333	0.015278	2.81641e-05
