Generation	PopulationID	SampleSize	UniqueMutations	PopulationSize	totalLoad	RelzLoad	RelzLoadHomo	RelzLoadHetero	MskLoad	MeanFitness	SdFitness	MeanFitnessCached	SdFitnessCached	Heterozygosity	
10001	1	100	44	500	0.0555633	0.0319639	0.00293766	0.0290262	0.0235995	0.966178	0.0426119	1.01701	0.0426036	2.84484e-05
10002	1	100	25	500	0.0865422	0.0470285	0.00657129	0.0404572	0.0395136	0.955001	0.0452559	1.02239	0.0422017	2.88432e-05
10003	1	100	27	500	0.0762555	0.046867	0.00779686	0.0390701	0.0293886	0.953123	0.0481491	1.02827	0.0472135	2.85793e-05
10004	1	100	18	500	0.0946981	0.0574007	0.0134101	0.0439906	0.0372974	0.945475	0.0424201	1.03469	0.0435049	2.82521e-05
10005	1	100	22	500	0.0856225	0.0491068	0.00928464	0.0398222	0.0365156	0.952343	0.036353	1.0274	0.0417192	2.8431e-05
10006	1	100	19	500	0.0628155	0.040839	0.00729895	0.03354	0.0219766	0.959806	0.0422471	1.0284	0.0438159	2.81126e-05
10007	1	100	18	500	0.0665571	0.0406391	0.00651503	0.0341241	0.025918	0.960057	0.0327677	1.02538	0.0330613	2.96243e-05
10008	1	100	20	500	0.0613626	0.0381521	0.00608608	0.032066	0.0232105	0.962297	0.0322783	1.02387	0.0390288	3.06903e-05
10009	1	100	20	500	0.0550695	0.0389234	0.00710068	0.0318227	0.0161461	0.961321	0.0331347	1.0278	0.0408742	3.0339e-05
10010	1	100	17	500	0.0632669	0.043192	0.00805339	0.0351386	0.0200749	0.958017	0.0364406	1.03126	0.039926	2.92318e-05
10011	1	100	18	500	0.0783804	0.0483063	0.0101828	0.0381235	0.0300742	0.949567	0.0583577	1.02606	0.0664453	2.91109e-05
10012	1	100	24	500	0.0789935	0.0501033	0.0108407	0.0392627	0.0288902	0.951068	0.0454133	1.03333	0.0434877	2.83194e-05
10013	1	100	17	500	0.0712639	0.0488744	0.010248	0.0386265	0.0223895	0.951735	0.0397733	1.03571	0.0437435	2.85113e-05
10014	1	100	23	500	0.0697765	0.0547169	0.014738	0.0399789	0.0150596	0.946205	0.0399468	1.04595	0.0424219	2.72721e-05
10015	1	100	19	500	0.0709792	0.0585471	0.0174306	0.0411165	0.012432	0.942136	0.0408792	1.05199	0.0437689	2.54657e-05
10016	1	100	15	500	0.0682336	0.0598066	0.0179286	0.041878	0.00842696	0.940675	0.0405591	1.05532	0.0417376	2.56532e-05
10017	1	100	16	500	0.0767145	0.0657001	0.0238531	0.041847	0.0110144	0.935004	0.0382336	1.05945	0.040543	2.41251e-05
10018	1	100	17	500	0.0903838	0.0751942	0.0303596	0.0448346	0.0151896	0.925981	0.0403359	1.06658	0.0424247	2.46284e-05
10019	1	100	15	500	0.0827129	0.0707677	0.0281332	0.0426345	0.0119451	0.930196	0.0383392	1.06431	0.0408601	2.5057e-05
10020	1	100	15	500	0.105469	0.0850946	0.0396839	0.0454107	0.0203744	0.916793	0.0381914	1.0731	0.0416572	2.37453e-05
10021	1	100	15	500	0.0929044	0.0828467	0.0415102	0.0413366	0.0100577	0.917671	0.0391927	1.07723	0.0436259	2.38146e-05
10022	1	100	15	500	0.0898748	0.0794719	0.0385592	0.0409127	0.0104029	0.921126	0.0346139	1.07373	0.0362754	2.30923e-05
10023	1	100	17	500	0.102609	0.0849649	0.0401695	0.0447953	0.0176443	0.916593	0.0367132	1.07484	0.0412763	2.48065e-05
10024	1	100	18	500	0.104584	0.0855812	0.0398569	0.0457243	0.0190026	0.916247	0.0378961	1.07413	0.0373603	2.45198e-05
10025	1	100	17	500	0.101006	0.0776555	0.031042	0.0466136	0.0233504	0.924517	0.037733	1.06344	0.0400585	2.47764e-05
10026	1	100	16	500	0.105587	0.0832267	0.0389252	0.0443015	0.0223606	0.918761	0.044097	1.06927	0.0437001	2.24306e-05
10027	1	100	20	500	0.105152	0.0769349	0.0298188	0.0471161	0.0282176	0.926726	0.0404093	1.0582	0.0397823	2.51428e-05
10028	1	100	14	500	0.0901481	0.0662228	0.0222901	0.0439327	0.0239253	0.936142	0.0414819	1.05099	0.0431335	2.54487e-05
10029	1	100	18	500	0.08928	0.0695922	0.0255521	0.0440401	0.0196878	0.931897	0.040097	1.05804	0.0419221	2.4572e-05
10030	1	100	16	500	0.095094	0.0670377	0.0205954	0.0464423	0.0280563	0.935555	0.0415726	1.05027	0.0436905	2.66247e-05
10031	1	100	14	500	0.0971202	0.0681989	0.0213937	0.0468053	0.0289213	0.92987	0.0585525	1.04724	0.0622051	2.65052e-05
10032	1	100	19	500	0.0831069	0.0596299	0.0167547	0.0428752	0.023477	0.941386	0.0466585	1.04666	0.047234	2.75978e-05
10033	1	100	13	500	0.0776087	0.0532197	0.0134787	0.039741	0.024389	0.947481	0.037011	1.03949	0.0439046	2.72777e-05
10034	1	100	14	500	0.0771693	0.0516779	0.0120385	0.0396394	0.0254914	0.947365	0.0514649	1.03476	0.0516785	2.75289e-05
10035	1	100	12	500	0.0686486	0.0470302	0.00992535	0.0371048	0.0216184	0.953719	0.0399973	1.03515	0.0439221	2.66217e-05
10036	1	100	12	500	0.0735767	0.0415964	0.00697724	0.0346192	0.0319803	0.95886	0.038225	1.02266	0.0459007	2.65238e-05
10037	1	100	15	500	0.0755627	0.0390567	0.00638617	0.0326705	0.036506	0.961979	0.040412	1.0171	0.0473939	2.47644e-05
10038	1	100	12	500	0.12757	0.0568028	0.0148881	0.0419147	0.0707675	0.950703	0.0447205	1.00957	0.0533082	2.46947e-05
10039	1	100	13	500	0.109519	0.0562911	0.0138513	0.0424398	0.0532281	0.947923	0.0431565	1.02299	0.0573175	2.59003e-05
10040	1	100	16	500	0.130539	0.0653697	0.0181587	0.047211	0.0651692	0.932682	0.0957534	1.01671	0.108346	2.5639e-05
10041	1	100	13	500	0.124463	0.0579861	0.0147824	0.0432036	0.0664768	0.948016	0.0393903	1.01385	0.0590284	2.73252e-05
10042	1	100	10	500	0.128846	0.0663258	0.0196921	0.0466336	0.0625199	0.940033	0.0446667	1.02503	0.0603559	2.69116e-05
10043	1	100	15	500	0.147463	0.0684897	0.0204821	0.0480075	0.0789736	0.921102	0.147133	0.99202	0.161998	2.76041e-05
10044	1	100	14	500	0.139862	0.0670745	0.0197409	0.0473336	0.0727877	0.941345	0.044487	1.01704	0.0572962	2.66885e-05
10045	1	100	12	500	0.178657	0.0834949	0.0294435	0.0540514	0.0951626	0.929468	0.0674363	1.0084	0.0891786	2.7589e-05
10046	1	100	11	500	0.163525	0.0808451	0.0283071	0.0525379	0.08268	0.91191	0.140295	1.00328	0.161577	2.63402e-05
10047	1	100	17	500	0.203083	0.0934728	0.0354881	0.0579847	0.10961	0.92683	0.0461063	1.00685	0.0669545	2.74016e-05
10048	1	100	12	500	0.179854	0.0861196	0.0312692	0.0548504	0.0937348	0.918488	0.110387	1.00686	0.127349	2.6831e-05
10049	1	100	12	500	0.142842	0.0781098	0.0274703	0.0506395	0.0647325	0.921138	0.0934757	1.0284	0.113307	2.61634e-05
10050	1	100	11	500	0.113323	0.0723358	0.0290597	0.0432761	0.0409875	0.929297	0.0421562	1.04669	0.0612317	2.27618e-05
10051	1	100	12	500	0.105572	0.075486	0.0350414	0.0404446	0.0300865	0.925834	0.0405832	1.05764	0.0547768	2.17498e-05
10052	1	100	12	500	0.0981115	0.0743248	0.0355512	0.0387736	0.0237867	0.926444	0.0430036	1.06017	0.0534381	2.19541e-05
10053	1	100	15	500	0.107219	0.076084	0.033631	0.042453	0.0311345	0.924721	0.0466334	1.05631	0.0551696	2.36505e-05
10054	1	100	13	500	0.0955779	0.0713032	0.031557	0.0397462	0.0242748	0.929402	0.0393393	1.05655	0.046682	2.28925e-05
10055	1	100	17	500	0.108093	0.0752787	0.0337542	0.0415245	0.0328145	0.925906	0.0413931	1.05537	0.0533833	2.24259e-05
10056	1	100	14	500	0.10374	0.0771538	0.0364595	0.0406944	0.026586	0.923281	0.0418389	1.0612	0.0538053	2.11083e-05
10057	1	100	13	500	0.0909316	0.0764458	0.0399633	0.0364825	0.0144859	0.924038	0.0433453	1.06776	0.0452817	2.06133e-05
10058	1	100	11	500	0.111185	0.0865265	0.0489674	0.0375591	0.0246583	0.914505	0.0385164	1.07251	0.0494387	1.97002e-05
10059	1	100	12	500	0.118105	0.0939772	0.0570204	0.0369568	0.0241282	0.905857	0.0385811	1.07933	0.0449446	1.73175e-05
10060	1	100	10	500	0.1314	0.0962984	0.0568012	0.0394972	0.0351016	0.905519	0.0344208	1.07621	0.0569579	1.72916e-05
10061	1	100	14	500	0.12089	0.101244	0.0687124	0.0325319	0.019646	0.899591	0.0379119	1.0905	0.0468583	1.3499e-05
10062	1	100	12	500	0.126001	0.0977031	0.0582002	0.0395029	0.0282979	0.903114	0.0361911	1.0824	0.0527588	1.53941e-05
10063	1	100	11	500	0.110756	0.0944016	0.0587089	0.0356926	0.0163541	0.905872	0.0364566	1.08585	0.0494463	1.40607e-05
10064	1	100	10	500	0.108702	0.0889232	0.0475269	0.0413963	0.0197785	0.911683	0.0385165	1.07843	0.0468562	1.58794e-05
10065	1	100	11	500	0.120835	0.085218	0.0415198	0.0436982	0.0356174	0.916388	0.0415874	1.06546	0.0579784	1.5512e-05
10066	1	100	12	500	0.134717	0.0829242	0.0329865	0.0499377	0.051793	0.921602	0.0425375	1.05063	0.054518	1.65688e-05
10067	1	100	8	500	0.126204	0.0763801	0.0267902	0.0495898	0.0498238	0.928244	0.0407186	1.04529	0.0640205	1.66139e-05
10068	1	100	6	500	0.131793	0.0800589	0.0295767	0.0504822	0.0517341	0.926108	0.0425217	1.04592	0.0576268	1.61828e-05
10069	1	100	9	500	0.101347	0.0695056	0.0220792	0.0474264	0.0318409	0.932931	0.0430484	1.05073	0.0506378	1.65748e-05
10070	1	100	7	500	0.107089	0.0727106	0.0240081	0.0487024	0.034378	0.929616	0.0393596	1.05188	0.0528236	1.70695e-05
10071	1	100	5	500	0.0917189	0.064377	0.0190283	0.0453487	0.0273419	0.937434	0.041769	1.04882	0.052753	1.69056e-05
10072	1	100	7	500	0.0767357	0.0623142	0.0190354	0.0432788	0.0144214	0.938224	0.0390017	1.05446	0.0443681	1.67862e-05
10073	1	100	10	500	0.0798234	0.0660734	0.0214393	0.0446341	0.01375	0.934341	0.0426398	1.05887	0.0462337	1.7261e-05
10074	1	100	9	500	0.101676	0.0815397	0.0321954	0.0493443	0.0201361	0.919722	0.0393411	1.07073	0.0484941	1.77403e-05
10075	1	100	12	500	0.110838	0.0837588	0.0323719	0.0513869	0.0270791	0.918419	0.0388173	1.06897	0.0527195	1.79225e-05
10076	1	100	10	500	0.0989463	0.0767696	0.0279275	0.048842	0.0221767	0.924657	0.0418622	1.06477	0.0474961	1.79956e-05
10077	1	100	13	500	0.104913	0.0822066	0.03369	0.0485166	0.0227068	0.919114	0.0368879	1.06972	0.046837	1.75322e-05
10078	1	100	11	500	0.089446	0.0773181	0.030048	0.04727	0.0121279	0.923144	0.0381917	1.07103	0.046357	1.80718e-05
10079	1	100	7	500	0.0829861	0.079763	0.0350514	0.0447115	0.00322313	0.920802	0.0375617	1.07851	0.0384806	1.77778e-05
10080	1	100	9	500	0.0777918	0.0746884	0.0300947	0.0445937	0.00310333	0.925823	0.0355123	1.07341	0.0367392	1.79744e-05
10081	1	100	12	500	0.0811509	0.0784572	0.0323801	0.0460771	0.00269371	0.922054	0.0370826	1.07736	0.0379011	1.85675e-05
10082	1	100	6	500	0.0826134	0.0796965	0.0341108	0.0455856	0.00291697	0.921016	0.0355101	1.07879	0.0355081	1.90464e-05
10083	1	100	8	500	0.0996907	0.0953654	0.0526308	0.0427346	0.0043253	0.905821	0.0377012	1.09301	0.0375537	1.75229e-05
10084	1	100	7	500	0.0942162	0.0899651	0.049781	0.0401841	0.0042511	0.910653	0.0404735	1.08748	0.0399637	1.78009e-05
10085	1	100	7	500	0.0847529	0.0809737	0.0377133	0.0432603	0.00377924	0.919387	0.0448816	1.07816	0.0421178	1.87239e-05
10086	1	100	9	500	0.0887147	0.0841394	0.0384563	0.0456831	0.00457536	0.916658	0.0371615	1.08098	0.0363434	1.88476e-05
10087	1	100	6	500	0.0959878	0.09082	0.0482923	0.0425277	0.00516783	0.910415	0.0380141	1.0874	0.0375419	1.8352e-05
10088	1	100	5	500	0.101775	0.0963067	0.0549872	0.0413195	0.00546814	0.903333	0.0417766	1.09042	0.0393812	1.78342e-05
10089	1	100	6	500	0.104506	0.101209	0.0642646	0.0369444	0.00329678	0.899372	0.0295194	1.09941	0.0282995	1.73023e-05
10090	1	100	7	500	0.102237	0.0994858	0.0591803	0.0403055	0.00275096	0.90093	0.0319651	1.09791	0.0310583	1.83882e-05
10091	1	100	4	500	0.0939237	0.0920169	0.0476576	0.0443593	0.00190673	0.908754	0.0312313	1.09159	0.0307059	2.01154e-05
10092	1	100	7	500	0.0956583	0.0940691	0.0484258	0.0456433	0.0015892	0.906542	0.0302249	1.09363	0.0297183	2.03477e-05
10093	1	100	8	500	0.109292	0.0967858	0.0517322	0.0450536	0.0125059	0.90458	0.0385824	1.09041	0.0352473	1.95409e-05
10094	1	100	10	500	0.104929	0.0911822	0.0433837	0.0477985	0.0137472	0.909501	0.0416992	1.08292	0.0368759	2.06616e-05
10095	1	100	7	500	0.0881685	0.0846855	0.038135	0.0465506	0.003483	0.915936	0.0342887	1.08318	0.0338913	2.17596e-05
10096	1	100	8	500	0.100071	0.0942643	0.048326	0.0459383	0.00580654	0.906566	0.0321717	1.092	0.0331237	2.15232e-05
10097	1	100	8	500	0.0993856	0.0961324	0.0503722	0.0457602	0.00325325	0.904896	0.0345546	1.09527	0.0360985	2.18063e-05
10098	1	100	7	500	0.10185	0.099099	0.0530609	0.0460381	0.00275145	0.901952	0.0352213	1.09856	0.0369344	2.12107e-05
10099	1	100	6	500	0.0921709	0.0908106	0.0440898	0.0467208	0.00136028	0.910158	0.033632	1.09097	0.0349207	2.19089e-05
10100	1	100	6	500	0.0976471	0.0956069	0.0507668	0.0448401	0.00204024	0.904999	0.0369402	1.09502	0.0372528	2.1309e-05
10101	1	100	6	500	0.0934333	0.0877406	0.0406944	0.0470462	0.00569274	0.913305	0.034169	1.08494	0.0347131	2.20014e-05
