Generation	PopulationID	SampleSize	UniqueMutations	PopulationSize	totalLoad	RelzLoad	RelzLoadHomo	RelzLoadHetero	MskLoad	MeanFitness	SdFitness	MeanFitnessCached	SdFitnessCached	Heterozygosity	
10001	1	100	58	500	0.145705	0.106354	0.0393349	0.0670189	0.0393515	0.897738	0.0599457	1.06514	0.0488142	3.86194e-05
10002	1	100	35	500	0.164358	0.118193	0.0455506	0.0726423	0.0461655	0.890061	0.0599948	1.07182	0.0513985	3.86527e-05
10003	1	100	30	500	0.182262	0.126213	0.0506597	0.0755533	0.0560488	0.883718	0.0570046	1.06908	0.0477338	3.93216e-05
10004	1	100	32	500	0.172755	0.117452	0.0444041	0.0730475	0.0553034	0.889529	0.0649735	1.06328	0.0585029	3.92122e-05
10005	1	100	29	500	0.15761	0.112462	0.0436971	0.0687646	0.0451486	0.894511	0.0600658	1.06567	0.0477591	3.88887e-05
10006	1	100	23	500	0.141701	0.110189	0.0463586	0.0638302	0.0315118	0.894523	0.0639943	1.06199	0.044101	3.86986e-05
10007	1	100	23	500	0.157227	0.121239	0.0585512	0.0626874	0.0359884	0.884301	0.0733376	1.05437	0.0429685	3.8613e-05
10008	1	100	29	500	0.164692	0.133233	0.0702839	0.0629495	0.0314582	0.875332	0.0720984	1.05781	0.0433509	3.88292e-05
10009	1	100	23	500	0.150448	0.114797	0.0545855	0.0602115	0.0356509	0.889552	0.0717792	1.05172	0.0431622	3.80798e-05
10010	1	100	19	500	0.146588	0.108165	0.0477398	0.0604254	0.0384233	0.89872	0.0611592	1.05759	0.0412956	3.79617e-05
10011	1	100	22	500	0.143792	0.0990075	0.0448296	0.0541779	0.0447849	0.905294	0.0681191	1.04191	0.0316483	3.8315e-05
10012	1	100	20	500	0.133243	0.0924617	0.040729	0.0517327	0.0407813	0.911411	0.0600707	1.04355	0.037247	3.68451e-05
10013	1	100	18	500	0.145635	0.0992429	0.0445197	0.0547231	0.0463925	0.900513	0.0637396	1.03888	0.0550967	3.72102e-05
10014	1	100	20	500	0.135903	0.0958132	0.0382943	0.0575189	0.0400903	0.910493	0.0506493	1.05798	0.0463795	3.65604e-05
10015	1	100	19	500	0.143241	0.102928	0.0394727	0.0634558	0.0403128	0.900102	0.0575472	1.06471	0.0573927	3.61086e-05
10016	1	100	14	500	0.14885	0.112909	0.0469144	0.0659948	0.035941	0.891987	0.0573634	1.06898	0.0478553	3.74908e-05
10017	1	100	17	500	0.154395	0.116706	0.0499802	0.0667255	0.0376897	0.893243	0.0555243	1.0701	0.0456585	3.75314e-05
10018	1	100	15	500	0.149347	0.108832	0.0434567	0.0653751	0.0405153	0.893052	0.0635239	1.05852	0.0604962	3.71506e-05
10019	1	100	14	500	0.146347	0.108575	0.0423439	0.066231	0.0377726	0.896484	0.0550104	1.06676	0.0497236	3.60964e-05
10020	1	100	17	500	0.163018	0.123678	0.0525466	0.0711318	0.0393396	0.880983	0.0605942	1.06645	0.0585998	3.70339e-05
10021	1	100	15	500	0.167761	0.126746	0.05267	0.0740759	0.0410154	0.882298	0.0547568	1.07963	0.0512751	3.70672e-05
10022	1	100	18	500	0.16373	0.117273	0.0454799	0.0717934	0.046457	0.892526	0.048465	1.07758	0.0492565	3.70422e-05
10023	1	100	18	500	0.178088	0.128058	0.0515623	0.076496	0.05003	0.882484	0.0496314	1.08091	0.0497984	3.70751e-05
10024	1	100	19	500	0.162933	0.121914	0.0491	0.0728137	0.0410198	0.885901	0.0462894	1.08691	0.051213	3.54777e-05
10025	1	100	19	500	0.142777	0.107888	0.0412143	0.0666741	0.0348889	0.895665	0.0597873	1.07386	0.0557071	3.6747e-05
10026	1	100	16	500	0.163143	0.123732	0.0502948	0.0734374	0.0394106	0.883375	0.0568664	1.07958	0.0494126	3.79551e-05
10027	1	100	16	500	0.158477	0.120428	0.0486429	0.0717851	0.0380492	0.883536	0.0571317	1.0763	0.0542511	3.78971e-05
10028	1	100	15	500	0.164879	0.124221	0.0508397	0.0733812	0.0406577	0.885713	0.051727	1.08223	0.0487162	3.7878e-05
10029	1	100	14	500	0.165629	0.122454	0.0500894	0.0723641	0.0431755	0.882553	0.0589787	1.07283	0.057965	3.68331e-05
10030	1	100	19	500	0.160264	0.115837	0.0461706	0.069666	0.044427	0.886944	0.0674819	1.06135	0.0625316	3.83909e-05
10031	1	100	14	500	0.140989	0.102593	0.0391358	0.0634574	0.0383957	0.90498	0.0512002	1.06853	0.0499308	3.81004e-05
10032	1	100	17	500	0.142534	0.10361	0.0396646	0.0639451	0.0389243	0.899751	0.0650086	1.0585	0.0534325	3.87247e-05
10033	1	100	12	500	0.14015	0.10215	0.0392143	0.0629357	0.038	0.902192	0.0567423	1.0597	0.0508138	3.93385e-05
10034	1	100	13	500	0.146061	0.106261	0.0409244	0.0653368	0.0398	0.904091	0.0484281	1.07009	0.0475922	3.99356e-05
10035	1	100	14	500	0.172182	0.128823	0.0539357	0.0748871	0.0433591	0.883265	0.0498065	1.08101	0.0508945	3.9716e-05
10036	1	100	16	500	0.167022	0.124057	0.0509517	0.0731057	0.0429652	0.880543	0.0669073	1.06937	0.0582728	3.98701e-05
10037	1	100	15	500	0.189119	0.142847	0.0641882	0.0786587	0.0462721	0.864074	0.0612327	1.07315	0.0655147	3.91952e-05
10038	1	100	14	500	0.19746	0.15124	0.0726841	0.0785561	0.0462196	0.856326	0.070893	1.06781	0.0633462	3.92114e-05
10039	1	100	15	500	0.196207	0.148424	0.0680956	0.080328	0.0477832	0.865074	0.0526388	1.08278	0.0619351	3.81733e-05
10040	1	100	13	500	0.18907	0.141127	0.062273	0.0788536	0.0479436	0.86695	0.0642584	1.07525	0.0651622	3.75563e-05
10041	1	100	15	500	0.182021	0.129215	0.0541066	0.0751087	0.0528059	0.879993	0.0588129	1.06726	0.0650979	3.77937e-05
10042	1	100	18	500	0.194235	0.138704	0.0610929	0.0776111	0.0555306	0.864451	0.0720686	1.05568	0.0691911	3.87487e-05
10043	1	100	14	500	0.184063	0.134217	0.0571341	0.0770824	0.0498464	0.869605	0.0603799	1.0688	0.0733599	3.78093e-05
10044	1	100	18	500	0.175495	0.128127	0.053017	0.07511	0.0473676	0.87561	0.0664827	1.06892	0.0643563	3.69013e-05
10045	1	100	19	500	0.171355	0.125593	0.0510364	0.0745566	0.0457621	0.884001	0.0462312	1.08393	0.0519399	3.5854e-05
10046	1	100	19	500	0.179399	0.131332	0.0554296	0.0759029	0.0480661	0.874362	0.057941	1.08646	0.0561528	3.44927e-05
10047	1	100	13	500	0.18883	0.14565	0.0655273	0.0801223	0.0431803	0.863103	0.0516424	1.09233	0.0575561	3.59301e-05
10048	1	100	16	500	0.198798	0.152283	0.0700573	0.0822253	0.0465156	0.858071	0.0561571	1.09475	0.0577081	3.66507e-05
10049	1	100	16	500	0.206838	0.156461	0.0736889	0.0827722	0.0503765	0.852463	0.0531084	1.09989	0.0596762	3.55162e-05
10050	1	100	18	500	0.221575	0.163259	0.076847	0.0864125	0.0583157	0.848973	0.0516371	1.09417	0.0581724	3.72899e-05
10051	1	100	16	500	0.230573	0.164771	0.0777693	0.0870021	0.0658011	0.845755	0.0515328	1.09661	0.0611619	3.6041e-05
10052	1	100	16	500	0.221509	0.159135	0.0737689	0.085366	0.0623736	0.850258	0.0508339	1.09295	0.0660866	3.51903e-05
10053	1	100	18	500	0.211503	0.156506	0.0715194	0.0849869	0.0549967	0.856436	0.0523153	1.09274	0.0621951	3.70622e-05
10054	1	100	17	500	0.235618	0.166086	0.077104	0.0889821	0.0695314	0.84644	0.0531475	1.08974	0.0617081	3.70906e-05
10055	1	100	16	500	0.221667	0.158377	0.0737067	0.0846703	0.0632902	0.853746	0.0495303	1.09807	0.0617797	3.55312e-05
10056	1	100	18	500	0.23711	0.160909	0.0730945	0.0878142	0.0762014	0.847945	0.0533261	1.08624	0.0674502	3.62689e-05
10057	1	100	15	500	0.229935	0.149809	0.0705228	0.0792858	0.0801261	0.856484	0.0498073	1.08072	0.0808149	3.32827e-05
10058	1	100	19	500	0.237592	0.152456	0.0672348	0.0852216	0.0851355	0.864537	0.0495927	1.07388	0.0552673	3.73632e-05
10059	1	100	16	500	0.208247	0.145949	0.0686288	0.0773207	0.0622977	0.85828	0.0509462	1.06733	0.0877658	3.52348e-05
10060	1	100	15	500	0.200364	0.140432	0.0686704	0.0717614	0.0599322	0.868142	0.0492701	1.06626	0.0859586	3.37818e-05
10061	1	100	15	500	0.193362	0.144127	0.0767722	0.0673546	0.0492349	0.858411	0.0323768	1.08531	0.09292	3.13989e-05
10062	1	100	13	500	0.193092	0.147408	0.0824834	0.0649243	0.0456842	0.858181	0.0272903	1.10301	0.0783843	3.04034e-05
10063	1	100	10	500	0.191856	0.147023	0.0881492	0.0588734	0.0448338	0.859843	0.0355668	1.09782	0.072904	2.82766e-05
10064	1	100	15	500	0.201291	0.146198	0.0816648	0.0645334	0.0550931	0.861108	0.031861	1.07894	0.0885612	2.99887e-05
10065	1	100	16	500	0.195789	0.145	0.0836536	0.0613467	0.0507885	0.861262	0.0305634	1.07891	0.0911484	2.91678e-05
10066	1	100	13	500	0.195495	0.145565	0.0832726	0.0622925	0.0499301	0.861744	0.0305117	1.08657	0.0850603	2.9799e-05
10067	1	100	17	500	0.196972	0.148066	0.0856331	0.0624324	0.048906	0.856867	0.0346005	1.08902	0.0860856	3.00358e-05
10068	1	100	16	500	0.19772	0.146601	0.0855144	0.0610864	0.0511197	0.859346	0.0321667	1.08186	0.0895831	2.94468e-05
10069	1	100	12	500	0.19696	0.147202	0.0778618	0.0693405	0.049758	0.862028	0.031689	1.08447	0.0836156	3.33299e-05
10070	1	100	13	500	0.198549	0.147585	0.077334	0.0702505	0.0509641	0.862037	0.0354441	1.07614	0.0861331	3.41379e-05
10071	1	100	12	500	0.202312	0.148773	0.0836508	0.0651217	0.0535399	0.858256	0.0338404	1.08972	0.0862744	3.09384e-05
10072	1	100	13	500	0.200033	0.149053	0.0789388	0.0701146	0.0509795	0.858583	0.0316739	1.09154	0.0833502	3.34972e-05
10073	1	100	12	500	0.212898	0.149783	0.0760508	0.0737324	0.0631153	0.856379	0.0359803	1.08097	0.0906285	3.43146e-05
10074	1	100	14	500	0.197703	0.149058	0.0764411	0.072617	0.0486445	0.852208	0.0385029	1.0889	0.0902539	3.50714e-05
10075	1	100	11	500	0.186348	0.143136	0.0797421	0.063394	0.0432119	0.859839	0.0370079	1.08876	0.0840425	3.18241e-05
10076	1	100	13	500	0.191326	0.144065	0.076979	0.0670859	0.0472615	0.862767	0.0447891	1.08913	0.0762546	3.36455e-05
10077	1	100	13	500	0.183802	0.137865	0.0787618	0.0591028	0.0459376	0.86646	0.0346512	1.07384	0.0951309	3.06466e-05
10078	1	100	14	500	0.185971	0.140032	0.0799447	0.0600876	0.045939	0.862381	0.0329921	1.09135	0.0876202	3.01604e-05
10079	1	100	14	500	0.192188	0.140099	0.0782779	0.0618211	0.0520892	0.863054	0.045727	1.06364	0.0951246	3.2015e-05
10080	1	100	14	500	0.194242	0.140921	0.0814775	0.0594435	0.0533214	0.867365	0.0370453	1.08587	0.0771229	3.01704e-05
10081	1	100	14	500	0.189759	0.143479	0.0864101	0.0570688	0.0462803	0.860745	0.0318329	1.08887	0.0875614	3.02762e-05
10082	1	100	16	500	0.184053	0.139289	0.0866654	0.0526233	0.0447641	0.861533	0.0432977	1.0757	0.0958244	2.84843e-05
10083	1	100	14	500	0.181369	0.134349	0.0791117	0.0552369	0.0470202	0.867227	0.0371514	1.0579	0.10311	2.98406e-05
10084	1	100	14	500	0.175303	0.131587	0.0809007	0.0506865	0.0437153	0.868085	0.0370488	1.04633	0.107681	2.7943e-05
10085	1	100	13	500	0.177329	0.132092	0.079912	0.0521795	0.0452375	0.874968	0.0377174	1.05456	0.0943806	2.8274e-05
10086	1	100	12	500	0.185568	0.139623	0.0846083	0.0550146	0.0459448	0.864146	0.0337859	1.07512	0.0963108	2.8969e-05
10087	1	100	13	500	0.196914	0.145746	0.0863962	0.05935	0.0511682	0.863582	0.0372028	1.06763	0.0915249	3.12266e-05
10088	1	100	14	500	0.208611	0.149028	0.0782863	0.0707417	0.0595834	0.858648	0.036932	1.07227	0.0935298	3.5545e-05
10089	1	100	14	500	0.206167	0.15029	0.079198	0.0710921	0.055877	0.849459	0.0546239	1.08148	0.0936128	3.45228e-05
10090	1	100	17	500	0.197585	0.150681	0.0878276	0.0628532	0.0469044	0.851163	0.0447933	1.10253	0.0844662	2.99767e-05
10091	1	100	11	500	0.198098	0.151025	0.0863683	0.0646565	0.0470728	0.853563	0.0393174	1.10508	0.0772748	3.05921e-05
10092	1	100	14	500	0.199985	0.14899	0.0832596	0.0657305	0.0509953	0.856698	0.0428307	1.09353	0.0858176	3.18799e-05
10093	1	100	12	500	0.200981	0.148412	0.079967	0.0684447	0.0525692	0.85912	0.0481211	1.0918	0.0776568	3.28606e-05
10094	1	100	14	500	0.190721	0.142262	0.0799609	0.0623007	0.0484596	0.864605	0.0405354	1.09126	0.0793893	3.03425e-05
10095	1	100	15	500	0.203863	0.146689	0.0732691	0.0734197	0.0571742	0.864662	0.0391065	1.09043	0.0756957	3.48496e-05
10096	1	100	15	500	0.213044	0.154316	0.0776234	0.0766925	0.0587281	0.856541	0.049746	1.09796	0.076233	3.5903e-05
10097	1	100	17	500	0.217869	0.153258	0.0751161	0.0781424	0.0646103	0.859071	0.042234	1.08736	0.0753813	3.78081e-05
10098	1	100	15	500	0.230788	0.162942	0.0784427	0.0844989	0.0678466	0.839739	0.0622963	1.07364	0.100252	3.99248e-05
10099	1	100	17	500	0.225032	0.163146	0.0842156	0.07893	0.0618863	0.840943	0.0590489	1.09299	0.087564	3.64894e-05
10100	1	100	15	500	0.22321	0.166796	0.0915885	0.0752079	0.056414	0.839149	0.0533467	1.10366	0.0821229	3.54343e-05
10101	1	100	17	500	0.234466	0.172294	0.0903281	0.0819659	0.0621725	0.846094	0.0436639	1.10476	0.069271	3.88046e-05
