Generation	PopulationID	SampleSize	UniqueMutations	PopulationSize	totalLoad	RelzLoad	RelzLoadHomo	RelzLoadHetero	MskLoad	MeanFitness	SdFitness	MeanFitnessCached	SdFitnessCached	Heterozygosity	
10001	1	100	51	500	0.496528	0.481827	0.397676	0.0841513	0.0147013	0.571183	0.036626	1.51976	0.0453498	3.39692e-05
10002	1	100	27	500	0.510573	0.49255	0.429195	0.0633555	0.0180232	0.562332	0.0290568	1.5285	0.0459091	3.25173e-05
10003	1	100	31	500	0.518152	0.496814	0.445811	0.0510031	0.021338	0.55756	0.0171403	1.52614	0.0400085	3.14009e-05
10004	1	100	28	500	0.519377	0.492702	0.424723	0.0679793	0.0266749	0.561226	0.0281227	1.51561	0.0489224	3.45307e-05
10005	1	100	23	500	0.515031	0.493407	0.453282	0.0401249	0.0216241	0.559171	0.0130826	1.52459	0.0220825	2.88106e-05
10006	1	100	20	500	0.183681	0.154508	0.10379	0.0507175	0.029173	0.851628	0.00908381	1.13264	0.0159309	3.22638e-05
10007	1	100	20	500	0.182835	0.153845	0.117292	0.0365533	0.0289895	0.849951	0.020033	1.12751	0.0268344	2.81814e-05
10008	1	100	21	500	0.183015	0.153589	0.117181	0.0364088	0.0294253	0.845905	0.0329905	1.12222	0.0440531	2.71809e-05
10009	1	100	19	500	0.166781	0.148579	0.1255	0.0230788	0.0182025	0.853741	0.00530818	1.13269	0.00750549	2.26188e-05
10010	1	100	16	500	0.164725	0.147991	0.128212	0.019779	0.016734	0.853848	0.00773974	1.1327	0.0105242	2.32767e-05
10011	1	100	18	500	0.166472	0.14825	0.130099	0.0181509	0.0182218	0.851181	0.024128	1.12933	0.0322214	2.42056e-05
10012	1	100	17	500	0.162912	0.147596	0.137187	0.0104091	0.0153168	0.85438	0.00489605	1.13353	0.00668808	2.25738e-05
10013	1	100	16	500	0.159795	0.146893	0.13979	0.00710298	0.0129015	0.854653	0.00516039	1.13393	0.00697554	2.18007e-05
10014	1	100	16	500	0.163845	0.148002	0.139619	0.00838317	0.0158425	0.852208	0.0161002	1.13076	0.0214001	2.16145e-05
10015	1	100	17	500	0.167462	0.149471	0.140279	0.00919193	0.017991	0.851415	0.0193648	1.12962	0.0257057	2.32989e-05
10016	1	100	16	500	0.165036	0.148343	0.13679	0.011553	0.0166936	0.854077	0.00517393	1.13312	0.00698429	2.42748e-05
10017	1	100	16	500	0.165363	0.148144	0.136993	0.0111516	0.0172183	0.854258	0.00709925	1.13336	0.00956358	2.47972e-05
10018	1	100	15	500	0.177097	0.152008	0.132646	0.0193622	0.0250893	0.852626	0.00638317	1.13111	0.00863615	2.64703e-05
10019	1	100	17	500	0.185685	0.156127	0.141357	0.0147693	0.0295586	0.844821	0.0301634	1.12084	0.0400125	2.3159e-05
10020	1	100	16	500	0.192921	0.159377	0.143081	0.016296	0.0335442	0.846509	0.022278	1.12333	0.0296953	2.31706e-05
10021	1	100	16	500	0.198629	0.163243	0.147017	0.0162261	0.0353859	0.840473	0.0339475	1.11526	0.0450676	2.26862e-05
10022	1	100	15	500	0.209858	0.170346	0.150981	0.0193654	0.0395116	0.830617	0.0460747	1.10245	0.0606042	2.22651e-05
10023	1	100	14	500	0.212543	0.173174	0.155422	0.0177521	0.0393684	0.825439	0.051002	1.09513	0.067587	2.2074e-05
10024	1	100	11	500	0.212252	0.173989	0.154936	0.0190533	0.0382633	0.835789	0.0385126	1.10894	0.0511189	2.21873e-05
10025	1	100	14	500	0.209373	0.171714	0.151771	0.0199428	0.0376594	0.833876	0.0416517	1.10627	0.0552319	2.29478e-05
10026	1	100	16	500	0.208716	0.171979	0.155948	0.0160312	0.0367366	0.831155	0.0457329	1.10272	0.0606637	2.15952e-05
10027	1	100	17	500	0.209637	0.170958	0.149155	0.0218026	0.0386795	0.831608	0.0450941	1.10357	0.0599683	2.32806e-05
10028	1	100	18	500	0.198653	0.16577	0.156331	0.00943878	0.0328827	0.836696	0.0407675	1.11036	0.0541748	2.17946e-05
10029	1	100	11	500	0.0551879	0.0234425	0.0155062	0.00793634	0.0317454	0.978612	0.0384576	0.979108	0.0385989	2.14333e-05
10030	1	100	15	500	0.049689	0.0198224	0.0119518	0.00787059	0.0298666	0.980225	0.036879	0.981043	0.037239	2.02328e-05
10031	1	100	9	500	0.0547796	0.0231854	0.0152868	0.00789857	0.0315943	0.981854	0.0322731	0.981854	0.0322731	1.96721e-05
10032	1	100	10	500	0.0595789	0.0269531	0.0187966	0.00815646	0.0326258	0.973845	0.045464	0.974059	0.0455722	1.97234e-05
10033	1	100	12	500	0.0703288	0.0351535	0.0263596	0.00879384	0.0351754	0.966987	0.0515886	0.967161	0.0516893	1.96483e-05
10034	1	100	10	500	0.0779054	0.0415703	0.0324865	0.00908377	0.0363351	0.961831	0.0557235	0.961831	0.0557235	1.93185e-05
10035	1	100	11	500	0.0746214	0.0386537	0.0296617	0.00899194	0.0359678	0.96026	0.0582086	0.960266	0.0582111	1.93219e-05
10036	1	100	10	500	0.0760987	0.0403368	0.0313963	0.00894049	0.035762	0.952284	0.0647593	0.952429	0.0648294	1.86469e-05
10037	1	100	10	500	0.066299	0.032846	0.0244827	0.00836326	0.0334531	0.97096	0.0481459	0.970979	0.0481533	1.90942e-05
10038	1	100	11	500	0.0674051	0.0340855	0.0257556	0.00832989	0.0333195	0.960593	0.059554	0.960593	0.059554	1.86995e-05
10039	1	100	7	500	0.0541921	0.0237912	0.0161909	0.00760024	0.030401	0.971829	0.0502613	0.971828	0.0502613	1.8812e-05
10040	1	100	9	500	0.0569352	0.0258217	0.0180434	0.00777836	0.0311134	0.979817	0.03626	0.979906	0.0362693	1.92119e-05
10041	1	100	9	500	0.0504787	0.020581	0.0131065	0.00747443	0.0298977	0.978021	0.0421592	0.978038	0.0421667	1.94979e-05
10042	1	100	9	500	0.0535672	0.0203471	0.012042	0.00830505	0.0332202	0.978694	0.0399106	0.978694	0.0399106	1.95066e-05
10043	1	100	9	500	0.0605571	0.0238182	0.0146335	0.00918472	0.0367389	0.971457	0.0544488	0.971457	0.0544488	2.00295e-05
10044	1	100	15	500	0.0548475	0.0204116	0.0118027	0.00860896	0.0344358	0.976101	0.0505809	0.976101	0.0505809	1.99626e-05
10045	1	100	11	500	0.0536063	0.0196445	0.0111541	0.00849045	0.0339618	0.982264	0.0321547	0.982416	0.0321605	1.96863e-05
10046	1	100	12	500	0.0498148	0.0170585	0.00886936	0.00818909	0.0327563	0.980329	0.0377808	0.980329	0.0377808	1.91204e-05
10047	1	100	14	500	0.0470156	0.0159954	0.00815323	0.00784218	0.0310202	0.984513	0.0252954	0.984833	0.0253229	1.91223e-05
10048	1	100	14	500	0.0508997	0.0158258	0.00705727	0.00876849	0.035074	0.984744	0.018303	0.984832	0.018361	1.80179e-05
10049	1	100	14	500	0.0607464	0.0190517	0.008628	0.0104237	0.0416947	0.97914	0.0309264	0.979179	0.0308663	1.79426e-05
10050	1	100	16	500	0.074926	0.0240616	0.0113455	0.0127161	0.0508644	0.978698	0.0257101	0.978702	0.0257125	1.72819e-05
10051	1	100	15	500	0.0612355	0.0178911	0.00699438	0.0108967	0.0433444	0.98333	0.0197492	0.983477	0.0194978	1.76165e-05
10052	1	100	17	500	0.0562172	0.0173295	0.00754907	0.00978042	0.0388877	0.98064	0.029419	0.980757	0.0294681	1.77393e-05
10053	1	100	16	500	0.0720106	0.0202511	0.00727211	0.012979	0.0517595	0.980077	0.0239657	0.980162	0.0240211	1.8769e-05
10054	1	100	11	500	0.0663399	0.0187334	0.00683177	0.0119016	0.0476065	0.984705	0.0183993	0.984754	0.0183759	1.8632e-05
10055	1	100	10	500	0.07121	0.0205652	0.00790404	0.0126612	0.0506448	0.98009	0.0288628	0.980334	0.0289102	1.83127e-05
10056	1	100	9	500	0.073009	0.0216044	0.00875319	0.0128512	0.0514047	0.98267	0.021066	0.982694	0.0210734	1.82619e-05
10057	1	100	14	500	0.06785	0.0204703	0.00862537	0.0118449	0.0473797	0.980664	0.0242757	0.980721	0.0241769	1.79894e-05
10058	1	100	12	500	0.0627205	0.019717	0.00882447	0.0108925	0.0430035	0.983065	0.0222562	0.983386	0.0224531	1.74183e-05
10059	1	100	9	500	0.0388443	0.0117012	0.00491545	0.00678576	0.027143	0.981291	0.0667439	0.98148	0.0667954	1.7126e-05
10060	1	100	10	500	0.0259447	0.00942534	0.00362942	0.00579592	0.0165194	0.992389	0.0153696	0.995781	0.016583	1.74309e-05
10061	1	100	6	500	0.0294576	0.0111733	0.00660221	0.00457108	0.0182843	0.992008	0.0151111	0.992193	0.0151836	1.64776e-05
10062	1	100	5	500	0.032634	0.0136225	0.00886962	0.00475288	0.0190115	0.985464	0.024938	0.985479	0.0249424	1.65338e-05
10063	1	100	7	500	0.0356064	0.0156674	0.0106827	0.00498474	0.019939	0.98291	0.0274285	0.98291	0.0274285	1.6981e-05
10064	1	100	8	500	0.0464957	0.0199692	0.0133376	0.00663162	0.0265265	0.98223	0.0264153	0.98223	0.0264153	1.72017e-05
10065	1	100	6	500	0.0489286	0.0195601	0.0122079	0.00735227	0.0293685	0.980349	0.0276327	0.980369	0.0276471	1.76565e-05
10066	1	100	7	500	0.0607987	0.0251192	0.0161993	0.00891989	0.0356796	0.979302	0.0268105	0.979365	0.0268422	1.73264e-05
10067	1	100	10	500	0.0613179	0.0276244	0.019201	0.00842338	0.0336935	0.972491	0.0308764	0.972491	0.0308764	1.67102e-05
10068	1	100	7	500	0.0585983	0.0270507	0.0191638	0.00788689	0.0315476	0.971642	0.0320486	0.971722	0.0321011	1.67971e-05
10069	1	100	6	500	0.0680347	0.0329228	0.0241448	0.00877798	0.0351119	0.969342	0.0320376	0.969382	0.0320664	1.58635e-05
10070	1	100	4	500	0.075838	0.0384679	0.0291254	0.00934253	0.0373701	0.963531	0.0333655	0.963965	0.0331546	1.45924e-05
10071	1	100	3	500	0.0645435	0.0362171	0.0291355	0.00708161	0.0283264	0.964057	0.0335603	0.964196	0.0334053	1.47138e-05
10072	1	100	6	500	0.0727729	0.0398491	0.0316182	0.00823094	0.0329238	0.960162	0.0335941	0.960162	0.0335941	1.46487e-05
10073	1	100	4	500	0.056313	0.0347405	0.0293474	0.00539313	0.0215725	0.966168	0.0330779	0.966462	0.033376	1.44388e-05
10074	1	100	7	500	0.0606262	0.0331024	0.0260979	0.00700449	0.0275238	0.967613	0.0325386	0.968028	0.0323898	1.57154e-05
10075	1	100	7	500	0.0614833	0.0278686	0.0194649	0.00840368	0.0336147	0.967441	0.033745	0.967465	0.0337161	1.63271e-05
10076	1	100	6	500	0.0539394	0.0236359	0.01606	0.00757588	0.0303035	0.977955	0.0288564	0.977955	0.0288563	1.6819e-05
10077	1	100	5	500	0.0658444	0.0261049	0.01617	0.00993488	0.0397395	0.976989	0.028769	0.976996	0.0287728	1.75085e-05
10078	1	100	4	500	0.0732345	0.0312308	0.0207299	0.0105009	0.0420037	0.970611	0.0316643	0.970611	0.0316643	1.74841e-05
10079	1	100	6	500	0.085087	0.0369277	0.0248879	0.0120398	0.0481593	0.952608	0.0946197	0.952814	0.094707	1.76536e-05
10080	1	100	5	500	0.0821116	0.0360987	0.0245955	0.0115032	0.0460129	0.967254	0.0325506	0.967254	0.0325506	1.75964e-05
10081	1	100	3	500	0.0783805	0.0366718	0.0262446	0.0104272	0.0417088	0.966242	0.032435	0.966242	0.032435	1.72403e-05
10082	1	100	5	500	0.0765406	0.0380534	0.0284316	0.0096218	0.0384872	0.962571	0.0352456	0.962643	0.0351454	1.69775e-05
10083	1	100	8	500	0.0874819	0.0416797	0.0302292	0.0114505	0.0458022	0.960867	0.0345662	0.960867	0.0345662	1.74985e-05
10084	1	100	8	500	0.11184	0.0477378	0.0317122	0.0160256	0.0641025	0.960941	0.0335458	0.960985	0.033501	1.89514e-05
10085	1	100	8	500	0.149455	0.0671459	0.0464664	0.0206795	0.082309	0.916477	0.139091	0.916734	0.139119	1.81046e-05
10086	1	100	9	500	0.174543	0.0799514	0.0563034	0.023648	0.0945919	0.913105	0.136388	0.913105	0.136388	1.80751e-05
10087	1	100	9	500	0.147498	0.06508	0.0444756	0.0206044	0.0824176	0.943211	0.0681181	0.943211	0.0681181	1.81535e-05
10088	1	100	11	500	0.144076	0.0613368	0.0406521	0.0206847	0.0827388	0.935951	0.0928643	0.935951	0.0928643	1.76425e-05
10089	1	100	8	500	0.126904	0.0580023	0.0407767	0.0172255	0.0689022	0.940288	0.0974347	0.940458	0.097526	1.71231e-05
10090	1	100	7	500	0.111174	0.049267	0.0337903	0.0154767	0.0619067	0.955733	0.0337804	0.955733	0.0337804	1.74532e-05
10091	1	100	8	500	0.110745	0.0471808	0.0312897	0.015891	0.063564	0.936677	0.110138	0.93678	0.110197	1.79333e-05
10092	1	100	6	500	0.101499	0.0483714	0.0350894	0.013282	0.0531278	0.957454	0.0351652	0.957556	0.0351006	1.74035e-05
10093	1	100	8	500	0.118317	0.056801	0.041422	0.015379	0.0615159	0.945537	0.0605971	0.945537	0.0605971	1.70598e-05
10094	1	100	8	500	0.116663	0.0543729	0.0387514	0.0156215	0.0622898	0.945698	0.0695069	0.945846	0.0696129	1.77139e-05
10095	1	100	8	500	0.130691	0.0617545	0.0443692	0.0173853	0.0689362	0.927342	0.115454	0.927812	0.115527	1.7549e-05
10096	1	100	7	500	0.110396	0.0539339	0.0398183	0.0141155	0.0564622	0.95011	0.0358499	0.95011	0.0358499	1.74334e-05
10097	1	100	8	500	0.120759	0.0583381	0.0427329	0.0156052	0.0624207	0.942707	0.0699297	0.942707	0.0699297	1.85848e-05
10098	1	100	8	500	0.140332	0.0660696	0.047504	0.0185656	0.0742624	0.938393	0.0669482	0.938508	0.0669281	1.90979e-05
10099	1	100	8	500	0.17893	0.0846341	0.0609437	0.0236904	0.0942958	0.913482	0.112823	0.913733	0.112753	1.83793e-05
10100	1	100	9	500	0.157626	0.0793057	0.0597256	0.0195801	0.0783204	0.920135	0.088673	0.920256	0.0886925	1.78472e-05
10101	1	100	9	500	0.122854	0.0706342	0.0575389	0.0130952	0.0522196	0.934696	0.0410051	0.934766	0.0408977	1.71091e-05
