Generation	PopulationID	SampleSize	UniqueMutations	PopulationSize	totalLoad	RelzLoad	RelzLoadHomo	RelzLoadHetero	MskLoad	MeanFitness	SdFitness	MeanFitnessCached	SdFitnessCached	Heterozygosity	
10001	1	100	45	500	0.141818	0.106293	0.0663931	0.0399	0.0355246	0.896821	0.041097	1.08452	0.0390266	2.2383e-05
10002	1	100	30	500	0.161656	0.117048	0.0776656	0.0393821	0.0446084	0.888865	0.0385743	1.08761	0.0323333	2.19335e-05
10003	1	100	24	500	0.147571	0.109602	0.0695136	0.0400881	0.0379689	0.890063	0.057897	1.07867	0.0561201	2.27475e-05
10004	1	100	24	500	0.145249	0.114694	0.0746086	0.040085	0.0305555	0.886884	0.0450207	1.09008	0.0423701	2.25578e-05
10005	1	100	21	500	0.157427	0.118904	0.0743485	0.0445552	0.0385237	0.887792	0.0367063	1.09337	0.038991	2.21836e-05
10006	1	100	18	500	0.148839	0.116166	0.0693926	0.046773	0.0326738	0.883373	0.0619532	1.08658	0.0687895	2.28897e-05
10007	1	100	17	500	0.1316	0.106215	0.0609257	0.0452893	0.0253846	0.894255	0.0457483	1.08448	0.0397565	2.43731e-05
10008	1	100	16	500	0.138393	0.110914	0.0639657	0.0469485	0.0274787	0.895134	0.0361574	1.09002	0.0345988	2.34763e-05
10009	1	100	20	500	0.153108	0.122159	0.0783526	0.0438062	0.0309492	0.885021	0.0369606	1.09231	0.0340031	2.25376e-05
10010	1	100	16	500	0.130321	0.0950935	0.0519399	0.0431536	0.0352275	0.909671	0.0374149	1.06013	0.0324758	2.20691e-05
10011	1	100	13	500	0.117781	0.0894529	0.0430245	0.0464284	0.0283278	0.911899	0.0374265	1.06135	0.0326595	2.1858e-05
10012	1	100	14	500	0.111084	0.088158	0.0415538	0.0466041	0.0229257	0.914562	0.0356934	1.06689	0.0327589	2.21204e-05
10013	1	100	11	500	0.108104	0.0880386	0.0420131	0.0460256	0.0200652	0.915199	0.0319333	1.07208	0.029584	2.08771e-05
10014	1	100	12	500	0.106013	0.0848771	0.0430798	0.0417973	0.0211355	0.915185	0.0389287	1.06321	0.0348851	2.01737e-05
10015	1	100	12	500	0.102045	0.083226	0.0420133	0.0412127	0.0188194	0.917809	0.03478	1.06779	0.0332273	1.96502e-05
10016	1	100	12	500	0.103259	0.0850243	0.042105	0.0429193	0.0182348	0.915065	0.0329257	1.0686	0.0382753	1.97737e-05
10017	1	100	11	500	0.111631	0.0931166	0.0490122	0.0441045	0.0185144	0.904672	0.0408961	1.06995	0.0457399	2.01078e-05
10018	1	100	14	500	0.114186	0.0920663	0.0451621	0.0469042	0.0221192	0.911691	0.0386158	1.07218	0.0396325	2.06258e-05
10019	1	100	14	500	0.134794	0.108212	0.0539915	0.0542202	0.0265818	0.894995	0.041281	1.07849	0.0454073	2.10879e-05
10020	1	100	12	500	0.142889	0.114013	0.0673655	0.0466477	0.0288762	0.89086	0.0374923	1.08313	0.0453851	1.98196e-05
10021	1	100	13	500	0.131189	0.106844	0.0539986	0.0528456	0.0243446	0.895623	0.0407662	1.08208	0.0472208	2.10207e-05
10022	1	100	14	500	0.135206	0.110651	0.058516	0.0521352	0.0245547	0.893194	0.0423391	1.08404	0.048291	2.12693e-05
10023	1	100	15	500	0.13151	0.108899	0.0551368	0.0537622	0.0226113	0.895815	0.0421765	1.08423	0.0485248	2.14952e-05
10024	1	100	13	500	0.12462	0.105994	0.0487336	0.05726	0.0186259	0.891187	0.0421575	1.08153	0.0524455	2.18166e-05
10025	1	100	13	500	0.128772	0.11158	0.049238	0.062342	0.0171919	0.889955	0.0366246	1.0961	0.0449173	2.18825e-05
10026	1	100	12	500	0.131816	0.114308	0.0513146	0.0629936	0.0175079	0.890876	0.0337985	1.10304	0.036461	2.18238e-05
10027	1	100	13	500	0.13818	0.119501	0.0537269	0.0657744	0.0186788	0.884916	0.0359694	1.10673	0.0434017	2.19117e-05
10028	1	100	16	500	0.137884	0.119088	0.0546714	0.0644167	0.0187955	0.88198	0.0411216	1.10008	0.0450241	2.19557e-05
10029	1	100	15	500	0.146002	0.119657	0.0566325	0.0630246	0.0263449	0.8835	0.0322545	1.10032	0.0416494	2.21074e-05
10030	1	100	15	500	0.154014	0.121284	0.0555579	0.0657262	0.0327299	0.881054	0.0407383	1.09398	0.051513	2.23147e-05
10031	1	100	15	500	0.158016	0.126808	0.0595279	0.0672797	0.0312082	0.878008	0.0397139	1.10097	0.0544039	2.26964e-05
10032	1	100	17	500	0.160116	0.124726	0.0520499	0.0726766	0.0353893	0.88092	0.038006	1.10242	0.0485486	2.26521e-05
10033	1	100	16	500	0.170531	0.122077	0.0513164	0.0707605	0.0484541	0.883406	0.041249	1.08629	0.0538104	2.31333e-05
10034	1	100	17	500	0.182001	0.125288	0.0540279	0.0712602	0.0567132	0.882482	0.0444018	1.0819	0.0532986	2.33818e-05
10035	1	100	15	500	0.180459	0.123303	0.0510506	0.072252	0.0571565	0.884676	0.0429107	1.08167	0.0533633	2.34794e-05
10036	1	100	16	500	0.188801	0.130477	0.0562382	0.074239	0.0583237	0.875958	0.0426342	1.08224	0.0580534	2.39349e-05
10037	1	100	16	500	0.214328	0.137586	0.0572432	0.0803433	0.076742	0.873372	0.0490496	1.07706	0.0600489	2.44565e-05
10038	1	100	15	500	0.238154	0.144501	0.0568097	0.0876909	0.0936535	0.868719	0.053025	1.08028	0.0605693	2.4657e-05
10039	1	100	15	500	0.291983	0.171325	0.0719567	0.0993684	0.120658	0.838543	0.104583	1.06947	0.136555	2.46408e-05
10040	1	100	16	500	0.308435	0.179327	0.0806882	0.0986392	0.129108	0.84161	0.095875	1.06324	0.127942	2.47622e-05
10041	1	100	14	500	0.323246	0.187024	0.0864798	0.100544	0.136223	0.84282	0.0771663	1.06287	0.110723	2.50647e-05
10042	1	100	17	500	0.30525	0.176741	0.0801987	0.0965421	0.128509	0.838254	0.123132	1.0465	0.158188	2.42692e-05
10043	1	100	21	500	0.25843	0.15497	0.0608513	0.094119	0.10346	0.851138	0.116359	1.064	0.146861	2.47446e-05
10044	1	100	16	500	0.299582	0.168027	0.0662919	0.101735	0.131555	0.851693	0.0657878	1.07354	0.0976678	2.58661e-05
10045	1	100	17	500	0.330857	0.182016	0.0753046	0.106711	0.148841	0.842052	0.0630762	1.07224	0.0999138	2.6004e-05
10046	1	100	18	500	0.307023	0.17172	0.0688103	0.10291	0.135303	0.838514	0.116114	1.06078	0.151518	2.53844e-05
10047	1	100	18	500	0.287322	0.174504	0.0715625	0.102941	0.112819	0.845433	0.0431069	1.10127	0.0740341	2.52087e-05
10048	1	100	21	500	0.27085	0.169625	0.0694407	0.100184	0.101225	0.842552	0.0754533	1.10013	0.109509	2.46258e-05
10049	1	100	18	500	0.260316	0.166228	0.0675448	0.0986834	0.0940877	0.841781	0.0853799	1.10028	0.124107	2.44367e-05
10050	1	100	21	500	0.297155	0.180719	0.0766968	0.104023	0.116436	0.833209	0.0986064	1.08264	0.135864	2.37567e-05
10051	1	100	18	500	0.308907	0.186125	0.0805253	0.105599	0.122782	0.820077	0.123108	1.0674	0.169468	2.40035e-05
10052	1	100	16	500	0.311327	0.185493	0.0822002	0.103293	0.125834	0.825909	0.124608	1.0618	0.164806	2.40411e-05
10053	1	100	16	500	0.235586	0.154891	0.0634215	0.0914691	0.0806957	0.86335	0.0463556	1.09713	0.0579566	2.37445e-05
10054	1	100	10	500	0.174254	0.127054	0.0487809	0.0782734	0.0471996	0.876551	0.0698578	1.09313	0.0910821	2.36335e-05
10055	1	100	9	500	0.157342	0.11367	0.0423214	0.0713484	0.0436723	0.892832	0.0390054	1.08738	0.053314	2.359e-05
10056	1	100	9	500	0.152943	0.110038	0.0398375	0.0702005	0.0429048	0.896079	0.0411623	1.08408	0.0482279	2.38461e-05
10057	1	100	11	500	0.171799	0.116885	0.0426737	0.0742114	0.0549145	0.891877	0.045457	1.08148	0.0508502	2.4164e-05
10058	1	100	9	500	0.176044	0.121212	0.0465689	0.0746435	0.0548319	0.87834	0.0960127	1.07364	0.117197	2.39503e-05
10059	1	100	11	500	0.141476	0.1096	0.0436092	0.0659908	0.0318764	0.890474	0.0690818	1.08656	0.0820764	2.35196e-05
10060	1	100	10	500	0.138007	0.107715	0.043993	0.0637221	0.0302917	0.896395	0.0378642	1.08978	0.0438426	2.30977e-05
10061	1	100	8	500	0.138518	0.106175	0.0447579	0.061417	0.0323426	0.89842	0.0392758	1.08675	0.0378177	2.2789e-05
10062	1	100	11	500	0.139858	0.111106	0.0455967	0.065509	0.0287527	0.893208	0.0360411	1.09469	0.0432035	2.35861e-05
10063	1	100	14	500	0.133072	0.111081	0.0468769	0.064204	0.0219908	0.89257	0.0343146	1.09964	0.0399313	2.3147e-05
10064	1	100	11	500	0.118493	0.108829	0.0479555	0.060873	0.00966464	0.893732	0.0316051	1.10427	0.0342657	2.18507e-05
10065	1	100	11	500	0.126231	0.116587	0.0601957	0.0563909	0.00964466	0.886312	0.033553	1.11199	0.0404859	1.98422e-05
10066	1	100	13	500	0.120386	0.114784	0.0731299	0.0416545	0.00560125	0.88717	0.029792	1.11132	0.036061	1.61153e-05
10067	1	100	13	500	0.124018	0.118119	0.0772109	0.0409076	0.00589926	0.884499	0.0284871	1.11525	0.0352396	1.51532e-05
10068	1	100	15	500	0.124454	0.11427	0.073951	0.0403193	0.0101837	0.887797	0.0255382	1.10831	0.0329498	1.59678e-05
10069	1	100	12	500	0.118386	0.113357	0.0767318	0.0366248	0.00502966	0.88888	0.0260836	1.11037	0.0302119	1.50601e-05
10070	1	100	13	500	0.110261	0.108642	0.0779108	0.0307314	0.00161904	0.89294	0.0226079	1.10709	0.0273237	1.46229e-05
10071	1	100	11	500	0.104775	0.104069	0.0741858	0.0298834	0.000705843	0.897174	0.0206422	1.10266	0.024656	1.54426e-05
10072	1	100	12	500	0.102896	0.101999	0.0697582	0.0322411	0.000896298	0.898688	0.0139246	1.09991	0.0167347	1.67933e-05
10073	1	100	13	500	0.103374	0.0997634	0.0693948	0.0303686	0.00361047	0.90126	0.00966394	1.09662	0.0118067	1.73086e-05
10074	1	100	12	500	0.104138	0.100472	0.0767433	0.0237291	0.0036652	0.900129	0.010931	1.09676	0.0132351	1.42828e-05
10075	1	100	13	500	0.119775	0.104649	0.0855717	0.0190772	0.0151264	0.896314	0.0182122	1.09414	0.0229417	1.11187e-05
10076	1	100	15	500	0.119929	0.103278	0.0870282	0.01625	0.0166509	0.897879	0.0172691	1.09222	0.0211634	1.04933e-05
10077	1	100	10	500	0.099612	0.0983404	0.0919234	0.00641695	0.00127163	0.900073	0.0111067	1.09298	0.013403	8.25304e-06
10078	1	100	12	500	0.122329	0.103281	0.0931373	0.0101438	0.0190475	0.897555	0.0167906	1.09006	0.0203393	8.51189e-06
10079	1	100	10	500	0.131613	0.105637	0.0949853	0.0106515	0.0259765	0.895672	0.0200273	1.0882	0.0244172	7.95897e-06
10080	1	100	8	500	0.0524731	0.0118743	0.00172455	0.0101497	0.0405988	0.98915	0.0275342	0.989301	0.0275785	6.23415e-06
10081	1	100	11	500	0.0163919	0.00366634	0.000360663	0.00330568	0.0127255	0.996464	0.0153783	0.996712	0.0154292	6.12735e-06
10082	1	100	8	500	0.00918389	0.00206557	0.000166059	0.00189951	0.00711832	0.997891	0.0111682	0.998134	0.0112114	5.81814e-06
10083	1	100	7	500	0.0300665	0.00674574	0.000915536	0.0058302	0.0233208	0.993679	0.0200693	0.99409	0.0201938	5.35632e-06
10084	1	100	8	500	0.0284248	0.00634982	0.00083109	0.00551873	0.0220749	0.994013	0.0193156	0.994013	0.0193156	5.53021e-06
10085	1	100	7	500	0.0163221	0.0035389	0.00034309	0.00319581	0.0127832	0.996522	0.0157614	0.996586	0.015774	6.0359e-06
10086	1	100	8	500	0.0124318	0.00264907	0.000196666	0.0024524	0.00978271	0.997328	0.0141092	0.997536	0.0130249	6.20463e-06
10087	1	100	9	500	0.0321146	0.00731796	0.00111881	0.00619915	0.0247966	0.993522	0.0211795	0.993537	0.0211838	6.19894e-06
10088	1	100	9	500	0.0403588	0.00954493	0.00184147	0.00770346	0.0308138	0.991869	0.0237922	0.991869	0.0237922	6.73848e-06
10089	1	100	9	500	0.020296	0.00438726	0.000410076	0.00397718	0.0159087	0.995792	0.0165155	0.995792	0.0165155	7.19506e-06
10090	1	100	8	500	0.0218125	0.00482567	0.000578956	0.00424671	0.0169869	0.995517	0.0177782	0.995543	0.0177847	6.52327e-06
10091	1	100	11	500	0.0381783	0.00912434	0.00174557	0.00737877	0.0290539	0.992133	0.0229375	0.992406	0.0230296	6.68437e-06
10092	1	100	8	500	0.0384243	0.00934034	0.001816	0.00752435	0.029084	0.991897	0.0234049	0.992485	0.0232009	7.25849e-06
10093	1	100	8	500	0.0497816	0.0124461	0.00311225	0.00933388	0.0373355	0.989885	0.0261201	0.990081	0.0261953	7.12541e-06
10094	1	100	5	500	0.0560118	0.0143657	0.00395417	0.0104115	0.0416461	0.988493	0.0277035	0.988493	0.0277035	7.42725e-06
10095	1	100	6	500	0.0248225	0.00553644	0.000714924	0.00482151	0.0192861	0.995018	0.0188513	0.995038	0.0188565	7.8468e-06
10096	1	100	9	500	0.0248947	0.00557138	0.000740563	0.00483082	0.0193233	0.994654	0.0190819	0.994654	0.0190819	7.81707e-06
10097	1	100	9	500	0.0082183	0.00171129	8.4539e-05	0.00162675	0.00650701	0.998167	0.0107892	0.998167	0.0107892	7.69555e-06
10098	1	100	8	500	0.00245633	0.000511258	2.49902e-05	0.000486267	0.00194507	0.999364	0.00416177	0.999389	0.00416543	7.87212e-06
10099	1	100	7	500	0.00216526	0.000464431	3.92239e-05	0.000425207	0.00170083	0.999505	0.00179238	0.999505	0.00179238	7.58753e-06
10100	1	100	7	500	0.00112832	0.000238583	1.61499e-05	0.000222434	0.000889734	0.999652	0.00217153	0.999809	0.00219101	7.79811e-06
10101	1	100	7	500	0.000721149	0.000179845	2.57521e-05	0.000154092	0.000541305	0.999597	0.00248347	0.999851	0.00251159	8.86103e-06
