Generation	PopulationID	SampleSize	UniqueMutations	PopulationSize	totalLoad	RelzLoad	RelzLoadHomo	RelzLoadHetero	MskLoad	MeanFitness	SdFitness	MeanFitnessCached	SdFitnessCached	Heterozygosity	
10001	1	100	47	500	0.235264	0.222804	0.194689	0.0281152	0.01246	0.791725	0.0291502	1.22859	0.0354321	2.66003e-05
10002	1	100	34	500	0.228806	0.219845	0.192769	0.0270762	0.00896118	0.794477	0.0241698	1.22703	0.0300002	2.67184e-05
10003	1	100	35	500	0.230886	0.22143	0.198335	0.0230956	0.0094553	0.792666	0.0218052	1.22817	0.0307519	2.43501e-05
10004	1	100	31	500	0.229185	0.222609	0.195437	0.0271721	0.00657551	0.792123	0.0252826	1.23141	0.0306526	2.4421e-05
10005	1	100	27	500	0.234815	0.228184	0.197825	0.0303593	0.00663156	0.788027	0.0208218	1.23594	0.0236542	2.36976e-05
10006	1	100	27	500	0.235028	0.229079	0.196159	0.03292	0.00594901	0.787398	0.0273179	1.23731	0.0322355	2.34753e-05
10007	1	100	25	500	0.234992	0.228911	0.199457	0.0294535	0.00608095	0.787398	0.0234023	1.23656	0.0273454	2.23089e-05
10008	1	100	22	500	0.235861	0.225965	0.194142	0.0318234	0.00989542	0.790238	0.0323093	1.23038	0.0355728	2.27719e-05
10009	1	100	21	500	0.245437	0.232617	0.20004	0.0325769	0.0128195	0.783087	0.0392287	1.23188	0.0453992	2.21491e-05
10010	1	100	19	500	0.262924	0.238288	0.197949	0.0403393	0.0246358	0.780435	0.0406113	1.23066	0.045428	2.18173e-05
10011	1	100	22	500	0.267408	0.240665	0.202504	0.0381615	0.0267434	0.778213	0.0400864	1.23155	0.0424355	2.12928e-05
10012	1	100	17	500	0.252428	0.232235	0.194642	0.0375932	0.0201927	0.785592	0.04155	1.22982	0.0441375	2.28298e-05
10013	1	100	15	500	0.245013	0.230953	0.201277	0.0296767	0.0140595	0.785916	0.0302476	1.23147	0.0281266	2.32897e-05
10014	1	100	15	500	0.241554	0.230246	0.206112	0.0241336	0.0113088	0.786677	0.0219451	1.23553	0.0236038	2.22172e-05
10015	1	100	8	500	0.0406993	0.032956	0.0112149	0.021741	0.00774333	0.967238	0.0240285	1.02482	0.0161418	2.20146e-05
10016	1	100	10	500	0.0422018	0.0354989	0.0140247	0.0214743	0.0067029	0.963685	0.0220798	1.02747	0.0145226	2.16813e-05
10017	1	100	9	500	0.0416515	0.0342035	0.0143148	0.0198886	0.00744802	0.966179	0.0206264	1.02689	0.0142006	2.29428e-05
10018	1	100	10	500	0.049386	0.0367177	0.0135645	0.0231531	0.0126683	0.964102	0.0262739	1.02631	0.0190319	2.25042e-05
10019	1	100	10	500	0.0488202	0.0360816	0.0125093	0.0235723	0.0127386	0.964372	0.0251411	1.02618	0.0172302	2.25882e-05
10020	1	100	12	500	0.0547968	0.037055	0.0114175	0.0256375	0.0177418	0.964634	0.0240082	1.02422	0.0175925	2.26622e-05
10021	1	100	13	500	0.0468526	0.033466	0.010926	0.0225401	0.0133865	0.966803	0.0225818	1.0239	0.0148161	2.22911e-05
10022	1	100	14	500	0.0438312	0.0337562	0.0125077	0.0212485	0.010075	0.966835	0.0204314	1.02644	0.0162278	2.18082e-05
10023	1	100	16	500	0.0405968	0.0330781	0.013327	0.0197511	0.00751871	0.966818	0.0224526	1.02703	0.0176812	2.06864e-05
10024	1	100	12	500	0.0384963	0.0335615	0.0140542	0.0195073	0.00493483	0.966653	0.0201145	1.029	0.0166266	2.00094e-05
10025	1	100	14	500	0.0326348	0.0288658	0.0114084	0.0174574	0.00376896	0.97053	0.0197905	1.02554	0.0158039	2.22304e-05
10026	1	100	12	500	0.0368908	0.032591	0.0115395	0.0210514	0.00429978	0.967839	0.0199487	1.02915	0.0167479	2.23074e-05
10027	1	100	9	500	0.0368572	0.0325533	0.0123535	0.0201997	0.00430396	0.967595	0.0210656	1.02921	0.0177471	2.24755e-05
10028	1	100	12	500	0.032745	0.0289143	0.0108664	0.0180479	0.00383075	0.971202	0.018678	1.02647	0.0175378	2.27771e-05
10029	1	100	12	500	0.0317076	0.0289713	0.0128079	0.0161634	0.00273629	0.970925	0.0165012	1.02721	0.0157953	2.17719e-05
10030	1	100	10	500	0.0298444	0.0285042	0.0147476	0.0137566	0.00134024	0.971441	0.0172344	1.02763	0.0168986	2.1537e-05
10031	1	100	10	500	0.0278889	0.0261134	0.0126902	0.0134232	0.00177542	0.973873	0.0161345	1.02507	0.0151584	2.12262e-05
10032	1	100	8	500	0.0320426	0.0295144	0.0151169	0.0143976	0.00252819	0.970597	0.0172355	1.02794	0.016284	2.19675e-05
10033	1	100	9	500	0.030445	0.0283458	0.0155077	0.012838	0.00209926	0.971574	0.0154575	1.02712	0.0148684	2.10613e-05
10034	1	100	6	500	0.0295359	0.0280405	0.0170678	0.0109727	0.00149539	0.971777	0.0156462	1.02678	0.0147618	2.03314e-05
10035	1	100	7	500	0.0326178	0.029038	0.0176075	0.0114305	0.00357982	0.971017	0.0144485	1.02651	0.0122511	2.02243e-05
10036	1	100	5	500	0.0329658	0.0286721	0.0168827	0.0117894	0.00429369	0.971635	0.0160022	1.02551	0.0141676	1.99022e-05
10037	1	100	7	500	0.0326894	0.0296421	0.0184431	0.011199	0.0030473	0.97063	0.0164795	1.02766	0.0156105	1.93854e-05
10038	1	100	5	500	0.03323	0.0303766	0.0195202	0.0108564	0.00285337	0.969637	0.0168011	1.02801	0.0154788	2.02707e-05
10039	1	100	7	500	0.0379769	0.0352805	0.0266306	0.00864989	0.00269642	0.9646	0.0151322	1.03327	0.0143787	1.78705e-05
10040	1	100	10	500	0.0397724	0.0356876	0.0267388	0.00894882	0.00408478	0.964345	0.0143549	1.0332	0.0150064	1.81574e-05
10041	1	100	6	500	0.0352664	0.0331287	0.0236696	0.00945914	0.00213764	0.966635	0.0156671	1.03147	0.0151764	2.0187e-05
10042	1	100	5	500	0.0397887	0.0373668	0.0300972	0.00726967	0.00242181	0.962687	0.0145474	1.03601	0.0142607	1.72081e-05
10043	1	100	6	500	0.0419686	0.0399159	0.0346078	0.00530808	0.00205275	0.960038	0.0105727	1.03864	0.0104141	1.56149e-05
10044	1	100	11	500	0.049706	0.0414259	0.0344598	0.00696605	0.00828015	0.958652	0.0133829	1.03687	0.014496	1.52055e-05
10045	1	100	11	500	0.0425826	0.0404435	0.0355614	0.00488215	0.00213906	0.959542	0.0112969	1.03926	0.0114277	1.47014e-05
10046	1	100	4	500	0.0410167	0.0403349	0.0360287	0.0043062	0.000681799	0.959639	0.00928815	1.03997	0.00911616	1.38926e-05
10047	1	100	4	500	0.0412682	0.0406423	0.0366011	0.00404124	0.000625922	0.959124	0.0102718	1.04006	0.0100454	1.3519e-05
10048	1	100	5	500	0.038845	0.0383549	0.0326511	0.00570381	0.000490073	0.961549	0.0110839	1.03799	0.0109082	1.53549e-05
10049	1	100	9	500	0.0375674	0.0364861	0.0292713	0.00721476	0.00108131	0.963327	0.01228	1.03562	0.011724	1.66613e-05
10050	1	100	10	500	0.0416681	0.0360151	0.0266501	0.009365	0.005653	0.964026	0.0142487	1.03276	0.0141138	1.75385e-05
10051	1	100	8	500	0.0406916	0.0378823	0.0306513	0.007231	0.00280928	0.961449	0.0144787	1.0356	0.0142127	1.63489e-05
10052	1	100	7	500	0.0420529	0.0362861	0.0268927	0.00939345	0.00576679	0.963913	0.0156273	1.0327	0.0139014	1.79375e-05
10053	1	100	9	500	0.0428129	0.035614	0.0253543	0.0102596	0.00719895	0.964442	0.0155508	1.03113	0.0129596	1.85366e-05
10054	1	100	12	500	0.0437029	0.0346992	0.0233652	0.0113339	0.00900372	0.965192	0.0181804	1.02915	0.0151107	1.95402e-05
10055	1	100	9	500	0.036868	0.0339201	0.0243469	0.00957315	0.00294788	0.966273	0.0138215	1.03212	0.0135845	1.92799e-05
10056	1	100	8	500	0.0355847	0.0325223	0.0223924	0.0101299	0.00306237	0.967236	0.0157038	1.02997	0.0143518	2.00711e-05
10057	1	100	8	500	0.0334971	0.0301255	0.019059	0.0110665	0.00337164	0.969581	0.016835	1.02738	0.0149181	2.04959e-05
10058	1	100	10	500	0.0377619	0.0338757	0.023992	0.00988378	0.00388618	0.966373	0.0126738	1.03144	0.0123938	1.93899e-05
10059	1	100	7	500	0.0381553	0.0350787	0.0260984	0.00898038	0.00307656	0.96463	0.0131937	1.03243	0.0121129	1.91411e-05
10060	1	100	8	500	0.0430676	0.0379838	0.0294705	0.00851327	0.00508375	0.962031	0.0149058	1.03318	0.0128462	1.84346e-05
10061	1	100	9	500	0.0449616	0.0399815	0.032812	0.00716951	0.00498005	0.959616	0.0147271	1.03485	0.013105	1.76231e-05
10062	1	100	8	500	0.0453583	0.0417183	0.0368155	0.00490285	0.00363996	0.957944	0.0111122	1.03845	0.0105118	1.60329e-05
10063	1	100	7	500	0.0483346	0.0423172	0.0362915	0.00602566	0.00601744	0.957286	0.0150772	1.03633	0.0142172	1.64021e-05
10064	1	100	8	500	0.0446932	0.0392389	0.0316782	0.00756079	0.0054542	0.960551	0.014366	1.03505	0.0147929	1.77054e-05
10065	1	100	7	500	0.0452923	0.0411933	0.0354076	0.00578574	0.00409893	0.958945	0.0116716	1.03772	0.0110255	1.69235e-05
10066	1	100	8	500	0.0473522	0.0423337	0.0368371	0.0054966	0.00501851	0.958009	0.0104091	1.03788	0.0100496	1.66818e-05
10067	1	100	9	500	0.0460243	0.0414373	0.0355976	0.00583972	0.00458703	0.958864	0.0109049	1.0376	0.0108787	1.77035e-05
10068	1	100	8	500	0.0545584	0.0444054	0.0383116	0.00609386	0.010153	0.955848	0.0146898	1.03768	0.014092	1.67761e-05
10069	1	100	12	500	0.0565497	0.0461285	0.0415182	0.0046103	0.0104212	0.954167	0.0133931	1.03972	0.013758	1.5379e-05
10070	1	100	9	500	0.0684148	0.0496548	0.0439589	0.00569588	0.01876	0.95142	0.0163319	1.03846	0.0171444	1.44508e-05
10071	1	100	14	500	0.0719794	0.0499467	0.0426785	0.00726822	0.0220326	0.950312	0.0192253	1.03554	0.0195667	1.52957e-05
10072	1	100	11	500	0.0769345	0.0520799	0.0448604	0.00721951	0.0248545	0.949215	0.0193876	1.03614	0.0203326	1.4099e-05
10073	1	100	13	500	0.0661859	0.0495898	0.0443496	0.00524014	0.0165961	0.950692	0.0159157	1.03747	0.0173341	1.35352e-05
10074	1	100	8	500	0.0514531	0.0463664	0.0439612	0.00240525	0.00508663	0.954197	0.00714355	1.04119	0.00690874	1.31395e-05
10075	1	100	6	500	0.0519272	0.0473022	0.0452257	0.00207654	0.00462498	0.952872	0.00888567	1.04024	0.00903355	1.37267e-05
10076	1	100	6	500	0.0518845	0.0473918	0.045505	0.00188681	0.00449273	0.952097	0.00951147	1.04013	0.0097655	1.40138e-05
10077	1	100	8	500	0.0587181	0.0493467	0.0453642	0.00398252	0.00937136	0.950292	0.0121155	1.03977	0.0133545	1.43598e-05
10078	1	100	10	500	0.0549225	0.0497547	0.0460756	0.00367911	0.00516786	0.949473	0.0117309	1.04115	0.0134361	1.45475e-05
10079	1	100	9	500	0.0627087	0.0537021	0.0479491	0.00575302	0.0090066	0.947347	0.0137817	1.04253	0.0165333	1.43501e-05
10080	1	100	9	500	0.0216185	0.0095902	0.00328598	0.00630422	0.0120283	0.989875	0.0148642	0.996879	0.0168892	1.49602e-05
10081	1	100	10	500	0.0306686	0.0120007	0.00377141	0.00822933	0.0186678	0.988338	0.016044	0.996073	0.0189073	1.56263e-05
10082	1	100	9	500	0.0455918	0.0164361	0.00579669	0.0106394	0.0291557	0.986024	0.0180378	0.993101	0.0197012	1.53947e-05
10083	1	100	9	500	0.0513974	0.0198849	0.00726317	0.0126217	0.0315125	0.982936	0.0205863	0.993199	0.0210636	1.55505e-05
10084	1	100	9	500	0.0457617	0.0191603	0.0075181	0.0116422	0.0266014	0.975887	0.054933	0.986826	0.0577949	1.62876e-05
10085	1	100	7	500	0.0393109	0.0177771	0.00841311	0.00936394	0.0215339	0.982696	0.0186658	0.991364	0.023363	1.56714e-05
10086	1	100	9	500	0.0354119	0.0167984	0.009351	0.0074474	0.0186135	0.983976	0.019096	0.989805	0.0211194	1.50149e-05
10087	1	100	11	500	0.0427297	0.018884	0.0100018	0.00888218	0.0238457	0.981163	0.0356733	0.987493	0.036648	1.50558e-05
10088	1	100	9	500	0.0478255	0.0219724	0.0106659	0.0113065	0.025853	0.977046	0.0374152	0.987831	0.041457	1.40123e-05
10089	1	100	11	500	0.0561866	0.0248892	0.0124438	0.0124454	0.0312973	0.978368	0.0208451	0.988259	0.0256335	1.42778e-05
10090	1	100	12	500	0.0501719	0.0239546	0.0106328	0.0133218	0.0262174	0.977963	0.0204711	0.993068	0.0269243	1.47259e-05
10091	1	100	9	500	0.0391278	0.0214403	0.0091867	0.0122536	0.0176875	0.978803	0.0202944	0.996797	0.0273605	1.44084e-05
10092	1	100	12	500	0.048141	0.0224249	0.00976772	0.0126572	0.0257161	0.975595	0.0451717	0.989286	0.0456961	1.45898e-05
10093	1	100	13	500	0.0513457	0.0222552	0.0122286	0.0100266	0.0290905	0.973013	0.0572034	0.97881	0.0585006	1.38414e-05
10094	1	100	10	500	0.0437159	0.0178555	0.0100343	0.00782117	0.0258604	0.983691	0.0188127	0.986464	0.0207598	1.56825e-05
10095	1	100	10	500	0.0562171	0.0225365	0.0134598	0.00907667	0.0336806	0.979081	0.0330222	0.980502	0.0335975	1.58659e-05
10096	1	100	10	500	0.0593901	0.0206538	0.0100196	0.0106342	0.0387363	0.98217	0.0211438	0.984101	0.0226347	1.77502e-05
10097	1	100	6	500	0.0394276	0.015504	0.00771037	0.00779366	0.0239235	0.982478	0.043887	0.986198	0.0447248	1.67593e-05
10098	1	100	8	500	0.035296	0.0135192	0.00677657	0.00674264	0.0217768	0.987196	0.0181957	0.989847	0.0196101	1.69677e-05
10099	1	100	8	500	0.0316664	0.0125761	0.00650503	0.00607103	0.0190904	0.987449	0.0171626	0.990241	0.0185841	1.63483e-05
10100	1	100	8	500	0.0267665	0.0104674	0.00520983	0.00525759	0.0162991	0.989235	0.0165819	0.99189	0.017698	1.6971e-05
10101	1	100	12	500	0.0227323	0.00955874	0.00428329	0.00527544	0.0131735	0.989919	0.0147993	0.994009	0.0160888	1.69469e-05
