Generation	PopulationID	SampleSize	UniqueMutations	PopulationSize	totalLoad	RelzLoad	RelzLoadHomo	RelzLoadHetero	MskLoad	MeanFitness	SdFitness	MeanFitnessCached	SdFitnessCached	Heterozygosity	
10001	1	100	51	500	0.252007	0.222618	0.180117	0.0425007	0.0293889	0.792624	0.0412842	1.19003	0.0445595	3.0203e-05
10002	1	100	30	500	0.271649	0.242055	0.201301	0.0407546	0.0295938	0.778543	0.0421333	1.20163	0.0447741	2.75424e-05
10003	1	100	33	500	0.266335	0.224832	0.186675	0.0381578	0.0415027	0.791748	0.0512045	1.18334	0.064664	2.85043e-05
10004	1	100	28	500	0.273196	0.223657	0.183774	0.039883	0.0495386	0.796345	0.0359752	1.18296	0.0416147	2.88707e-05
10005	1	100	25	500	0.16008	0.12147	0.087675	0.0337946	0.03861	0.88403	0.0422892	1.08105	0.0386077	2.83506e-05
10006	1	100	24	500	0.164329	0.125297	0.0884473	0.0368497	0.0390319	0.877338	0.0600716	1.07975	0.0684407	2.81018e-05
10007	1	100	23	500	0.192364	0.136865	0.0974989	0.0393657	0.0554993	0.870951	0.0454563	1.07615	0.0424752	2.78736e-05
10008	1	100	23	500	0.182093	0.128184	0.0892511	0.0389332	0.0539088	0.878571	0.0484757	1.0708	0.035786	2.8432e-05
10009	1	100	22	500	0.174508	0.120934	0.084208	0.0367264	0.0535739	0.88016	0.0762738	1.05758	0.0837745	2.876e-05
10010	1	100	24	500	0.175751	0.126255	0.0869129	0.0393426	0.0494951	0.881194	0.0560079	1.06877	0.0424009	3.10292e-05
10011	1	100	29	500	0.169437	0.121381	0.0831957	0.0381856	0.0480553	0.8851	0.0480195	1.07041	0.0395235	3.1222e-05
10012	1	100	26	500	0.148327	0.116705	0.0845558	0.0321497	0.0316215	0.884346	0.0471213	1.07445	0.0434888	3.01509e-05
10013	1	100	25	500	0.144088	0.115845	0.0889225	0.026923	0.0282429	0.889863	0.032516	1.08113	0.0363999	3.01804e-05
10014	1	100	20	500	0.145755	0.122419	0.0921038	0.030315	0.0233362	0.883102	0.0416494	1.0831	0.0340739	2.90421e-05
10015	1	100	21	500	0.142568	0.124131	0.0943911	0.0297395	0.018437	0.881731	0.0396395	1.09028	0.0414277	3.07902e-05
10016	1	100	17	500	0.135951	0.122496	0.0921489	0.030347	0.0134547	0.882863	0.041329	1.09166	0.0427403	2.93698e-05
10017	1	100	20	500	0.150117	0.130804	0.0989454	0.0318586	0.0193129	0.874052	0.0422237	1.08902	0.0473995	2.95682e-05
10018	1	100	23	500	0.155558	0.133105	0.101243	0.0318619	0.0224529	0.872403	0.0388784	1.08947	0.0439795	2.80462e-05
10019	1	100	21	500	0.164512	0.140479	0.105864	0.0346156	0.0240327	0.863723	0.0359721	1.08955	0.041948	2.713e-05
10020	1	100	20	500	0.178067	0.150549	0.115094	0.0354557	0.0275175	0.858425	0.0400475	1.10282	0.0431884	2.64244e-05
10021	1	100	19	500	0.196461	0.155146	0.11498	0.0401665	0.0413142	0.85454	0.0419824	1.10041	0.0455366	2.7113e-05
10022	1	100	21	500	0.195644	0.158956	0.119562	0.0393944	0.0366884	0.849295	0.0398679	1.10424	0.045851	2.68311e-05
10023	1	100	17	500	0.110924	0.0695044	0.0318621	0.0376424	0.0414191	0.934651	0.0402778	1.01759	0.0420218	2.66091e-05
10024	1	100	18	500	0.10867	0.0721863	0.0346464	0.0375399	0.0364834	0.928604	0.0411791	1.01794	0.0484873	2.5856e-05
10025	1	100	19	500	0.108036	0.0709605	0.0337984	0.037162	0.037076	0.930721	0.0345233	1.01386	0.0398066	2.56157e-05
10026	1	100	21	500	0.116537	0.0751	0.0362468	0.0388532	0.0414367	0.926884	0.0348635	1.01209	0.0485806	2.44801e-05
10027	1	100	20	500	0.102595	0.0665437	0.0314729	0.0350708	0.0360509	0.936014	0.034241	1.00592	0.0450087	2.4733e-05
10028	1	100	21	500	0.0898868	0.0653852	0.0324822	0.032903	0.0245016	0.936104	0.0294004	1.00846	0.0453435	2.47687e-05
10029	1	100	18	500	0.0945303	0.0746777	0.0392001	0.0354775	0.0198526	0.925799	0.0398646	1.02126	0.039516	2.41244e-05
10030	1	100	16	500	0.0953127	0.0729258	0.0358405	0.0370852	0.0223869	0.931385	0.0369208	1.03636	0.0402373	2.38279e-05
10031	1	100	14	500	0.101742	0.0723301	0.0350676	0.0372625	0.0294119	0.929167	0.0282098	1.02426	0.0514509	2.29058e-05
10032	1	100	16	500	0.124091	0.081977	0.0416812	0.0402957	0.0421142	0.919475	0.0420984	1.02443	0.0479341	2.30924e-05
10033	1	100	18	500	0.119143	0.0845388	0.04789	0.0366489	0.034604	0.917002	0.0391689	1.03572	0.0508273	2.3396e-05
10034	1	100	15	500	0.135147	0.0979884	0.062129	0.0358593	0.0371587	0.903569	0.0354609	1.04004	0.0466851	2.20118e-05
10035	1	100	15	500	0.138316	0.0909617	0.0506778	0.0402839	0.0473547	0.911659	0.0383816	1.03629	0.0436381	2.42663e-05
10036	1	100	18	500	0.16184	0.0983273	0.0533023	0.045025	0.0635124	0.904825	0.0364817	1.036	0.04917	2.46244e-05
10037	1	100	18	500	0.152711	0.0973583	0.0552967	0.0420615	0.0553527	0.897629	0.0651011	1.03206	0.0868316	2.39297e-05
10038	1	100	15	500	0.148703	0.0939689	0.0511517	0.0428172	0.0547344	0.90777	0.0318098	1.03759	0.0492653	2.47037e-05
10039	1	100	14	500	0.145528	0.091376	0.048061	0.043315	0.0541518	0.912693	0.0342193	1.03634	0.0480263	2.51642e-05
10040	1	100	17	500	0.143621	0.0954073	0.0546385	0.0407688	0.0482135	0.90819	0.0404183	1.03927	0.0476849	2.43752e-05
10041	1	100	16	500	0.14988	0.100138	0.0593299	0.0408077	0.0497421	0.906985	0.0350138	1.04332	0.049705	2.44446e-05
10042	1	100	14	500	0.155072	0.107589	0.0709461	0.0366432	0.0474827	0.897732	0.0315128	1.05123	0.0451546	2.38582e-05
10043	1	100	16	500	0.167696	0.112406	0.0746219	0.0377837	0.0552905	0.891232	0.0347044	1.04904	0.0539996	2.35978e-05
10044	1	100	13	500	0.190319	0.118289	0.0749878	0.0433008	0.07203	0.891533	0.0325278	1.04718	0.0556797	2.44652e-05
10045	1	100	15	500	0.214541	0.126473	0.0786886	0.0477847	0.0880672	0.882337	0.0542759	1.03606	0.0844797	2.43866e-05
10046	1	100	20	500	0.268947	0.14353	0.0813617	0.0621681	0.125417	0.856059	0.134334	0.981323	0.175897	2.62647e-05
10047	1	100	17	500	0.320983	0.171627	0.104179	0.0674482	0.149356	0.847386	0.141257	0.94879	0.180093	2.64183e-05
10048	1	100	18	500	0.330488	0.177308	0.109969	0.0673387	0.15318	0.835824	0.142945	0.947876	0.187233	2.66929e-05
10049	1	100	17	500	0.349661	0.192132	0.124081	0.0680513	0.157529	0.813974	0.1646	0.931377	0.2185	2.55716e-05
10050	1	100	20	500	0.338918	0.179594	0.11212	0.0674742	0.159324	0.855598	0.096488	0.982553	0.132752	2.61524e-05
10051	1	100	19	500	0.28369	0.15387	0.0950955	0.0587747	0.12982	0.863389	0.0906306	0.996737	0.124853	2.64343e-05
10052	1	100	19	500	0.321254	0.173401	0.10996	0.0634408	0.147853	0.834192	0.130371	0.962235	0.179018	2.68489e-05
10053	1	100	21	500	0.353092	0.187428	0.118776	0.068652	0.165664	0.835234	0.144951	0.944645	0.18586	2.67809e-05
10054	1	100	20	500	0.316252	0.168377	0.104666	0.0637109	0.147875	0.854872	0.104874	0.97859	0.145773	2.61916e-05
10055	1	100	21	500	0.393485	0.215239	0.143123	0.0721152	0.178247	0.810012	0.16209	0.917061	0.210468	2.53462e-05
10056	1	100	18	500	0.368031	0.205679	0.137273	0.0684065	0.162352	0.807122	0.16299	0.9175	0.216578	2.43263e-05
10057	1	100	13	500	0.374945	0.216564	0.150403	0.0661612	0.158381	0.795391	0.170693	0.903707	0.224637	2.31235e-05
10058	1	100	13	500	0.437687	0.262995	0.192721	0.0702738	0.174692	0.768438	0.184238	0.862404	0.237769	2.24276e-05
10059	1	100	13	500	0.378008	0.21361	0.146011	0.067599	0.164398	0.79606	0.176744	0.906069	0.230928	2.38614e-05
10060	1	100	13	500	0.344261	0.189412	0.124811	0.0646009	0.154849	0.840443	0.127882	0.960016	0.171605	2.41598e-05
10061	1	100	16	500	0.29449	0.163666	0.107899	0.0557669	0.130824	0.832919	0.140493	0.974253	0.194086	2.39452e-05
10062	1	100	14	500	0.262294	0.148251	0.0986926	0.0495585	0.114043	0.844987	0.136663	0.996624	0.186563	2.31956e-05
10063	1	100	16	500	0.251879	0.146402	0.100225	0.0461766	0.105477	0.854132	0.114614	1.01026	0.158708	2.12816e-05
10064	1	100	12	500	0.23664	0.142086	0.100424	0.0416617	0.0945546	0.859981	0.094953	1.0232	0.140725	1.97424e-05
10065	1	100	13	500	0.258981	0.147986	0.100649	0.0473374	0.110995	0.86884	0.0668927	1.02523	0.104343	1.98291e-05
10066	1	100	11	500	0.245658	0.138841	0.0923838	0.0464572	0.106817	0.876089	0.0635231	1.03231	0.0957393	2.0458e-05
10067	1	100	14	500	0.239317	0.138374	0.093168	0.0452055	0.100943	0.864521	0.0876785	1.01972	0.126707	2.12514e-05
10068	1	100	12	500	0.251971	0.150067	0.102785	0.0472824	0.101904	0.852496	0.114071	0.999661	0.158187	2.1087e-05
10069	1	100	12	500	0.242953	0.14782	0.103594	0.0442263	0.0951332	0.854396	0.10395	1.00793	0.150901	2.08336e-05
10070	1	100	12	500	0.231493	0.142609	0.100419	0.0421902	0.0888841	0.86053	0.0904489	1.01634	0.133353	2.13818e-05
10071	1	100	12	500	0.222337	0.140733	0.102067	0.0386658	0.0816039	0.854666	0.102441	1.01621	0.146491	2.14132e-05
10072	1	100	13	500	0.192345	0.131919	0.100312	0.0316072	0.0604259	0.878494	0.0278031	1.04567	0.05135	2.27948e-05
10073	1	100	16	500	0.209245	0.140068	0.106405	0.0336627	0.0691775	0.860663	0.0803875	1.02814	0.11936	2.18369e-05
10074	1	100	14	500	0.215307	0.138111	0.101034	0.0370768	0.0771957	0.857109	0.101938	1.02081	0.146239	2.21099e-05
10075	1	100	15	500	0.219614	0.139728	0.10438	0.0353482	0.0798859	0.86879	0.0558059	1.04095	0.091791	2.12577e-05
10076	1	100	14	500	0.218542	0.136822	0.0999371	0.0368853	0.0817192	0.872263	0.0595602	1.04356	0.0973661	2.21818e-05
10077	1	100	17	500	0.22882	0.138691	0.0967089	0.0419816	0.0901295	0.872249	0.0659777	1.04011	0.103739	2.37438e-05
10078	1	100	14	500	0.218406	0.132169	0.0933289	0.0388405	0.0862362	0.871594	0.0697767	1.03965	0.10199	2.32413e-05
10079	1	100	17	500	0.209201	0.129242	0.0947795	0.0344628	0.0799586	0.876409	0.0470138	1.05336	0.078643	2.33837e-05
10080	1	100	16	500	0.236332	0.139848	0.0988121	0.0410356	0.0964844	0.870945	0.063387	1.04315	0.0968251	2.37735e-05
10081	1	100	16	500	0.257453	0.150352	0.102957	0.0473955	0.107101	0.853095	0.104671	1.0132	0.151546	2.41374e-05
10082	1	100	19	500	0.262015	0.15358	0.107097	0.046483	0.108435	0.853768	0.0914743	1.01919	0.134006	2.23467e-05
10083	1	100	15	500	0.251538	0.151165	0.107174	0.0439907	0.100373	0.865217	0.0576019	1.03843	0.0927717	2.37602e-05
10084	1	100	14	500	0.247879	0.149852	0.107174	0.0426782	0.0980267	0.86887	0.0376751	1.04521	0.0676822	2.36075e-05
10085	1	100	13	500	0.240435	0.147821	0.108155	0.039666	0.0926137	0.860703	0.0681497	1.04012	0.105328	2.37279e-05
10086	1	100	16	500	0.247619	0.149557	0.105198	0.0443588	0.0980625	0.8679	0.0374623	1.04365	0.0660379	2.51223e-05
10087	1	100	17	500	0.25102	0.149307	0.103331	0.0459766	0.101713	0.852377	0.0900958	1.02848	0.130395	2.54486e-05
10088	1	100	17	500	0.257114	0.150647	0.103142	0.047505	0.106467	0.864698	0.0547154	1.03659	0.082743	2.48313e-05
10089	1	100	15	500	0.273325	0.16032	0.111975	0.0483454	0.113004	0.84526	0.0946776	1.02131	0.134089	2.2436e-05
10090	1	100	14	500	0.26891	0.162148	0.119206	0.0429416	0.106763	0.845934	0.0793813	1.02977	0.105491	2.11803e-05
10091	1	100	15	500	0.287066	0.175901	0.131928	0.0439734	0.111165	0.816141	0.116622	0.99965	0.160468	2.00366e-05
10092	1	100	15	500	0.25651	0.160785	0.123639	0.0371467	0.0957245	0.849389	0.0693126	1.04021	0.0919768	1.85882e-05
10093	1	100	15	500	0.261827	0.166118	0.129394	0.0367235	0.0957098	0.845752	0.0741785	1.03937	0.0963631	1.75306e-05
10094	1	100	12	500	0.290226	0.184149	0.140608	0.0435401	0.106077	0.837196	0.0781214	1.03268	0.0963174	1.59192e-05
10095	1	100	12	500	0.288009	0.178452	0.130509	0.047943	0.109557	0.82841	0.103124	1.01867	0.131042	1.68006e-05
10096	1	100	12	500	0.310947	0.190093	0.123386	0.0667069	0.120854	0.82688	0.108147	1.01997	0.135754	2.06917e-05
10097	1	100	11	500	0.298285	0.184749	0.122272	0.0624766	0.113536	0.833225	0.0911344	1.02954	0.115729	2.02096e-05
10098	1	100	12	500	0.305533	0.187439	0.118374	0.0690648	0.118094	0.841789	0.0716668	1.03925	0.0883021	2.11988e-05
10099	1	100	16	500	0.319114	0.19519	0.124252	0.0709382	0.123923	0.81984	0.107073	1.01704	0.1279	2.03201e-05
10100	1	100	21	500	0.298291	0.182378	0.122614	0.0597646	0.115913	0.830694	0.102712	1.01821	0.125885	2.07213e-05
10101	1	100	13	500	0.283132	0.174453	0.1191	0.0553535	0.108679	0.84196	0.0814122	1.02511	0.0982962	2.13146e-05
