Generation	PopulationID	SampleSize	UniqueMutations	PopulationSize	totalLoad	RelzLoad	RelzLoadHomo	RelzLoadHetero	MskLoad	MeanFitness	SdFitness	MeanFitnessCached	SdFitnessCached	Heterozygosity	
10001	1	100	47	500	0.139127	0.118545	0.093958	0.0245871	0.0205821	0.883554	0.0268533	1.10804	0.0315787	2.09609e-05
10002	1	100	29	500	0.129903	0.121355	0.0940871	0.0272681	0.00854756	0.880418	0.0265552	1.11774	0.031011	2.12299e-05
10003	1	100	22	500	0.138139	0.128028	0.094756	0.0332716	0.0101111	0.875392	0.0295184	1.12511	0.0339715	2.05583e-05
10004	1	100	21	500	0.132995	0.125834	0.0954977	0.0303361	0.00716151	0.877004	0.0279485	1.12474	0.0283642	2.07122e-05
10005	1	100	21	500	0.130816	0.12305	0.0881298	0.0349202	0.00776562	0.879829	0.0293986	1.1211	0.0340813	2.12288e-05
10006	1	100	22	500	0.135398	0.1248	0.0912018	0.0335986	0.0105974	0.878386	0.028563	1.12127	0.0325351	2.16898e-05
10007	1	100	21	500	0.13866	0.124298	0.0910303	0.0332677	0.0143618	0.878946	0.0290406	1.11809	0.0315945	2.18021e-05
10008	1	100	24	500	0.144785	0.127233	0.0960526	0.0311805	0.0175523	0.876447	0.0293488	1.11925	0.0361993	2.12664e-05
10009	1	100	22	500	0.155413	0.127197	0.098168	0.0290289	0.0282163	0.877855	0.0293757	1.11118	0.035977	2.13285e-05
10010	1	100	20	500	0.17716	0.134149	0.0983227	0.0358261	0.0430117	0.865575	0.0734257	1.09247	0.0893365	2.18023e-05
10011	1	100	18	500	0.162379	0.128331	0.0952493	0.0330813	0.0340484	0.878447	0.0348996	1.10721	0.0324249	2.14676e-05
10012	1	100	17	500	0.169319	0.131795	0.0941649	0.0376298	0.0375245	0.876054	0.0283745	1.10801	0.0347906	2.25803e-05
10013	1	100	17	500	0.157094	0.123937	0.0902548	0.0336818	0.0331571	0.882109	0.0277065	1.10337	0.0304124	2.09606e-05
10014	1	100	16	500	0.151129	0.12043	0.0891015	0.0313284	0.0306989	0.884525	0.0252067	1.1017	0.0330756	2.12485e-05
10015	1	100	13	500	0.142258	0.119384	0.0887271	0.0306565	0.0228741	0.884542	0.0265951	1.10695	0.0354607	2.15514e-05
10016	1	100	17	500	0.127893	0.111914	0.0832206	0.0286938	0.0159788	0.890567	0.0261545	1.10387	0.0332197	2.11874e-05
10017	1	100	15	500	0.116431	0.108663	0.0831175	0.025546	0.00776763	0.89287	0.0220404	1.10544	0.024375	2.19895e-05
10018	1	100	17	500	0.126097	0.111421	0.0807378	0.0306828	0.014676	0.890941	0.0212078	1.10441	0.0267118	2.27276e-05
10019	1	100	15	500	0.129169	0.110021	0.0766969	0.0333241	0.0191481	0.89226	0.0211142	1.09933	0.0291085	2.36897e-05
10020	1	100	13	500	0.133497	0.10966	0.0811466	0.0285132	0.0238377	0.888884	0.0489049	1.09066	0.0615341	2.3386e-05
10021	1	100	17	500	0.136717	0.109216	0.0816926	0.0275236	0.0275008	0.894315	0.025076	1.09231	0.0286475	2.2671e-05
10022	1	100	15	500	0.143183	0.115437	0.0926116	0.0228258	0.0277456	0.88593	0.0420532	1.09635	0.052895	2.2051e-05
10023	1	100	15	500	0.141663	0.116854	0.0966165	0.0202377	0.0248089	0.886839	0.0269407	1.10248	0.0317167	2.17266e-05
10024	1	100	14	500	0.122719	0.107791	0.090146	0.0176446	0.0149289	0.894077	0.0251047	1.09999	0.0320164	2.1801e-05
10025	1	100	25	500	0.132724	0.111603	0.0932042	0.0183983	0.0211218	0.8904	0.0226514	1.10091	0.0329026	2.12237e-05
10026	1	100	20	500	0.140814	0.112809	0.0946515	0.018157	0.0280051	0.889754	0.0257988	1.09706	0.0345183	2.15696e-05
10027	1	100	21	500	0.157909	0.11772	0.0946355	0.023085	0.0401882	0.883413	0.0470699	1.09069	0.0590581	2.29055e-05
10028	1	100	18	500	0.160918	0.119628	0.101126	0.018502	0.0412902	0.879543	0.0605059	1.08463	0.0761902	2.24126e-05
10029	1	100	19	500	0.0782611	0.0290751	0.00762213	0.021453	0.049186	0.971533	0.0559712	0.992033	0.0598719	2.30734e-05
10030	1	100	18	500	0.0960037	0.0380179	0.0106983	0.0273197	0.0579858	0.961749	0.0654827	0.992173	0.0723554	2.38324e-05
10031	1	100	18	500	0.10169	0.0399599	0.0116414	0.0283186	0.0617303	0.956076	0.0797678	0.986712	0.087688	2.44771e-05
10032	1	100	22	500	0.109583	0.0467389	0.0129436	0.0337953	0.0628436	0.958458	0.0295179	1.0073	0.0471537	2.42159e-05
10033	1	100	22	500	0.101452	0.0446183	0.0130182	0.0316001	0.0568341	0.958126	0.0515479	1.00347	0.0559568	2.45754e-05
10034	1	100	19	500	0.141746	0.0587558	0.0191117	0.0396441	0.0829902	0.946357	0.0567756	0.998307	0.0703305	2.52037e-05
10035	1	100	21	500	0.118115	0.053912	0.0170157	0.0368963	0.0642034	0.94861	0.0492179	1.01037	0.0542903	2.47606e-05
10036	1	100	22	500	0.101342	0.044908	0.0119853	0.0329226	0.0564336	0.959085	0.0346814	1.01082	0.0435343	2.53004e-05
10037	1	100	23	500	0.0924287	0.0387976	0.00916467	0.0296329	0.0536311	0.961191	0.0507426	1.00319	0.0614867	2.54184e-05
10038	1	100	22	500	0.0971735	0.0428608	0.0112587	0.0316021	0.0543127	0.961093	0.0320079	1.00912	0.0428961	2.63773e-05
10039	1	100	26	500	0.111303	0.0463975	0.0121741	0.0342235	0.0649057	0.958753	0.0349466	1.00649	0.0436135	2.54684e-05
10040	1	100	21	500	0.0959269	0.0488453	0.0154748	0.0333705	0.0470817	0.948946	0.0741267	1.01502	0.0833684	2.52059e-05
10041	1	100	24	500	0.103528	0.0523802	0.0178655	0.0345147	0.0511475	0.947797	0.0555758	1.01616	0.0679979	2.5858e-05
10042	1	100	18	500	0.0972059	0.049726	0.0161282	0.0335978	0.0474799	0.953047	0.035345	1.02144	0.0499517	2.53317e-05
10043	1	100	21	500	0.131842	0.0516209	0.0144073	0.0372136	0.0802209	0.948313	0.0805504	0.993098	0.0914194	2.59767e-05
10044	1	100	18	500	0.130026	0.0462486	0.0113911	0.0348575	0.0837769	0.953647	0.0659831	0.987117	0.0749969	2.44853e-05
10045	1	100	19	500	0.114342	0.0384658	0.0085577	0.0299081	0.0758762	0.948567	0.116284	0.973622	0.123605	2.30328e-05
10046	1	100	19	500	0.0926398	0.031808	0.0052095	0.0265985	0.0608318	0.970766	0.0343244	0.997133	0.0431396	2.36204e-05
10047	1	100	19	500	0.0680481	0.0294631	0.00535544	0.0241076	0.0385851	0.97175	0.0308179	1.00751	0.0365029	2.521e-05
10048	1	100	16	500	0.053257	0.0253326	0.00523445	0.0200982	0.0279244	0.976917	0.0264117	1.00824	0.0310882	2.40558e-05
10049	1	100	14	500	0.0608044	0.0267648	0.00628384	0.020481	0.0340395	0.976698	0.0296587	1.00466	0.0334641	2.43868e-05
10050	1	100	17	500	0.0492284	0.0244159	0.0047704	0.0196455	0.0248125	0.977104	0.0273048	1.00958	0.0322209	2.54999e-05
10051	1	100	17	500	0.0484677	0.0233229	0.00427638	0.0190465	0.0251449	0.977772	0.0274158	1.00811	0.0298884	2.70639e-05
10052	1	100	17	500	0.0654122	0.0327844	0.00816481	0.0246196	0.0326278	0.963913	0.0600943	1.00655	0.0695801	2.77295e-05
10053	1	100	21	500	0.06564	0.0337851	0.0085208	0.0252643	0.0318549	0.968695	0.0326215	1.01424	0.0359928	2.81854e-05
10054	1	100	16	500	0.0457457	0.0285261	0.00663784	0.0218883	0.0172196	0.97203	0.0317877	1.01878	0.0324253	2.60853e-05
10055	1	100	16	500	0.0379625	0.0219111	0.00379646	0.0181147	0.0160513	0.978414	0.0249893	1.01309	0.0298836	2.68704e-05
10056	1	100	13	500	0.0361267	0.0263532	0.00627996	0.0200732	0.00977353	0.973759	0.0285252	1.02094	0.0302823	2.67553e-05
10057	1	100	16	500	0.0414576	0.0246293	0.00490574	0.0197236	0.0168283	0.975789	0.0306314	1.01511	0.0340166	2.71962e-05
10058	1	100	18	500	0.0395206	0.0232246	0.0042421	0.0189825	0.0162961	0.976775	0.0262311	1.01393	0.0300686	2.68579e-05
10059	1	100	18	500	0.0502396	0.0281793	0.00580053	0.0223787	0.0220603	0.972191	0.0362114	1.01583	0.0296449	2.68569e-05
10060	1	100	20	500	0.0754488	0.0375529	0.00906032	0.0284926	0.037896	0.964081	0.0394831	1.01634	0.0291546	2.86867e-05
10061	1	100	21	500	0.085822	0.0399525	0.00962962	0.0303228	0.0458695	0.962344	0.0398235	1.01369	0.0297617	2.9501e-05
10062	1	100	18	500	0.070907	0.0360467	0.00891905	0.0271277	0.0348603	0.966025	0.0443537	1.01523	0.0270357	2.72759e-05
10063	1	100	17	500	0.0732732	0.0313415	0.00556062	0.0257809	0.0419316	0.968785	0.0568174	1.00596	0.0450675	2.62601e-05
10064	1	100	17	500	0.102295	0.0428785	0.00958974	0.0332888	0.0594169	0.959788	0.0435902	1.00939	0.0416636	2.70194e-05
10065	1	100	16	500	0.0999555	0.0376172	0.00695608	0.0306611	0.0623383	0.965336	0.0462231	1.00231	0.0386785	2.572e-05
10066	1	100	15	500	0.17991	0.0634289	0.0174943	0.0459345	0.116481	0.935648	0.109913	0.975362	0.104841	2.75421e-05
10067	1	100	20	500	0.207356	0.0740356	0.0239409	0.0500947	0.133321	0.942145	0.0569309	0.984027	0.0530651	2.73451e-05
10068	1	100	17	500	0.195574	0.0713991	0.0223366	0.0490625	0.124175	0.906252	0.217588	0.958606	0.202531	2.83462e-05
10069	1	100	17	500	0.163015	0.0606201	0.0177209	0.0428992	0.102395	0.949384	0.0518307	0.994098	0.0550503	2.78095e-05
10070	1	100	15	500	0.157974	0.0628648	0.0192253	0.0436395	0.0951092	0.93368	0.137193	0.991136	0.128479	2.72564e-05
10071	1	100	18	500	0.157988	0.0639122	0.0194353	0.0444769	0.094076	0.936784	0.0847959	0.996939	0.0811308	2.82866e-05
10072	1	100	16	500	0.162649	0.0659569	0.0205626	0.0453943	0.0966917	0.938451	0.0769841	1.0001	0.0645882	2.89544e-05
10073	1	100	17	500	0.150491	0.0696759	0.0263728	0.0433031	0.0808148	0.932122	0.0718774	1.01236	0.0707326	2.87438e-05
10074	1	100	19	500	0.160078	0.0742524	0.0293029	0.0449496	0.0858256	0.934084	0.0482216	1.01985	0.0505028	2.83237e-05
10075	1	100	22	500	0.136788	0.0663937	0.0252431	0.0411506	0.0703947	0.930733	0.106491	1.01865	0.105555	2.78412e-05
10076	1	100	17	500	0.16449	0.0754595	0.0298827	0.0455768	0.0890309	0.932202	0.0488651	1.0198	0.0576302	2.84181e-05
10077	1	100	18	500	0.168712	0.076923	0.0304649	0.0464581	0.091789	0.925979	0.0924472	1.01404	0.101493	2.86747e-05
10078	1	100	16	500	0.157239	0.0723671	0.0274932	0.0448739	0.0848718	0.934203	0.0456415	1.02049	0.0504338	2.98136e-05
10079	1	100	17	500	0.123687	0.0582886	0.0195852	0.0387034	0.0653983	0.946494	0.0377498	1.01849	0.0505837	2.94305e-05
10080	1	100	20	500	0.132988	0.0632952	0.0230328	0.0402625	0.0696926	0.937713	0.048531	1.01294	0.0643947	3.00601e-05
10081	1	100	19	500	0.193205	0.0804095	0.0308389	0.0495705	0.112796	0.919017	0.0653212	0.983147	0.0861802	3.11014e-05
10082	1	100	16	500	0.187607	0.0824562	0.0330019	0.0494544	0.10515	0.923009	0.0511752	1.00579	0.0714008	3.17401e-05
10083	1	100	17	500	0.189411	0.0863805	0.0371849	0.0491956	0.103031	0.916442	0.0685102	1.00793	0.0811103	3.08793e-05
10084	1	100	14	500	0.193066	0.0892588	0.0400512	0.0492076	0.103807	0.919555	0.0499673	1.01903	0.0616853	3.1525e-05
10085	1	100	19	500	0.231917	0.0988282	0.0421738	0.0566544	0.133089	0.91055	0.0824098	1.00217	0.0970151	3.228e-05
10086	1	100	16	500	0.231644	0.101286	0.0454226	0.0558637	0.130358	0.894543	0.12751	0.993053	0.138114	3.24594e-05
10087	1	100	16	500	0.27644	0.116789	0.0535177	0.0632711	0.159651	0.901741	0.0587966	0.988579	0.080511	3.40894e-05
10088	1	100	18	500	0.256503	0.108016	0.0475664	0.0604501	0.148487	0.887872	0.139305	0.974866	0.145552	3.31717e-05
10089	1	100	16	500	0.294083	0.121795	0.0553488	0.0664465	0.172287	0.889531	0.0949819	0.977572	0.112141	3.35085e-05
10090	1	100	16	500	0.249601	0.110234	0.0521184	0.0581158	0.139367	0.90559	0.067033	0.989185	0.0851721	3.26256e-05
10091	1	100	22	500	0.266828	0.119307	0.0591938	0.0601129	0.147521	0.891922	0.0992533	0.989524	0.111779	3.30744e-05
10092	1	100	20	500	0.215964	0.0984987	0.0459394	0.0525593	0.117466	0.904536	0.0582396	1.00396	0.0859265	3.20302e-05
10093	1	100	19	500	0.241302	0.103551	0.0457372	0.057814	0.137751	0.906603	0.053407	0.998699	0.0791532	3.37203e-05
10094	1	100	19	500	0.249608	0.109434	0.0517828	0.0576512	0.140174	0.883908	0.144413	0.992215	0.15106	3.23642e-05
10095	1	100	21	500	0.273026	0.11849	0.057173	0.0613166	0.154537	0.891804	0.0621511	0.997456	0.0809949	3.28427e-05
10096	1	100	17	500	0.233297	0.114353	0.064647	0.0497062	0.118944	0.890763	0.066532	1.01537	0.0882408	3.08266e-05
10097	1	100	15	500	0.221596	0.114963	0.0683701	0.0465927	0.106633	0.881247	0.106908	1.00251	0.118338	3.13197e-05
10098	1	100	15	500	0.222917	0.107137	0.0548118	0.052325	0.11578	0.903207	0.0800414	0.991298	0.0914888	3.33124e-05
10099	1	100	17	500	0.195148	0.0957856	0.0480708	0.0477148	0.0993627	0.907722	0.0690616	0.984092	0.0921229	3.26539e-05
10100	1	100	15	500	0.211567	0.100425	0.0520244	0.0484008	0.111142	0.898545	0.079964	0.957025	0.0992536	3.21702e-05
10101	1	100	16	500	0.208294	0.105312	0.0573445	0.0479672	0.102982	0.904774	0.0668861	0.973167	0.095713	3.28778e-05
