Generation	PopulationID	SampleSize	UniqueMutations	PopulationSize	totalLoad	RelzLoad	RelzLoadHomo	RelzLoadHetero	MskLoad	MeanFitness	SdFitness	MeanFitnessCached	SdFitnessCached	Heterozygosity	
10001	1	100	59	500	0.170039	0.135827	0.0776384	0.0581885	0.0342119	0.868636	0.0461477	1.11841	0.0478612	4.86713e-05
10002	1	100	42	500	0.174906	0.142347	0.0852241	0.0571228	0.0325587	0.865499	0.040343	1.12682	0.0406425	4.78688e-05
10003	1	100	42	500	0.179515	0.143844	0.0840552	0.0597884	0.0356712	0.864899	0.0441387	1.12643	0.0416408	4.86258e-05
10004	1	100	44	500	0.174624	0.146249	0.0891557	0.0570931	0.0283751	0.862036	0.0417103	1.13332	0.0425469	4.92241e-05
10005	1	100	32	500	0.19392	0.155952	0.096228	0.0597238	0.037968	0.854114	0.0541855	1.13587	0.0525552	4.84372e-05
10006	1	100	35	500	0.173922	0.150849	0.0947345	0.0561148	0.0230727	0.857861	0.0437203	1.14059	0.0441219	4.95946e-05
10007	1	100	31	500	0.179674	0.155572	0.0991194	0.0564526	0.0241023	0.853805	0.0508182	1.14265	0.0505875	4.94393e-05
10008	1	100	28	500	0.209982	0.172714	0.112921	0.0597924	0.0372679	0.834587	0.0690775	1.1394	0.0592728	4.67763e-05
10009	1	100	31	500	0.198281	0.161078	0.0979435	0.0631344	0.0372032	0.850809	0.0499792	1.13995	0.0468171	4.77164e-05
10010	1	100	30	500	0.185713	0.15427	0.0927368	0.0615331	0.031443	0.85241	0.0619204	1.13223	0.0473551	5.00657e-05
10011	1	100	32	500	0.179132	0.147707	0.0829392	0.0647677	0.0314253	0.861418	0.0494618	1.13156	0.0427072	4.92899e-05
10012	1	100	30	500	0.163648	0.141062	0.0783864	0.0626756	0.0225855	0.866475	0.0471697	1.12995	0.0449725	4.86673e-05
10013	1	100	27	500	0.174461	0.142468	0.0784032	0.0640651	0.0319932	0.866674	0.0469871	1.12586	0.0387406	4.87342e-05
10014	1	100	25	500	0.179527	0.145335	0.082107	0.0632279	0.0341926	0.862827	0.0504568	1.12292	0.0397611	4.79274e-05
10015	1	100	26	500	0.181858	0.143133	0.0796606	0.0634727	0.0387249	0.86691	0.0449214	1.12068	0.0374115	4.60752e-05
10016	1	100	29	500	0.176342	0.146842	0.0828824	0.0639599	0.0294995	0.861453	0.0492967	1.12821	0.0449948	4.64154e-05
10017	1	100	27	500	0.171623	0.146212	0.0843523	0.0618601	0.0254109	0.862101	0.0444641	1.1304	0.0424576	4.52803e-05
10018	1	100	22	500	0.16962	0.14946	0.0871913	0.0622686	0.0201605	0.85901	0.0437484	1.13676	0.0418676	4.63977e-05
10019	1	100	23	500	0.150687	0.141164	0.0844479	0.0567156	0.00952333	0.865942	0.0396473	1.13315	0.0420835	4.43689e-05
10020	1	100	23	500	0.161947	0.151307	0.092785	0.0585216	0.0106403	0.856468	0.0408274	1.14032	0.0396966	4.5874e-05
10021	1	100	25	500	0.171736	0.160052	0.102073	0.0579792	0.0116835	0.849223	0.0468897	1.14521	0.0401477	4.59801e-05
10022	1	100	26	500	0.181233	0.16883	0.108929	0.0599005	0.012403	0.842674	0.046219	1.15287	0.0382512	4.55804e-05
10023	1	100	26	500	0.186427	0.174665	0.113534	0.0611306	0.011762	0.836918	0.0489376	1.1576	0.0372019	4.63023e-05
10024	1	100	24	500	0.171679	0.16032	0.100072	0.0602482	0.0113582	0.850146	0.0408228	1.14835	0.0418316	4.59235e-05
10025	1	100	27	500	0.195499	0.17026	0.109544	0.0607166	0.0252389	0.84091	0.0522029	1.14462	0.0409205	4.48214e-05
10026	1	100	30	500	0.217744	0.18272	0.121061	0.0616592	0.0350234	0.829639	0.0612284	1.14763	0.046376	4.5114e-05
10027	1	100	30	500	0.18847	0.169697	0.108079	0.0616178	0.0187733	0.840663	0.0495808	1.1506	0.0448877	4.67346e-05
10028	1	100	29	500	0.184551	0.17083	0.108618	0.0622125	0.0137207	0.840521	0.0418899	1.15916	0.0443569	4.92545e-05
10029	1	100	26	500	0.182005	0.170525	0.105574	0.0649512	0.0114797	0.839351	0.0476892	1.16373	0.0483183	4.85358e-05
10030	1	100	28	500	0.176775	0.168326	0.103516	0.0648095	0.00844946	0.841136	0.0429882	1.16519	0.0481495	4.72532e-05
10031	1	100	27	500	0.180657	0.172025	0.106343	0.0656825	0.00863243	0.83866	0.0386605	1.17012	0.0477293	4.64597e-05
10032	1	100	26	500	0.19451	0.185547	0.113098	0.0724493	0.00896301	0.826592	0.0398634	1.18345	0.0447448	4.63904e-05
10033	1	100	22	500	0.110445	0.103017	0.0354877	0.0675291	0.00742853	0.900738	0.0467318	1.096	0.0460701	4.48328e-05
10034	1	100	26	500	0.10343	0.0942032	0.0290267	0.0651765	0.0092269	0.909533	0.0437818	1.08642	0.0481413	4.21599e-05
10035	1	100	27	500	0.142071	0.113175	0.0386111	0.0745639	0.0288959	0.891801	0.0511265	1.09222	0.0484434	4.45556e-05
10036	1	100	26	500	0.137779	0.111737	0.0389479	0.0727887	0.0260429	0.894391	0.0468567	1.09496	0.0535835	4.44161e-05
10037	1	100	25	500	0.143435	0.116674	0.0420129	0.074661	0.0267616	0.890035	0.0466743	1.09956	0.0533133	4.48913e-05
10038	1	100	27	500	0.128603	0.115412	0.045128	0.0702842	0.0131909	0.889176	0.0421865	1.10484	0.0437742	4.35116e-05
10039	1	100	27	500	0.133108	0.119555	0.0494496	0.0701053	0.0135529	0.886537	0.0356413	1.10836	0.0342376	4.44419e-05
10040	1	100	24	500	0.139255	0.126157	0.0579256	0.0682311	0.0130981	0.879211	0.0424372	1.10861	0.035882	4.45465e-05
10041	1	100	24	500	0.144542	0.131294	0.0626973	0.0685964	0.013248	0.874593	0.0452326	1.11031	0.0372578	4.51078e-05
10042	1	100	25	500	0.13627	0.118919	0.0509056	0.0680135	0.0173507	0.888083	0.0346325	1.10343	0.0328644	4.56454e-05
10043	1	100	31	500	0.135189	0.120221	0.0522651	0.0679555	0.0149683	0.883628	0.0450909	1.10205	0.03687	4.60718e-05
10044	1	100	22	500	0.151108	0.136635	0.0692559	0.0673789	0.0144736	0.870876	0.0382028	1.12137	0.0346234	4.55533e-05
10045	1	100	21	500	0.145543	0.133524	0.0659677	0.067556	0.0120189	0.874208	0.0363656	1.12079	0.0306294	4.62865e-05
10046	1	100	19	500	0.142901	0.129207	0.0620463	0.0671606	0.0136939	0.877149	0.0457616	1.11304	0.0426997	4.73528e-05
10047	1	100	23	500	0.142864	0.129161	0.0631471	0.0660134	0.0137039	0.877064	0.0408766	1.11393	0.0392092	4.73597e-05
10048	1	100	21	500	0.151136	0.135936	0.0682342	0.0677017	0.0152006	0.872336	0.0376726	1.12181	0.0351244	4.67021e-05
10049	1	100	23	500	0.136387	0.124199	0.0567642	0.0674344	0.0121885	0.880176	0.0380136	1.11058	0.0330137	4.68526e-05
10050	1	100	21	500	0.140388	0.124473	0.0565633	0.0679096	0.0159147	0.879846	0.0406471	1.10684	0.0348742	4.66554e-05
10051	1	100	25	500	0.137268	0.119829	0.0517847	0.068044	0.0174397	0.885484	0.0381791	1.10473	0.0314477	4.67562e-05
10052	1	100	26	500	0.150357	0.127101	0.0570833	0.0700176	0.023256	0.88019	0.0356308	1.10927	0.0348795	4.67824e-05
10053	1	100	27	500	0.145701	0.123342	0.0531756	0.0701666	0.0223592	0.882713	0.0395327	1.10412	0.0317029	4.74443e-05
10054	1	100	27	500	0.158192	0.130006	0.0582545	0.0717513	0.0281858	0.874954	0.0421494	1.10553	0.0366349	4.80841e-05
10055	1	100	26	500	0.151817	0.125799	0.0550056	0.0707931	0.0260179	0.880367	0.0380183	1.10468	0.0320957	4.86092e-05
10056	1	100	26	500	0.145744	0.121956	0.0510157	0.0709402	0.0237877	0.883882	0.0418518	1.1022	0.0369843	4.86682e-05
10057	1	100	26	500	0.153736	0.123057	0.0530175	0.0700395	0.0306787	0.883582	0.0376822	1.10093	0.034658	4.9137e-05
10058	1	100	26	500	0.172272	0.139807	0.07413	0.0656773	0.0324649	0.86853	0.0281614	1.11331	0.0257847	4.83492e-05
10059	1	100	25	500	0.161223	0.133758	0.0682851	0.0654731	0.0274645	0.87335	0.0326741	1.10863	0.0339102	4.8272e-05
10060	1	100	28	500	0.164024	0.134978	0.0670761	0.0679023	0.029046	0.87292	0.0355272	1.11061	0.03127	4.81942e-05
10061	1	100	25	500	0.168533	0.139381	0.0728403	0.0665405	0.0291523	0.869136	0.0324526	1.11434	0.0301675	4.86411e-05
10062	1	100	23	500	0.182366	0.14801	0.081154	0.0668558	0.0343566	0.860992	0.0414689	1.1151	0.0400372	4.89723e-05
10063	1	100	24	500	0.20741	0.159819	0.093271	0.0665484	0.0475906	0.848779	0.0521645	1.10691	0.0506503	4.80716e-05
10064	1	100	25	500	0.188834	0.154056	0.0896776	0.0643789	0.0347772	0.854617	0.0390319	1.12153	0.0386153	4.90161e-05
10065	1	100	25	500	0.188795	0.153979	0.0868206	0.0671585	0.0348157	0.856873	0.0334403	1.12724	0.0315427	4.95616e-05
10066	1	100	23	500	0.179437	0.15412	0.093118	0.0610018	0.0253172	0.852876	0.0337702	1.12735	0.0308512	4.8422e-05
10067	1	100	23	500	0.161033	0.147936	0.087336	0.0606	0.013097	0.859462	0.0306689	1.13443	0.0313578	4.86677e-05
10068	1	100	18	500	0.15623	0.143561	0.0786269	0.0649343	0.012669	0.863609	0.0325937	1.13069	0.0329056	4.89846e-05
10069	1	100	20	500	0.165207	0.150485	0.0877359	0.0627488	0.0147223	0.857775	0.0383609	1.13299	0.0344041	4.70491e-05
10070	1	100	21	500	0.166893	0.153274	0.0917357	0.0615383	0.0136186	0.854673	0.037539	1.13439	0.0318317	4.7017e-05
10071	1	100	18	500	0.171575	0.160009	0.0995775	0.0604319	0.0115656	0.849002	0.0318908	1.1433	0.0285306	4.75778e-05
10072	1	100	22	500	0.172566	0.160253	0.101391	0.0588621	0.0123128	0.847778	0.0349425	1.13968	0.032112	4.59646e-05
10073	1	100	19	500	0.175339	0.160441	0.0991901	0.0612509	0.0148981	0.848024	0.0298594	1.13964	0.0277462	4.72873e-05
10074	1	100	21	500	0.166436	0.154813	0.0948939	0.0599194	0.0116224	0.853058	0.0328966	1.13755	0.0288087	4.81364e-05
10075	1	100	19	500	0.167969	0.153658	0.0896768	0.0639807	0.0143115	0.854159	0.0368444	1.13516	0.036946	4.92335e-05
10076	1	100	22	500	0.161527	0.150173	0.08694	0.0632326	0.0113542	0.856292	0.0398065	1.13201	0.0321084	4.95371e-05
10077	1	100	21	500	0.160214	0.148009	0.0850588	0.0629497	0.0122058	0.860951	0.0351633	1.13185	0.0384367	4.90277e-05
10078	1	100	18	500	0.155878	0.145307	0.0871401	0.0581673	0.0105711	0.861227	0.0374536	1.12686	0.0386556	4.77416e-05
10079	1	100	18	500	0.153858	0.142026	0.0823356	0.0596902	0.0118318	0.865878	0.0399647	1.12466	0.0457386	4.87917e-05
10080	1	100	19	500	0.157109	0.144803	0.0862923	0.0585112	0.0123051	0.860878	0.0428423	1.11945	0.0471256	4.78781e-05
10081	1	100	19	500	0.161318	0.149132	0.0888873	0.0602442	0.0121865	0.858747	0.0429762	1.12811	0.044054	4.89851e-05
10082	1	100	21	500	0.159617	0.147708	0.0848182	0.06289	0.0119085	0.860034	0.0385776	1.1271	0.0421791	4.87902e-05
10083	1	100	19	500	0.154563	0.143112	0.0783307	0.0647814	0.0114513	0.863844	0.0390848	1.12568	0.0416161	5.07139e-05
10084	1	100	21	500	0.160453	0.148674	0.0825457	0.0661283	0.0117794	0.859656	0.0357895	1.13333	0.0345666	4.9905e-05
10085	1	100	18	500	0.158878	0.1459	0.0789963	0.0669036	0.0129785	0.861363	0.0386836	1.12704	0.0423629	5.00314e-05
10086	1	100	17	500	0.163073	0.151768	0.0858485	0.0659194	0.011305	0.854726	0.0429978	1.13209	0.0380925	4.92069e-05
10087	1	100	19	500	0.163522	0.152574	0.0881084	0.064466	0.0109479	0.856269	0.0410645	1.13534	0.0403683	4.7612e-05
10088	1	100	22	500	0.166241	0.154376	0.0906218	0.063754	0.0118648	0.852573	0.0349692	1.13234	0.0394816	4.84849e-05
10089	1	100	20	500	0.166505	0.153974	0.0900708	0.0639032	0.0125308	0.853977	0.0388784	1.13135	0.0415745	4.90173e-05
10090	1	100	22	500	0.16455	0.151387	0.08695	0.0644373	0.0131622	0.857717	0.0434501	1.13033	0.0514455	4.96082e-05
10091	1	100	19	500	0.160715	0.148242	0.0820203	0.0662218	0.0124728	0.85932	0.040974	1.12911	0.041825	5.02035e-05
10092	1	100	21	500	0.190523	0.152082	0.078809	0.0732725	0.0384419	0.855491	0.0516622	1.12068	0.063833	4.99386e-05
10093	1	100	20	500	0.179564	0.147558	0.0727354	0.0748227	0.0320063	0.861286	0.0486472	1.12408	0.063077	4.93299e-05
10094	1	100	19	500	0.186008	0.147848	0.0748979	0.0729504	0.0381593	0.861	0.0548055	1.1186	0.0641905	5.02852e-05
10095	1	100	20	500	0.154108	0.142547	0.0747124	0.0678343	0.0115613	0.865491	0.0347987	1.12924	0.0356739	5.0562e-05
10096	1	100	20	500	0.150354	0.139468	0.0730376	0.0664299	0.0108867	0.8664	0.0367114	1.12555	0.041775	4.97094e-05
10097	1	100	24	500	0.1447	0.133322	0.0661529	0.067169	0.0113783	0.872727	0.035045	1.12269	0.0367674	4.78219e-05
10098	1	100	22	500	0.151002	0.136729	0.0687709	0.0679579	0.0142731	0.868177	0.0393716	1.12108	0.0426727	4.99969e-05
10099	1	100	24	500	0.144101	0.132306	0.0647137	0.0675921	0.0117955	0.873095	0.0367006	1.12132	0.0388858	4.83846e-05
10100	1	100	22	500	0.139604	0.127652	0.0633369	0.0643153	0.0119522	0.878776	0.0349613	1.1202	0.0374127	4.55543e-05
10101	1	100	21	500	0.139662	0.126149	0.058459	0.0676901	0.0135124	0.880728	0.0356673	1.11611	0.0361604	4.79532e-05
