Generation	PopulationID	SampleSize	UniqueMutations	PopulationSize	totalLoad	RelzLoad	RelzLoadHomo	RelzLoadHetero	MskLoad	MeanFitness	SdFitness	MeanFitnessCached	SdFitnessCached	Heterozygosity	
10001	1	100	53	500	0.171129	0.154433	0.0700005	0.0844321	0.0166965	0.852651	0.04987	1.15084	0.0588689	3.91732e-05
10002	1	100	43	500	0.191555	0.168505	0.0726367	0.0958687	0.0230492	0.842389	0.0532855	1.16306	0.0598093	3.79099e-05
10003	1	100	39	500	0.188023	0.171636	0.0707483	0.100887	0.0163873	0.838758	0.0538659	1.16853	0.0637316	3.80118e-05
10004	1	100	34	500	0.185196	0.168337	0.0670895	0.101248	0.016859	0.8405	0.0540635	1.16349	0.0621069	3.72809e-05
10005	1	100	30	500	0.176632	0.159732	0.0608644	0.0988674	0.0168997	0.850084	0.049593	1.15582	0.0583669	3.84287e-05
10006	1	100	32	500	0.181804	0.162246	0.0597349	0.102511	0.0195582	0.845645	0.0612769	1.15046	0.0651451	3.79696e-05
10007	1	100	32	500	0.180459	0.164546	0.060224	0.104322	0.0159135	0.845364	0.0432661	1.16094	0.0515196	3.83209e-05
10008	1	100	28	500	0.163201	0.155463	0.0600697	0.0953937	0.00773743	0.852217	0.0448893	1.15778	0.0571039	3.75066e-05
10009	1	100	30	500	0.164858	0.1582	0.0643464	0.0938539	0.00665779	0.850058	0.0471686	1.16176	0.0572351	3.61842e-05
10010	1	100	26	500	0.157886	0.150196	0.0596964	0.0904992	0.00769011	0.855485	0.0552361	1.14988	0.0646289	3.73649e-05
10011	1	100	27	500	0.161434	0.155366	0.0617498	0.0936157	0.00606885	0.853026	0.053496	1.15962	0.0664883	3.71652e-05
10012	1	100	26	500	0.179424	0.172683	0.0721959	0.100487	0.00674076	0.837303	0.0553944	1.17801	0.0688205	3.71506e-05
10013	1	100	27	500	0.187567	0.179341	0.076131	0.10321	0.00822597	0.831482	0.0527477	1.18469	0.0690005	3.69262e-05
10014	1	100	26	500	0.193483	0.185349	0.0783758	0.106973	0.00813445	0.824424	0.0487748	1.18906	0.0629037	3.68198e-05
10015	1	100	29	500	0.19716	0.18735	0.0810295	0.106321	0.00981027	0.824268	0.0521306	1.19295	0.0675532	3.50734e-05
10016	1	100	26	500	0.203851	0.190371	0.0800714	0.1103	0.0134804	0.822011	0.0531795	1.19375	0.0637188	3.80104e-05
10017	1	100	25	500	0.189381	0.180631	0.0772355	0.103395	0.0087497	0.830572	0.052749	1.18608	0.0653363	3.79389e-05
10018	1	100	24	500	0.177487	0.170914	0.0695872	0.101327	0.00657282	0.838747	0.0465407	1.17591	0.0610881	3.8663e-05
10019	1	100	25	500	0.175777	0.167848	0.0680335	0.0998146	0.00792922	0.841872	0.0528942	1.17183	0.0668298	3.9339e-05
10020	1	100	23	500	0.177031	0.169096	0.0693622	0.0997334	0.0079357	0.841335	0.0554966	1.17351	0.0716451	3.94995e-05
10021	1	100	26	500	0.168954	0.159952	0.06754	0.0924116	0.00900207	0.849056	0.0523133	1.16182	0.0647516	4.03027e-05
10022	1	100	28	500	0.164968	0.154092	0.0627926	0.0912993	0.0108763	0.853896	0.0540937	1.15294	0.0654107	3.9593e-05
10023	1	100	28	500	0.185189	0.170715	0.0660568	0.104658	0.0144734	0.838009	0.0541152	1.16687	0.0669429	4.11706e-05
10024	1	100	26	500	0.177175	0.168116	0.0665769	0.10154	0.00905832	0.84143	0.0596513	1.17027	0.0755571	3.94868e-05
10025	1	100	26	500	0.161583	0.155624	0.059405	0.0962191	0.00595924	0.852446	0.0593523	1.15825	0.0710557	3.84739e-05
10026	1	100	28	500	0.187643	0.180437	0.079337	0.1011	0.00720599	0.830293	0.0620165	1.18596	0.0783726	3.74966e-05
10027	1	100	25	500	0.207836	0.199413	0.0969069	0.102506	0.00842334	0.813336	0.0389858	1.20603	0.0503801	3.67371e-05
10028	1	100	29	500	0.207031	0.197628	0.0981618	0.0994662	0.00940305	0.814827	0.0469239	1.20272	0.0597713	3.60224e-05
10029	1	100	25	500	0.203937	0.194475	0.0897651	0.10471	0.0094619	0.817727	0.0492116	1.19948	0.062668	3.72329e-05
10030	1	100	22	500	0.196432	0.187147	0.0863379	0.100809	0.00928546	0.824282	0.0445349	1.19097	0.0614935	3.8313e-05
10031	1	100	22	500	0.182334	0.173778	0.0801437	0.0936341	0.0085558	0.836332	0.0484408	1.17636	0.0627294	3.98593e-05
10032	1	100	19	500	0.188384	0.181262	0.0846029	0.0966587	0.00712237	0.829376	0.0499772	1.1841	0.0670429	3.99817e-05
10033	1	100	20	500	0.176781	0.168203	0.078517	0.0896859	0.00857836	0.839959	0.0380996	1.1654	0.0505308	4.03056e-05
10034	1	100	20	500	0.188269	0.180106	0.0870407	0.0930651	0.00816315	0.82996	0.0451001	1.18077	0.0624732	3.98036e-05
10035	1	100	20	500	0.187017	0.179121	0.0884946	0.0906265	0.00789635	0.831026	0.0432485	1.17979	0.0617843	3.94582e-05
10036	1	100	19	500	0.184966	0.176484	0.0865687	0.0899152	0.00848247	0.832966	0.0448608	1.17469	0.0615776	3.94357e-05
10037	1	100	18	500	0.18159	0.174176	0.0843473	0.0898286	0.00741391	0.834716	0.0469327	1.17466	0.0614202	3.9846e-05
10038	1	100	16	500	0.169739	0.162551	0.0776371	0.0849142	0.00718789	0.846221	0.0508628	1.16344	0.0598396	4.01935e-05
10039	1	100	18	500	0.1799	0.17323	0.0810043	0.0922254	0.00667037	0.835667	0.0505928	1.17375	0.0579256	4.05402e-05
10040	1	100	17	500	0.184396	0.177477	0.0861711	0.0913058	0.00691932	0.832359	0.0454934	1.17903	0.0520788	3.91618e-05
10041	1	100	19	500	0.188455	0.181088	0.0892815	0.091807	0.00736692	0.828513	0.0534217	1.18122	0.0606868	3.90065e-05
10042	1	100	19	500	0.198244	0.190124	0.0994268	0.090697	0.00812057	0.822066	0.051832	1.1914	0.0614705	3.67857e-05
10043	1	100	17	500	0.196354	0.188651	0.0970088	0.0916427	0.00770253	0.822227	0.0505966	1.18871	0.0594861	3.80517e-05
10044	1	100	18	500	0.199883	0.191316	0.0997429	0.0915726	0.0085677	0.819439	0.0519482	1.18974	0.0636689	3.75864e-05
10045	1	100	19	500	0.21132	0.204865	0.120302	0.0845626	0.00645483	0.807749	0.0530822	1.20701	0.0615913	3.26134e-05
10046	1	100	19	500	0.212719	0.206087	0.120813	0.0852745	0.00663148	0.806048	0.0574259	1.20639	0.0634441	3.29055e-05
10047	1	100	19	500	0.209085	0.202437	0.121069	0.0813681	0.00664746	0.809129	0.0487994	1.20577	0.0533423	3.17815e-05
10048	1	100	20	500	0.217251	0.210838	0.134126	0.0767126	0.00641227	0.800993	0.0513014	1.21436	0.0572202	3.00963e-05
10049	1	100	20	500	0.218505	0.20879	0.127945	0.080845	0.00971513	0.803926	0.0455236	1.21319	0.0520441	2.98121e-05
10050	1	100	19	500	0.211429	0.205624	0.112036	0.0935882	0.0058052	0.80702	0.0455805	1.21275	0.0534078	3.38842e-05
10051	1	100	24	500	0.211727	0.20401	0.113789	0.0902203	0.00771762	0.809131	0.0488905	1.20919	0.0579414	3.39568e-05
10052	1	100	22	500	0.22523	0.218421	0.133532	0.0848885	0.00680928	0.796036	0.0466685	1.22605	0.0556138	3.09641e-05
10053	1	100	22	500	0.21849	0.211387	0.109225	0.102162	0.00710365	0.802262	0.049961	1.21753	0.0592361	3.609e-05
10054	1	100	24	500	0.219574	0.209138	0.100583	0.108555	0.0104367	0.804757	0.0564153	1.21221	0.0678035	3.87886e-05
10055	1	100	26	500	0.224583	0.213155	0.110681	0.102474	0.0114281	0.802012	0.0480051	1.21851	0.0624725	3.70237e-05
10056	1	100	25	500	0.218358	0.204069	0.102449	0.10162	0.0142892	0.809193	0.0469262	1.20532	0.0597219	3.81815e-05
10057	1	100	21	500	0.230333	0.212087	0.11182	0.100267	0.0182455	0.802525	0.0515238	1.20927	0.0606032	3.70893e-05
10058	1	100	21	500	0.229379	0.209138	0.104715	0.104422	0.0202415	0.806003	0.0440399	1.2049	0.0555994	3.98114e-05
10059	1	100	25	500	0.247447	0.223707	0.116093	0.107613	0.0237408	0.793096	0.0440482	1.21675	0.0554998	3.88229e-05
10060	1	100	26	500	0.26402	0.237615	0.146195	0.0914206	0.0264051	0.779951	0.0452794	1.22534	0.0549669	3.24229e-05
10061	1	100	27	500	0.282191	0.250235	0.15222	0.0980151	0.0319562	0.766726	0.048805	1.23026	0.063333	3.24325e-05
10062	1	100	28	500	0.280794	0.24952	0.146455	0.103066	0.0312731	0.770847	0.038269	1.2358	0.0508042	3.39808e-05
10063	1	100	26	500	0.291994	0.258774	0.143875	0.114899	0.0332192	0.763293	0.0339129	1.24635	0.048587	3.62176e-05
10064	1	100	23	500	0.294644	0.260137	0.138215	0.121922	0.0345071	0.764917	0.032582	1.25036	0.0455937	3.8604e-05
10065	1	100	21	500	0.301844	0.259108	0.131701	0.127407	0.042736	0.766236	0.0360936	1.24556	0.0429602	4.01292e-05
10066	1	100	23	500	0.301754	0.255163	0.129228	0.125934	0.0465919	0.765071	0.0434067	1.22945	0.0547281	3.99925e-05
10067	1	100	23	500	0.298333	0.255004	0.137551	0.117453	0.0433298	0.766453	0.0438301	1.23328	0.0663863	3.82749e-05
10068	1	100	22	500	0.285763	0.245249	0.119442	0.125807	0.040514	0.77634	0.0361919	1.2319	0.0458748	4.13718e-05
10069	1	100	22	500	0.278194	0.250737	0.12385	0.126887	0.0274566	0.767072	0.0403987	1.24134	0.0614095	4.15859e-05
10070	1	100	23	500	0.268601	0.244245	0.118171	0.126074	0.0243553	0.776441	0.0369476	1.24125	0.0496318	4.19939e-05
10071	1	100	21	500	0.266377	0.245231	0.11541	0.129821	0.0211462	0.776212	0.0406607	1.24726	0.0562524	4.29531e-05
10072	1	100	22	500	0.283828	0.256464	0.125067	0.131397	0.027364	0.766772	0.0403635	1.25138	0.0549718	4.32538e-05
10073	1	100	20	500	0.284007	0.257888	0.124088	0.133801	0.0261184	0.766357	0.0364058	1.25645	0.0499717	4.46876e-05
10074	1	100	21	500	0.306578	0.269693	0.135118	0.134576	0.0368849	0.757561	0.0486428	1.24664	0.0743515	4.32206e-05
10075	1	100	20	500	0.305011	0.273161	0.140758	0.132403	0.0318499	0.755824	0.0400222	1.26517	0.0643665	4.29057e-05
10076	1	100	22	500	0.295514	0.268719	0.134508	0.134211	0.0267948	0.757243	0.0386263	1.2686	0.0607803	4.38946e-05
10077	1	100	21	500	0.278314	0.25844	0.126659	0.131781	0.0198741	0.762882	0.0361039	1.2607	0.0543946	4.37574e-05
10078	1	100	21	500	0.279105	0.258403	0.128221	0.130182	0.0207021	0.765667	0.0439152	1.26268	0.0641704	4.52601e-05
10079	1	100	17	500	0.284903	0.263361	0.132755	0.130607	0.0215418	0.761656	0.0392301	1.26764	0.0624216	4.27956e-05
10080	1	100	19	500	0.28925	0.26434	0.134846	0.129494	0.02491	0.761482	0.0450964	1.26438	0.0604564	4.31089e-05
10081	1	100	19	500	0.285489	0.265461	0.132905	0.132556	0.0200288	0.760748	0.0565741	1.27223	0.0829527	4.436e-05
10082	1	100	19	500	0.278015	0.262805	0.131374	0.131431	0.0152096	0.762021	0.0546763	1.27143	0.0787863	4.49429e-05
10083	1	100	19	500	0.293087	0.276583	0.14469	0.131893	0.0165037	0.751671	0.04735	1.2862	0.0662236	4.3996e-05
10084	1	100	19	500	0.290082	0.272742	0.140619	0.132123	0.0173403	0.751628	0.0580489	1.27513	0.0821958	4.46888e-05
10085	1	100	20	500	0.301778	0.283145	0.152947	0.130198	0.0186334	0.746884	0.0554925	1.2933	0.0759898	4.46337e-05
10086	1	100	18	500	0.313283	0.292867	0.16141	0.131457	0.0204162	0.739045	0.0486918	1.30192	0.0656807	4.39591e-05
10087	1	100	17	500	0.327005	0.303135	0.175261	0.127874	0.0238702	0.732006	0.0536843	1.31124	0.0785831	4.33174e-05
10088	1	100	20	500	0.327045	0.304343	0.181081	0.123262	0.0227019	0.731363	0.0553716	1.31506	0.0804297	4.16487e-05
10089	1	100	20	500	0.31881	0.302475	0.188254	0.114221	0.0163348	0.730157	0.058582	1.31579	0.0860563	4.04575e-05
10090	1	100	20	500	0.32812	0.312482	0.199538	0.112944	0.0156378	0.723443	0.0561049	1.32854	0.0748153	3.93184e-05
10091	1	100	17	500	0.327975	0.311038	0.194444	0.116594	0.016937	0.722556	0.0585197	1.32197	0.0854912	4.02374e-05
10092	1	100	19	500	0.324903	0.309362	0.196966	0.112396	0.0155418	0.726651	0.055166	1.32828	0.0829001	4.02102e-05
10093	1	100	19	500	0.31621	0.301682	0.186505	0.115177	0.0145279	0.732943	0.0625019	1.3181	0.0820005	4.19991e-05
10094	1	100	19	500	0.305866	0.293553	0.175909	0.117644	0.0123126	0.738771	0.0608311	1.31007	0.0850533	4.30773e-05
10095	1	100	19	500	0.296625	0.285738	0.181151	0.104588	0.0108864	0.744463	0.0535054	1.30522	0.0759093	3.94647e-05
10096	1	100	21	500	0.295291	0.285163	0.180881	0.104282	0.0101273	0.746461	0.0534217	1.3072	0.0802402	4.10391e-05
10097	1	100	16	500	0.291447	0.280085	0.171154	0.10893	0.0113624	0.749495	0.0560764	1.29912	0.0835623	4.23367e-05
10098	1	100	19	500	0.288761	0.277698	0.171556	0.106142	0.0110631	0.750802	0.0495702	1.29668	0.0772129	4.09586e-05
10099	1	100	21	500	0.301471	0.275593	0.15091	0.124683	0.0258776	0.753819	0.0545042	1.28383	0.0884707	4.57713e-05
10100	1	100	19	500	0.306852	0.291769	0.166273	0.125496	0.0150826	0.740877	0.0682003	1.30381	0.0955241	4.58873e-05
10101	1	100	23	500	0.332639	0.319491	0.200661	0.118831	0.0131472	0.719301	0.0713526	1.33268	0.0958742	4.22606e-05
