Generation	PopulationID	SampleSize	UniqueMutations	PopulationSize	totalLoad	RelzLoad	RelzLoadHomo	RelzLoadHetero	MskLoad	MeanFitness	SdFitness	MeanFitnessCached	SdFitnessCached	Heterozygosity	
10001	1	100	34	500	0.439602	0.430871	0.388004	0.0428672	0.00873055	0.614168	0.041919	1.44871	0.0691667	2.02992e-05
10002	1	100	29	500	0.173539	0.164478	0.126705	0.0377726	0.00906152	0.836976	0.0511781	1.14782	0.0523632	1.97799e-05
10003	1	100	28	500	0.178739	0.168502	0.127482	0.0410201	0.0102363	0.833558	0.0493372	1.15167	0.0537134	1.94215e-05
10004	1	100	27	500	0.181615	0.178503	0.144657	0.0338467	0.00311141	0.823731	0.0433198	1.16312	0.0445316	1.78693e-05
10005	1	100	19	500	0.176066	0.172746	0.138228	0.034518	0.00332037	0.829059	0.0451807	1.1566	0.0442737	1.76271e-05
10006	1	100	14	500	0.176337	0.170497	0.136882	0.033615	0.00584014	0.831236	0.0465195	1.15173	0.0458409	1.66706e-05
10007	1	100	12	500	0.189337	0.186688	0.163998	0.02269	0.0026492	0.814552	0.0362135	1.16769	0.0384969	1.66543e-05
10008	1	100	12	500	0.202678	0.195892	0.180558	0.0153341	0.00678538	0.805985	0.0270915	1.17675	0.0271514	1.53181e-05
10009	1	100	12	500	0.204309	0.198354	0.184585	0.0137686	0.00595561	0.804202	0.0218939	1.17994	0.0211646	1.47413e-05
10010	1	100	10	500	0.211673	0.201317	0.192787	0.00852951	0.010356	0.801259	0.016671	1.17993	0.019567	1.45258e-05
10011	1	100	11	500	0.203652	0.198405	0.186945	0.0114595	0.00524761	0.803924	0.0195853	1.18142	0.0193876	1.4776e-05
10012	1	100	14	500	0.21349	0.203006	0.18939	0.0136156	0.0104837	0.799596	0.00850888	1.18167	0.0114562	1.51367e-05
10013	1	100	14	500	0.207494	0.202022	0.193018	0.00900365	0.00547184	0.799912	0.00719797	1.18474	0.0115783	1.47401e-05
10014	1	100	14	500	0.213502	0.204671	0.188868	0.015803	0.00883076	0.798168	0.0121365	1.18695	0.0180305	1.48476e-05
10015	1	100	15	500	0.219389	0.206564	0.192634	0.0139306	0.012825	0.796593	0.0156821	1.18641	0.0192437	1.42717e-05
10016	1	100	11	500	0.222093	0.205884	0.192794	0.0130904	0.016209	0.797139	0.0146239	1.18494	0.023637	1.38581e-05
10017	1	100	14	500	0.21478	0.203588	0.188945	0.0146429	0.0111919	0.79915	0.0126781	1.18551	0.0194942	1.50696e-05
10018	1	100	14	500	0.215502	0.203193	0.180172	0.0230209	0.0123095	0.799786	0.0146002	1.18701	0.0216011	1.47026e-05
10019	1	100	17	500	0.202375	0.199836	0.171527	0.0283096	0.00253842	0.802623	0.00881643	1.18937	0.0107858	1.58345e-05
10020	1	100	13	500	0.206753	0.19947	0.176122	0.0233474	0.00728287	0.802846	0.00844901	1.18591	0.0110793	1.4883e-05
10021	1	100	13	500	0.208356	0.199808	0.172825	0.0269826	0.00854805	0.803073	0.00749364	1.18605	0.01049	1.46017e-05
10022	1	100	14	500	0.204321	0.199463	0.180468	0.0189954	0.00485743	0.802874	0.00578461	1.18619	0.00803084	1.49434e-05
10023	1	100	13	500	0.208867	0.200593	0.173938	0.0266553	0.00827451	0.802169	0.0091237	1.18517	0.0134651	1.58967e-05
10024	1	100	15	500	0.221189	0.203773	0.184664	0.0191091	0.0174168	0.799505	0.010513	1.1816	0.0154453	1.48161e-05
10025	1	100	14	500	0.218287	0.203003	0.186303	0.0167004	0.015284	0.79976	0.00976203	1.18182	0.0147494	1.54969e-05
10026	1	100	12	500	0.223891	0.204599	0.190856	0.0137429	0.0192916	0.798969	0.0101782	1.17987	0.0148058	1.61623e-05
10027	1	100	15	500	0.222768	0.204233	0.193036	0.011197	0.0185354	0.798956	0.0103577	1.17956	0.0151221	1.56459e-05
10028	1	100	13	500	0.210695	0.20133	0.192791	0.00853925	0.00936411	0.800915	0.00708024	1.18249	0.0103258	1.5985e-05
10029	1	100	10	500	0.00908825	0.00487035	0.00369551	0.00117484	0.0042179	0.995422	0.00413451	0.995671	0.00435889	1.53755e-05
10030	1	100	9	500	0.0102527	0.00552539	0.00430244	0.00122294	0.0047273	0.9944	0.00565829	0.994806	0.00597266	1.54647e-05
10031	1	100	8	500	0.0127032	0.00704675	0.00563264	0.00141411	0.00565642	0.9911	0.0122078	0.994038	0.0129028	1.60795e-05
10032	1	100	7	500	0.0134447	0.00926742	0.00593183	0.00333559	0.0041773	0.990779	0.0136034	0.995405	0.0126505	1.55581e-05
10033	1	100	8	500	0.0132991	0.00918464	0.00681867	0.00236597	0.0041145	0.991165	0.0101043	0.993859	0.0110486	1.58721e-05
10034	1	100	11	500	0.0138417	0.0098129	0.00720125	0.00261165	0.00402877	0.989525	0.0125519	0.992987	0.0124632	1.59668e-05
10035	1	100	9	500	0.0203888	0.0128807	0.00742023	0.00546044	0.00750816	0.987112	0.0180009	0.99444	0.018492	1.53169e-05
10036	1	100	11	500	0.0243496	0.0129824	0.0079677	0.00501468	0.0113672	0.987546	0.0160167	0.992083	0.0167307	1.45998e-05
10037	1	100	10	500	0.0221795	0.0115609	0.00890622	0.00265466	0.0106186	0.988121	0.010634	0.988121	0.010634	1.4813e-05
10038	1	100	13	500	0.016949	0.0103521	0.00870286	0.00164923	0.00659692	0.989259	0.00806266	0.989259	0.00806266	1.52816e-05
10039	1	100	10	500	0.0206675	0.0112464	0.00889115	0.00235526	0.00942104	0.987493	0.0118435	0.987767	0.0119375	1.58562e-05
10040	1	100	11	500	0.0361265	0.0142051	0.0087248	0.00548035	0.0219214	0.986022	0.0133421	0.986468	0.0135544	1.67021e-05
10041	1	100	10	500	0.036368	0.0139037	0.00819093	0.00571279	0.0224642	0.98686	0.0135069	0.987052	0.0135658	1.53684e-05
10042	1	100	11	500	0.0318968	0.0115124	0.00641631	0.00509609	0.0203844	0.989674	0.0146657	0.989743	0.0146991	1.68963e-05
10043	1	100	10	500	0.0485358	0.0151277	0.00677573	0.00835202	0.0334081	0.985349	0.0210274	0.985349	0.0210274	1.68769e-05
10044	1	100	11	500	0.0645734	0.0203859	0.009339	0.0110469	0.0441875	0.980043	0.0283688	0.980043	0.0283688	1.56836e-05
10045	1	100	12	500	0.0726875	0.0218523	0.00914352	0.0127088	0.0508352	0.980011	0.0273469	0.980011	0.0273469	1.62043e-05
10046	1	100	10	500	0.0750077	0.0228731	0.0098232	0.0130499	0.0521345	0.979066	0.0282562	0.979188	0.0283021	1.5835e-05
10047	1	100	9	500	0.0818876	0.0252845	0.0111337	0.0141508	0.0566031	0.977368	0.0271361	0.977368	0.0271361	1.48393e-05
10048	1	100	10	500	0.0814118	0.0269945	0.0133792	0.0136153	0.0544173	0.977298	0.0272676	0.977318	0.0272354	1.59691e-05
10049	1	100	7	500	0.0972797	0.0344393	0.0186529	0.0157863	0.0628405	0.973468	0.0250423	0.97362	0.025154	1.60582e-05
10050	1	100	8	500	0.0838776	0.0278642	0.0138608	0.0140034	0.0560134	0.976846	0.0249533	0.976971	0.0250244	1.66432e-05
10051	1	100	6	500	0.0687933	0.0229688	0.0115126	0.0114561	0.0458245	0.979743	0.0207253	0.980013	0.0206336	1.6729e-05
10052	1	100	8	500	0.0709175	0.0236338	0.0118128	0.0118209	0.0472837	0.979347	0.0207774	0.979412	0.0208081	1.69645e-05
10053	1	100	11	500	0.0934293	0.0310816	0.0154901	0.0155914	0.0623477	0.966699	0.0711383	0.966708	0.0711375	1.67961e-05
10054	1	100	8	500	0.0923517	0.0309566	0.0156079	0.0153488	0.061395	0.970365	0.0647305	0.970374	0.0647331	1.58469e-05
10055	1	100	13	500	0.10583	0.035441	0.0177914	0.0176496	0.0703894	0.96361	0.0845871	0.963729	0.0846236	1.68653e-05
10056	1	100	11	500	0.10566	0.034421	0.0165955	0.0178255	0.071239	0.970263	0.0554361	0.97046	0.0555259	1.76806e-05
10057	1	100	13	500	0.100846	0.0316044	0.0141582	0.0174462	0.0692414	0.969812	0.0695996	0.970519	0.0698137	1.80618e-05
10058	1	100	13	500	0.0956321	0.0306796	0.0144415	0.0162381	0.0649525	0.976859	0.0259016	0.976859	0.0259016	1.72245e-05
10059	1	100	10	500	0.128569	0.0456705	0.0249458	0.0207247	0.0828988	0.967092	0.0326297	0.967092	0.0326297	1.65731e-05
10060	1	100	10	500	0.15359	0.0593404	0.0357781	0.0235623	0.0942493	0.938416	0.13046	0.938416	0.13046	1.57476e-05
10061	1	100	10	500	0.147324	0.0569926	0.0344097	0.0225829	0.0903317	0.935386	0.138386	0.935386	0.138386	1.5952e-05
10062	1	100	10	500	0.135026	0.0507437	0.0296573	0.0210864	0.0842828	0.943481	0.1266	0.943512	0.126613	1.60857e-05
10063	1	100	11	500	0.161942	0.0650934	0.0408614	0.024232	0.0968481	0.956837	0.0696615	0.957024	0.0697088	1.65571e-05
10064	1	100	12	500	0.129279	0.049139	0.0284013	0.0207377	0.0801405	0.958707	0.084773	0.960179	0.0854608	1.82531e-05
10065	1	100	12	500	0.114386	0.0413718	0.0223578	0.019014	0.0730144	0.96119	0.0845345	0.96273	0.0852161	1.88977e-05
10066	1	100	10	500	0.0998365	0.0343324	0.0179564	0.016376	0.0655042	0.968781	0.0696269	0.968781	0.0696269	1.83798e-05
10067	1	100	11	500	0.0857252	0.0286123	0.0143341	0.0142782	0.0571129	0.974099	0.0604796	0.974228	0.060534	1.85651e-05
10068	1	100	11	500	0.0808255	0.0265941	0.0130363	0.0135578	0.0542314	0.974259	0.06534	0.974259	0.06534	1.82973e-05
10069	1	100	12	500	0.109511	0.0356329	0.0171633	0.0184695	0.0738782	0.965732	0.078965	0.965785	0.0789873	1.91467e-05
10070	1	100	15	500	0.0975982	0.0326623	0.0160648	0.0165975	0.0649359	0.973939	0.0429906	0.974749	0.0433307	1.95391e-05
10071	1	100	11	500	0.078013	0.0250162	0.011767	0.0132492	0.0529968	0.980473	0.0246166	0.980474	0.0246174	1.97921e-05
10072	1	100	15	500	0.0720205	0.0227072	0.0103789	0.0123283	0.0493133	0.98142	0.023478	0.98142	0.023478	1.99909e-05
10073	1	100	15	500	0.0909209	0.0289534	0.0134615	0.0154919	0.0619676	0.974255	0.0551068	0.974255	0.0551068	2.04837e-05
10074	1	100	14	500	0.0790306	0.0245432	0.0109214	0.0136218	0.0544873	0.980385	0.0238374	0.980495	0.0239125	1.93304e-05
10075	1	100	15	500	0.064475	0.020371	0.00926862	0.0111023	0.044104	0.98307	0.0220817	0.983212	0.0217643	1.86417e-05
10076	1	100	13	500	0.0605118	0.01958	0.00818124	0.0113988	0.0409318	0.977657	0.0665277	0.97948	0.0623265	1.9419e-05
10077	1	100	11	500	0.0679859	0.0213162	0.00964879	0.0116674	0.0466697	0.976738	0.0604155	0.977823	0.0597582	2.02404e-05
10078	1	100	14	500	0.0674614	0.0221118	0.00913027	0.0129816	0.0453495	0.967098	0.105908	0.969385	0.101358	2.04309e-05
10079	1	100	13	500	0.0832896	0.0270704	0.0121843	0.0148861	0.0562192	0.979135	0.025115	0.980844	0.0223959	2.06302e-05
10080	1	100	12	500	0.120113	0.0419364	0.0223923	0.019544	0.0781762	0.967043	0.0650898	0.96736	0.0652369	2.09964e-05
10081	1	100	12	500	0.134079	0.0509287	0.0301413	0.0207875	0.0831498	0.949265	0.115648	0.949265	0.115648	2.12146e-05
10082	1	100	12	500	0.13549	0.0511542	0.0300702	0.0210839	0.0843357	0.950008	0.113353	0.950076	0.113353	2.12951e-05
10083	1	100	10	500	0.130781	0.0486898	0.0281669	0.0205228	0.0820914	0.946214	0.119041	0.946214	0.119041	1.96206e-05
10084	1	100	12	500	0.13339	0.0510512	0.0304665	0.0205847	0.0823387	0.940074	0.134857	0.940074	0.134857	1.87659e-05
10085	1	100	12	500	0.100679	0.0352663	0.0189132	0.0163531	0.0654123	0.975113	0.0261242	0.975113	0.0261242	1.84479e-05
10086	1	100	10	500	0.125535	0.0468357	0.0271609	0.0196748	0.0786992	0.956192	0.0911124	0.956192	0.0911124	1.77457e-05
10087	1	100	10	500	0.149878	0.0582878	0.0353903	0.0228975	0.09159	0.9442	0.108326	0.944219	0.108331	1.65825e-05
10088	1	100	10	500	0.143143	0.0550502	0.0330271	0.0220231	0.0880923	0.944749	0.111194	0.94483	0.111233	1.78026e-05
10089	1	100	11	500	0.151999	0.0598053	0.036757	0.0230484	0.0921935	0.930097	0.141406	0.930109	0.141407	1.74672e-05
10090	1	100	14	500	0.0940918	0.0333876	0.0181765	0.015211	0.0607042	0.969083	0.0573101	0.969163	0.0573053	1.57779e-05
10091	1	100	13	500	0.0687214	0.0236817	0.0124217	0.0112599	0.0450397	0.978473	0.0270053	0.978473	0.0270053	1.51913e-05
10092	1	100	10	500	0.0571038	0.0205261	0.0113816	0.00914442	0.0365777	0.976495	0.0602374	0.976552	0.060197	1.49453e-05
10093	1	100	9	500	0.0603788	0.0227157	0.0128436	0.00987214	0.0376631	0.976485	0.034777	0.977612	0.0335621	1.45667e-05
10094	1	100	7	500	0.0369144	0.0159154	0.0106656	0.00524976	0.020999	0.983747	0.0223013	0.983747	0.0223013	1.62516e-05
10095	1	100	7	500	0.0253808	0.0127797	0.00962943	0.00315028	0.0126011	0.988013	0.0101467	0.988013	0.0101467	1.54381e-05
10096	1	100	8	500	0.0325771	0.0156062	0.0113635	0.00424271	0.0169708	0.983326	0.0247769	0.983326	0.0247769	1.54579e-05
10097	1	100	12	500	0.0260418	0.0134112	0.0102177	0.00319351	0.0126306	0.986306	0.0136769	0.986679	0.0134743	1.39358e-05
10098	1	100	9	500	0.0320009	0.0158603	0.0118252	0.00403514	0.0161405	0.985411	0.0127562	0.9856	0.0127295	1.33307e-05
10099	1	100	10	500	0.0339743	0.0165117	0.0121461	0.00436564	0.0174626	0.982926	0.0244789	0.982926	0.0244789	1.39105e-05
10100	1	100	11	500	0.0376957	0.0179069	0.0129597	0.00494719	0.0197888	0.983524	0.0214191	0.983524	0.0214191	1.5682e-05
10101	1	100	13	500	0.0384004	0.0180616	0.0129518	0.00510983	0.0203388	0.979573	0.0350171	0.97967	0.0350205	1.74096e-05
