Generation	PopulationID	SampleSize	UniqueMutations	PopulationSize	totalLoad	RelzLoad	RelzLoadHomo	RelzLoadHetero	MskLoad	MeanFitness	SdFitness	MeanFitnessCached	SdFitnessCached	Heterozygosity	
10001	1	100	48	500	0.326374	0.315797	0.306615	0.00918175	0.0105775	0.703954	0.029468	1.28754	0.0295159	1.75422e-05
10002	1	100	27	500	0.314595	0.305057	0.287226	0.0178314	0.00953716	0.714691	0.0428427	1.27999	0.0379367	2.09643e-05
10003	1	100	24	500	0.319234	0.306251	0.288502	0.0177489	0.012983	0.714202	0.0449854	1.27784	0.040084	2.20201e-05
10004	1	100	26	500	0.320033	0.30671	0.287685	0.0190258	0.0133225	0.714031	0.0418693	1.2776	0.0381229	2.11853e-05
10005	1	100	23	500	0.266981	0.253178	0.234974	0.0182043	0.0138026	0.753399	0.0455544	1.21069	0.0357585	2.24341e-05
10006	1	100	19	500	0.279916	0.263359	0.251859	0.0115001	0.0165577	0.743912	0.033452	1.21658	0.0287361	1.91377e-05
10007	1	100	18	500	0.279568	0.2666	0.25941	0.00719061	0.0129679	0.740487	0.0237235	1.22144	0.0220723	1.79298e-05
10008	1	100	20	500	0.285964	0.263726	0.24973	0.0139961	0.0222382	0.745375	0.0337345	1.21615	0.0261992	2.24627e-05
10009	1	100	18	500	0.271727	0.256763	0.240753	0.01601	0.0149637	0.750314	0.0406928	1.21398	0.0316511	2.332e-05
10010	1	100	16	500	0.270003	0.251695	0.229869	0.0218257	0.0183079	0.755237	0.0507933	1.20614	0.0407559	2.41537e-05
10011	1	100	17	500	0.265505	0.249255	0.226603	0.0226516	0.0162505	0.757455	0.0499368	1.20609	0.0409425	2.554e-05
10012	1	100	18	500	0.275889	0.25651	0.237656	0.0188534	0.0193796	0.751099	0.0469524	1.20957	0.0386142	2.3906e-05
10013	1	100	17	500	0.278426	0.255196	0.232613	0.022583	0.0232295	0.754799	0.0508354	1.20695	0.0399006	2.55952e-05
10014	1	100	19	500	0.279402	0.258038	0.238652	0.0193851	0.0213647	0.751254	0.0435229	1.21014	0.0338361	2.48421e-05
10015	1	100	18	500	0.278379	0.258296	0.239979	0.0183171	0.0200827	0.749542	0.047275	1.20886	0.039602	2.3856e-05
10016	1	100	18	500	0.283059	0.26203	0.246578	0.0154525	0.021029	0.746545	0.0390936	1.21286	0.0305615	2.29414e-05
10017	1	100	23	500	0.268011	0.247666	0.222344	0.025322	0.0203456	0.76004	0.0508597	1.2048	0.0407839	2.79406e-05
10018	1	100	19	500	0.246561	0.229767	0.194315	0.0354512	0.0167949	0.775399	0.0700657	1.19146	0.0553617	3.18715e-05
10019	1	100	20	500	0.251761	0.238318	0.210121	0.0281974	0.0134426	0.767514	0.0560895	1.20196	0.0427596	2.84546e-05
10020	1	100	15	500	0.236691	0.220704	0.180586	0.0401178	0.0159872	0.785152	0.0733379	1.18794	0.0574217	3.28334e-05
10021	1	100	15	500	0.267194	0.235485	0.196776	0.0387087	0.0317093	0.772319	0.0709017	1.18877	0.0577021	3.21446e-05
10022	1	100	15	500	0.248187	0.223942	0.18188	0.0420619	0.0242444	0.783231	0.064351	1.1865	0.0488107	3.28032e-05
10023	1	100	15	500	0.254472	0.240232	0.213295	0.0269372	0.0142394	0.766254	0.0554291	1.20438	0.0433901	2.6458e-05
10024	1	100	11	500	0.228571	0.218403	0.185143	0.0332606	0.0101679	0.785504	0.0654272	1.18558	0.0503331	2.90085e-05
10025	1	100	13	500	0.235777	0.223976	0.193217	0.0307594	0.0118006	0.778779	0.0617642	1.18598	0.0492974	2.82474e-05
10026	1	100	8	500	0.243212	0.232062	0.206757	0.0253055	0.01115	0.772987	0.0545818	1.19429	0.0403851	2.64887e-05
10027	1	100	9	500	0.233275	0.224049	0.194414	0.0296349	0.00922592	0.779698	0.0623035	1.18896	0.0499459	2.82893e-05
10028	1	100	7	500	0.232929	0.222314	0.19081	0.0315037	0.0106152	0.782162	0.0633557	1.18735	0.0495373	2.91807e-05
10029	1	100	11	500	0.245669	0.236824	0.216575	0.0202487	0.00884533	0.767294	0.0487333	1.19941	0.0380149	2.44303e-05
10030	1	100	9	500	0.251326	0.244932	0.232168	0.0127643	0.0063936	0.759182	0.0424289	1.20682	0.0332432	2.13169e-05
10031	1	100	12	500	0.24595	0.241714	0.227563	0.0141508	0.00423635	0.761819	0.0424109	1.20549	0.033013	2.14846e-05
10032	1	100	13	500	0.248044	0.241956	0.227083	0.0148729	0.00608839	0.761659	0.0433273	1.20474	0.0354146	2.13347e-05
10033	1	100	8	500	0.241596	0.235173	0.214931	0.020242	0.00642295	0.768954	0.0497154	1.20012	0.0375556	2.38508e-05
10034	1	100	10	500	0.238434	0.234102	0.214184	0.0199179	0.00433227	0.769502	0.0496175	1.20041	0.0382833	2.4597e-05
10035	1	100	6	500	0.233039	0.231636	0.211268	0.0203674	0.0014032	0.771713	0.0507698	1.20025	0.0393116	2.44379e-05
10036	1	100	7	500	0.225518	0.222585	0.195285	0.0272999	0.00293318	0.780474	0.0624052	1.19245	0.0500823	2.75251e-05
10037	1	100	8	500	0.230884	0.22908	0.206681	0.0223991	0.00180453	0.773791	0.0533108	1.19761	0.0411436	2.50176e-05
10038	1	100	9	500	0.22119	0.216215	0.18392	0.0322958	0.00497433	0.786903	0.0649533	1.18671	0.0526674	2.91722e-05
10039	1	100	11	500	0.230574	0.225174	0.19852	0.0266537	0.0054005	0.778168	0.0561091	1.19342	0.0459432	2.70708e-05
10040	1	100	13	500	0.22974	0.219495	0.186831	0.0326644	0.0102445	0.784128	0.063508	1.18616	0.0504174	2.93616e-05
10041	1	100	10	500	0.231555	0.222802	0.192983	0.0298187	0.00875304	0.780836	0.0619537	1.18957	0.0497854	2.84663e-05
10042	1	100	10	500	0.228448	0.220377	0.189337	0.0310399	0.00807107	0.7831	0.0641439	1.18804	0.0512026	2.92861e-05
10043	1	100	11	500	0.215987	0.208683	0.17088	0.0378031	0.00730401	0.794669	0.0661411	1.18013	0.0518046	3.27354e-05
10044	1	100	11	500	0.22575	0.220311	0.190447	0.0298636	0.00543903	0.783076	0.0588917	1.18983	0.0450328	3.11945e-05
10045	1	100	13	500	0.235333	0.230313	0.207684	0.0226287	0.00502025	0.773053	0.0576764	1.198	0.0467569	2.8107e-05
10046	1	100	11	500	0.239469	0.233723	0.213055	0.0206673	0.00574633	0.769921	0.0551781	1.19988	0.0444371	2.82039e-05
10047	1	100	13	500	0.234208	0.229054	0.205437	0.023617	0.0051541	0.774193	0.0572453	1.19681	0.0456871	3.28136e-05
10048	1	100	15	500	0.241328	0.236706	0.218831	0.0178754	0.00462174	0.766692	0.0469637	1.20299	0.0366531	3.20426e-05
10049	1	100	16	500	0.250381	0.238305	0.218253	0.0200512	0.0120764	0.765661	0.0517148	1.19984	0.0414078	3.29253e-05
10050	1	100	16	500	0.238539	0.233331	0.212338	0.0209928	0.00520792	0.770294	0.0507016	1.19962	0.0386859	3.47692e-05
10051	1	100	14	500	0.247132	0.242761	0.229427	0.0133335	0.00437149	0.760809	0.0409419	1.20638	0.0323321	3.30807e-05
10052	1	100	16	500	0.250236	0.241526	0.224995	0.0165316	0.00871014	0.762762	0.0446638	1.20341	0.0338007	3.36812e-05
10053	1	100	15	500	0.257143	0.247506	0.235017	0.0124885	0.00963686	0.757398	0.0377976	1.20728	0.0285781	3.31229e-05
10054	1	100	15	500	0.257909	0.247578	0.234697	0.0128803	0.0103312	0.757441	0.0375947	1.2066	0.0294815	3.32954e-05
10055	1	100	14	500	0.268553	0.255767	0.247644	0.00812285	0.0127862	0.749709	0.0280782	1.20904	0.0249362	3.29608e-05
10056	1	100	14	500	0.275465	0.260259	0.253617	0.00664234	0.0152058	0.745938	0.0238142	1.20881	0.0259866	3.25455e-05
10057	1	100	15	500	0.278677	0.262316	0.256088	0.00622739	0.016361	0.742915	0.0253405	1.20556	0.032172	3.22291e-05
10058	1	100	12	500	0.276696	0.261676	0.255784	0.00589221	0.0150202	0.74497	0.0217148	1.20887	0.0248655	3.17817e-05
10059	1	100	14	500	0.277793	0.261363	0.253896	0.0074669	0.0164305	0.744628	0.026636	1.20556	0.0321157	3.16128e-05
10060	1	100	11	500	0.0252525	0.00807864	0.00371331	0.00436533	0.0171739	0.994076	0.0117189	0.994349	0.0116906	3.14178e-05
10061	1	100	13	500	0.0238886	0.00735175	0.0031457	0.00420605	0.0165368	0.993516	0.0152974	0.993709	0.0153308	3.16008e-05
10062	1	100	12	500	0.0242015	0.00768745	0.00350652	0.00418093	0.016514	0.99275	0.0183072	0.992855	0.0183486	3.06808e-05
10063	1	100	13	500	0.0320061	0.0103331	0.00485598	0.00547715	0.021673	0.991649	0.0167411	0.991916	0.0158331	3.23632e-05
10064	1	100	14	500	0.0301288	0.0107351	0.00583431	0.00490082	0.0193936	0.989439	0.024181	0.989711	0.0242871	3.19646e-05
10065	1	100	16	500	0.0343306	0.011557	0.00573192	0.00582509	0.0227735	0.987542	0.0284227	0.988366	0.0285111	3.14513e-05
10066	1	100	11	500	0.0371782	0.0145326	0.00876717	0.00576539	0.0226456	0.987724	0.0242887	0.987934	0.0243526	3.19425e-05
10067	1	100	8	500	0.0344929	0.0147182	0.00962609	0.0050921	0.0197747	0.983607	0.0329371	0.984289	0.0321108	3.22328e-05
10068	1	100	8	500	0.0380893	0.0175456	0.0122425	0.00530318	0.0205437	0.980619	0.0356459	0.98099	0.0357309	3.25333e-05
10069	1	100	7	500	0.038615	0.0185507	0.0132871	0.0052636	0.0200642	0.983369	0.0313551	0.983881	0.0315351	3.23058e-05
10070	1	100	10	500	0.041991	0.0212369	0.0156184	0.0056185	0.0207541	0.979382	0.0354404	0.980304	0.0358923	3.17408e-05
10071	1	100	11	500	0.0452742	0.0237468	0.0179351	0.00581165	0.0215274	0.981542	0.0313232	0.982454	0.0316837	3.06925e-05
10072	1	100	9	500	0.0479219	0.0262649	0.020415	0.0058499	0.021657	0.975945	0.0375726	0.97702	0.0379819	3.01255e-05
10073	1	100	8	500	0.0435446	0.0225158	0.0168803	0.00563553	0.0210289	0.978201	0.0366377	0.979002	0.0369706	3.1967e-05
10074	1	100	8	500	0.0407922	0.0202628	0.014793	0.00546976	0.0205294	0.978781	0.0373573	0.979871	0.0367665	3.25237e-05
10075	1	100	9	500	0.0427733	0.0213042	0.0154069	0.00589733	0.021469	0.977597	0.0372805	0.978754	0.0378115	3.12983e-05
10076	1	100	10	500	0.0517156	0.0286417	0.0222947	0.00634699	0.0230739	0.972686	0.0399488	0.973959	0.0405671	2.86455e-05
10077	1	100	14	500	0.0483055	0.0257885	0.0195334	0.00625513	0.022517	0.976315	0.0371357	0.977844	0.0374652	3.00121e-05
10078	1	100	12	500	0.0478549	0.0246671	0.0182287	0.00643839	0.0231878	0.97434	0.0396862	0.975836	0.0402403	3.06043e-05
10079	1	100	13	500	0.0417697	0.0195241	0.0132011	0.006323	0.0222456	0.979667	0.0353095	0.981417	0.0360696	3.19999e-05
10080	1	100	10	500	0.0453325	0.0219094	0.0154539	0.00645547	0.023423	0.978075	0.0359241	0.979404	0.0365778	3.26568e-05
10081	1	100	10	500	0.0368154	0.0167067	0.0111934	0.00551329	0.0201087	0.978569	0.0384608	0.979618	0.0388357	3.45539e-05
10082	1	100	7	500	0.0403346	0.0181098	0.0121579	0.00595187	0.0222249	0.98381	0.0300878	0.984649	0.0303239	3.42838e-05
10083	1	100	8	500	0.0410231	0.0204064	0.0148702	0.00553621	0.0206167	0.977548	0.0385253	0.978344	0.0387193	3.36569e-05
10084	1	100	8	500	0.0367823	0.0172957	0.0117929	0.00550275	0.0194866	0.983418	0.0311947	0.984815	0.0313967	3.4641e-05
10085	1	100	8	500	0.0421329	0.0214137	0.0156329	0.00578085	0.0207192	0.979085	0.0360487	0.980446	0.0357764	3.45334e-05
10086	1	100	8	500	0.0325514	0.0144255	0.00927856	0.00514692	0.0181259	0.984934	0.0306663	0.98645	0.0304527	3.49196e-05
10087	1	100	11	500	0.0317185	0.0132191	0.00799459	0.00522454	0.0184994	0.986808	0.0278911	0.988125	0.027905	3.45389e-05
10088	1	100	10	500	0.0237565	0.00888378	0.00464644	0.00423734	0.0148727	0.990104	0.02438	0.991306	0.0241724	3.33332e-05
10089	1	100	8	500	0.0209058	0.00771299	0.00349598	0.004217	0.0131928	0.988879	0.0277371	0.991203	0.0278742	3.46496e-05
10090	1	100	9	500	0.0193476	0.00685748	0.00277711	0.00408037	0.0124901	0.992441	0.0200087	0.994857	0.0193631	3.55948e-05
10091	1	100	10	500	0.0154051	0.00525747	0.00175672	0.00350075	0.0101476	0.99431	0.014997	0.996627	0.0155922	3.52276e-05
10092	1	100	8	500	0.0150914	0.00495931	0.00159813	0.00336119	0.0101321	0.995072	0.013134	0.997009	0.0134057	3.54331e-05
10093	1	100	11	500	0.0163864	0.00541179	0.00165577	0.00375602	0.0109746	0.995616	0.00833001	0.998108	0.00869466	3.59406e-05
10094	1	100	8	500	0.0125541	0.00419654	0.0010191	0.00317744	0.0083576	0.992709	0.0224857	0.995454	0.023086	3.60959e-05
10095	1	100	12	500	0.0369314	0.00878303	0.000960252	0.00782278	0.0281484	0.991561	0.0268685	0.993404	0.0268876	3.44015e-05
10096	1	100	14	500	0.0477915	0.0111878	0.00118577	0.0100021	0.0366036	0.989494	0.0267895	0.991582	0.0271229	3.4786e-05
10097	1	100	13	500	0.0628317	0.0154309	0.00272938	0.0127015	0.0474008	0.985388	0.0308167	0.987895	0.0314693	3.55546e-05
10098	1	100	12	500	0.0961025	0.0233799	0.00451689	0.018863	0.0727226	0.98018	0.0437302	0.981865	0.0439463	3.55885e-05
10099	1	100	10	500	0.143863	0.0369233	0.00954699	0.0273763	0.106939	0.970642	0.0499504	0.972103	0.0502352	3.65312e-05
10100	1	100	16	500	0.122558	0.0308488	0.00741329	0.0234356	0.0917094	0.971922	0.0652451	0.973026	0.0656238	3.5993e-05
10101	1	100	10	500	0.0863181	0.0210312	0.00395758	0.0170736	0.0652869	0.981835	0.0373681	0.983646	0.0379498	3.7056e-05
