Generation	PopulationID	SampleSize	UniqueMutations	PopulationSize	totalLoad	RelzLoad	RelzLoadHomo	RelzLoadHetero	MskLoad	MeanFitness	SdFitness	MeanFitnessCached	SdFitnessCached	Heterozygosity	
10001	1	100	55	500	0.138185	0.116865	0.0741434	0.0427214	0.0213206	0.883736	0.0501968	1.09764	0.058742	3.5293e-05
10002	1	100	39	500	0.146038	0.114598	0.0786814	0.0359169	0.0314395	0.886616	0.0496408	1.0885	0.05063	3.49677e-05
10003	1	100	32	500	0.14725	0.120929	0.0912724	0.0296567	0.0263208	0.880433	0.042897	1.09772	0.0475047	3.39754e-05
10004	1	100	31	500	0.161586	0.132659	0.105344	0.0273155	0.0289268	0.869654	0.038005	1.10842	0.0389993	3.49264e-05
10005	1	100	28	500	0.163645	0.13007	0.0974138	0.0326566	0.0335747	0.873044	0.0384279	1.10214	0.0502607	3.51398e-05
10006	1	100	27	500	0.187429	0.144481	0.110756	0.0337251	0.0429483	0.860481	0.0405614	1.1071	0.0568776	3.27226e-05
10007	1	100	26	500	0.221852	0.162249	0.121681	0.0405673	0.0596037	0.846442	0.0470321	1.10841	0.0649957	3.22793e-05
10008	1	100	26	500	0.207413	0.149857	0.113136	0.0367206	0.0575568	0.854353	0.0563465	1.09519	0.0723306	3.33644e-05
10009	1	100	26	500	0.195483	0.148836	0.116171	0.0326653	0.0466467	0.855918	0.0405121	1.10952	0.0557737	3.36418e-05
10010	1	100	24	500	0.190481	0.152042	0.125671	0.0263711	0.0384385	0.85245	0.0303713	1.11695	0.0486166	3.36855e-05
10011	1	100	23	500	0.187062	0.15704	0.130009	0.027031	0.0300222	0.848303	0.0315326	1.1274	0.0491501	3.35027e-05
10012	1	100	18	500	0.170705	0.153496	0.13141	0.0220861	0.0172091	0.850831	0.0296622	1.12352	0.0455991	3.28354e-05
10013	1	100	18	500	0.16997	0.140472	0.114452	0.0260196	0.0294979	0.863102	0.0325212	1.1036	0.043602	3.45995e-05
10014	1	100	15	500	0.164888	0.138565	0.111464	0.0271012	0.0263229	0.86477	0.030922	1.1039	0.0542991	3.55963e-05
10015	1	100	16	500	0.160439	0.138714	0.121121	0.0175924	0.0217251	0.863695	0.0257773	1.10546	0.03547	3.40434e-05
10016	1	100	16	500	0.163157	0.141672	0.124721	0.0169509	0.0214856	0.86134	0.0244324	1.10774	0.0352331	3.31148e-05
10017	1	100	19	500	0.162739	0.140021	0.122523	0.0174974	0.0227185	0.859477	0.0249219	1.09537	0.0477862	3.24212e-05
10018	1	100	19	500	0.162579	0.144641	0.13341	0.0112309	0.0179376	0.85698	0.0206373	1.10328	0.0312956	3.11569e-05
10019	1	100	18	500	0.167275	0.148184	0.139193	0.00899076	0.0190913	0.853512	0.0176613	1.10363	0.0228493	3.04755e-05
10020	1	100	19	500	0.171768	0.149796	0.141914	0.00788216	0.0219721	0.855163	0.0144361	1.11086	0.0193105	3.15897e-05
10021	1	100	19	500	0.175138	0.15025	0.141744	0.00850659	0.0248875	0.85325	0.0142431	1.10815	0.019144	3.18928e-05
10022	1	100	20	500	0.172942	0.148942	0.140056	0.00888625	0.0239999	0.854701	0.0137266	1.11208	0.0191879	3.27193e-05
10023	1	100	16	500	0.0410703	0.0199677	0.0127346	0.00723312	0.0211026	0.980003	0.0148511	0.984445	0.0176491	3.25634e-05
10024	1	100	13	500	0.0471168	0.0218506	0.0133228	0.00852779	0.0252661	0.978906	0.0129019	0.983655	0.0173409	3.23339e-05
10025	1	100	12	500	0.0482927	0.0222609	0.0126822	0.00957873	0.0260318	0.978275	0.0137546	0.98535	0.0182216	3.2398e-05
10026	1	100	12	500	0.0557276	0.0234756	0.01279	0.0106855	0.0322521	0.973938	0.0325915	0.979989	0.0355541	3.30745e-05
10027	1	100	15	500	0.0523298	0.0211073	0.0105454	0.0105619	0.0312224	0.97985	0.015942	0.985843	0.0169312	3.3333e-05
10028	1	100	12	500	0.0491863	0.0206188	0.0107739	0.00984485	0.0285675	0.97942	0.0123739	0.985419	0.0166364	3.34861e-05
10029	1	100	13	500	0.0477323	0.0207983	0.0111231	0.0096752	0.026934	0.973886	0.0402613	0.980351	0.0427476	3.40564e-05
10030	1	100	14	500	0.0422457	0.0200375	0.0111096	0.0089279	0.0222081	0.980664	0.0127367	0.988267	0.0173153	3.34084e-05
10031	1	100	15	500	0.0425635	0.0191427	0.0100123	0.00913043	0.0234209	0.981346	0.0117544	0.988688	0.0165804	3.38138e-05
10032	1	100	15	500	0.0404931	0.0183923	0.0103048	0.0080875	0.0221008	0.982059	0.0121848	0.9876	0.0144335	3.20332e-05
10033	1	100	15	500	0.0442187	0.0191696	0.0100451	0.00912445	0.0250491	0.981716	0.0118313	0.988023	0.0163685	3.1961e-05
10034	1	100	17	500	0.0527975	0.0212038	0.010983	0.0102208	0.0315938	0.980854	0.012805	0.985865	0.0169887	3.20793e-05
10035	1	100	17	500	0.0416579	0.0176696	0.0103593	0.00731023	0.0239883	0.983072	0.0125784	0.985775	0.0133386	3.06147e-05
10036	1	100	16	500	0.0366291	0.0167745	0.0100946	0.00667993	0.0198546	0.986564	0.0103367	0.990233	0.0127074	3.09259e-05
10037	1	100	14	500	0.0371871	0.017168	0.0101773	0.00699071	0.0200191	0.983363	0.0150226	0.988268	0.016695	3.20022e-05
10038	1	100	14	500	0.0396968	0.0187181	0.0107478	0.00797026	0.0209787	0.980864	0.0156686	0.986714	0.0190725	3.25745e-05
10039	1	100	14	500	0.0441965	0.0210056	0.0129573	0.00804835	0.0231909	0.978115	0.0129354	0.982858	0.0169911	3.2437e-05
10040	1	100	16	500	0.0459235	0.0221694	0.0147814	0.00738796	0.0237541	0.979153	0.0273312	0.982122	0.0287363	3.23251e-05
10041	1	100	14	500	0.0398091	0.0191694	0.0120331	0.00713631	0.0206396	0.980998	0.0151576	0.985106	0.0176571	3.36871e-05
10042	1	100	14	500	0.0375054	0.0177815	0.0106439	0.00713769	0.0197238	0.982327	0.0141289	0.987023	0.0154653	3.34572e-05
10043	1	100	15	500	0.0405359	0.0195847	0.0109627	0.00862199	0.0209513	0.981431	0.0129512	0.988719	0.0169919	3.46795e-05
10044	1	100	17	500	0.0465353	0.0220417	0.013794	0.00824767	0.0244936	0.978832	0.0150401	0.9832	0.0172882	3.40883e-05
10045	1	100	15	500	0.0431035	0.0214074	0.0135894	0.00781806	0.0216961	0.98154	0.0143338	0.98665	0.0160842	3.46342e-05
10046	1	100	18	500	0.0362544	0.0186098	0.0130646	0.00554515	0.0176446	0.982602	0.013484	0.984937	0.0149028	3.44919e-05
10047	1	100	13	500	0.0387556	0.0200784	0.0138865	0.00619198	0.0186771	0.978013	0.0206336	0.981195	0.0227314	3.37883e-05
10048	1	100	15	500	0.0382295	0.0197078	0.0128383	0.00686955	0.0185217	0.981258	0.0127308	0.986299	0.0159742	3.4131e-05
10049	1	100	18	500	0.0440826	0.0228118	0.0154231	0.00738863	0.0212709	0.979505	0.0136584	0.983919	0.0170086	3.26948e-05
10050	1	100	12	500	0.0487688	0.0244685	0.0171087	0.00735988	0.0243003	0.977053	0.0191205	0.980015	0.0212672	3.28047e-05
10051	1	100	13	500	0.0502947	0.0262887	0.0194651	0.00682354	0.0240061	0.976261	0.0145229	0.977932	0.0161452	3.06607e-05
10052	1	100	13	500	0.0487588	0.0242866	0.0179414	0.00634518	0.0244722	0.976797	0.0202271	0.977312	0.0206844	3.13656e-05
10053	1	100	10	500	0.0526056	0.0259133	0.0192403	0.00667306	0.0266923	0.970545	0.0374423	0.970545	0.0374423	2.92679e-05
10054	1	100	10	500	0.0509945	0.0264599	0.0203262	0.00613366	0.0245347	0.97505	0.0200816	0.97505	0.0200816	2.7513e-05
10055	1	100	11	500	0.0506981	0.0273439	0.0215054	0.00583853	0.0233541	0.972109	0.0292259	0.972242	0.0293274	2.72344e-05
10056	1	100	12	500	0.0496817	0.025662	0.0196571	0.00600492	0.0240197	0.974218	0.0281306	0.974218	0.0281306	2.87398e-05
10057	1	100	16	500	0.0483619	0.0256079	0.0199194	0.0056885	0.022754	0.974966	0.021173	0.974987	0.0211932	2.72987e-05
10058	1	100	14	500	0.0488981	0.0248087	0.0187864	0.00602233	0.0240893	0.974653	0.0160855	0.975087	0.0161017	2.76118e-05
10059	1	100	14	500	0.0506666	0.025526	0.0192272	0.00629886	0.0251405	0.977154	0.0155292	0.97718	0.0155173	2.79224e-05
10060	1	100	12	500	0.0572877	0.030996	0.0244231	0.00657293	0.0262917	0.97097	0.0198486	0.97097	0.0198486	2.4884e-05
10061	1	100	9	500	0.0619442	0.0331345	0.0259321	0.00720241	0.0288096	0.96721	0.0336903	0.967258	0.0336933	2.55743e-05
10062	1	100	14	500	0.0733473	0.0391491	0.0305995	0.00854956	0.0341982	0.963055	0.0395959	0.963055	0.0395959	2.70176e-05
10063	1	100	12	500	0.0746498	0.0414612	0.0331641	0.00829714	0.0331886	0.959687	0.0408297	0.959687	0.0408297	2.56911e-05
10064	1	100	12	500	0.0816675	0.0458487	0.0367361	0.00911266	0.0358188	0.954753	0.0508368	0.955089	0.0511047	2.58373e-05
10065	1	100	9	500	0.0839623	0.0477328	0.0386754	0.00905737	0.0362295	0.956509	0.0447582	0.956509	0.0447582	2.61227e-05
10066	1	100	9	500	0.0857604	0.0490337	0.0398521	0.00918167	0.0367267	0.947911	0.0577095	0.947911	0.0577095	2.8074e-05
10067	1	100	9	500	0.102293	0.0632682	0.0535121	0.00975612	0.0390245	0.939437	0.0624614	0.939537	0.0624847	2.65865e-05
10068	1	100	11	500	0.0890158	0.0518287	0.042526	0.0093027	0.0371871	0.952687	0.0505313	0.952699	0.0505318	2.75295e-05
10069	1	100	12	500	0.0885628	0.0508144	0.0413773	0.00943709	0.0377483	0.94742	0.0573072	0.947419	0.0573072	2.87024e-05
10070	1	100	13	500	0.088566	0.0500194	0.0403827	0.00963666	0.0385467	0.954074	0.0457879	0.954074	0.0457879	3.0575e-05
10071	1	100	11	500	0.0831374	0.0468094	0.0377274	0.00908199	0.036328	0.954708	0.0462751	0.954708	0.0462751	3.12219e-05
10072	1	100	10	500	0.0828331	0.047242	0.0383442	0.00889779	0.0355912	0.954616	0.0440955	0.954619	0.0440954	3.12402e-05
10073	1	100	10	500	0.0841289	0.0492999	0.0405927	0.00870724	0.034829	0.953179	0.0407557	0.953336	0.0408161	2.99699e-05
10074	1	100	12	500	0.0683476	0.0385096	0.0310501	0.0074595	0.029838	0.961815	0.0315864	0.961815	0.0315864	3.26231e-05
10075	1	100	11	500	0.069738	0.0385403	0.0307409	0.00779941	0.0311977	0.960501	0.0346285	0.960501	0.0346285	3.29451e-05
10076	1	100	10	500	0.065864	0.0359764	0.0285045	0.0074719	0.0298876	0.964189	0.0273906	0.96419	0.0273905	3.3563e-05
10077	1	100	10	500	0.0679186	0.0371976	0.0295173	0.00768026	0.030721	0.962693	0.0287985	0.963103	0.0288903	3.27476e-05
10078	1	100	15	500	0.0802483	0.0444875	0.0354613	0.0090262	0.0357608	0.95725	0.0285226	0.957622	0.0285883	2.82367e-05
10079	1	100	10	500	0.0657912	0.0400791	0.0334295	0.00664958	0.0257121	0.959879	0.0321883	0.960318	0.0324393	2.91899e-05
10080	1	100	12	500	0.0655111	0.0400279	0.033269	0.00675882	0.0254832	0.95862	0.0347084	0.959384	0.0347794	2.86183e-05
10081	1	100	8	500	0.0708082	0.0429318	0.0359628	0.00696909	0.0278764	0.956926	0.034384	0.956926	0.0343841	2.75458e-05
10082	1	100	12	500	0.0814788	0.0469723	0.0383457	0.00862661	0.0345064	0.954071	0.0424108	0.954071	0.0424108	2.78e-05
10083	1	100	10	500	0.0923153	0.053233	0.0434625	0.00977056	0.0390823	0.949654	0.0467394	0.949847	0.0467546	2.69772e-05
10084	1	100	10	500	0.0713263	0.0422074	0.0349277	0.00727972	0.0291189	0.957718	0.0382658	0.957718	0.0382658	2.80741e-05
10085	1	100	13	500	0.0682548	0.0397565	0.0326319	0.00712457	0.0284983	0.958374	0.0360334	0.958374	0.0360334	2.86954e-05
10086	1	100	16	500	0.0636064	0.0387018	0.0324757	0.00622614	0.0249046	0.962178	0.0212274	0.962178	0.0212274	2.74372e-05
10087	1	100	14	500	0.0749621	0.0426571	0.0345808	0.00807626	0.032305	0.956485	0.0354481	0.956489	0.0354495	2.84455e-05
10088	1	100	14	500	0.0704517	0.0400159	0.0324007	0.00761521	0.0304358	0.962812	0.0257198	0.962824	0.025716	2.93248e-05
10089	1	100	13	500	0.0635026	0.0374692	0.0309608	0.00650835	0.0260334	0.96468	0.0224844	0.965149	0.0222726	2.77854e-05
10090	1	100	14	500	0.060844	0.0387923	0.0332794	0.00551292	0.0220517	0.960495	0.0280727	0.960495	0.0280727	2.42045e-05
10091	1	100	17	500	0.0581449	0.0375416	0.0323093	0.0052323	0.0206034	0.962209	0.0231227	0.962428	0.0230661	2.53513e-05
10092	1	100	12	500	0.0601756	0.0373068	0.0315897	0.00571718	0.0228687	0.964165	0.0144806	0.965255	0.0137159	2.63015e-05
10093	1	100	14	500	0.0576535	0.0381699	0.0313589	0.00681101	0.0194836	0.963881	0.0149906	0.967882	0.0135706	2.68711e-05
10094	1	100	15	500	0.0583632	0.0384133	0.029917	0.00849628	0.0199499	0.962056	0.0239617	0.968937	0.0223858	2.75243e-05
10095	1	100	13	500	0.0618492	0.0402537	0.0317937	0.00845999	0.0215955	0.959512	0.033228	0.966061	0.0281757	2.74883e-05
10096	1	100	14	500	0.0695904	0.0411129	0.0316827	0.0094302	0.0284775	0.961876	0.0208737	0.966672	0.0219486	2.72551e-05
10097	1	100	13	500	0.0562931	0.0380748	0.0310132	0.00706157	0.0182183	0.95662	0.0350179	0.961609	0.0364199	2.67578e-05
10098	1	100	13	500	0.0551159	0.0409051	0.0310726	0.0098325	0.0142108	0.95988	0.0198859	0.972894	0.0195549	2.63267e-05
10099	1	100	12	500	0.0587931	0.0432625	0.0317626	0.0114999	0.0155306	0.957344	0.0233928	0.973481	0.0265952	2.34681e-05
10100	1	100	15	500	0.0646057	0.0458851	0.0332598	0.0126253	0.0187206	0.955613	0.0231578	0.972469	0.0256013	2.35728e-05
10101	1	100	12	500	0.0663694	0.0454915	0.0340728	0.0114187	0.0208779	0.955259	0.0244265	0.968118	0.0274807	2.42408e-05
