Generation	PopulationID	SampleSize	UniqueMutations	PopulationSize	totalLoad	RelzLoad	RelzLoadHomo	RelzLoadHetero	MskLoad	MeanFitness	SdFitness	MeanFitnessCached	SdFitnessCached	Heterozygosity	
10001	1	100	59	500	0.251783	0.233738	0.131393	0.102346	0.0180445	0.775672	0.0424749	1.23072	0.0553296	3.62711e-05
10002	1	100	41	500	0.256535	0.240447	0.134966	0.105481	0.0160881	0.770154	0.038795	1.23894	0.0576786	3.5805e-05
10003	1	100	41	500	0.271415	0.25286	0.135673	0.117187	0.0185544	0.760705	0.0444675	1.25274	0.0647295	3.59664e-05
10004	1	100	37	500	0.28613	0.265316	0.14194	0.123376	0.0208141	0.751865	0.0472406	1.26694	0.069773	3.68401e-05
10005	1	100	40	500	0.288713	0.269481	0.156459	0.113022	0.0192318	0.748095	0.0532384	1.27284	0.0780458	3.53863e-05
10006	1	100	34	500	0.28765	0.26828	0.150562	0.117717	0.01937	0.748076	0.049664	1.26934	0.077989	3.66354e-05
10007	1	100	33	500	0.295864	0.273518	0.151093	0.122425	0.0223456	0.744743	0.0536031	1.27402	0.0780332	3.72024e-05
10008	1	100	33	500	0.294275	0.26616	0.143461	0.122698	0.0281156	0.751917	0.0477264	1.26019	0.0685711	3.84662e-05
10009	1	100	29	500	0.302578	0.277069	0.152144	0.124925	0.0255088	0.740277	0.0620577	1.26802	0.0745382	3.78693e-05
10010	1	100	24	500	0.298364	0.274381	0.14566	0.128721	0.0239828	0.74356	0.0557161	1.26554	0.058849	3.8616e-05
10011	1	100	25	500	0.314301	0.28803	0.160405	0.127625	0.0262703	0.733077	0.0552873	1.28051	0.0769036	3.82189e-05
10012	1	100	22	500	0.297603	0.272712	0.145294	0.127418	0.0248903	0.745134	0.0480069	1.26309	0.0658739	3.79588e-05
10013	1	100	27	500	0.316482	0.288037	0.15957	0.128467	0.0284455	0.732591	0.0500416	1.27729	0.0747098	3.79756e-05
10014	1	100	22	500	0.309019	0.283444	0.157237	0.126206	0.0255758	0.735991	0.0460416	1.27245	0.0640985	3.68607e-05
10015	1	100	25	500	0.30929	0.282962	0.155348	0.127614	0.0263279	0.730885	0.0469459	1.262	0.0687657	3.47819e-05
10016	1	100	22	500	0.297483	0.272236	0.144227	0.128009	0.0252474	0.74665	0.047	1.26223	0.0627458	3.591e-05
10017	1	100	25	500	0.292031	0.268531	0.135113	0.133418	0.0235001	0.748888	0.045556	1.26067	0.0663223	3.58958e-05
10018	1	100	27	500	0.28389	0.261086	0.120772	0.140314	0.0228043	0.75436	0.0396249	1.251	0.0579532	3.74112e-05
10019	1	100	31	500	0.281339	0.258865	0.125353	0.133512	0.0224747	0.759405	0.0338745	1.2541	0.0518187	3.72628e-05
10020	1	100	25	500	0.306725	0.270381	0.132782	0.1376	0.0363434	0.748037	0.0396401	1.24799	0.0578051	3.7258e-05
10021	1	100	25	500	0.302079	0.269673	0.134407	0.135266	0.0324061	0.747847	0.0387026	1.25077	0.0592007	3.91737e-05
10022	1	100	24	500	0.306005	0.272509	0.136343	0.136166	0.033496	0.744935	0.0397673	1.24512	0.0598451	3.62807e-05
10023	1	100	28	500	0.31669	0.279689	0.141894	0.137795	0.0370009	0.74072	0.0417593	1.25234	0.0616797	3.70166e-05
10024	1	100	26	500	0.308578	0.27474	0.138892	0.135848	0.0338378	0.744477	0.0400299	1.24482	0.0580608	3.6348e-05
10025	1	100	22	500	0.301861	0.267807	0.139239	0.128568	0.0340536	0.74631	0.0409361	1.23018	0.0585815	3.72995e-05
10026	1	100	24	500	0.308017	0.2729	0.149055	0.123845	0.0351169	0.741999	0.0428181	1.23144	0.0566076	3.6861e-05
10027	1	100	24	500	0.30245	0.270121	0.151889	0.118232	0.0323285	0.748349	0.037115	1.23191	0.05059	3.54566e-05
10028	1	100	26	500	0.304288	0.269928	0.145926	0.124002	0.0343601	0.747225	0.0406386	1.23361	0.0542008	3.77689e-05
10029	1	100	24	500	0.306154	0.272171	0.154767	0.117404	0.0339827	0.741962	0.0421639	1.22947	0.0613902	3.702e-05
10030	1	100	29	500	0.299746	0.265496	0.144783	0.120713	0.0342504	0.749598	0.039831	1.2254	0.0572921	3.82456e-05
10031	1	100	26	500	0.299718	0.266116	0.157694	0.108422	0.0336028	0.746257	0.0369399	1.22025	0.0495907	3.57074e-05
10032	1	100	24	500	0.288604	0.259492	0.138458	0.121035	0.0291113	0.756211	0.0338204	1.22989	0.0438715	3.89466e-05
10033	1	100	26	500	0.284138	0.258182	0.135832	0.122349	0.0259566	0.75412	0.0372804	1.22731	0.0522059	3.7044e-05
10034	1	100	23	500	0.296447	0.270167	0.151393	0.118774	0.0262808	0.743311	0.041869	1.23911	0.0627714	3.50693e-05
10035	1	100	22	500	0.288251	0.262892	0.138512	0.12438	0.025359	0.753219	0.0392462	1.23448	0.0551043	3.6523e-05
10036	1	100	23	500	0.292242	0.267715	0.146317	0.121398	0.0245272	0.746157	0.0422798	1.2374	0.0580824	3.51222e-05
10037	1	100	23	500	0.280425	0.262213	0.131483	0.130731	0.0182112	0.753128	0.0422659	1.24487	0.0603369	3.69758e-05
10038	1	100	17	500	0.283424	0.266338	0.131895	0.134443	0.0170863	0.748451	0.0404353	1.24704	0.0576958	3.65173e-05
10039	1	100	21	500	0.281162	0.26508	0.12858	0.1365	0.0160818	0.749157	0.0444615	1.24631	0.0678182	3.68075e-05
10040	1	100	20	500	0.28859	0.269561	0.130376	0.139185	0.0190294	0.747253	0.0426143	1.2533	0.0712826	3.72356e-05
10041	1	100	23	500	0.288028	0.270157	0.125338	0.144819	0.0178712	0.747439	0.0432389	1.25737	0.067598	3.78998e-05
10042	1	100	18	500	0.291426	0.274517	0.125596	0.148921	0.0169087	0.743219	0.0487861	1.26276	0.0703696	3.82631e-05
10043	1	100	18	500	0.292331	0.276215	0.125743	0.150472	0.0161162	0.743082	0.0448493	1.26856	0.0687115	3.91131e-05
10044	1	100	20	500	0.288733	0.277897	0.125801	0.152096	0.0108361	0.742076	0.0477615	1.27379	0.0712121	3.72731e-05
10045	1	100	19	500	0.282252	0.268589	0.122851	0.145738	0.0136631	0.747455	0.0466617	1.25525	0.0719278	3.78249e-05
10046	1	100	17	500	0.268265	0.256807	0.119152	0.137655	0.011458	0.757541	0.0433611	1.24471	0.0643946	3.79179e-05
10047	1	100	19	500	0.263381	0.252295	0.118664	0.133631	0.0110863	0.762617	0.0364424	1.24304	0.0582175	3.78683e-05
10048	1	100	20	500	0.267721	0.250518	0.118538	0.131979	0.0172033	0.765095	0.0392694	1.2373	0.0565361	3.83597e-05
10049	1	100	20	500	0.261213	0.24649	0.120668	0.125822	0.0147228	0.767376	0.0348975	1.23428	0.0564318	3.80108e-05
10050	1	100	19	500	0.245628	0.23509	0.120914	0.114176	0.0105385	0.774628	0.0304705	1.22034	0.0476427	3.79219e-05
10051	1	100	24	500	0.256998	0.242513	0.123752	0.11876	0.014485	0.7704	0.0364188	1.22978	0.0525648	3.92482e-05
10052	1	100	22	500	0.257214	0.241881	0.125575	0.116306	0.0153331	0.771439	0.036523	1.22958	0.0493726	3.88328e-05
10053	1	100	19	500	0.258451	0.240079	0.130556	0.109523	0.0183715	0.772739	0.0365287	1.22441	0.055769	3.82503e-05
10054	1	100	19	500	0.260228	0.24046	0.130442	0.110018	0.0197685	0.771067	0.0408831	1.22117	0.0533599	3.76515e-05
10055	1	100	24	500	0.255108	0.237016	0.130846	0.10617	0.0180921	0.774297	0.0365978	1.21872	0.0569756	3.65529e-05
10056	1	100	22	500	0.254094	0.238533	0.126234	0.112299	0.0155613	0.771736	0.0375537	1.22052	0.0534311	3.72501e-05
10057	1	100	24	500	0.251938	0.240099	0.126008	0.114092	0.0118386	0.772236	0.0430126	1.22663	0.0588728	3.73353e-05
10058	1	100	18	500	0.247115	0.236034	0.133836	0.102198	0.0110809	0.77569	0.0379206	1.22327	0.0613351	3.72057e-05
10059	1	100	25	500	0.245546	0.232059	0.126382	0.105677	0.0134862	0.778966	0.0275728	1.21655	0.0457614	3.81385e-05
10060	1	100	21	500	0.24934	0.237951	0.12025	0.1177	0.0113896	0.773048	0.0366543	1.22168	0.0549389	3.97294e-05
10061	1	100	21	500	0.249747	0.238892	0.124521	0.114371	0.0108548	0.77469	0.035624	1.22599	0.057748	3.97011e-05
10062	1	100	18	500	0.252041	0.239513	0.12797	0.111542	0.0125289	0.77195	0.0362392	1.22183	0.0616694	3.92082e-05
10063	1	100	17	500	0.237213	0.223433	0.124629	0.0988034	0.0137805	0.786455	0.0211342	1.20398	0.0340118	3.82728e-05
10064	1	100	19	500	0.240744	0.225392	0.122669	0.102723	0.015353	0.781288	0.0265127	1.19921	0.0372156	3.91668e-05
10065	1	100	17	500	0.244613	0.226083	0.123092	0.102992	0.0185296	0.785137	0.0193849	1.20258	0.0302541	3.89537e-05
10066	1	100	11	500	0.248399	0.227826	0.123343	0.104482	0.0205738	0.779748	0.0273142	1.19429	0.0369576	3.9173e-05
10067	1	100	11	500	0.245077	0.226682	0.123309	0.103373	0.0183947	0.784145	0.0165201	1.19847	0.0275065	3.91945e-05
10068	1	100	13	500	0.247656	0.228502	0.121874	0.106628	0.0191541	0.780999	0.0206295	1.19695	0.0293915	3.99259e-05
10069	1	100	12	500	0.245498	0.226919	0.124183	0.102736	0.0185794	0.781748	0.0214718	1.19425	0.0301982	3.96766e-05
10070	1	100	12	500	0.251252	0.230291	0.124851	0.105441	0.0209604	0.779938	0.0219459	1.19317	0.031382	3.93928e-05
10071	1	100	11	500	0.256355	0.234173	0.122729	0.111444	0.022182	0.775507	0.0268335	1.19435	0.0328373	4.02367e-05
10072	1	100	15	500	0.263233	0.237403	0.123896	0.113506	0.0258306	0.776198	0.0285267	1.19681	0.0304872	4.12513e-05
10073	1	100	17	500	0.275319	0.243981	0.127542	0.116439	0.0313376	0.769374	0.0319494	1.19111	0.0354504	4.13016e-05
10074	1	100	15	500	0.275753	0.246576	0.130321	0.116256	0.0291767	0.767684	0.0328331	1.19492	0.0358325	4.05772e-05
10075	1	100	18	500	0.282704	0.252406	0.136124	0.116282	0.0302977	0.758598	0.0435397	1.18232	0.0436795	4.02163e-05
10076	1	100	17	500	0.283523	0.247743	0.130302	0.117441	0.0357805	0.766248	0.0357254	1.18729	0.0389758	4.15787e-05
10077	1	100	19	500	0.287902	0.250825	0.129493	0.121332	0.0370773	0.763236	0.0380365	1.18924	0.0428353	4.18137e-05
10078	1	100	22	500	0.289105	0.250969	0.129316	0.121653	0.0381361	0.764137	0.0328681	1.19128	0.0379828	4.21238e-05
10079	1	100	17	500	0.302004	0.258341	0.133782	0.124559	0.0436625	0.762568	0.0370555	1.19415	0.0417095	4.15152e-05
10080	1	100	18	500	0.297978	0.251936	0.13281	0.119126	0.0460418	0.756751	0.0470335	1.17475	0.0722902	4.06811e-05
10081	1	100	17	500	0.299219	0.253722	0.131981	0.121741	0.0454975	0.762123	0.0368979	1.1882	0.0602824	4.10673e-05
10082	1	100	18	500	0.300286	0.25026	0.13676	0.1135	0.0500259	0.765343	0.0435929	1.17549	0.0604616	3.98924e-05
10083	1	100	19	500	0.2889	0.245443	0.131504	0.113939	0.0434566	0.766179	0.0393648	1.1774	0.0539277	4.07396e-05
10084	1	100	17	500	0.294945	0.25237	0.13346	0.118909	0.0425755	0.762469	0.0328394	1.18607	0.0431088	4.10542e-05
10085	1	100	21	500	0.298522	0.258431	0.140173	0.118257	0.0400916	0.756357	0.0388516	1.19356	0.0440986	3.98168e-05
10086	1	100	21	500	0.297109	0.26048	0.137489	0.122991	0.0366289	0.753625	0.0393978	1.19352	0.0470231	4.05748e-05
10087	1	100	19	500	0.290244	0.256813	0.128734	0.128079	0.0334315	0.753775	0.0416815	1.19493	0.0479496	4.33552e-05
10088	1	100	18	500	0.299444	0.265413	0.131421	0.133992	0.0340307	0.756195	0.03816	1.21582	0.0417705	4.32434e-05
10089	1	100	18	500	0.304138	0.268001	0.133302	0.134699	0.0361375	0.754328	0.0373814	1.21454	0.0489552	4.38266e-05
10090	1	100	18	500	0.297523	0.26287	0.133957	0.128913	0.0346529	0.755793	0.0378782	1.20797	0.0506406	4.3691e-05
10091	1	100	20	500	0.306872	0.270393	0.135103	0.13529	0.0364785	0.749265	0.0437968	1.21098	0.0478372	4.43131e-05
10092	1	100	18	500	0.306154	0.269663	0.1336	0.136063	0.0364909	0.749622	0.0412444	1.20975	0.0532421	4.45778e-05
10093	1	100	20	500	0.304253	0.269169	0.133199	0.135969	0.0350839	0.75087	0.0393589	1.21672	0.0529861	4.37509e-05
10094	1	100	23	500	0.320948	0.280329	0.140203	0.140127	0.0406185	0.738942	0.0459822	1.21375	0.0581754	4.31829e-05
10095	1	100	19	500	0.318874	0.279843	0.155945	0.123898	0.0390303	0.74135	0.0387944	1.21246	0.0537786	3.92938e-05
10096	1	100	20	500	0.319504	0.279233	0.180606	0.0986264	0.0402715	0.739737	0.0387106	1.19276	0.04907	3.47754e-05
10097	1	100	17	500	0.314569	0.277202	0.186013	0.0911894	0.0373673	0.739664	0.0408752	1.20001	0.0535442	3.23719e-05
10098	1	100	18	500	0.306065	0.271818	0.172409	0.099409	0.0342471	0.742365	0.0400759	1.20095	0.0508939	3.6006e-05
10099	1	100	17	500	0.307488	0.273891	0.170293	0.103598	0.0335965	0.742729	0.0387439	1.20191	0.0504889	3.81371e-05
10100	1	100	16	500	0.31905	0.282644	0.17039	0.112255	0.0364058	0.734531	0.0482142	1.19777	0.0636438	3.98493e-05
10101	1	100	18	500	0.323924	0.286628	0.173247	0.113381	0.0372968	0.728604	0.0461991	1.20845	0.0685729	3.94033e-05
