Generation	PopulationID	SampleSize	UniqueMutations	PopulationSize	totalLoad	RelzLoad	RelzLoadHomo	RelzLoadHetero	MskLoad	MeanFitness	SdFitness	MeanFitnessCached	SdFitnessCached	Heterozygosity	
10001	1	100	49	500	0.315651	0.302712	0.223476	0.0792361	0.0129383	0.727722	0.0362574	1.32336	0.0573513	1.84539e-05
10002	1	100	32	500	0.321166	0.2981	0.199353	0.0987471	0.0230666	0.732351	0.0397943	1.30898	0.0726838	2.08818e-05
10003	1	100	33	500	0.317631	0.303535	0.208253	0.0952823	0.0140955	0.726984	0.0415656	1.32183	0.0808886	2.04366e-05
10004	1	100	30	500	0.317517	0.303321	0.21236	0.0909606	0.0141964	0.729346	0.0487903	1.32433	0.0823585	2.06246e-05
10005	1	100	24	500	0.327187	0.313248	0.221306	0.091942	0.013939	0.720653	0.0442798	1.33495	0.0689603	1.9869e-05
10006	1	100	21	500	0.33216	0.313331	0.223816	0.0895142	0.0188294	0.721574	0.0531005	1.32865	0.0757765	2.08734e-05
10007	1	100	24	500	0.324811	0.307924	0.232446	0.0754788	0.016887	0.72576	0.0469431	1.32454	0.0657947	1.93625e-05
10008	1	100	24	500	0.319593	0.304075	0.217534	0.0865412	0.0155178	0.729997	0.0475992	1.32359	0.0684748	2.09649e-05
10009	1	100	22	500	0.331867	0.317246	0.222031	0.0952143	0.014621	0.719325	0.0492919	1.33914	0.0696917	2.01812e-05
10010	1	100	21	500	0.323659	0.312575	0.222164	0.0904113	0.0110838	0.722223	0.0456738	1.33796	0.0676702	2.02742e-05
10011	1	100	22	500	0.31259	0.298685	0.170779	0.127906	0.0139058	0.732426	0.0523776	1.31734	0.0728294	2.42341e-05
10012	1	100	24	500	0.321054	0.304877	0.167871	0.137006	0.016177	0.727338	0.0552606	1.32234	0.0760603	2.52643e-05
10013	1	100	17	500	0.331034	0.311843	0.193021	0.118822	0.0191902	0.7226	0.0587242	1.32343	0.0701305	2.38465e-05
10014	1	100	15	500	0.326223	0.307921	0.188063	0.119858	0.018302	0.7253	0.0578546	1.32195	0.0733694	2.48253e-05
10015	1	100	17	500	0.307039	0.287	0.166743	0.120256	0.0200394	0.742807	0.0687884	1.29085	0.0786012	2.68009e-05
10016	1	100	20	500	0.31485	0.291172	0.1734	0.117773	0.023678	0.742141	0.0685377	1.29547	0.0851415	2.66973e-05
10017	1	100	21	500	0.328339	0.300537	0.190287	0.11025	0.0278026	0.734445	0.0679553	1.30388	0.0817657	2.56664e-05
10018	1	100	22	500	0.331483	0.299948	0.191409	0.108539	0.0315341	0.734114	0.059057	1.30645	0.0770086	2.46826e-05
10019	1	100	22	500	0.319372	0.285425	0.167185	0.11824	0.0339476	0.744934	0.0623095	1.28854	0.0777519	2.68557e-05
10020	1	100	22	500	0.296354	0.271657	0.155041	0.116617	0.0246965	0.755198	0.0587212	1.27718	0.0731728	2.76528e-05
10021	1	100	21	500	0.296374	0.280708	0.16673	0.113978	0.0156658	0.748065	0.0532347	1.29447	0.0748374	2.68776e-05
10022	1	100	21	500	0.293099	0.276682	0.152089	0.124593	0.0164172	0.750542	0.0508142	1.28798	0.0675173	2.8005e-05
10023	1	100	23	500	0.299534	0.281104	0.148018	0.133086	0.01843	0.747272	0.0502709	1.29419	0.0705062	2.91051e-05
10024	1	100	25	500	0.295451	0.280356	0.152135	0.128221	0.0150947	0.746636	0.0532263	1.29326	0.0751184	2.93594e-05
10025	1	100	20	500	0.306774	0.289116	0.173024	0.116092	0.0176585	0.739422	0.0671368	1.29749	0.0860008	2.80916e-05
10026	1	100	20	500	0.287169	0.271453	0.166114	0.10534	0.0157161	0.7552	0.0638036	1.28085	0.0877358	2.88027e-05
10027	1	100	21	500	0.279958	0.26611	0.1618	0.10431	0.0138479	0.759812	0.0606565	1.27783	0.0808456	2.89896e-05
10028	1	100	20	500	0.283895	0.272058	0.178272	0.0937858	0.0118371	0.754299	0.055752	1.28591	0.07815	2.76849e-05
10029	1	100	22	500	0.275034	0.264256	0.176324	0.0879311	0.0107784	0.760981	0.0636437	1.27642	0.0882591	2.85182e-05
10030	1	100	22	500	0.282993	0.270641	0.179709	0.0909327	0.0123516	0.755987	0.0683304	1.28167	0.0916141	2.86066e-05
10031	1	100	22	500	0.278844	0.264784	0.168883	0.0959014	0.0140592	0.760438	0.0580313	1.27525	0.0856864	2.9937e-05
10032	1	100	26	500	0.353119	0.28445	0.174042	0.110408	0.0686692	0.745015	0.0749564	1.26161	0.115905	3.00902e-05
10033	1	100	28	500	0.28617	0.259716	0.164163	0.0955525	0.0264545	0.76068	0.0707739	1.25505	0.109376	3.07005e-05
10034	1	100	24	500	0.291661	0.250713	0.138122	0.112591	0.0409487	0.768302	0.0627652	1.23716	0.101944	3.20863e-05
10035	1	100	28	500	0.292293	0.261823	0.149657	0.112166	0.0304704	0.762657	0.0549468	1.26299	0.0804034	3.14413e-05
10036	1	100	22	500	0.326021	0.278888	0.149497	0.129391	0.0471325	0.749568	0.0628731	1.2703	0.0930781	3.15144e-05
10037	1	100	23	500	0.292949	0.261181	0.142503	0.118678	0.0317678	0.763151	0.0555736	1.26013	0.084424	3.22453e-05
10038	1	100	24	500	0.274822	0.257442	0.148884	0.108558	0.01738	0.765399	0.0600134	1.26486	0.0925222	3.16457e-05
10039	1	100	22	500	0.277358	0.259666	0.138435	0.121231	0.0176917	0.764469	0.0609404	1.26913	0.0856888	3.27649e-05
10040	1	100	20	500	0.262069	0.254591	0.130783	0.123808	0.00747766	0.767557	0.0562304	1.26842	0.0847484	3.27167e-05
10041	1	100	23	500	0.245619	0.241263	0.125403	0.11586	0.00435615	0.778049	0.0558591	1.25532	0.084679	3.19566e-05
10042	1	100	21	500	0.240833	0.235949	0.120099	0.11585	0.00488439	0.782889	0.0539984	1.24856	0.074885	3.1637e-05
10043	1	100	25	500	0.243697	0.239251	0.120853	0.118398	0.0044463	0.780033	0.0555376	1.25343	0.0814695	3.1523e-05
10044	1	100	24	500	0.231166	0.224783	0.118363	0.10642	0.00638371	0.791218	0.0518583	1.23205	0.073937	3.21455e-05
10045	1	100	30	500	0.255718	0.239456	0.122042	0.117414	0.0162618	0.77877	0.0550415	1.24268	0.0784812	3.28068e-05
10046	1	100	25	500	0.265802	0.247111	0.143489	0.103622	0.0186915	0.773299	0.049046	1.24919	0.0772287	3.16742e-05
10047	1	100	24	500	0.262644	0.246477	0.146381	0.100096	0.0161672	0.774776	0.05655	1.24963	0.0696845	3.16747e-05
10048	1	100	21	500	0.25377	0.241683	0.159249	0.0824342	0.0120873	0.778798	0.0512008	1.24824	0.0747219	3.22281e-05
10049	1	100	23	500	0.239314	0.228762	0.15399	0.0747718	0.0105523	0.788395	0.0502424	1.23223	0.071691	3.18242e-05
10050	1	100	20	500	0.230987	0.220638	0.154866	0.0657712	0.0103492	0.795854	0.0577911	1.22163	0.0703147	3.14395e-05
10051	1	100	21	500	0.233696	0.221547	0.15769	0.0638571	0.0121494	0.796342	0.0541652	1.22349	0.0746219	3.1962e-05
10052	1	100	21	500	0.226074	0.215099	0.15071	0.0643881	0.0109759	0.800462	0.0480414	1.21559	0.0643245	3.2598e-05
10053	1	100	20	500	0.221348	0.210689	0.146812	0.0638772	0.010659	0.80466	0.0536183	1.21243	0.0733557	3.27597e-05
10054	1	100	20	500	0.216359	0.2048	0.14161	0.0631908	0.0115582	0.808236	0.0571559	1.20247	0.0693518	3.2511e-05
10055	1	100	24	500	0.214713	0.200128	0.140025	0.0601027	0.0145852	0.814042	0.0465808	1.19813	0.0604741	3.28486e-05
10056	1	100	21	500	0.204954	0.196123	0.138914	0.0572095	0.00883029	0.815847	0.0413486	1.19465	0.0560537	3.29509e-05
10057	1	100	21	500	0.207389	0.19834	0.141103	0.0572364	0.00904864	0.8142	0.0437117	1.19709	0.0575911	3.31686e-05
10058	1	100	24	500	0.207275	0.197421	0.132605	0.0648157	0.00985401	0.814311	0.045749	1.19489	0.0554832	3.37205e-05
10059	1	100	19	500	0.203701	0.192098	0.126609	0.0654899	0.0116021	0.819285	0.0475915	1.18885	0.0509653	3.3746e-05
10060	1	100	22	500	0.203508	0.190916	0.125939	0.0649763	0.0125925	0.820463	0.0456634	1.18808	0.0539491	3.37215e-05
10061	1	100	19	500	0.215	0.199601	0.130387	0.0692142	0.0153987	0.814249	0.0477032	1.19692	0.0567323	3.40076e-05
10062	1	100	19	500	0.213957	0.198443	0.130263	0.0681808	0.0155134	0.813927	0.0476465	1.19344	0.0577268	3.41974e-05
10063	1	100	22	500	0.218675	0.20304	0.142625	0.0604149	0.0156349	0.810203	0.0434692	1.19763	0.0558974	3.38678e-05
10064	1	100	20	500	0.216535	0.206823	0.147646	0.0591764	0.00971232	0.806588	0.0461744	1.2053	0.0591291	3.45514e-05
10065	1	100	21	500	0.105036	0.096981	0.0423739	0.0546071	0.00805452	0.905931	0.051395	1.08729	0.0584374	3.42636e-05
10066	1	100	16	500	0.102393	0.0945023	0.0378007	0.0567017	0.00789058	0.906602	0.0455329	1.08334	0.0492021	3.47467e-05
10067	1	100	18	500	0.112555	0.0970471	0.0421254	0.0549217	0.015508	0.906352	0.0458908	1.08198	0.0542616	3.45288e-05
10068	1	100	20	500	0.136906	0.110574	0.0561266	0.0544477	0.026332	0.894031	0.0434399	1.08611	0.0509299	3.35567e-05
10069	1	100	21	500	0.157304	0.115899	0.0603375	0.0555613	0.0414048	0.880561	0.0978315	1.06844	0.117829	3.34245e-05
10070	1	100	20	500	0.170201	0.114066	0.0603712	0.0536948	0.0561348	0.890424	0.0741843	1.05873	0.0847888	3.24266e-05
10071	1	100	21	500	0.175618	0.11556	0.0604664	0.055094	0.0600574	0.89298	0.0621876	1.05991	0.0655206	3.19346e-05
10072	1	100	22	500	0.158719	0.110845	0.0567741	0.0540711	0.0478736	0.895743	0.0518752	1.06827	0.0565069	3.23582e-05
10073	1	100	20	500	0.166636	0.115798	0.0577855	0.0580129	0.0508374	0.885907	0.0894607	1.06424	0.105548	3.24707e-05
10074	1	100	19	500	0.200394	0.134867	0.0699922	0.064875	0.0655263	0.869842	0.0981347	1.06632	0.10978	3.2763e-05
10075	1	100	18	500	0.186845	0.127649	0.0617696	0.0658793	0.0591965	0.883827	0.0585857	1.07808	0.0608675	3.39223e-05
10076	1	100	19	500	0.171033	0.127046	0.0595972	0.0674488	0.0439865	0.881642	0.0581908	1.09426	0.0714832	3.4477e-05
10077	1	100	24	500	0.162602	0.121448	0.056066	0.0653818	0.0411539	0.886203	0.0593903	1.08943	0.0716564	3.48396e-05
10078	1	100	21	500	0.151716	0.120529	0.0542884	0.0662411	0.0311869	0.886866	0.0690999	1.098	0.0745053	3.58359e-05
10079	1	100	22	500	0.191958	0.140231	0.0661652	0.0740659	0.0517273	0.867508	0.0966113	1.09595	0.112954	3.60272e-05
10080	1	100	20	500	0.233857	0.155491	0.0813431	0.074148	0.078366	0.866003	0.0679445	1.08529	0.071995	3.47712e-05
10081	1	100	19	500	0.251126	0.164965	0.0886685	0.0762961	0.086161	0.851431	0.0934951	1.08387	0.119714	3.35055e-05
10082	1	100	18	500	0.250384	0.1619	0.083777	0.0781231	0.0884839	0.854942	0.100451	1.08303	0.1173	3.47096e-05
10083	1	100	16	500	0.25846	0.170101	0.0880691	0.0820317	0.0883593	0.845064	0.0974633	1.09601	0.122591	3.46649e-05
10084	1	100	16	500	0.224859	0.149065	0.0684656	0.0805994	0.0757939	0.861169	0.111906	1.08934	0.130767	3.6786e-05
10085	1	100	17	500	0.197263	0.138152	0.0659423	0.0722096	0.0591115	0.867588	0.0987154	1.08595	0.121276	3.61996e-05
10086	1	100	17	500	0.196961	0.131553	0.054711	0.0768421	0.0654081	0.873901	0.0980735	1.07679	0.116265	3.77428e-05
10087	1	100	15	500	0.196882	0.140532	0.0596918	0.0808405	0.0563497	0.860546	0.123326	1.08439	0.149448	3.78865e-05
10088	1	100	13	500	0.214841	0.150576	0.0648895	0.0856865	0.0642651	0.859418	0.106518	1.09452	0.127699	3.78701e-05
10089	1	100	14	500	0.214765	0.149148	0.0628491	0.0862991	0.065617	0.858013	0.108653	1.09065	0.135422	3.75687e-05
10090	1	100	20	500	0.237906	0.154982	0.0664818	0.0884998	0.0829239	0.858622	0.107789	1.07533	0.135302	3.74327e-05
10091	1	100	20	500	0.22962	0.156821	0.0695603	0.0872611	0.0727985	0.852491	0.112015	1.08887	0.145593	3.74771e-05
10092	1	100	16	500	0.244993	0.177898	0.0863162	0.0915816	0.0670947	0.827612	0.118467	1.11561	0.167948	3.6771e-05
10093	1	100	18	500	0.257472	0.179306	0.0857326	0.0935739	0.0781658	0.836061	0.103926	1.10845	0.139085	3.68448e-05
10094	1	100	16	500	0.223649	0.163033	0.0732526	0.0897805	0.0606157	0.851414	0.0885998	1.11985	0.1049	3.65014e-05
10095	1	100	14	500	0.224314	0.172161	0.0827952	0.0893657	0.0521528	0.844275	0.0687746	1.14278	0.0922037	3.50254e-05
10096	1	100	14	500	0.212989	0.168559	0.0806385	0.08792	0.0444303	0.846901	0.0828897	1.14755	0.105486	3.39582e-05
10097	1	100	14	500	0.205204	0.158478	0.0702952	0.0881832	0.0467253	0.856352	0.0873039	1.13535	0.109652	3.31931e-05
10098	1	100	12	500	0.217818	0.15963	0.0696779	0.0899521	0.0581876	0.856395	0.0820279	1.12581	0.102612	3.38474e-05
10099	1	100	13	500	0.234348	0.182904	0.0934728	0.0894312	0.0514445	0.835265	0.0808159	1.157	0.0984517	3.3452e-05
10100	1	100	14	500	0.221446	0.189729	0.108173	0.0815554	0.0317174	0.82558	0.0780079	1.17997	0.0972203	3.22699e-05
10101	1	100	12	500	0.205238	0.184762	0.105218	0.0795446	0.0204757	0.829162	0.0722797	1.18382	0.0963863	3.26929e-05
