Generation	PopulationID	SampleSize	UniqueMutations	PopulationSize	totalLoad	RelzLoad	RelzLoadHomo	RelzLoadHetero	MskLoad	MeanFitness	SdFitness	MeanFitnessCached	SdFitnessCached	Heterozygosity	
10001	1	100	47	500	0.159179	0.123898	0.0852631	0.0386353	0.0352803	0.880561	0.0483673	1.03034	0.0321892	3.16279e-05
10002	1	100	41	500	0.154307	0.119551	0.0799357	0.039615	0.0347562	0.885468	0.0507664	1.03078	0.0342797	3.11809e-05
10003	1	100	32	500	0.128986	0.106607	0.0656444	0.0409623	0.0223791	0.898959	0.041095	1.03635	0.0305386	3.35497e-05
10004	1	100	30	500	0.122988	0.101554	0.0597847	0.0417696	0.0214339	0.903414	0.04032	1.03392	0.0258712	3.52883e-05
10005	1	100	30	500	0.12312	0.104015	0.059654	0.0443614	0.0191043	0.900187	0.0400214	1.03856	0.0285894	3.62925e-05
10006	1	100	23	500	0.123551	0.102348	0.0565417	0.0458061	0.0212031	0.902394	0.042936	1.03849	0.0295302	3.79966e-05
10007	1	100	26	500	0.115195	0.0910024	0.0482418	0.0427606	0.0241925	0.91084	0.0408789	1.02889	0.0311827	3.79231e-05
10008	1	100	22	500	0.119597	0.0955418	0.0498027	0.0457391	0.0240554	0.905684	0.0459768	1.03143	0.0320924	3.99827e-05
10009	1	100	25	500	0.123703	0.0976311	0.0532192	0.0444119	0.0260723	0.907852	0.0412288	1.03442	0.0282571	3.95229e-05
10010	1	100	23	500	0.138035	0.111671	0.0654375	0.046234	0.0263639	0.89317	0.0391418	1.04298	0.0276437	3.97649e-05
10011	1	100	25	500	0.134072	0.108081	0.0612278	0.0468529	0.0259908	0.896017	0.0410241	1.04436	0.0266467	4.02688e-05
10012	1	100	27	500	0.139633	0.111596	0.0661856	0.0454101	0.0280376	0.89298	0.0415852	1.04238	0.028762	3.95472e-05
10013	1	100	23	500	0.152659	0.122444	0.0792268	0.0432171	0.0302146	0.88265	0.0467024	1.04043	0.0328068	3.79576e-05
10014	1	100	24	500	0.164281	0.134268	0.0945594	0.0397086	0.0300129	0.874963	0.0417076	1.05151	0.0291779	3.66434e-05
10015	1	100	24	500	0.168865	0.139351	0.100404	0.038947	0.0295144	0.868229	0.0403299	1.05469	0.0316106	3.73244e-05
10016	1	100	22	500	0.170925	0.142603	0.104391	0.0382115	0.0283223	0.865027	0.0384316	1.05919	0.0313806	3.75536e-05
10017	1	100	20	500	0.174195	0.144815	0.108605	0.0362105	0.02938	0.860587	0.0421446	1.05568	0.0351358	3.69259e-05
10018	1	100	21	500	0.169855	0.13613	0.0931094	0.043021	0.0337251	0.871172	0.0394972	1.05302	0.0275597	3.88174e-05
10019	1	100	21	500	0.174967	0.138245	0.0934915	0.0447531	0.0367221	0.867684	0.0509577	1.0458	0.0388528	3.98444e-05
10020	1	100	21	500	0.186219	0.140688	0.0936589	0.047029	0.0455315	0.866994	0.0445516	1.04575	0.0337043	4.0143e-05
10021	1	100	20	500	0.193261	0.151363	0.110088	0.0412743	0.0418983	0.854466	0.0435563	1.04814	0.0371952	3.96304e-05
10022	1	100	22	500	0.198077	0.152531	0.104623	0.0479075	0.0455469	0.856461	0.0408312	1.04407	0.0330598	4.08905e-05
10023	1	100	23	500	0.196465	0.151457	0.10434	0.0471167	0.0450083	0.85848	0.0424606	1.04714	0.0338598	4.07933e-05
10024	1	100	22	500	0.20359	0.155493	0.107406	0.0480875	0.0480967	0.854372	0.0392256	1.04605	0.0357355	4.10822e-05
10025	1	100	21	500	0.195899	0.152985	0.104019	0.0489662	0.0429136	0.856075	0.0442595	1.04776	0.0401738	4.2682e-05
10026	1	100	23	500	0.211534	0.154063	0.101985	0.0520783	0.0574708	0.85675	0.0360506	1.047	0.0367251	4.29145e-05
10027	1	100	21	500	0.207443	0.151358	0.100327	0.0510311	0.0560844	0.857666	0.0444818	1.04985	0.0408311	4.24286e-05
10028	1	100	20	500	0.213047	0.158213	0.110109	0.0481041	0.054834	0.85205	0.0428216	1.04787	0.0428369	4.15927e-05
10029	1	100	19	500	0.216903	0.160871	0.113317	0.0475538	0.056032	0.852383	0.0409701	1.05526	0.0339727	4.22073e-05
10030	1	100	17	500	0.206229	0.155398	0.10439	0.0510082	0.0508313	0.856299	0.0386373	1.05152	0.0395924	4.35896e-05
10031	1	100	21	500	0.200474	0.157488	0.112991	0.0444969	0.0429863	0.851883	0.0377361	1.05841	0.0352099	4.29001e-05
10032	1	100	18	500	0.211135	0.159204	0.114731	0.0444732	0.0519313	0.851089	0.0430877	1.06068	0.0416633	4.22317e-05
10033	1	100	21	500	0.210971	0.156615	0.106934	0.0496802	0.0543566	0.846648	0.0765844	1.04831	0.0871503	4.35178e-05
10034	1	100	19	500	0.232544	0.163291	0.109707	0.0535834	0.069253	0.849826	0.0492163	1.05107	0.0485847	4.4036e-05
10035	1	100	18	500	0.229315	0.166642	0.116484	0.0501585	0.0626729	0.842893	0.0494613	1.04313	0.0542372	4.41959e-05
10036	1	100	21	500	0.221308	0.157749	0.104959	0.0527906	0.0635587	0.852339	0.0497376	1.05159	0.0509715	4.37058e-05
10037	1	100	21	500	0.226598	0.160223	0.107114	0.0531082	0.0663756	0.852464	0.0451362	1.0484	0.0412988	4.35806e-05
10038	1	100	20	500	0.183602	0.143584	0.0927547	0.0508296	0.0400182	0.865955	0.034916	1.05792	0.0341502	4.43502e-05
10039	1	100	20	500	0.170488	0.139072	0.0869257	0.0521464	0.0314155	0.868923	0.040271	1.06258	0.0339982	4.4454e-05
10040	1	100	20	500	0.173852	0.141056	0.0924717	0.0485845	0.0327959	0.868062	0.031794	1.06197	0.02641	4.4624e-05
10041	1	100	20	500	0.17435	0.14107	0.0884964	0.0525734	0.0332802	0.865002	0.0457317	1.05746	0.0410273	4.5511e-05
10042	1	100	20	500	0.165732	0.133823	0.0827085	0.0511149	0.0319091	0.872179	0.0348668	1.04973	0.0324676	4.57336e-05
10043	1	100	21	500	0.170012	0.138147	0.0881833	0.0499633	0.0318654	0.868447	0.0408294	1.04834	0.0358299	4.643e-05
10044	1	100	15	500	0.16413	0.134122	0.0851689	0.0489527	0.0300087	0.870202	0.0378183	1.05269	0.0390572	4.61259e-05
10045	1	100	18	500	0.15568	0.127798	0.0777321	0.0500659	0.0278817	0.880565	0.0287342	1.06295	0.0279238	4.53485e-05
10046	1	100	17	500	0.146333	0.121172	0.0705977	0.0505747	0.0251609	0.883173	0.0293649	1.0571	0.0324343	4.46394e-05
10047	1	100	17	500	0.132628	0.113379	0.06375	0.0496292	0.0192492	0.885469	0.031274	1.05851	0.0374958	4.16244e-05
10048	1	100	16	500	0.130993	0.112204	0.0631201	0.0490838	0.0187889	0.890639	0.0240002	1.06434	0.0315877	4.11693e-05
10049	1	100	17	500	0.131361	0.112496	0.0631522	0.0493443	0.0188642	0.892922	0.0233566	1.06867	0.0282476	4.09883e-05
10050	1	100	16	500	0.131444	0.115034	0.0678446	0.0471896	0.0164094	0.888173	0.0261539	1.0701	0.0291918	4.0669e-05
10051	1	100	17	500	0.135728	0.11865	0.0735353	0.0451145	0.0170787	0.887699	0.0247184	1.07565	0.0228866	4.08614e-05
10052	1	100	15	500	0.133165	0.12049	0.0799399	0.0405498	0.0126749	0.88516	0.0292479	1.07665	0.0225533	3.85879e-05
10053	1	100	14	500	0.139667	0.125035	0.0869988	0.0380362	0.0146323	0.878193	0.0291762	1.07419	0.0250319	3.73861e-05
10054	1	100	15	500	0.141288	0.12594	0.0878664	0.0380736	0.0153481	0.879244	0.0281508	1.07751	0.022691	3.77706e-05
10055	1	100	14	500	0.144818	0.128931	0.0914676	0.037463	0.0158879	0.874661	0.0283425	1.07785	0.0223755	3.84691e-05
10056	1	100	14	500	0.145042	0.128186	0.0908362	0.0373499	0.0168559	0.873677	0.0278142	1.07832	0.0272224	3.56834e-05
10057	1	100	19	500	0.141194	0.126764	0.0886028	0.0381613	0.0144296	0.879297	0.0257662	1.08161	0.0191678	3.81932e-05
10058	1	100	18	500	0.142886	0.127232	0.0880971	0.0391353	0.015654	0.878933	0.0267149	1.08157	0.0202282	3.95413e-05
10059	1	100	17	500	0.140328	0.124272	0.0825523	0.0417192	0.0160565	0.881504	0.0270583	1.07998	0.0208273	4.00628e-05
10060	1	100	20	500	0.141288	0.1251	0.0852756	0.0398248	0.0161877	0.880613	0.0263564	1.08102	0.0204035	3.78958e-05
10061	1	100	16	500	0.137709	0.122152	0.0804265	0.0417253	0.0155573	0.881926	0.0285798	1.07937	0.0264099	3.82004e-05
10062	1	100	17	500	0.141952	0.124593	0.0832366	0.0413564	0.0173591	0.880248	0.0278824	1.07981	0.0211417	3.97872e-05
10063	1	100	17	500	0.138883	0.123031	0.0821376	0.0408937	0.0158514	0.88138	0.0285229	1.07749	0.0253667	3.84965e-05
10064	1	100	21	500	0.131849	0.117051	0.0745915	0.0424597	0.0147973	0.887053	0.0307129	1.07414	0.0244158	3.74717e-05
10065	1	100	19	500	0.131593	0.121286	0.0863451	0.0349406	0.0103072	0.882918	0.0274119	1.07698	0.0226223	3.11606e-05
10066	1	100	15	500	0.124313	0.113802	0.0734757	0.0403265	0.0105105	0.889927	0.0299187	1.07338	0.0260873	3.47735e-05
10067	1	100	14	500	0.130587	0.120029	0.0817917	0.0382378	0.0105576	0.883692	0.028012	1.07925	0.0226435	3.45503e-05
10068	1	100	14	500	0.126033	0.115472	0.075574	0.0398983	0.0105603	0.889014	0.02656	1.076	0.0221358	3.4661e-05
10069	1	100	17	500	0.129374	0.119601	0.0827043	0.0368967	0.00977284	0.88388	0.0281601	1.07773	0.0220655	3.34977e-05
10070	1	100	14	500	0.132802	0.124002	0.0908781	0.0331243	0.00879989	0.880073	0.0277048	1.08174	0.0192589	3.07375e-05
10071	1	100	12	500	0.134431	0.126497	0.0963711	0.030126	0.0079344	0.878062	0.0249708	1.08321	0.0156862	2.96724e-05
10072	1	100	11	500	0.133501	0.124873	0.0927122	0.0321611	0.00862789	0.877726	0.0252802	1.08012	0.0216695	3.06358e-05
10073	1	100	14	500	0.133597	0.124336	0.0913315	0.0330048	0.00926084	0.879676	0.0267475	1.08143	0.0185665	3.19304e-05
10074	1	100	14	500	0.128641	0.119677	0.0852467	0.0344305	0.00896379	0.884301	0.0311775	1.07673	0.0239524	3.05637e-05
10075	1	100	14	500	0.127754	0.118509	0.0832328	0.035276	0.00924472	0.886125	0.0278269	1.07596	0.0214744	3.10116e-05
10076	1	100	14	500	0.128217	0.118718	0.0825109	0.0362067	0.00949889	0.886716	0.0278829	1.07819	0.0194966	3.17846e-05
10077	1	100	15	500	0.130889	0.118888	0.0817652	0.0371224	0.012001	0.883607	0.029418	1.0736	0.0267311	3.32577e-05
10078	1	100	14	500	0.125444	0.113814	0.0728097	0.041004	0.0116303	0.891429	0.0309183	1.07504	0.0261297	3.60118e-05
10079	1	100	16	500	0.131201	0.114564	0.0722031	0.0423614	0.016637	0.888091	0.0327449	1.0697	0.0276214	3.61025e-05
10080	1	100	16	500	0.128777	0.112474	0.0703644	0.0421097	0.0163028	0.890221	0.0300035	1.06793	0.0286088	3.54855e-05
10081	1	100	18	500	0.134657	0.116047	0.0748993	0.0411482	0.0186093	0.888927	0.0303822	1.07212	0.0255031	3.48595e-05
10082	1	100	13	500	0.125913	0.113674	0.0732838	0.0403902	0.0122386	0.889325	0.029273	1.07277	0.026192	3.62096e-05
10083	1	100	14	500	0.130026	0.11691	0.0759311	0.0409793	0.0131155	0.887834	0.0255545	1.07813	0.0227571	3.71373e-05
10084	1	100	11	500	0.131262	0.118341	0.0785347	0.0398065	0.0129204	0.885119	0.0268588	1.07738	0.0257864	3.67214e-05
10085	1	100	15	500	0.134154	0.123899	0.0919945	0.0319047	0.0102552	0.879981	0.0253061	1.08155	0.0174382	3.15621e-05
10086	1	100	11	500	0.132242	0.122387	0.0906411	0.0317462	0.00985417	0.882486	0.0293851	1.0789	0.0205649	3.04587e-05
10087	1	100	15	500	0.133759	0.118589	0.0799312	0.0386576	0.01517	0.884647	0.0279939	1.07473	0.0242936	3.52753e-05
10088	1	100	11	500	0.125765	0.112382	0.0721516	0.0402302	0.0133833	0.890038	0.0265436	1.07301	0.0251504	3.64923e-05
10089	1	100	14	500	0.124943	0.111541	0.0714396	0.0401015	0.0134023	0.890779	0.0296497	1.07371	0.0303712	3.61748e-05
10090	1	100	13	500	0.12688	0.112675	0.0755846	0.0370903	0.0142052	0.891154	0.0302166	1.07461	0.0289589	3.34507e-05
10091	1	100	12	500	0.128556	0.115062	0.0797621	0.0352998	0.0134946	0.888653	0.03365	1.074	0.0270744	3.19275e-05
10092	1	100	12	500	0.130773	0.113618	0.0786072	0.0350105	0.0171554	0.890214	0.0294946	1.07805	0.0285805	3.52716e-05
10093	1	100	13	500	0.129909	0.115531	0.0825401	0.0329906	0.0143779	0.886831	0.0250306	1.0791	0.0283959	3.50545e-05
10094	1	100	14	500	0.139974	0.123402	0.0989992	0.0244025	0.0165721	0.881067	0.0285421	1.08302	0.0274325	2.88405e-05
10095	1	100	13	500	0.129841	0.120808	0.0963883	0.02442	0.00903231	0.882503	0.0293371	1.08533	0.0246897	2.99996e-05
10096	1	100	14	500	0.134471	0.124417	0.101161	0.0232557	0.010054	0.87908	0.0244825	1.08835	0.0220718	2.95877e-05
10097	1	100	11	500	0.141748	0.130036	0.10576	0.0242764	0.0117116	0.873403	0.0235798	1.08742	0.0210304	2.80618e-05
10098	1	100	13	500	0.144115	0.130721	0.101755	0.0289662	0.0133938	0.874497	0.0229732	1.0873	0.0168487	2.879e-05
10099	1	100	15	500	0.146059	0.134521	0.114608	0.0199133	0.0115374	0.869609	0.0213761	1.08725	0.0136722	2.59332e-05
10100	1	100	14	500	0.142077	0.131839	0.112358	0.019481	0.0102389	0.872295	0.0219094	1.08973	0.0117011	2.87968e-05
10101	1	100	12	500	0.140211	0.128716	0.106681	0.0220349	0.0114942	0.874424	0.0219163	1.08921	0.0184616	3.09673e-05
