Generation	PopulationID	SampleSize	UniqueMutations	PopulationSize	totalLoad	RelzLoad	RelzLoadHomo	RelzLoadHetero	MskLoad	MeanFitness	SdFitness	MeanFitnessCached	SdFitnessCached	Heterozygosity	
10001	1	100	52	500	0.16603	0.127838	0.087094	0.0407444	0.0381916	0.876929	0.0393466	1.10258	0.038125	2.95727e-05
10002	1	100	32	500	0.167724	0.130316	0.0918542	0.0384617	0.0374079	0.871494	0.0506361	1.09928	0.0491791	3.03994e-05
10003	1	100	38	500	0.217998	0.14804	0.0973845	0.0506553	0.0699586	0.864771	0.0361112	1.1017	0.0330458	3.08297e-05
10004	1	100	36	500	0.199412	0.142545	0.0945307	0.048014	0.0568677	0.867744	0.0368147	1.10395	0.0307239	3.07259e-05
10005	1	100	33	500	0.224693	0.151204	0.0936268	0.057577	0.0734891	0.861594	0.0527657	1.09565	0.0438731	3.09193e-05
10006	1	100	35	500	0.221688	0.146765	0.0870193	0.0597461	0.0749227	0.86373	0.0558665	1.0894	0.0470057	3.17981e-05
10007	1	100	32	500	0.183718	0.133112	0.088708	0.0444044	0.0506054	0.874973	0.0381157	1.09993	0.032073	3.24101e-05
10008	1	100	33	500	0.162877	0.122105	0.0803891	0.0417157	0.0407724	0.883609	0.0323065	1.09543	0.034137	3.37313e-05
10009	1	100	32	500	0.165773	0.124113	0.0819484	0.0421649	0.04166	0.880307	0.0405695	1.09478	0.0485069	3.40626e-05
10010	1	100	28	500	0.15411	0.124008	0.0867876	0.0372204	0.0301018	0.882328	0.0302596	1.10157	0.0288838	3.24028e-05
10011	1	100	27	500	0.165239	0.129267	0.0935372	0.0357294	0.0359722	0.873678	0.043755	1.0984	0.0433314	3.32325e-05
10012	1	100	28	500	0.157352	0.128275	0.0997784	0.0284969	0.0290769	0.877088	0.0217804	1.10677	0.0272549	3.25904e-05
10013	1	100	23	500	0.158614	0.129127	0.102387	0.0267399	0.0294875	0.876573	0.0242178	1.10962	0.0243311	3.33456e-05
10014	1	100	19	500	0.156509	0.126497	0.101676	0.0248217	0.0300111	0.879407	0.0242475	1.10554	0.0265545	3.36974e-05
10015	1	100	20	500	0.156684	0.130244	0.111405	0.0188399	0.0264396	0.87561	0.021735	1.10962	0.0246043	3.26379e-05
10016	1	100	21	500	0.155283	0.128943	0.108507	0.0204357	0.02634	0.876966	0.0226282	1.10812	0.0249455	3.21642e-05
10017	1	100	20	500	0.154628	0.129334	0.109124	0.0202099	0.0252934	0.876064	0.0214639	1.11096	0.0240025	3.32868e-05
10018	1	100	15	500	0.146833	0.130536	0.118283	0.0122531	0.0162968	0.873035	0.018139	1.11543	0.0193565	3.32167e-05
10019	1	100	14	500	0.0788322	0.0614428	0.0505964	0.0108464	0.0173895	0.937201	0.0199406	1.03882	0.0232225	3.22561e-05
10020	1	100	19	500	0.094619	0.0643774	0.0509152	0.0134621	0.0302416	0.938017	0.0187115	1.03823	0.0194365	3.35581e-05
10021	1	100	14	500	0.0776909	0.0597246	0.0503836	0.009341	0.0179663	0.941176	0.0174211	1.03924	0.0195768	3.4687e-05
10022	1	100	18	500	0.0783501	0.0597275	0.052165	0.00756259	0.0186226	0.940614	0.0187779	1.03798	0.0223105	3.44611e-05
10023	1	100	15	500	0.0807533	0.0607726	0.0526547	0.00811795	0.0199807	0.939986	0.0171246	1.03683	0.0199953	3.43145e-05
10024	1	100	17	500	0.0744439	0.0590473	0.0517684	0.0072789	0.0153967	0.941258	0.0143047	1.0401	0.0171106	3.29557e-05
10025	1	100	16	500	0.0748376	0.0594593	0.0519726	0.00748664	0.0153784	0.94284	0.0114485	1.04124	0.0136773	3.29774e-05
10026	1	100	13	500	0.0686965	0.0572614	0.050276	0.00698533	0.0114352	0.944185	0.00729804	1.04425	0.00717684	3.40425e-05
10027	1	100	13	500	0.0657171	0.0559558	0.0499484	0.00600737	0.00976138	0.94394	0.0128408	1.04379	0.0136492	3.50304e-05
10028	1	100	11	500	0.0609546	0.0554666	0.0498181	0.00564849	0.00548803	0.945068	0.00825603	1.04707	0.00757183	3.56722e-05
10029	1	100	13	500	0.0618521	0.0566398	0.0499916	0.00664828	0.00521227	0.943166	0.0160309	1.04803	0.0156123	3.48825e-05
10030	1	100	11	500	0.0124229	0.00870463	0.00278533	0.0059193	0.0037183	0.991706	0.0175654	1.00237	0.0164188	3.4294e-05
10031	1	100	12	500	0.0161785	0.0119751	0.00314036	0.00883477	0.0042034	0.988013	0.0218885	1.00503	0.0203597	3.46868e-05
10032	1	100	9	500	0.0102379	0.0062245	0.00293492	0.00328957	0.00401339	0.992076	0.0127012	0.99983	0.0125554	3.48508e-05
10033	1	100	10	500	0.0130539	0.00944119	0.00216871	0.00727249	0.00361268	0.990568	0.0220331	1.00393	0.0223646	3.40663e-05
10034	1	100	8	500	0.00902623	0.00502329	0.0021951	0.0028282	0.00400294	0.99365	0.0114183	1.00051	0.0110328	3.35219e-05
10035	1	100	9	500	0.0123115	0.00805259	0.00235038	0.00570222	0.00425888	0.991945	0.015692	1.00236	0.0140415	3.33289e-05
10036	1	100	10	500	0.0112987	0.00678095	0.00198469	0.00479626	0.00451775	0.992842	0.0141604	1.00091	0.01275	3.24409e-05
10037	1	100	10	500	0.00857822	0.00477801	0.00223599	0.00254201	0.00380021	0.99476	0.00596786	0.99835	0.0060843	3.27214e-05
10038	1	100	9	500	0.0078563	0.00439905	0.00211333	0.00228571	0.00345725	0.995508	0.00577444	0.998674	0.00500527	3.26059e-05
10039	1	100	11	500	0.0081858	0.00454676	0.00184189	0.00270487	0.00363904	0.995796	0.00516312	0.999957	0.00506978	3.28649e-05
10040	1	100	9	500	0.00746461	0.00416101	0.00199718	0.00216383	0.0033036	0.99543	0.00548496	0.998387	0.00497731	3.31181e-05
10041	1	100	10	500	0.00824017	0.0042244	0.00182276	0.00240164	0.00401576	0.995201	0.00684017	0.998316	0.00728925	3.31238e-05
10042	1	100	14	500	0.00715343	0.00362842	0.0012592	0.00236922	0.00352501	0.996845	0.00453607	1.0002	0.00366381	3.22847e-05
10043	1	100	12	500	0.00739771	0.00397084	0.00163469	0.00233615	0.00342687	0.996011	0.00592107	0.999406	0.00449205	3.4231e-05
10044	1	100	13	500	0.00593299	0.00313925	0.00108696	0.00205229	0.00279374	0.995953	0.00800958	0.998918	0.00395333	3.11043e-05
10045	1	100	13	500	0.00689504	0.00322737	0.00115251	0.00207486	0.00366767	0.996976	0.00442703	0.999493	0.00391719	3.1474e-05
10046	1	100	11	500	0.00782409	0.00401762	0.00179366	0.00222396	0.00380647	0.995681	0.0065944	0.998432	0.00429373	3.4154e-05
10047	1	100	11	500	0.00794621	0.00451408	0.00199323	0.00252085	0.00343212	0.995291	0.00667452	0.999068	0.00404306	3.49918e-05
10048	1	100	8	500	0.00753072	0.00424083	0.00190336	0.00233747	0.00328989	0.995497	0.0058402	0.998908	0.00594406	3.48502e-05
10049	1	100	8	500	0.00667108	0.0037592	0.00196521	0.00179399	0.00291188	0.996124	0.00760729	0.998418	0.00628845	3.52514e-05
10050	1	100	9	500	0.00646535	0.00353291	0.00155262	0.00198029	0.00293244	0.996004	0.00726554	0.998788	0.00429625	3.54281e-05
10051	1	100	9	500	0.00719696	0.00378665	0.00130478	0.00248187	0.00341031	0.996493	0.00478966	1.00022	0.00418776	3.46088e-05
10052	1	100	8	500	0.00578395	0.00292867	0.00104828	0.0018804	0.00285528	0.99691	0.004131	0.999454	0.0038162	3.31927e-05
10053	1	100	9	500	0.00720098	0.00285821	0.00114158	0.00171663	0.00434277	0.996918	0.005001	0.998235	0.00497249	3.44329e-05
10054	1	100	8	500	0.00426345	0.00207822	0.000712406	0.00136581	0.00218523	0.997541	0.00454487	0.999277	0.00435934	3.31536e-05
10055	1	100	8	500	0.0142018	0.0042192	0.000997588	0.00322161	0.00998262	0.995862	0.00786078	0.997388	0.00811442	3.23389e-05
10056	1	100	10	500	0.013351	0.00415253	0.000915292	0.00323724	0.00919845	0.996185	0.00749506	0.998185	0.00693585	3.40133e-05
10057	1	100	13	500	0.0116485	0.00387994	0.000995809	0.00288413	0.00776859	0.996345	0.00646875	0.998355	0.00664082	3.51125e-05
10058	1	100	11	500	0.00755904	0.00290111	0.00073844	0.00216267	0.00465793	0.996967	0.00604627	0.999106	0.00536351	3.35885e-05
10059	1	100	16	500	0.00926667	0.0041919	0.00099119	0.00320071	0.00507476	0.995897	0.00608793	1.00034	0.00516015	3.3031e-05
10060	1	100	9	500	0.0048014	0.00249765	0.000668723	0.00182892	0.00230375	0.997437	0.00496689	1.00039	0.00408746	3.13074e-05
10061	1	100	9	500	0.00524249	0.00275012	0.000765099	0.00198502	0.00249237	0.997367	0.00430206	1.00039	0.00357485	3.19812e-05
10062	1	100	11	500	0.0125624	0.00394704	0.000739875	0.00320716	0.00861538	0.995855	0.0102919	0.998308	0.00887301	3.06515e-05
10063	1	100	12	500	0.0138527	0.00531833	0.000665506	0.00465283	0.00853441	0.994901	0.0171264	0.99998	0.00271605	2.85971e-05
10064	1	100	12	500	0.0047787	0.00261282	0.000626375	0.00198645	0.00216587	0.997053	0.0061864	1.00034	0.00462332	2.78574e-05
10065	1	100	9	500	0.00531384	0.00297194	0.00075717	0.00221477	0.00234191	0.996902	0.00586959	1.0006	0.00296496	2.89204e-05
10066	1	100	6	500	0.0056099	0.00308981	0.000819227	0.00227058	0.0025201	0.997057	0.0051431	1.00083	0.00447964	3.07169e-05
10067	1	100	13	500	0.00495352	0.00221474	0.000515024	0.00169972	0.00273878	0.997869	0.00343066	1.00006	0.00280347	2.88786e-05
10068	1	100	12	500	0.00489061	0.00193138	0.000436132	0.00149525	0.00295923	0.998065	0.00417123	0.99972	0.00296461	2.5916e-05
10069	1	100	9	500	0.00629943	0.0025966	0.00060487	0.00199173	0.00370283	0.997384	0.00504902	0.999697	0.00250643	2.93188e-05
10070	1	100	12	500	0.00847417	0.00286845	0.000594716	0.00227373	0.00560572	0.997092	0.00569222	0.998939	0.00394252	2.85313e-05
10071	1	100	12	500	0.00973911	0.00312577	0.000613282	0.00251248	0.00661334	0.996679	0.00613967	0.9985	0.00541327	2.68931e-05
10072	1	100	15	500	0.0182362	0.00465937	0.000828681	0.00383069	0.0135768	0.995742	0.0111245	0.996639	0.0112225	2.87789e-05
10073	1	100	15	500	0.0134792	0.00385226	0.000883371	0.00296889	0.00962693	0.99597	0.0093137	0.997325	0.00954205	2.80973e-05
10074	1	100	15	500	0.0201127	0.00551576	0.00103377	0.00448199	0.014597	0.994673	0.0114126	0.996529	0.00985378	2.92657e-05
10075	1	100	18	500	0.0251693	0.00649524	0.00122321	0.00527203	0.0186741	0.993367	0.013487	0.994624	0.0138557	2.74416e-05
10076	1	100	16	500	0.0278091	0.00720953	0.0017945	0.00541503	0.0205996	0.993237	0.0129323	0.993783	0.013098	2.61074e-05
10077	1	100	11	500	0.0142088	0.00390373	0.00132746	0.00257627	0.0103051	0.996342	0.00508207	0.996346	0.00507978	2.78193e-05
10078	1	100	9	500	0.00859908	0.00249689	0.000971343	0.00152555	0.00610219	0.997237	0.00740052	0.997469	0.00741963	2.7175e-05
10079	1	100	10	500	0.0083649	0.00254041	0.00105123	0.00148918	0.00582449	0.997501	0.00517785	0.997567	0.00520873	2.42019e-05
10080	1	100	7	500	0.0058702	0.00179349	0.000774309	0.00101918	0.00407672	0.9985	0.00258879	0.9985	0.0025888	2.38117e-05
10081	1	100	9	500	0.00571791	0.00163248	0.000611126	0.00102136	0.00408543	0.998601	0.00210735	0.998601	0.00210737	2.45459e-05
10082	1	100	9	500	0.00533923	0.00160135	0.000666879	0.000934469	0.00373788	0.998423	0.00270747	0.998423	0.00270749	2.56392e-05
10083	1	100	14	500	0.00757012	0.00228745	0.000853918	0.00143354	0.00528266	0.997199	0.00653982	0.997555	0.0066226	2.71184e-05
10084	1	100	10	500	0.00559836	0.00165208	0.000665513	0.000986569	0.00394628	0.998402	0.00393695	0.998808	0.00393754	2.64789e-05
10085	1	100	14	500	0.00851789	0.0025304	0.000916853	0.00161355	0.00598748	0.997824	0.00454644	0.998059	0.00464354	2.65215e-05
10086	1	100	14	500	0.00797902	0.00256365	0.000917237	0.00164641	0.00541537	0.996763	0.010616	0.997369	0.0107252	2.81401e-05
10087	1	100	13	500	0.0100577	0.00338919	0.00138147	0.00200771	0.00666849	0.995094	0.011825	0.995809	0.0119746	2.83911e-05
10088	1	100	10	500	0.0130805	0.00446098	0.00184818	0.0026128	0.00861951	0.994933	0.0090891	0.995929	0.00938428	2.73634e-05
10089	1	100	15	500	0.0136678	0.00409464	0.00125103	0.00284362	0.00957319	0.994166	0.0127503	0.995189	0.0130565	2.96603e-05
10090	1	100	16	500	0.0186829	0.00495723	0.000966744	0.00399049	0.0137256	0.994776	0.00972205	0.995949	0.010171	3.00208e-05
10091	1	100	15	500	0.0182326	0.00475796	0.000648949	0.00410901	0.0134747	0.995141	0.0107516	0.996723	0.0111499	3.07631e-05
10092	1	100	14	500	0.0311489	0.00770723	0.00100553	0.0067017	0.0234417	0.992555	0.0155482	0.994709	0.0161056	3.09632e-05
10093	1	100	13	500	0.0190936	0.00546507	0.000619321	0.00484575	0.0136285	0.994293	0.0124862	0.997692	0.0126366	3.01371e-05
10094	1	100	15	500	0.0193379	0.00585211	0.000853062	0.00499905	0.0134858	0.994206	0.0104796	0.998092	0.0114221	3.07267e-05
10095	1	100	13	500	0.00980523	0.00346123	0.000652992	0.00280824	0.00634399	0.996568	0.00638858	0.99951	0.00677364	3.02236e-05
10096	1	100	10	500	0.00752171	0.00307396	0.000591733	0.00248223	0.00444775	0.996893	0.00435341	1.0003	0.00499643	2.97923e-05
10097	1	100	9	500	0.00815237	0.00330301	0.00063204	0.00267097	0.00484935	0.996608	0.00497813	1.00025	0.0051827	3.00837e-05
10098	1	100	12	500	0.0150662	0.00475391	0.000965051	0.00378886	0.0103123	0.991426	0.0301222	0.994334	0.030723	3.05523e-05
10099	1	100	8	500	0.0141791	0.00462546	0.00103203	0.00359343	0.00955366	0.99592	0.0057259	0.998818	0.00639008	3.08708e-05
10100	1	100	10	500	0.0173896	0.00549032	0.00118776	0.00430255	0.0118993	0.994887	0.00690638	0.998274	0.00703615	3.07929e-05
10101	1	100	6	500	0.0151148	0.00511319	0.00129044	0.00382275	0.0100016	0.995531	0.00641383	0.998782	0.00695572	3.00936e-05
