Generation	PopulationID	SampleSize	UniqueMutations	PopulationSize	totalLoad	RelzLoad	RelzLoadHomo	RelzLoadHetero	MskLoad	MeanFitness	SdFitness	MeanFitnessCached	SdFitnessCached	Heterozygosity	
10001	1	100	48	500	0.192341	0.177305	0.101005	0.0763002	0.0150353	0.830029	0.0305537	1.17452	0.0406215	3.14905e-05
10002	1	100	36	500	0.186246	0.172559	0.0942567	0.0783018	0.0136877	0.835283	0.0283968	1.17117	0.0338341	3.21588e-05
10003	1	100	37	500	0.193269	0.17919	0.104767	0.0744227	0.0140788	0.829251	0.030156	1.17817	0.038144	3.10938e-05
10004	1	100	32	500	0.190384	0.173269	0.0924071	0.0808623	0.0171142	0.835133	0.0253735	1.16915	0.0377491	3.21543e-05
10005	1	100	29	500	0.192609	0.172475	0.0884112	0.0840634	0.0201341	0.83654	0.0232345	1.16579	0.0317296	3.3637e-05
10006	1	100	32	500	0.196356	0.1761	0.096003	0.0800967	0.0202563	0.830939	0.0280598	1.16753	0.0447546	3.2974e-05
10007	1	100	29	500	0.20595	0.182885	0.106344	0.0765415	0.023065	0.828249	0.0252859	1.17309	0.0374284	3.32601e-05
10008	1	100	30	500	0.206079	0.183494	0.106205	0.0772899	0.0225845	0.824559	0.0319923	1.1722	0.0517449	3.32368e-05
10009	1	100	26	500	0.212695	0.189021	0.117643	0.0713783	0.0236741	0.821242	0.0277759	1.18043	0.0431061	3.28332e-05
10010	1	100	29	500	0.211063	0.185719	0.109923	0.0757962	0.0253436	0.822165	0.0312273	1.17353	0.0465411	3.30883e-05
10011	1	100	31	500	0.207152	0.180998	0.098008	0.0829903	0.0261541	0.823894	0.035171	1.16499	0.0586668	3.45675e-05
10012	1	100	31	500	0.216396	0.182273	0.102583	0.0796903	0.0341229	0.828752	0.0229414	1.16544	0.0317048	3.46575e-05
10013	1	100	28	500	0.231138	0.193448	0.114601	0.0788474	0.03769	0.816943	0.0364814	1.16466	0.0627937	3.52806e-05
10014	1	100	26	500	0.235302	0.201556	0.131773	0.069783	0.0337457	0.812819	0.0299024	1.18192	0.0479966	3.40367e-05
10015	1	100	27	500	0.237347	0.201109	0.133713	0.0673966	0.0362373	0.813708	0.026215	1.1798	0.0437685	3.41727e-05
10016	1	100	26	500	0.240362	0.202067	0.136005	0.066062	0.0382943	0.808906	0.0367275	1.172	0.0662653	3.34808e-05
10017	1	100	21	500	0.252723	0.20203	0.130019	0.0720112	0.0506933	0.811447	0.0382551	1.1642	0.0668798	3.39855e-05
10018	1	100	16	500	0.229075	0.195845	0.127061	0.0687842	0.0332304	0.808517	0.0480206	1.15177	0.0887239	3.45991e-05
10019	1	100	11	500	0.223305	0.193352	0.123839	0.0695127	0.0299533	0.812219	0.0471338	1.15708	0.0835753	3.44122e-05
10020	1	100	10	500	0.221895	0.195169	0.128892	0.0662777	0.0267256	0.813495	0.0419436	1.16949	0.0738739	3.37003e-05
10021	1	100	12	500	0.245325	0.209055	0.150553	0.0585025	0.0362697	0.803578	0.0399434	1.16359	0.0798285	3.3122e-05
10022	1	100	15	500	0.250313	0.211416	0.15085	0.0605657	0.0388968	0.804018	0.0400955	1.1676	0.0776489	3.36441e-05
10023	1	100	12	500	0.260158	0.216682	0.155981	0.0607012	0.043476	0.796851	0.0441279	1.15605	0.0904033	3.38204e-05
10024	1	100	14	500	0.25463	0.215	0.151734	0.0632657	0.0396307	0.801482	0.0469959	1.14765	0.0898534	3.45697e-05
10025	1	100	13	500	0.247458	0.210032	0.143593	0.0664389	0.0374252	0.805704	0.0456318	1.15714	0.0854793	3.53448e-05
10026	1	100	16	500	0.248452	0.212234	0.148871	0.0633629	0.0362177	0.803119	0.0404311	1.1722	0.0770373	3.41299e-05
10027	1	100	14	500	0.247634	0.214457	0.157065	0.0573917	0.0331775	0.793365	0.0430044	1.16859	0.0950073	3.34392e-05
10028	1	100	10	500	0.253872	0.216946	0.159555	0.0573913	0.0369258	0.799903	0.0416739	1.16384	0.0843658	3.32828e-05
10029	1	100	11	500	0.263042	0.2235	0.169742	0.0537586	0.0395421	0.792393	0.0464302	1.15488	0.0973693	3.31453e-05
10030	1	100	11	500	0.252156	0.215681	0.157532	0.0581495	0.0364746	0.791646	0.0493284	1.154	0.106427	3.4248e-05
10031	1	100	15	500	0.2612	0.219695	0.1566	0.0630955	0.0415051	0.795134	0.0508826	1.13864	0.100912	3.50961e-05
10032	1	100	12	500	0.264216	0.223305	0.165995	0.0573101	0.0409111	0.787744	0.0513106	1.13978	0.108965	3.46129e-05
10033	1	100	13	500	0.275203	0.2322	0.179585	0.0526154	0.0430032	0.778763	0.0510993	1.13803	0.119452	3.36188e-05
10034	1	100	12	500	0.267749	0.226713	0.171775	0.0549374	0.041036	0.786816	0.0471836	1.15317	0.104584	3.38649e-05
10035	1	100	14	500	0.255665	0.219823	0.164089	0.055734	0.0358414	0.792855	0.0407235	1.17424	0.0899521	3.297e-05
10036	1	100	11	500	0.25514	0.2209	0.167901	0.052999	0.0342403	0.78762	0.0449956	1.17573	0.100816	3.20623e-05
10037	1	100	11	500	0.254303	0.221045	0.172237	0.0488081	0.033258	0.795078	0.0295053	1.19442	0.0627074	3.09332e-05
10038	1	100	15	500	0.251319	0.218855	0.166322	0.0525328	0.0324642	0.795356	0.0332034	1.1878	0.0714892	3.21118e-05
10039	1	100	10	500	0.244328	0.215112	0.163609	0.0515038	0.0292152	0.795319	0.0384813	1.18769	0.0801516	3.23591e-05
10040	1	100	12	500	0.248844	0.21998	0.175258	0.0447214	0.0288642	0.792213	0.037395	1.19637	0.0773188	3.06233e-05
10041	1	100	16	500	0.261594	0.228111	0.18661	0.0415009	0.033483	0.78779	0.0316475	1.19648	0.0740741	2.98013e-05
10042	1	100	10	500	0.270171	0.23217	0.186977	0.0451933	0.0380004	0.781051	0.0416306	1.17971	0.101265	3.05149e-05
10043	1	100	11	500	0.251052	0.223853	0.179581	0.0442724	0.0271989	0.793651	0.0242123	1.20993	0.0420321	2.89679e-05
10044	1	100	14	500	0.249211	0.224084	0.181727	0.0423562	0.0251275	0.790267	0.0278693	1.2095	0.058342	2.77886e-05
10045	1	100	10	500	0.250086	0.225954	0.186493	0.0394605	0.0241327	0.788099	0.0285131	1.21291	0.0611156	2.72262e-05
10046	1	100	12	500	0.252941	0.228454	0.191676	0.036778	0.0244871	0.78347	0.0312917	1.21199	0.0726828	2.68642e-05
10047	1	100	11	500	0.255143	0.223696	0.175433	0.0482631	0.0314463	0.791035	0.0310099	1.1995	0.0676985	3.06438e-05
10048	1	100	12	500	0.261822	0.228247	0.183284	0.0449632	0.0335748	0.785696	0.0357234	1.19379	0.0823028	3.13017e-05
10049	1	100	13	500	0.261256	0.230605	0.19222	0.0383852	0.0306508	0.779509	0.0360956	1.19864	0.0917927	2.88618e-05
10050	1	100	11	500	0.26426	0.23118	0.191203	0.0399774	0.03308	0.783315	0.0323519	1.19885	0.0807373	2.96093e-05
10051	1	100	12	500	0.274873	0.235214	0.191164	0.0440498	0.0396597	0.782505	0.038508	1.18204	0.0930758	3.11176e-05
10052	1	100	11	500	0.28369	0.240776	0.198346	0.0424308	0.042914	0.772049	0.0463509	1.1641	0.118586	3.14155e-05
10053	1	100	12	500	0.278536	0.237099	0.194324	0.0427751	0.0414371	0.779902	0.0396055	1.17966	0.0987779	3.09195e-05
10054	1	100	12	500	0.280295	0.237569	0.192651	0.0449182	0.0427265	0.776659	0.0451628	1.16948	0.110091	3.16416e-05
10055	1	100	14	500	0.275422	0.234936	0.187303	0.0476332	0.0404856	0.778606	0.0436652	1.17467	0.103882	3.24782e-05
10056	1	100	13	500	0.266466	0.230166	0.181134	0.0490329	0.0362997	0.781917	0.043107	1.18419	0.0983622	3.24675e-05
10057	1	100	19	500	0.280836	0.240634	0.19487	0.0457635	0.0402029	0.771357	0.0476481	1.18037	0.109356	3.17159e-05
10058	1	100	18	500	0.287552	0.240739	0.191046	0.0496932	0.0468129	0.780339	0.0410098	1.1702	0.0984385	3.38032e-05
10059	1	100	17	500	0.293739	0.244033	0.194094	0.0499392	0.0497056	0.770346	0.0535342	1.14458	0.12707	3.45529e-05
10060	1	100	18	500	0.284356	0.236225	0.183125	0.0530997	0.0481314	0.778558	0.0499971	1.15974	0.110388	3.49152e-05
10061	1	100	16	500	0.287522	0.237056	0.184717	0.0523396	0.050466	0.782511	0.0490142	1.15686	0.100937	3.46973e-05
10062	1	100	16	500	0.296209	0.244124	0.194776	0.049348	0.0520849	0.765698	0.0558375	1.13872	0.132351	3.443e-05
10063	1	100	15	500	0.300051	0.243471	0.190608	0.0528636	0.0565799	0.778627	0.0495911	1.14466	0.110784	3.52494e-05
10064	1	100	17	500	0.300802	0.24441	0.193452	0.0509579	0.0563921	0.771379	0.0530002	1.14654	0.124591	3.44296e-05
10065	1	100	17	500	0.314256	0.252371	0.199845	0.0525257	0.0618858	0.764685	0.0562856	1.13044	0.133983	3.53073e-05
10066	1	100	17	500	0.330653	0.26424	0.217336	0.0469042	0.0664128	0.754911	0.0561949	1.11767	0.139696	3.33342e-05
10067	1	100	11	500	0.186168	0.121192	0.0807068	0.0404851	0.0649762	0.884924	0.0577494	1.00457	0.109204	3.13426e-05
10068	1	100	12	500	0.182394	0.11894	0.0792441	0.0396962	0.0634537	0.891107	0.0493006	1.0145	0.0980711	3.02157e-05
10069	1	100	11	500	0.183265	0.119553	0.0792046	0.0403485	0.0637115	0.896995	0.0512224	1.01459	0.0889863	3.06291e-05
10070	1	100	12	500	0.170989	0.111616	0.0742809	0.0373347	0.0593738	0.888387	0.0507753	1.02134	0.102815	2.94565e-05
10071	1	100	11	500	0.155605	0.105083	0.0738253	0.0312577	0.0505223	0.897502	0.0396474	1.04885	0.0774959	2.72792e-05
10072	1	100	10	500	0.153764	0.105287	0.0741302	0.0311564	0.0484774	0.901921	0.0322368	1.05212	0.068395	2.69193e-05
10073	1	100	11	500	0.164251	0.110354	0.0774951	0.0328592	0.0538965	0.887535	0.0498518	1.0359	0.100411	2.78849e-05
10074	1	100	11	500	0.175906	0.115243	0.0779701	0.0372727	0.0606629	0.887726	0.0481527	1.02179	0.092079	3.00961e-05
10075	1	100	10	500	0.187262	0.122276	0.0819613	0.0403144	0.0649867	0.884016	0.0558194	1.00548	0.110612	3.17471e-05
10076	1	100	10	500	0.185985	0.122782	0.0825792	0.0402024	0.0632038	0.87773	0.0623856	0.995676	0.118791	3.16887e-05
10077	1	100	11	500	0.185247	0.121615	0.0820507	0.0395642	0.0636316	0.883767	0.0557399	1.00826	0.107207	3.17803e-05
10078	1	100	13	500	0.180374	0.119021	0.0811578	0.0378631	0.0613526	0.887365	0.052831	1.01967	0.101466	3.18818e-05
10079	1	100	15	500	0.187208	0.122475	0.0845937	0.0378813	0.0647327	0.886043	0.0479451	1.02198	0.0903568	3.13762e-05
10080	1	100	12	500	0.185873	0.122064	0.0844517	0.037612	0.0638088	0.88056	0.0578372	1.01719	0.106989	3.05815e-05
10081	1	100	9	500	0.175454	0.11664	0.0806714	0.0359685	0.0588143	0.881572	0.05615	1.02102	0.111332	2.97482e-05
10082	1	100	13	500	0.175295	0.11689	0.0820094	0.034881	0.058405	0.88052	0.0548437	1.02441	0.108491	2.89206e-05
10083	1	100	9	500	0.180566	0.122946	0.09039	0.0325557	0.0576207	0.884497	0.0436487	1.03592	0.0844082	2.52269e-05
10084	1	100	10	500	0.190916	0.130078	0.0965574	0.0335207	0.0608379	0.874776	0.0547893	1.02525	0.102987	2.5605e-05
10085	1	100	11	500	0.192639	0.127527	0.0933151	0.0342115	0.0651124	0.872514	0.0580809	1.02391	0.103838	2.55024e-05
10086	1	100	9	500	0.173811	0.119128	0.0882516	0.0308763	0.0546834	0.88487	0.0490964	1.04025	0.0906656	2.56004e-05
10087	1	100	8	500	0.171052	0.116889	0.0861427	0.0307461	0.0541628	0.888852	0.0479282	1.04482	0.0849943	2.61471e-05
10088	1	100	9	500	0.173724	0.117997	0.0855951	0.0324018	0.0557271	0.885259	0.0492351	1.03672	0.0982618	2.6466e-05
10089	1	100	9	500	0.16696	0.117698	0.0905661	0.0271317	0.0492621	0.885779	0.0371536	1.04855	0.0731935	2.3817e-05
10090	1	100	11	500	0.139277	0.103773	0.0826318	0.0211408	0.0355045	0.893919	0.0370746	1.06641	0.0718841	2.25405e-05
10091	1	100	14	500	0.155434	0.109603	0.0828781	0.0267253	0.0458305	0.897634	0.0290911	1.06	0.0520976	2.46128e-05
10092	1	100	10	500	0.139537	0.10694	0.0905801	0.0163594	0.032597	0.895999	0.0250259	1.07844	0.034986	2.09901e-05
10093	1	100	12	500	0.132558	0.104734	0.0901556	0.0145785	0.0278237	0.894184	0.0268994	1.07806	0.0454603	2.13711e-05
10094	1	100	10	500	0.124175	0.10267	0.091228	0.0114422	0.0215048	0.899249	0.013105	1.0878	0.0251521	1.99851e-05
10095	1	100	10	500	0.136079	0.103805	0.0870305	0.0167745	0.0322744	0.89848	0.0205651	1.08029	0.0344395	2.29614e-05
10096	1	100	14	500	0.136383	0.102513	0.0837966	0.018716	0.0338705	0.899842	0.016052	1.07801	0.0413127	2.43683e-05
10097	1	100	13	500	0.137888	0.100188	0.077016	0.0231719	0.0377002	0.904982	0.0154665	1.07339	0.0367663	2.73581e-05
10098	1	100	14	500	0.150372	0.101494	0.0709097	0.030584	0.0488787	0.90018	0.0437414	1.05309	0.0794691	3.01882e-05
10099	1	100	15	500	0.13224	0.0962236	0.070657	0.0255667	0.0360159	0.902744	0.0414631	1.06247	0.0724534	2.97021e-05
10100	1	100	12	500	0.15178	0.0999597	0.0694591	0.0305007	0.0518201	0.906608	0.0226391	1.06268	0.0535784	3.06729e-05
10101	1	100	15	500	0.152986	0.0995791	0.0673427	0.0322364	0.0534064	0.904214	0.0357347	1.05491	0.0666447	3.11963e-05
