Generation	PopulationID	SampleSize	UniqueMutations	PopulationSize	totalLoad	RelzLoad	RelzLoadHomo	RelzLoadHetero	MskLoad	MeanFitness	SdFitness	MeanFitnessCached	SdFitnessCached	Heterozygosity	
10001	1	100	57	500	0.234011	0.211194	0.160871	0.0503228	0.0228175	0.800906	0.0421074	1.20592	0.0488775	3.42004e-05
10002	1	100	34	500	0.229272	0.205127	0.156388	0.0487394	0.0241442	0.808398	0.033749	1.20175	0.045051	3.30313e-05
10003	1	100	29	500	0.234211	0.210895	0.162034	0.0488615	0.0233162	0.80283	0.0402372	1.20701	0.0489727	3.16961e-05
10004	1	100	29	500	0.214606	0.197463	0.161606	0.0358562	0.0171437	0.813591	0.0370935	1.1968	0.0441881	3.00787e-05
10005	1	100	28	500	0.22368	0.202695	0.165787	0.0369085	0.0209851	0.810797	0.0356243	1.20041	0.0441182	2.79881e-05
10006	1	100	26	500	0.134412	0.107899	0.0755304	0.0323686	0.026513	0.8955	0.0330702	1.09243	0.0328451	2.72324e-05
10007	1	100	21	500	0.139403	0.110397	0.0815528	0.0288443	0.029006	0.89226	0.0365973	1.09013	0.0356632	2.59995e-05
10008	1	100	24	500	0.139334	0.111403	0.0845705	0.0268329	0.0279305	0.893151	0.0348579	1.09333	0.0292954	2.47186e-05
10009	1	100	24	500	0.128626	0.103791	0.0747106	0.0290809	0.0248341	0.899731	0.0415376	1.08662	0.0385507	2.72582e-05
10010	1	100	20	500	0.13091	0.107813	0.0717324	0.0360803	0.0230971	0.894805	0.0467084	1.09041	0.0457124	2.9691e-05
10011	1	100	22	500	0.141621	0.113012	0.0711631	0.0418491	0.0286091	0.892579	0.0480247	1.09428	0.0450126	3.1748e-05
10012	1	100	21	500	0.141895	0.112809	0.0757432	0.0370661	0.0290853	0.890558	0.0552616	1.09034	0.0449692	3.02174e-05
10013	1	100	20	500	0.175973	0.137006	0.0862755	0.050731	0.0389662	0.870508	0.0629418	1.10447	0.0496874	3.29337e-05
10014	1	100	20	500	0.19314	0.143352	0.0951396	0.0482125	0.0497878	0.864288	0.0596073	1.10631	0.0475936	2.87661e-05
10015	1	100	19	500	0.21879	0.15689	0.102359	0.0545314	0.0618996	0.852649	0.0708561	1.10514	0.0549386	2.98509e-05
10016	1	100	19	500	0.204906	0.160447	0.107196	0.0532511	0.0444595	0.846518	0.0743402	1.11353	0.0540532	2.99848e-05
10017	1	100	21	500	0.204899	0.164634	0.112003	0.0526311	0.0402647	0.84908	0.0593605	1.12605	0.0473906	3.02871e-05
10018	1	100	21	500	0.192954	0.163826	0.112757	0.0510698	0.029128	0.844946	0.0762137	1.12198	0.042945	3.06119e-05
10019	1	100	17	500	0.194285	0.167109	0.111944	0.0551649	0.0271762	0.843209	0.0780931	1.12437	0.048118	3.33194e-05
10020	1	100	21	500	0.208661	0.175386	0.115327	0.0600591	0.0332753	0.831654	0.0983308	1.11255	0.0503752	3.35554e-05
10021	1	100	16	500	0.2064	0.172445	0.10989	0.0625553	0.0339551	0.839941	0.0823377	1.11993	0.0447996	3.54558e-05
10022	1	100	17	500	0.194813	0.158898	0.0977957	0.0611021	0.035915	0.851907	0.0797163	1.11534	0.0532482	3.52088e-05
10023	1	100	18	500	0.198176	0.168743	0.107372	0.0613708	0.0294331	0.843187	0.082847	1.11956	0.0480502	3.56584e-05
10024	1	100	18	500	0.168184	0.135308	0.0718803	0.0634282	0.032875	0.872306	0.0843508	1.09817	0.0568749	3.89841e-05
10025	1	100	18	500	0.184552	0.141717	0.0739688	0.0677482	0.0428353	0.867805	0.076446	1.0995	0.0554806	3.90831e-05
10026	1	100	17	500	0.168955	0.131904	0.0643154	0.0675883	0.0370509	0.875363	0.0888364	1.09094	0.0543892	4.07586e-05
10027	1	100	18	500	0.142776	0.110818	0.0475449	0.0632727	0.0319586	0.895242	0.0771799	1.08135	0.0557785	4.14396e-05
10028	1	100	17	500	0.141173	0.11062	0.0499241	0.0606961	0.0305525	0.890526	0.0916042	1.07593	0.0605235	4.07951e-05
10029	1	100	17	500	0.123723	0.096794	0.0415643	0.0552297	0.0269287	0.908831	0.0602272	1.07732	0.0515935	4.07469e-05
10030	1	100	17	500	0.150086	0.112112	0.046833	0.0652792	0.0379736	0.892578	0.0811925	1.0771	0.0602229	4.21651e-05
10031	1	100	18	500	0.122786	0.0939383	0.0331298	0.0608085	0.0288481	0.911543	0.0769439	1.07044	0.0625697	4.14014e-05
10032	1	100	17	500	0.129064	0.101113	0.0354585	0.0656548	0.0279502	0.90612	0.0809167	1.07565	0.0623505	4.0488e-05
10033	1	100	17	500	0.105213	0.0808519	0.0227553	0.0580965	0.0243608	0.924825	0.0752761	1.06363	0.0653256	3.79107e-05
10034	1	100	17	500	0.124533	0.097162	0.0325864	0.0645756	0.0273709	0.909795	0.0768791	1.07551	0.0665618	4.14141e-05
10035	1	100	20	500	0.112049	0.0858264	0.0261622	0.0596642	0.0262223	0.919709	0.0742944	1.06645	0.0650661	4.09322e-05
10036	1	100	17	500	0.0802861	0.0601331	0.0134939	0.0466392	0.020153	0.943801	0.0656806	1.04767	0.0595564	3.71365e-05
10037	1	100	16	500	0.0847024	0.0636789	0.0163722	0.0473067	0.0210234	0.940309	0.0664546	1.05036	0.0595744	4.01874e-05
10038	1	100	18	500	0.0720381	0.0549235	0.0128938	0.0420297	0.0171146	0.946963	0.0662871	1.04251	0.0501893	3.98445e-05
10039	1	100	17	500	0.0818433	0.0614059	0.016719	0.044687	0.0204374	0.940642	0.0640063	1.04834	0.0526794	4.21525e-05
10040	1	100	17	500	0.0838331	0.0639418	0.0162858	0.047656	0.0198913	0.939589	0.0591443	1.05125	0.0530662	4.2215e-05
10041	1	100	16	500	0.0807063	0.0630445	0.0171706	0.0458738	0.0176618	0.939474	0.068689	1.05004	0.0556297	4.25922e-05
10042	1	100	18	500	0.0732958	0.0569463	0.0137051	0.0432412	0.0163495	0.944406	0.0695905	1.04451	0.0606267	4.22998e-05
10043	1	100	14	500	0.0624723	0.0507171	0.0122478	0.0384693	0.0117552	0.949479	0.0649821	1.04115	0.0546344	4.21577e-05
10044	1	100	18	500	0.0829328	0.0648295	0.0166538	0.0481758	0.0181033	0.938373	0.0661356	1.05261	0.0627016	4.37079e-05
10045	1	100	19	500	0.0832716	0.0627704	0.0157062	0.0470641	0.0205013	0.939958	0.0642469	1.04846	0.0575871	4.40643e-05
10046	1	100	13	500	0.0560104	0.040713	0.00806041	0.0326526	0.0152975	0.958969	0.0636366	1.02839	0.0496108	4.23698e-05
10047	1	100	14	500	0.0569573	0.0399509	0.0092621	0.0306888	0.0170064	0.96031	0.0547074	1.02666	0.0363501	4.26692e-05
10048	1	100	14	500	0.0504407	0.0363024	0.00951002	0.0267923	0.0141383	0.96521	0.0407158	1.02662	0.0320333	4.28417e-05
10049	1	100	12	500	0.0562143	0.0368375	0.00899463	0.0278429	0.0193768	0.964649	0.0398043	1.02439	0.0325085	4.25707e-05
10050	1	100	12	500	0.0599525	0.0387184	0.0104017	0.0283167	0.0212341	0.96224	0.0387834	1.0256	0.0346292	4.31599e-05
10051	1	100	11	500	0.06522	0.0375498	0.00883561	0.0287142	0.0276702	0.961484	0.0498056	1.01752	0.0355796	4.15617e-05
10052	1	100	10	500	0.0628012	0.0302026	0.00563197	0.0245707	0.0325986	0.970819	0.0369971	1.01067	0.0339069	4.02647e-05
10053	1	100	10	500	0.0399017	0.0264272	0.00591509	0.0205122	0.0134745	0.974718	0.0307024	1.0178	0.0275187	4.05511e-05
10054	1	100	10	500	0.0333506	0.0245868	0.00578002	0.0188068	0.00876384	0.975439	0.0317675	1.01712	0.0225397	4.05008e-05
10055	1	100	11	500	0.0490807	0.0315897	0.00767332	0.0239164	0.017491	0.968654	0.0400343	1.01847	0.0263013	4.19131e-05
10056	1	100	11	500	0.0501545	0.0325604	0.00756913	0.0249912	0.0175941	0.966875	0.0422226	1.01906	0.0267821	4.05596e-05
10057	1	100	12	500	0.0475578	0.0321011	0.00781308	0.0242881	0.0154566	0.969118	0.0358623	1.02258	0.0300133	4.18208e-05
10058	1	100	15	500	0.0516331	0.0358612	0.00922411	0.0266371	0.0157719	0.964843	0.0415309	1.02465	0.029943	4.20637e-05
10059	1	100	12	500	0.0497085	0.0333968	0.00795813	0.0254386	0.0163118	0.966935	0.0413673	1.02095	0.0259891	4.18325e-05
10060	1	100	12	500	0.0623905	0.0420709	0.0125934	0.0294775	0.0203197	0.957143	0.0529181	1.02303	0.0291707	4.37127e-05
10061	1	100	16	500	0.0648451	0.0436717	0.0129093	0.0307624	0.0211734	0.959202	0.0408181	1.02849	0.0304325	4.4363e-05
10062	1	100	11	500	0.074371	0.0474253	0.0139204	0.0335049	0.0269457	0.954076	0.0554196	1.02485	0.0329813	4.48773e-05
10063	1	100	11	500	0.0787985	0.0543599	0.0185552	0.0358048	0.0244386	0.947133	0.0602484	1.03048	0.0342833	4.57508e-05
10064	1	100	11	500	0.0787546	0.0541925	0.0184519	0.0357406	0.0245621	0.945702	0.0695043	1.02704	0.0352098	4.58862e-05
10065	1	100	14	500	0.056204	0.0383457	0.00978004	0.0285657	0.0178583	0.959529	0.0645794	1.01962	0.0330415	4.50138e-05
10066	1	100	14	500	0.0455704	0.0306397	0.00647782	0.0241618	0.0149308	0.969872	0.0434348	1.01924	0.0270948	4.28804e-05
10067	1	100	14	500	0.0303317	0.0212926	0.00359688	0.0176957	0.00903917	0.979104	0.031831	1.01558	0.025411	4.20723e-05
10068	1	100	12	500	0.0319543	0.0219744	0.00369333	0.018281	0.0099799	0.978699	0.0366814	1.01589	0.0288728	4.2047e-05
10069	1	100	10	500	0.0282337	0.0202472	0.00330401	0.0169432	0.00798654	0.980301	0.033374	1.0154	0.0272838	4.15059e-05
10070	1	100	12	500	0.0285963	0.0198812	0.00319774	0.0166834	0.00871515	0.980364	0.029157	1.01432	0.0232608	4.12791e-05
10071	1	100	13	500	0.0289585	0.0191537	0.00266577	0.0164879	0.00980481	0.981507	0.0321224	1.0133	0.0243447	3.99977e-05
10072	1	100	13	500	0.0346463	0.0241513	0.00438884	0.0197624	0.010495	0.976037	0.0362968	1.01701	0.0276049	4.24352e-05
10073	1	100	9	500	0.0437184	0.029161	0.00585432	0.0233067	0.0145575	0.971144	0.0482548	1.01817	0.0291169	4.12285e-05
10074	1	100	16	500	0.0399307	0.0285291	0.00638561	0.0221435	0.0114016	0.972039	0.0359943	1.02083	0.0277428	4.26778e-05
10075	1	100	14	500	0.0458825	0.03198	0.00728422	0.0246958	0.0139025	0.969052	0.0397871	1.02277	0.0290111	4.35344e-05
10076	1	100	13	500	0.064697	0.0443471	0.0128717	0.0314754	0.0203499	0.958772	0.0414072	1.0299	0.0284795	4.43653e-05
10077	1	100	11	500	0.0677659	0.0462548	0.0139589	0.0322959	0.0215111	0.954405	0.0594692	1.02712	0.0346818	4.49023e-05
10078	1	100	13	500	0.0564906	0.0379234	0.00964912	0.0282743	0.0185672	0.964046	0.0475858	1.02503	0.0337418	4.52385e-05
10079	1	100	12	500	0.0603286	0.04076	0.0110384	0.0297216	0.0195686	0.962139	0.0441825	1.02746	0.0311229	4.60839e-05
10080	1	100	13	500	0.0752554	0.0494746	0.0152558	0.0342189	0.0257808	0.954395	0.0546951	1.02764	0.0331338	4.68196e-05
10081	1	100	10	500	0.0885135	0.0589763	0.0210313	0.037945	0.0295371	0.942515	0.0740718	1.02542	0.0370235	4.79348e-05
10082	1	100	12	500	0.0673823	0.044376	0.0126329	0.0317431	0.0230063	0.95944	0.0457572	1.02748	0.0300276	4.64645e-05
10083	1	100	10	500	0.0683552	0.0449821	0.0129951	0.031987	0.0233731	0.95703	0.0534899	1.02571	0.0321545	4.68955e-05
10084	1	100	10	500	0.0747145	0.0504462	0.0165808	0.0338653	0.0242683	0.951972	0.0518707	1.02968	0.030874	4.7026e-05
10085	1	100	10	500	0.0917698	0.060061	0.0215059	0.038555	0.0317088	0.941583	0.0717333	1.0248	0.0358239	4.88252e-05
10086	1	100	12	500	0.0882717	0.057974	0.0204958	0.0374782	0.0302977	0.948864	0.0504416	1.03338	0.0333132	4.8059e-05
10087	1	100	11	500	0.0890395	0.0588234	0.0210053	0.037818	0.0302161	0.945571	0.0581163	1.03146	0.0345539	4.9283e-05
10088	1	100	13	500	0.106534	0.0703512	0.0285591	0.0417922	0.0361831	0.932036	0.0778153	1.02798	0.0392513	4.98622e-05
10089	1	100	12	500	0.121618	0.0807316	0.0360852	0.0446463	0.0408866	0.919348	0.094899	1.02173	0.0468486	5.04011e-05
10090	1	100	11	500	0.0995057	0.0647295	0.0249332	0.0397963	0.0347761	0.941289	0.0624917	1.03117	0.0342883	4.85801e-05
10091	1	100	11	500	0.0988378	0.0636361	0.0242322	0.0394039	0.0352017	0.940372	0.0632511	1.02844	0.0344965	4.9293e-05
10092	1	100	12	500	0.112474	0.0718024	0.0293286	0.0424738	0.0406711	0.930901	0.0790432	1.02493	0.0399216	4.90922e-05
10093	1	100	14	500	0.101082	0.0647516	0.0246651	0.0400864	0.0363307	0.936639	0.0760191	1.02225	0.0381889	4.94713e-05
10094	1	100	14	500	0.11309	0.0729292	0.0300438	0.0428854	0.0401607	0.935098	0.0648462	1.03062	0.0353173	5.0237e-05
10095	1	100	13	500	0.130448	0.0858249	0.0392952	0.0465297	0.0446229	0.915713	0.103191	1.01664	0.0525207	5.06278e-05
10096	1	100	17	500	0.140666	0.0910784	0.0428628	0.0482156	0.0495877	0.908361	0.106787	1.01531	0.0573797	5.11882e-05
10097	1	100	13	500	0.175211	0.122015	0.0706083	0.0514072	0.0531955	0.885471	0.111598	1.01865	0.0631228	5.03599e-05
10098	1	100	12	500	0.165288	0.113531	0.0629414	0.0505898	0.0517572	0.897769	0.0979772	1.02451	0.0535485	5.0701e-05
10099	1	100	13	500	0.17927	0.127046	0.0752858	0.0517606	0.0522239	0.880999	0.118255	1.01051	0.0628792	5.00504e-05
10100	1	100	14	500	0.198323	0.144018	0.0916497	0.0523679	0.0543052	0.866496	0.127239	1.00213	0.0690141	4.82978e-05
10101	1	100	15	500	0.205436	0.149193	0.0963305	0.0528628	0.0562428	0.868041	0.117003	1.00953	0.0653674	4.79778e-05
