Generation	PopulationID	SampleSize	UniqueMutations	PopulationSize	totalLoad	RelzLoad	RelzLoadHomo	RelzLoadHetero	MskLoad	MeanFitness	SdFitness	MeanFitnessCached	SdFitnessCached	Heterozygosity	
10001	1	100	39	500	0.201993	0.195467	0.160299	0.0351681	0.00652579	0.813869	0.0271343	1.19955	0.0362118	2.92336e-05
10002	1	100	35	500	0.213831	0.203804	0.166742	0.0370622	0.0100265	0.807642	0.0260852	1.2079	0.0379367	2.80307e-05
10003	1	100	34	500	0.0908248	0.0805281	0.045897	0.0346311	0.0102967	0.921635	0.0320919	1.07493	0.0360306	2.88183e-05
10004	1	100	25	500	0.0508313	0.0369268	0.0049852	0.0319416	0.0139044	0.963028	0.0345561	1.02759	0.0332365	2.73789e-05
10005	1	100	20	500	0.0406955	0.0297946	0.0035955	0.0261991	0.0109009	0.970063	0.0297093	1.02261	0.0314162	2.65552e-05
10006	1	100	20	500	0.0437229	0.0326631	0.00523772	0.0274254	0.0110598	0.967574	0.0275965	1.0257	0.0299236	2.77825e-05
10007	1	100	17	500	0.0436429	0.0304406	0.00537409	0.0250665	0.0132023	0.970517	0.0263964	1.02249	0.0258107	2.72239e-05
10008	1	100	15	500	0.051635	0.0373369	0.00718369	0.0301532	0.0142981	0.962108	0.0302868	1.02608	0.0357861	2.73006e-05
10009	1	100	16	500	0.0484249	0.0358694	0.0065747	0.0292947	0.0125555	0.965072	0.0308845	1.02787	0.0316718	2.76146e-05
10010	1	100	20	500	0.0474528	0.0332391	0.00575473	0.0274844	0.0142137	0.96716	0.0294274	1.02365	0.0323614	2.72418e-05
10011	1	100	19	500	0.0489906	0.033575	0.0057407	0.0278343	0.0154155	0.967043	0.0338824	1.02317	0.0379556	2.75218e-05
10012	1	100	16	500	0.0557761	0.0399717	0.00792504	0.0320466	0.0158044	0.960909	0.0336962	1.02878	0.0341302	2.69437e-05
10013	1	100	19	500	0.0551093	0.0397764	0.00738601	0.0323903	0.015333	0.960515	0.0398499	1.02927	0.0396753	2.75685e-05
10014	1	100	18	500	0.0561094	0.0411156	0.00833489	0.0327808	0.0149938	0.955859	0.0552667	1.02495	0.0450604	2.80181e-05
10015	1	100	16	500	0.0535727	0.0400865	0.00873018	0.0313563	0.0134862	0.959995	0.0373005	1.02766	0.038239	2.72937e-05
10016	1	100	19	500	0.050456	0.0383943	0.00827586	0.0301184	0.0120618	0.962671	0.0286742	1.02927	0.0290933	2.71724e-05
10017	1	100	17	500	0.0523377	0.0376116	0.00742222	0.0301893	0.0147261	0.96199	0.037657	1.02499	0.0428395	2.65852e-05
10018	1	100	17	500	0.0421741	0.0261691	0.00436142	0.0218077	0.016005	0.973585	0.0276216	1.01303	0.0308122	2.6477e-05
10019	1	100	18	500	0.0435912	0.0232223	0.00370341	0.0195189	0.0203689	0.977917	0.0315985	1.00899	0.0318171	2.58106e-05
10020	1	100	18	500	0.0543167	0.0285273	0.00584528	0.022682	0.0257895	0.969706	0.0366307	1.00565	0.0415216	2.61919e-05
10021	1	100	13	500	0.0413987	0.0268027	0.00728448	0.0195182	0.014596	0.972615	0.0328669	1.00763	0.038573	2.5452e-05
10022	1	100	14	500	0.0455913	0.0278185	0.0107065	0.017112	0.0177728	0.969769	0.0341915	0.997015	0.0414785	2.52903e-05
10023	1	100	14	500	0.0439314	0.0242306	0.00966481	0.0145658	0.0197008	0.973819	0.0346219	0.994077	0.0391872	2.47461e-05
10024	1	100	17	500	0.0476241	0.028174	0.0114695	0.0167045	0.0194501	0.973821	0.0329142	0.999521	0.0371994	2.46111e-05
10025	1	100	12	500	0.0484975	0.0288881	0.0132873	0.0156008	0.0196093	0.969863	0.0372266	0.992853	0.0403727	2.43642e-05
10026	1	100	13	500	0.0447001	0.0253681	0.0139309	0.0114371	0.019332	0.976081	0.0304382	0.989849	0.0343176	2.3566e-05
10027	1	100	13	500	0.0443514	0.0252852	0.0163906	0.00889463	0.0190662	0.976566	0.0301867	0.985303	0.0326797	2.23323e-05
10028	1	100	13	500	0.0340739	0.0173112	0.00851928	0.00879193	0.0167627	0.982304	0.0277401	0.9918	0.0288718	2.39059e-05
10029	1	100	14	500	0.0365119	0.0192028	0.0116104	0.00759237	0.0173091	0.984909	0.0228211	0.991493	0.0245588	2.31585e-05
10030	1	100	12	500	0.0319218	0.0157584	0.00999086	0.00576752	0.0161635	0.983964	0.0252351	0.987518	0.027094	2.31943e-05
10031	1	100	13	500	0.034539	0.0149244	0.00918698	0.00573743	0.0196146	0.984973	0.0240667	0.986718	0.0250553	2.2164e-05
10032	1	100	12	500	0.0273426	0.0123405	0.00834297	0.00399756	0.0150021	0.988276	0.0180413	0.988771	0.018301	2.17392e-05
10033	1	100	9	500	0.0235554	0.00973755	0.00628308	0.00345447	0.0138179	0.991334	0.0135769	0.991334	0.0135769	2.26759e-05
10034	1	100	9	500	0.0316329	0.0148217	0.0105862	0.0042355	0.0168112	0.983711	0.0224822	0.983794	0.0225347	2.25833e-05
10035	1	100	11	500	0.0373905	0.0193945	0.0148955	0.00449901	0.0179961	0.982115	0.0223603	0.982115	0.0223603	2.15696e-05
10036	1	100	11	500	0.0318606	0.015365	0.0112411	0.00412391	0.0164956	0.984987	0.0211642	0.984987	0.0211642	2.20456e-05
10037	1	100	14	500	0.0312285	0.0139277	0.00950423	0.00442351	0.0173007	0.985275	0.0246783	0.985589	0.0247863	2.24794e-05
10038	1	100	17	500	0.0350693	0.0168956	0.0123521	0.00454344	0.0181738	0.984603	0.0239981	0.984603	0.0239982	2.19843e-05
10039	1	100	11	500	0.0363431	0.0196649	0.0154222	0.00424274	0.0166782	0.981115	0.0256644	0.981259	0.0257048	2.15728e-05
10040	1	100	11	500	0.0376725	0.0183352	0.013394	0.00494118	0.0193373	0.983177	0.021959	0.983389	0.0220375	2.26487e-05
10041	1	100	10	500	0.0383258	0.0201116	0.0155581	0.00455354	0.0182142	0.981155	0.023882	0.981188	0.0238961	2.27853e-05
10042	1	100	11	500	0.0412064	0.0217718	0.0169132	0.00485864	0.0194346	0.981491	0.0238002	0.981491	0.0238002	2.24898e-05
10043	1	100	11	500	0.0446265	0.0258038	0.0210981	0.00470568	0.0188227	0.975229	0.0294898	0.975229	0.0294898	2.13818e-05
10044	1	100	12	500	0.0360434	0.0175497	0.0129263	0.00462341	0.0184936	0.985083	0.0215472	0.985083	0.0215472	2.34228e-05
10045	1	100	10	500	0.0340262	0.0165103	0.0121313	0.00437897	0.0175159	0.984282	0.0229708	0.984282	0.0229708	2.38406e-05
10046	1	100	14	500	0.0354528	0.0175206	0.0130375	0.00448307	0.0179323	0.982529	0.0239841	0.982609	0.0240425	2.37676e-05
10047	1	100	12	500	0.0274316	0.0113825	0.00737021	0.00401228	0.0160491	0.99017	0.017794	0.99017	0.017794	2.44871e-05
10048	1	100	12	500	0.020948	0.00779085	0.00450155	0.0032893	0.0131572	0.991804	0.0177665	0.991866	0.0176754	2.49399e-05
10049	1	100	16	500	0.0218278	0.00841525	0.00506211	0.00335314	0.0134126	0.990746	0.0187387	0.990777	0.0187541	2.52133e-05
10050	1	100	11	500	0.0174665	0.00604834	0.00319381	0.00285453	0.0114181	0.993041	0.0169861	0.993041	0.0169861	2.46182e-05
10051	1	100	11	500	0.0223462	0.00887057	0.00550167	0.0033689	0.0134756	0.992111	0.0169034	0.992111	0.0169034	2.50682e-05
10052	1	100	11	500	0.0246732	0.0106001	0.00708178	0.00351829	0.0140732	0.987834	0.023628	0.987834	0.0236281	2.51768e-05
10053	1	100	13	500	0.0198448	0.00807103	0.00512725	0.00294379	0.0117738	0.992338	0.0139118	0.992338	0.013912	2.61682e-05
10054	1	100	9	500	0.0215138	0.00903749	0.00591841	0.00311907	0.0124763	0.991881	0.0129773	0.992006	0.0130221	2.62034e-05
10055	1	100	12	500	0.0271682	0.0115975	0.00770129	0.00389626	0.0155707	0.988754	0.016864	0.988958	0.0169425	2.67398e-05
10056	1	100	13	500	0.0328019	0.0152653	0.0108761	0.00438918	0.0175366	0.983754	0.022365	0.984154	0.0222092	2.7226e-05
10057	1	100	16	500	0.0395943	0.0154895	0.00945742	0.00603205	0.0241048	0.985904	0.0170636	0.985916	0.0170556	2.76192e-05
10058	1	100	14	500	0.0505252	0.0215396	0.0142841	0.00725543	0.0289856	0.980219	0.0206284	0.980238	0.0206285	2.72458e-05
10059	1	100	15	500	0.0567841	0.0247702	0.0167595	0.00801073	0.0320139	0.975293	0.0248089	0.975308	0.0248111	2.68246e-05
10060	1	100	14	500	0.0611102	0.0288821	0.0208149	0.00806721	0.0322281	0.974355	0.0222883	0.974924	0.0226379	2.61042e-05
10061	1	100	14	500	0.079024	0.0387114	0.0284225	0.0102889	0.0403126	0.961315	0.0463671	0.961722	0.0463473	2.52318e-05
10062	1	100	14	500	0.0764554	0.0346984	0.0242491	0.0104493	0.041757	0.962975	0.0542947	0.962995	0.0542987	2.61138e-05
10063	1	100	13	500	0.0785819	0.0335409	0.0222779	0.011263	0.045041	0.967446	0.0391719	0.967813	0.0392424	2.63365e-05
10064	1	100	16	500	0.0895792	0.0397813	0.0266829	0.0130984	0.0497979	0.964642	0.0386752	0.966069	0.0381744	2.68811e-05
10065	1	100	13	500	0.0840343	0.0366521	0.0231666	0.0134855	0.0473822	0.963016	0.0453232	0.966293	0.0445219	2.62278e-05
10066	1	100	15	500	0.0954826	0.039915	0.0243542	0.0155608	0.0555676	0.96607	0.0301873	0.969629	0.0295966	2.58253e-05
10067	1	100	12	500	0.105165	0.0458767	0.0288815	0.0169952	0.0592881	0.955382	0.0388026	0.959756	0.0415268	2.56577e-05
10068	1	100	15	500	0.0932537	0.047456	0.033657	0.0137989	0.0457977	0.956284	0.0398558	0.960942	0.0406799	2.51078e-05
10069	1	100	14	500	0.0905326	0.0449285	0.0307406	0.0141879	0.045604	0.957229	0.0398458	0.962786	0.040483	2.67516e-05
10070	1	100	15	500	0.108341	0.0533687	0.0344747	0.018894	0.0549727	0.946297	0.0662983	0.956862	0.068446	2.79408e-05
10071	1	100	18	500	0.0872592	0.0390013	0.0238897	0.0151116	0.0482579	0.964373	0.0427518	0.970861	0.0440779	2.83911e-05
10072	1	100	15	500	0.0958791	0.0426961	0.0252448	0.0174513	0.053183	0.962409	0.0533771	0.970872	0.0531265	2.96922e-05
10073	1	100	16	500	0.0746439	0.0336879	0.0183158	0.0153721	0.040956	0.965164	0.0483334	0.975767	0.0504465	2.94765e-05
10074	1	100	14	500	0.0743623	0.032406	0.01916	0.013246	0.0419563	0.968322	0.0542066	0.973661	0.0522385	2.91209e-05
10075	1	100	14	500	0.0757191	0.0337491	0.0194287	0.0143205	0.0419699	0.968124	0.0455406	0.97612	0.0454095	2.81532e-05
10076	1	100	14	500	0.0784805	0.0343668	0.0197773	0.0145895	0.0441137	0.968653	0.0453239	0.975758	0.0436456	2.79367e-05
10077	1	100	14	500	0.0903135	0.0409778	0.0239744	0.0170034	0.0493357	0.962091	0.0545073	0.971102	0.0480123	2.94154e-05
10078	1	100	14	500	0.0819451	0.0362309	0.0222712	0.0139598	0.0457142	0.959571	0.0688114	0.96444	0.0658104	2.92544e-05
10079	1	100	17	500	0.0732129	0.0303699	0.0173758	0.0129941	0.042843	0.97096	0.0518517	0.975378	0.0492923	2.89476e-05
10080	1	100	14	500	0.0720523	0.0292282	0.0174453	0.011783	0.0428241	0.970891	0.051391	0.973016	0.0511307	2.86234e-05
10081	1	100	18	500	0.0926731	0.0401365	0.0269562	0.0131803	0.0525366	0.95677	0.0768611	0.956862	0.0769089	2.97799e-05
10082	1	100	18	500	0.0797399	0.0322309	0.0203537	0.0118772	0.047509	0.966201	0.0639406	0.966225	0.0639414	2.96939e-05
10083	1	100	11	500	0.0527601	0.0179184	0.00920803	0.0087104	0.0348416	0.978362	0.0555083	0.978514	0.0555635	2.42422e-05
10084	1	100	12	500	0.081362	0.0334328	0.0214506	0.0119823	0.0479291	0.964126	0.0689464	0.964126	0.0689464	2.91693e-05
10085	1	100	14	500	0.0954941	0.0419974	0.0286233	0.0133742	0.0534967	0.960492	0.0757719	0.960597	0.0757865	2.99918e-05
10086	1	100	12	500	0.102404	0.0457055	0.0315309	0.0141746	0.0566983	0.956016	0.078042	0.956016	0.078042	3.1244e-05
10087	1	100	13	500	0.108635	0.051996	0.0378363	0.0141598	0.056639	0.953663	0.0723871	0.954156	0.0726869	3.13493e-05
10088	1	100	12	500	0.133663	0.072266	0.056853	0.015413	0.0613967	0.919537	0.106948	0.919736	0.106827	3.16994e-05
10089	1	100	12	500	0.126764	0.0665941	0.0515516	0.0150425	0.06017	0.940596	0.0870179	0.940633	0.0870418	3.12167e-05
10090	1	100	12	500	0.145904	0.0839466	0.0684333	0.0155133	0.0619573	0.924921	0.0931542	0.925158	0.093322	3.01685e-05
10091	1	100	14	500	0.171335	0.110109	0.094803	0.0153065	0.061226	0.891288	0.111359	0.891288	0.111359	2.78109e-05
10092	1	100	11	500	0.183547	0.120854	0.105181	0.0156731	0.0626924	0.890046	0.107848	0.890046	0.107848	2.6909e-05
10093	1	100	14	500	0.159884	0.0983086	0.0829148	0.0153938	0.0615751	0.903742	0.105284	0.903781	0.105306	2.84177e-05
10094	1	100	11	500	0.168312	0.107501	0.0922987	0.0152026	0.0608105	0.906475	0.101354	0.906475	0.101354	2.91841e-05
10095	1	100	13	500	0.176613	0.117658	0.102919	0.0147388	0.0589554	0.890734	0.110897	0.890734	0.110897	2.82519e-05
10096	1	100	13	500	0.164001	0.0996668	0.0835832	0.0160836	0.0643344	0.911888	0.0994288	0.911888	0.0994288	2.94644e-05
10097	1	100	14	500	0.148431	0.0832229	0.0669209	0.016302	0.0652078	0.922138	0.0950569	0.922138	0.0950569	3.10684e-05
10098	1	100	15	500	0.132987	0.0703706	0.0546597	0.0157109	0.0626162	0.924754	0.0978657	0.924868	0.0979493	3.07338e-05
10099	1	100	14	500	0.131303	0.0670707	0.0510126	0.0160581	0.0642322	0.929571	0.0933979	0.929571	0.093398	3.11229e-05
10100	1	100	14	500	0.119724	0.0571653	0.0415255	0.0156398	0.0625591	0.939978	0.0850179	0.939978	0.0850179	3.14071e-05
10101	1	100	13	500	0.138856	0.0656969	0.0473952	0.0183017	0.0731589	0.944638	0.0812226	0.9447	0.0812437	3.35544e-05
