Generation	PopulationID	SampleSize	UniqueMutations	PopulationSize	totalLoad	RelzLoad	RelzLoadHomo	RelzLoadHetero	MskLoad	MeanFitness	SdFitness	MeanFitnessCached	SdFitnessCached	Heterozygosity	
10001	1	100	54	500	0.35533	0.334434	0.205596	0.128838	0.0208964	0.70397	0.0417504	1.35959	0.0660188	4.99617e-05
10002	1	100	45	500	0.371317	0.338808	0.20625	0.132558	0.0325091	0.701565	0.0476667	1.35696	0.0744873	5.07867e-05
10003	1	100	40	500	0.356149	0.328491	0.194952	0.133539	0.0276578	0.70899	0.0447981	1.34896	0.0777761	5.26384e-05
10004	1	100	36	500	0.359537	0.331217	0.198659	0.132558	0.0283201	0.707967	0.0557329	1.35217	0.0847796	5.12336e-05
10005	1	100	33	500	0.342469	0.3194	0.191463	0.127937	0.023069	0.717191	0.0479163	1.34204	0.0787589	5.15305e-05
10006	1	100	34	500	0.353705	0.321969	0.189451	0.132518	0.0317359	0.716378	0.0502528	1.33806	0.0818611	5.30114e-05
10007	1	100	27	500	0.352506	0.323426	0.188522	0.134904	0.0290799	0.715053	0.0557345	1.34048	0.0851994	5.38143e-05
10008	1	100	23	500	0.323656	0.310378	0.1774	0.132978	0.0132771	0.724186	0.0600928	1.33802	0.0916553	5.40452e-05
10009	1	100	21	500	0.29973	0.296524	0.161227	0.135297	0.00320641	0.735687	0.0643792	1.32922	0.0948117	5.544e-05
10010	1	100	21	500	0.307669	0.304439	0.161614	0.142826	0.0032302	0.728534	0.0508816	1.33763	0.076288	5.5636e-05
10011	1	100	21	500	0.315659	0.312713	0.173887	0.138826	0.0029459	0.722567	0.0535187	1.34922	0.080135	5.46304e-05
10012	1	100	22	500	0.337345	0.333424	0.196327	0.137097	0.00392021	0.70597	0.0404186	1.37349	0.0629609	5.37485e-05
10013	1	100	27	500	0.337996	0.333059	0.193287	0.139772	0.00493614	0.706643	0.0468836	1.37262	0.0707737	5.43771e-05
10014	1	100	22	500	0.342027	0.338328	0.202495	0.135833	0.00369843	0.701857	0.0378094	1.37914	0.0575464	5.32569e-05
10015	1	100	24	500	0.337213	0.334497	0.191026	0.14347	0.00271671	0.705179	0.0404268	1.37605	0.0612043	5.47005e-05
10016	1	100	23	500	0.333691	0.331519	0.18647	0.145049	0.00217221	0.707147	0.029931	1.37261	0.047603	5.44769e-05
10017	1	100	23	500	0.333054	0.328171	0.193431	0.13474	0.00488296	0.709882	0.0402057	1.36622	0.0612007	5.33971e-05
10018	1	100	24	500	0.328784	0.323042	0.184501	0.13854	0.00574201	0.71377	0.0408642	1.35899	0.0616277	5.48038e-05
10019	1	100	25	500	0.331807	0.322688	0.187331	0.135356	0.00911935	0.714458	0.0432608	1.3565	0.0658454	5.43789e-05
10020	1	100	27	500	0.328043	0.320068	0.183887	0.136181	0.00797495	0.71678	0.0482888	1.35423	0.0706873	5.42553e-05
10021	1	100	28	500	0.331928	0.32487	0.18719	0.13768	0.00705824	0.712342	0.0386956	1.36	0.0585178	5.4668e-05
10022	1	100	27	500	0.33335	0.324926	0.182637	0.142289	0.0084241	0.712662	0.0331577	1.35884	0.0529455	5.56379e-05
10023	1	100	27	500	0.342815	0.3336	0.186134	0.147466	0.00921481	0.705153	0.0265474	1.36859	0.0516713	5.52574e-05
10024	1	100	26	500	0.346374	0.33699	0.194674	0.142317	0.00938346	0.703477	0.0218116	1.37306	0.0381149	5.38692e-05
10025	1	100	21	500	0.349028	0.342206	0.199588	0.142618	0.00682217	0.699632	0.0247947	1.38244	0.0433889	5.32747e-05
10026	1	100	21	500	0.338958	0.330193	0.179971	0.150222	0.00876498	0.708885	0.0223554	1.36474	0.0412801	5.38649e-05
10027	1	100	21	500	0.343495	0.335963	0.189839	0.146123	0.00753187	0.704154	0.0246574	1.37279	0.0434424	5.3811e-05
10028	1	100	28	500	0.339966	0.330461	0.187425	0.143036	0.00950505	0.707745	0.0260551	1.36418	0.0447739	5.2987e-05
10029	1	100	22	500	0.333706	0.32604	0.194219	0.131821	0.00766547	0.710841	0.0187251	1.36021	0.0375679	4.86651e-05
10030	1	100	19	500	0.336392	0.326327	0.18788	0.138448	0.010065	0.710916	0.0225943	1.35877	0.042051	5.1041e-05
10031	1	100	20	500	0.331155	0.325066	0.184486	0.14058	0.00608903	0.711469	0.0231891	1.35908	0.0444708	5.23357e-05
10032	1	100	22	500	0.335011	0.327935	0.18871	0.139225	0.00707669	0.710012	0.0231945	1.36365	0.0386791	5.19915e-05
10033	1	100	21	500	0.339537	0.335021	0.200897	0.134124	0.00451619	0.705104	0.0207777	1.37522	0.0350479	5.13759e-05
10034	1	100	20	500	0.342145	0.336545	0.200605	0.13594	0.00559981	0.703582	0.0239133	1.37546	0.0394885	5.17919e-05
10035	1	100	18	500	0.343165	0.338426	0.211205	0.127221	0.00473916	0.70244	0.0200382	1.37861	0.0322133	4.99083e-05
10036	1	100	16	500	0.243076	0.239843	0.120274	0.119568	0.00323302	0.778257	0.0241323	1.25472	0.0299099	4.74858e-05
10037	1	100	17	500	0.245016	0.241043	0.120637	0.120406	0.00397313	0.776546	0.0256373	1.25528	0.0297845	4.86672e-05
10038	1	100	13	500	0.251458	0.247705	0.12397	0.123734	0.00375345	0.772129	0.0247242	1.26341	0.031893	4.99157e-05
10039	1	100	15	500	0.252016	0.248215	0.12422	0.123995	0.00380112	0.77163	0.0259763	1.26389	0.0327595	4.99547e-05
10040	1	100	13	500	0.251447	0.247315	0.124075	0.123239	0.00413243	0.772901	0.0246075	1.26265	0.0295129	5.02911e-05
10041	1	100	15	500	0.246179	0.241746	0.121152	0.120594	0.00443364	0.776923	0.0251006	1.25566	0.0322814	4.88866e-05
10042	1	100	13	500	0.246796	0.242574	0.12108	0.121494	0.00422155	0.7768	0.0236693	1.25677	0.0285187	4.9483e-05
10043	1	100	12	500	0.250963	0.244622	0.121554	0.123068	0.00634039	0.774631	0.0249868	1.25696	0.0264023	4.9951e-05
10044	1	100	14	500	0.25885	0.250428	0.126256	0.124172	0.00842152	0.770237	0.026152	1.26104	0.0286151	5.10995e-05
10045	1	100	14	500	0.26329	0.251677	0.126727	0.124951	0.0116123	0.769459	0.0269311	1.26074	0.027302	5.12247e-05
10046	1	100	17	500	0.257493	0.245954	0.122066	0.123888	0.0115391	0.772957	0.030164	1.25155	0.0279929	5.02495e-05
10047	1	100	14	500	0.259753	0.249047	0.124169	0.124878	0.0107057	0.771658	0.0269966	1.25593	0.0264334	5.10735e-05
10048	1	100	13	500	0.252973	0.243429	0.120628	0.122801	0.00954414	0.775549	0.0292251	1.25169	0.0296015	5.0314e-05
10049	1	100	19	500	0.256562	0.240511	0.119704	0.120806	0.0160511	0.777017	0.0352335	1.24231	0.0340677	4.89432e-05
10050	1	100	15	500	0.248655	0.236992	0.117729	0.119263	0.0116627	0.782268	0.0247418	1.24559	0.0274998	4.92187e-05
10051	1	100	15	500	0.244967	0.237282	0.116987	0.120296	0.0076844	0.780994	0.028058	1.24536	0.0315517	5.02181e-05
10052	1	100	12	500	0.24179	0.236456	0.119988	0.116468	0.00533453	0.781278	0.0297417	1.24345	0.0295165	4.86141e-05
10053	1	100	15	500	0.236765	0.231359	0.123036	0.108323	0.00540624	0.784942	0.0266426	1.23996	0.0272488	4.5851e-05
10054	1	100	17	500	0.232279	0.227787	0.125887	0.101901	0.00449197	0.788118	0.0237433	1.23872	0.0290378	4.36275e-05
10055	1	100	15	500	0.22701	0.222602	0.117575	0.105028	0.00440736	0.793557	0.02564	1.23353	0.0314557	4.46747e-05
10056	1	100	15	500	0.228287	0.22347	0.115121	0.108348	0.00481703	0.792362	0.0254519	1.2333	0.0307319	4.51199e-05
10057	1	100	16	500	0.228334	0.222449	0.104025	0.118424	0.00588421	0.793741	0.0299052	1.2305	0.0371912	4.92004e-05
10058	1	100	18	500	0.232474	0.225542	0.108552	0.116991	0.00693119	0.791126	0.0311308	1.23346	0.0374162	4.88725e-05
10059	1	100	17	500	0.239131	0.232181	0.112723	0.119458	0.00695016	0.785999	0.0296045	1.23995	0.0330623	5.02911e-05
10060	1	100	16	500	0.239676	0.232698	0.113112	0.119586	0.00697814	0.785044	0.0276723	1.24039	0.0314904	5.08159e-05
10061	1	100	15	500	0.248564	0.242048	0.124585	0.117464	0.00651517	0.777043	0.0275627	1.25038	0.0312212	5.10551e-05
10062	1	100	15	500	0.251392	0.245451	0.128821	0.11663	0.0059409	0.774829	0.0293371	1.25384	0.0306741	5.0196e-05
10063	1	100	14	500	0.25448	0.247943	0.127667	0.120277	0.00653714	0.771123	0.0330426	1.25378	0.034694	5.21304e-05
10064	1	100	18	500	0.247389	0.240114	0.126957	0.113157	0.00727482	0.77823	0.0299672	1.24691	0.0308033	4.9427e-05
10065	1	100	18	500	0.256339	0.248655	0.129808	0.118847	0.00768401	0.771125	0.0307728	1.25368	0.0317843	5.16459e-05
10066	1	100	17	500	0.262272	0.253473	0.130608	0.122865	0.00879885	0.767862	0.0316563	1.25795	0.031439	5.33004e-05
10067	1	100	17	500	0.266323	0.257782	0.133895	0.123887	0.00854124	0.763805	0.0311809	1.26334	0.0330577	5.5464e-05
10068	1	100	14	500	0.263973	0.253776	0.128955	0.12482	0.010197	0.768112	0.0276028	1.26019	0.0301974	5.53146e-05
10069	1	100	16	500	0.262783	0.250882	0.126802	0.12408	0.0119008	0.770253	0.0289684	1.25508	0.0320348	5.4588e-05
10070	1	100	16	500	0.261931	0.250096	0.125124	0.124971	0.0118354	0.77092	0.0264162	1.25396	0.0263648	5.52176e-05
10071	1	100	18	500	0.26249	0.250759	0.125742	0.125016	0.0117315	0.771848	0.0219716	1.25583	0.027235	5.53114e-05
10072	1	100	18	500	0.259097	0.24631	0.123938	0.122371	0.0127876	0.774529	0.0256481	1.24927	0.0271103	5.39102e-05
10073	1	100	18	500	0.262883	0.251195	0.126232	0.124963	0.0116886	0.76972	0.0273779	1.25234	0.0298664	5.52775e-05
10074	1	100	19	500	0.272567	0.26096	0.138017	0.122943	0.0116078	0.7626	0.0273849	1.26006	0.024199	5.52888e-05
10075	1	100	14	500	0.27316	0.262613	0.141002	0.121611	0.0105475	0.760084	0.0294629	1.26041	0.024244	5.49564e-05
10076	1	100	16	500	0.270409	0.260501	0.137224	0.123277	0.00990817	0.761464	0.0320825	1.26025	0.028644	5.56438e-05
10077	1	100	15	500	0.271583	0.259589	0.13653	0.123058	0.011995	0.763955	0.027816	1.26054	0.0254323	5.59236e-05
10078	1	100	17	500	0.287829	0.260591	0.131562	0.129029	0.0272381	0.763086	0.0320155	1.25346	0.037513	5.65057e-05
10079	1	100	14	500	0.292302	0.265104	0.138383	0.126721	0.0271975	0.758267	0.0332914	1.25529	0.0341072	5.61193e-05
10080	1	100	17	500	0.309082	0.273055	0.146198	0.126857	0.036027	0.752525	0.0360684	1.25355	0.0428061	5.4451e-05
10081	1	100	16	500	0.321676	0.275281	0.146364	0.128917	0.0463951	0.75236	0.0372443	1.25178	0.0420001	5.46387e-05
10082	1	100	15	500	0.360095	0.290339	0.162058	0.128281	0.0697561	0.742472	0.0427097	1.24722	0.0539231	5.34609e-05
10083	1	100	14	500	0.362151	0.288927	0.154988	0.133939	0.0732236	0.743381	0.0487981	1.24174	0.0521181	5.50589e-05
10084	1	100	12	500	0.404779	0.303589	0.163009	0.14058	0.101189	0.740105	0.045445	1.23469	0.0594994	5.51725e-05
10085	1	100	16	500	0.366171	0.288814	0.154275	0.134538	0.0773574	0.744969	0.0416626	1.24259	0.0567306	5.53438e-05
10086	1	100	16	500	0.354017	0.284494	0.156603	0.127891	0.0695229	0.738702	0.0979201	1.23127	0.15467	5.43786e-05
10087	1	100	18	500	0.322843	0.27217	0.143775	0.128395	0.0506724	0.755387	0.0360504	1.25127	0.0481734	5.60283e-05
10088	1	100	19	500	0.322682	0.271112	0.140509	0.130604	0.0515694	0.754897	0.0395204	1.24643	0.0456458	5.64764e-05
10089	1	100	20	500	0.370298	0.2877	0.149794	0.137906	0.0825986	0.736717	0.0870254	1.22177	0.136346	5.68064e-05
10090	1	100	21	500	0.372724	0.288199	0.147336	0.140863	0.0845255	0.736385	0.102928	1.21845	0.165813	5.72059e-05
10091	1	100	19	500	0.399681	0.30117	0.164665	0.136505	0.0985114	0.727123	0.107974	1.21295	0.174873	5.54471e-05
10092	1	100	21	500	0.409641	0.30532	0.168974	0.136346	0.104321	0.732056	0.0818452	1.22323	0.124533	5.54982e-05
10093	1	100	18	500	0.402113	0.304049	0.171577	0.132473	0.0980635	0.72532	0.114019	1.21443	0.182071	5.43145e-05
10094	1	100	13	500	0.372984	0.293109	0.160629	0.13248	0.0798753	0.739531	0.0547386	1.23762	0.0794673	5.58415e-05
10095	1	100	16	500	0.389777	0.30096	0.165251	0.135709	0.0888169	0.729788	0.0870151	1.22735	0.137266	5.60285e-05
10096	1	100	16	500	0.380531	0.301398	0.167563	0.133835	0.0791326	0.735037	0.0452955	1.24476	0.0539704	5.63382e-05
10097	1	100	13	500	0.398882	0.31289	0.177717	0.135173	0.085992	0.728926	0.0479118	1.24721	0.0587323	5.53301e-05
10098	1	100	17	500	0.405015	0.307948	0.17358	0.134368	0.0970663	0.728113	0.080476	1.23009	0.125092	5.58048e-05
10099	1	100	20	500	0.422779	0.319275	0.185099	0.134176	0.103504	0.7173	0.0982736	1.23021	0.160216	5.53907e-05
10100	1	100	19	500	0.357671	0.297029	0.173858	0.123171	0.0606416	0.735879	0.0411251	1.26428	0.0566378	5.57679e-05
10101	1	100	20	500	0.346945	0.296429	0.181025	0.115404	0.0505166	0.733731	0.0397068	1.26924	0.0699156	5.41083e-05
