Generation	PopulationID	SampleSize	UniqueMutations	PopulationSize	totalLoad	RelzLoad	RelzLoadHomo	RelzLoadHetero	MskLoad	MeanFitness	SdFitness	MeanFitnessCached	SdFitnessCached	Heterozygosity	
10001	1	100	43	500	0.16673	0.150119	0.0783261	0.0717931	0.0166107	0.853922	0.0543002	1.14359	0.0691398	2.32823e-05
10002	1	100	35	500	0.1905	0.170932	0.088482	0.0824502	0.0195678	0.837638	0.0535212	1.16618	0.0644669	2.26701e-05
10003	1	100	32	500	0.188102	0.165424	0.0852786	0.0801459	0.0226771	0.842661	0.0502034	1.15701	0.0668163	2.28152e-05
10004	1	100	30	500	0.196933	0.173466	0.0920188	0.0814469	0.0234673	0.836162	0.0562316	1.16736	0.0738429	2.19785e-05
10005	1	100	25	500	0.218852	0.191633	0.1097	0.0819331	0.0272193	0.818531	0.0591005	1.18139	0.0715366	1.8663e-05
10006	1	100	28	500	0.231806	0.196922	0.11233	0.0845919	0.034884	0.811623	0.057788	1.17957	0.0955872	1.89305e-05
10007	1	100	24	500	0.217209	0.198536	0.113756	0.0847806	0.0186722	0.812955	0.0474177	1.19776	0.0661746	1.91425e-05
10008	1	100	24	500	0.186646	0.178428	0.0983585	0.0800699	0.00821785	0.829396	0.047418	1.17997	0.0619306	2.11138e-05
10009	1	100	21	500	0.202016	0.188651	0.102838	0.0858134	0.0133651	0.822216	0.0539319	1.19085	0.0730877	2.12144e-05
10010	1	100	20	500	0.202525	0.193643	0.105188	0.0884553	0.00888136	0.817974	0.0528468	1.19886	0.0698762	2.17114e-05
10011	1	100	21	500	0.20505	0.198544	0.109142	0.0894022	0.00650523	0.813624	0.05075	1.20616	0.0670469	2.03666e-05
10012	1	100	20	500	0.189475	0.180398	0.0918646	0.0885337	0.00907684	0.830096	0.0534254	1.18402	0.0709806	2.22279e-05
10013	1	100	19	500	0.197753	0.188866	0.0983924	0.0904738	0.00888677	0.821892	0.0520387	1.19301	0.0730456	2.17634e-05
10014	1	100	15	500	0.213289	0.20574	0.112548	0.093192	0.00754922	0.807417	0.056372	1.21308	0.0752941	2.06105e-05
10015	1	100	18	500	0.206548	0.199102	0.108654	0.0904485	0.00744551	0.81317	0.0517148	1.20589	0.0687855	2.05395e-05
10016	1	100	17	500	0.22388	0.215083	0.12236	0.0927235	0.00879688	0.798632	0.0504134	1.22196	0.0705899	2.02406e-05
10017	1	100	15	500	0.225176	0.210733	0.116443	0.0942891	0.0144435	0.803173	0.0570576	1.21087	0.0788414	2.23147e-05
10018	1	100	19	500	0.221232	0.207644	0.114465	0.0931784	0.0135886	0.80667	0.0597094	1.20923	0.0807458	2.18627e-05
10019	1	100	15	500	0.227317	0.210581	0.111818	0.098763	0.0167351	0.799228	0.0475458	1.20222	0.0900761	2.27624e-05
10020	1	100	13	500	0.222627	0.203669	0.106326	0.0973435	0.0189578	0.807388	0.0505189	1.19346	0.0979346	2.409e-05
10021	1	100	15	500	0.220525	0.192878	0.0911155	0.101762	0.0276468	0.81647	0.0549878	1.16533	0.113676	2.65769e-05
10022	1	100	13	500	0.21948	0.19625	0.0950305	0.101219	0.0232302	0.81728	0.050037	1.17781	0.0878357	2.58494e-05
10023	1	100	16	500	0.218171	0.193441	0.0920742	0.101367	0.02473	0.821722	0.0488088	1.17359	0.0831996	2.62213e-05
10024	1	100	19	500	0.217717	0.193123	0.0904932	0.10263	0.0245941	0.817423	0.0508791	1.16901	0.0951438	2.62356e-05
10025	1	100	12	500	0.206876	0.185842	0.0894349	0.0964075	0.021034	0.824139	0.0488822	1.16808	0.0791523	2.49519e-05
10026	1	100	15	500	0.20806	0.185454	0.0860562	0.0993975	0.022606	0.821927	0.0486951	1.16061	0.0882824	2.57948e-05
10027	1	100	15	500	0.208494	0.181846	0.0772717	0.104574	0.0266481	0.831187	0.0457002	1.15441	0.0826332	2.74754e-05
10028	1	100	14	500	0.219043	0.19438	0.0868413	0.107539	0.024663	0.81946	0.0487065	1.17507	0.0755333	2.67355e-05
10029	1	100	15	500	0.221746	0.198429	0.0910493	0.10738	0.023317	0.811309	0.0444028	1.17672	0.0881809	2.56745e-05
10030	1	100	16	500	0.232975	0.205682	0.0939004	0.111782	0.0272927	0.809466	0.0439668	1.18168	0.0859866	2.61413e-05
10031	1	100	14	500	0.237518	0.209624	0.0948314	0.114793	0.027894	0.804698	0.0417602	1.18278	0.0759824	2.62813e-05
10032	1	100	15	500	0.242457	0.212711	0.0931371	0.119574	0.0297456	0.798184	0.0477082	1.17259	0.0962219	2.7654e-05
10033	1	100	15	500	0.235441	0.205326	0.0877387	0.117587	0.0301153	0.807828	0.0456117	1.16773	0.0910867	2.83155e-05
10034	1	100	17	500	0.247961	0.216462	0.0936369	0.122825	0.0314989	0.798997	0.043988	1.17138	0.0862479	2.91762e-05
10035	1	100	15	500	0.250405	0.220787	0.0976291	0.123158	0.0296181	0.792125	0.0347568	1.18347	0.0961786	2.73654e-05
10036	1	100	15	500	0.24807	0.222554	0.10448	0.118074	0.0255162	0.791155	0.0360833	1.19986	0.0809513	2.52098e-05
10037	1	100	24	500	0.255638	0.226285	0.10179	0.124495	0.0293531	0.792113	0.0411324	1.19583	0.0823234	2.69818e-05
10038	1	100	13	500	0.252129	0.223404	0.104036	0.119368	0.028725	0.792034	0.0389492	1.19519	0.0966268	2.51139e-05
10039	1	100	16	500	0.259288	0.229909	0.107347	0.122561	0.0293792	0.788007	0.0441292	1.20148	0.0913483	2.6172e-05
10040	1	100	13	500	0.258374	0.227085	0.104294	0.122791	0.0312891	0.792888	0.0432363	1.19419	0.085934	2.68172e-05
10041	1	100	15	500	0.259276	0.234601	0.124233	0.110368	0.0246748	0.782796	0.0408735	1.22092	0.0791073	2.32585e-05
10042	1	100	11	500	0.255306	0.234205	0.129064	0.105141	0.0211005	0.781592	0.0381038	1.22538	0.0663972	2.20802e-05
10043	1	100	14	500	0.252864	0.229266	0.124978	0.104288	0.0235984	0.786607	0.0369322	1.2178	0.0770309	2.25687e-05
10044	1	100	13	500	0.257894	0.234953	0.126587	0.108366	0.0229415	0.777036	0.0370496	1.21731	0.0853769	2.39037e-05
10045	1	100	15	500	0.261567	0.239938	0.134337	0.105601	0.0216294	0.773158	0.0376819	1.22633	0.0874151	2.33094e-05
10046	1	100	14	500	0.269024	0.243838	0.131037	0.112802	0.0251859	0.771152	0.0406843	1.22287	0.0911051	2.47775e-05
10047	1	100	15	500	0.269841	0.246649	0.133507	0.113142	0.0231929	0.769418	0.0358675	1.23098	0.0816794	2.49855e-05
10048	1	100	21	500	0.276492	0.253421	0.14453	0.10889	0.0230711	0.761891	0.0348019	1.23747	0.0850035	2.42786e-05
10049	1	100	20	500	0.271315	0.253523	0.158173	0.0953495	0.0177924	0.761936	0.0335286	1.24919	0.0683115	2.11689e-05
10050	1	100	19	500	0.265694	0.25213	0.172244	0.0798853	0.0135648	0.762691	0.0293934	1.25394	0.0597243	1.81511e-05
10051	1	100	17	500	0.26845	0.251277	0.163149	0.0881282	0.0171728	0.765974	0.0326052	1.25194	0.0509411	1.99489e-05
10052	1	100	17	500	0.267527	0.242263	0.13946	0.102803	0.0252637	0.773071	0.0300828	1.2317	0.0646706	2.30581e-05
10053	1	100	17	500	0.260725	0.244562	0.156101	0.0884604	0.0161633	0.769317	0.0285164	1.24202	0.06356	1.98808e-05
10054	1	100	11	500	0.26146	0.244106	0.157672	0.0864339	0.0173533	0.771229	0.0287473	1.24148	0.0524246	1.96492e-05
10055	1	100	13	500	0.259153	0.240589	0.148112	0.0924769	0.0185641	0.773177	0.0312259	1.23424	0.0629355	2.01536e-05
10056	1	100	16	500	0.25891	0.241341	0.143739	0.0976013	0.0175689	0.774868	0.0270318	1.24035	0.0408125	1.97741e-05
10057	1	100	14	500	0.256858	0.245006	0.159407	0.0855995	0.011852	0.770339	0.0224566	1.24891	0.0410548	1.67523e-05
10058	1	100	10	500	0.253183	0.242999	0.158094	0.0849048	0.0101838	0.772138	0.0241914	1.24808	0.0389377	1.53139e-05
10059	1	100	16	500	0.247339	0.239724	0.156268	0.0834557	0.00761585	0.775771	0.0262384	1.24574	0.0394932	1.39716e-05
10060	1	100	7	500	0.177309	0.174298	0.100233	0.0740646	0.00301101	0.829705	0.0220553	1.17204	0.0252305	1.17025e-05
10061	1	100	7	500	0.179101	0.175872	0.10408	0.0717927	0.0032287	0.82705	0.0229185	1.17293	0.0285933	1.20704e-05
10062	1	100	8	500	0.184552	0.181865	0.125956	0.0559088	0.0026873	0.820876	0.0217658	1.18155	0.0203207	1.09704e-05
10063	1	100	7	500	0.183568	0.180878	0.120579	0.0602993	0.00268909	0.821139	0.0221256	1.17896	0.0252666	1.11474e-05
10064	1	100	11	500	0.186341	0.183362	0.13012	0.0532418	0.00297957	0.818157	0.021166	1.18166	0.0250549	1.09614e-05
10065	1	100	14	500	0.188141	0.184462	0.134237	0.0502242	0.00367968	0.818187	0.0201108	1.18363	0.0182235	1.07993e-05
10066	1	100	10	500	0.187348	0.18523	0.138598	0.0466319	0.00211755	0.816485	0.0198422	1.18452	0.0210036	1.01791e-05
10067	1	100	14	500	0.191483	0.18395	0.12812	0.0558304	0.00753339	0.81946	0.0202151	1.18142	0.019969	1.10184e-05
10068	1	100	13	500	0.198917	0.184099	0.120442	0.0636574	0.0148183	0.819617	0.0212688	1.17635	0.0299306	1.17202e-05
10069	1	100	10	500	0.204394	0.186743	0.121205	0.0655379	0.0176515	0.817196	0.0259212	1.17658	0.0320375	1.20627e-05
10070	1	100	11	500	0.199365	0.186688	0.132636	0.0540512	0.0126772	0.815673	0.0215768	1.17979	0.0282948	1.12979e-05
10071	1	100	11	500	0.202361	0.189446	0.145293	0.0441532	0.0129155	0.812193	0.0246663	1.18143	0.0223389	1.0848e-05
10072	1	100	12	500	0.207282	0.189653	0.139989	0.0496643	0.0176293	0.812938	0.0230684	1.18009	0.0259151	1.17203e-05
10073	1	100	12	500	0.2021	0.190283	0.149767	0.0405165	0.0118169	0.810613	0.02359	1.18267	0.0220633	1.09923e-05
10074	1	100	11	500	0.203014	0.191572	0.155879	0.035694	0.0114413	0.809963	0.0210739	1.18534	0.0220336	1.03965e-05
10075	1	100	13	500	0.22495	0.198539	0.163379	0.0351609	0.0264106	0.804744	0.0250352	1.1835	0.0279021	1.00149e-05
10076	1	100	15	500	0.214206	0.195295	0.164223	0.031072	0.0189109	0.807068	0.0212871	1.18538	0.0212648	9.89473e-06
10077	1	100	12	500	0.216395	0.195586	0.16203	0.0335567	0.0208086	0.806946	0.0211209	1.18418	0.0240481	1.04133e-05
10078	1	100	11	500	0.222807	0.197754	0.164054	0.0337	0.0250536	0.805716	0.0231248	1.18245	0.0242884	1.0336e-05
10079	1	100	13	500	0.228063	0.199813	0.167921	0.0318924	0.0282501	0.804373	0.0229526	1.18238	0.0255303	1.06721e-05
10080	1	100	11	500	0.225237	0.200331	0.17796	0.0223712	0.0249063	0.802678	0.0205629	1.18548	0.0227807	9.97287e-06
10081	1	100	12	500	0.232955	0.204189	0.18965	0.0145389	0.0287656	0.798936	0.0189775	1.18595	0.0247026	9.93194e-06
10082	1	100	10	500	0.224725	0.202179	0.191348	0.0108315	0.0225456	0.79982	0.0155954	1.1881	0.0204442	1.06095e-05
10083	1	100	11	500	0.210957	0.198197	0.186861	0.0113358	0.01276	0.802966	0.0125295	1.19066	0.0138674	1.08938e-05
10084	1	100	12	500	0.200453	0.194934	0.180727	0.0142071	0.00551818	0.805856	0.0122371	1.19174	0.0119435	1.10638e-05
10085	1	100	9	500	0.205455	0.19739	0.18907	0.00832078	0.00806468	0.803475	0.00776681	1.19253	0.0104247	1.07549e-05
10086	1	100	9	500	0.202512	0.197098	0.192241	0.00485705	0.00541416	0.803329	0.00467872	1.19397	0.0094378	1.05357e-05
10087	1	100	11	500	0.207412	0.197233	0.185631	0.0116025	0.010179	0.803857	0.00587482	1.19155	0.0150627	1.09754e-05
10088	1	100	11	500	0.213924	0.197309	0.17473	0.0225783	0.0166149	0.803402	0.0192229	1.18516	0.0316573	1.25014e-05
10089	1	100	10	500	0.214996	0.197836	0.176542	0.0212943	0.0171596	0.804246	0.00985466	1.18733	0.0208106	1.2734e-05
10090	1	100	17	500	0.21182	0.198011	0.183655	0.0143556	0.0138085	0.803524	0.00746399	1.19006	0.0152139	1.25416e-05
10091	1	100	15	500	0.212563	0.198135	0.18408	0.0140549	0.0144283	0.803355	0.00839531	1.18986	0.0162732	1.30187e-05
10092	1	100	14	500	0.22044	0.19984	0.180574	0.0192658	0.0205996	0.802757	0.00923364	1.18696	0.0173933	1.29847e-05
10093	1	100	12	500	0.224823	0.203091	0.191165	0.0119258	0.0217316	0.798171	0.0229232	1.18456	0.0339371	1.22062e-05
10094	1	100	18	500	0.224979	0.201605	0.18341	0.0181953	0.0233739	0.801772	0.0100313	1.18647	0.0178097	1.26359e-05
10095	1	100	13	500	0.220988	0.201518	0.188504	0.0130134	0.0194703	0.801265	0.0089453	1.18821	0.0152342	1.28576e-05
10096	1	100	13	500	0.229308	0.204138	0.19185	0.0122879	0.0251698	0.797376	0.0228709	1.18367	0.0341307	1.22796e-05
10097	1	100	10	500	0.224666	0.203377	0.194556	0.00882154	0.0212886	0.799619	0.00969184	1.18844	0.0151592	1.23919e-05
10098	1	100	11	500	0.229497	0.203834	0.18863	0.0152033	0.0256629	0.797894	0.022206	1.18302	0.0362083	1.28915e-05
10099	1	100	8	500	0.230056	0.206024	0.195264	0.0107606	0.024032	0.794037	0.0315728	1.17941	0.0467795	1.28977e-05
10100	1	100	6	500	0.0279678	0.00854348	0.00368741	0.00485607	0.0194243	0.988247	0.0360203	0.988582	0.036128	1.27833e-05
10101	1	100	6	500	0.0291239	0.00929857	0.00391358	0.00538499	0.0198254	0.993309	0.0119232	0.994238	0.0123592	1.34994e-05
