Generation	PopulationID	SampleSize	UniqueMutations	PopulationSize	totalLoad	RelzLoad	RelzLoadHomo	RelzLoadHetero	MskLoad	MeanFitness	SdFitness	MeanFitnessCached	SdFitnessCached	Heterozygosity	
10001	1	100	55	500	0.341323	0.327624	0.252559	0.0750649	0.013699	0.707279	0.0404651	1.34839	0.0547188	2.30106e-05
10002	1	100	42	500	0.313394	0.283398	0.199362	0.0840366	0.029996	0.743171	0.0456783	1.28566	0.0626782	2.28372e-05
10003	1	100	33	500	0.302689	0.277835	0.197048	0.0807861	0.0248543	0.746441	0.0408995	1.28022	0.0533275	2.28612e-05
10004	1	100	28	500	0.189683	0.161676	0.0873177	0.0743581	0.0280071	0.844182	0.0455252	1.14558	0.0485712	2.27723e-05
10005	1	100	26	500	0.183445	0.153744	0.0758497	0.0778939	0.0297017	0.851906	0.0475733	1.13744	0.0474165	2.21953e-05
10006	1	100	21	500	0.152286	0.139176	0.0647699	0.0744059	0.0131103	0.865229	0.0435566	1.13216	0.0417464	2.11476e-05
10007	1	100	24	500	0.143959	0.13687	0.0649643	0.0719059	0.00708874	0.866797	0.0422645	1.1331	0.0442111	2.08879e-05
10008	1	100	19	500	0.153317	0.142216	0.0660487	0.0761677	0.0111009	0.862517	0.0475336	1.13559	0.0476779	2.00328e-05
10009	1	100	17	500	0.160062	0.143695	0.0664501	0.0772448	0.0163674	0.861472	0.0458854	1.13522	0.0400171	2.03788e-05
10010	1	100	17	500	0.14976	0.138239	0.0653794	0.0728599	0.0115205	0.865811	0.0458733	1.13246	0.0375801	2.07659e-05
10011	1	100	14	500	0.137519	0.133775	0.0659176	0.0678578	0.00374363	0.869683	0.0308162	1.13402	0.0322568	2.07622e-05
10012	1	100	15	500	0.134258	0.131547	0.0687959	0.062751	0.00271072	0.870513	0.0310478	1.13135	0.0321192	2.08079e-05
10013	1	100	19	500	0.14117	0.135025	0.0731999	0.0618252	0.0061451	0.866591	0.0366004	1.13171	0.0303572	2.1406e-05
10014	1	100	16	500	0.146951	0.13772	0.0731485	0.0645718	0.00923066	0.864778	0.0385164	1.1329	0.0361123	2.08643e-05
10015	1	100	18	500	0.146348	0.139346	0.0745219	0.0648238	0.00700193	0.862737	0.0421149	1.13527	0.039697	2.14233e-05
10016	1	100	19	500	0.160736	0.150839	0.0844664	0.0663726	0.00989711	0.853678	0.0391981	1.14702	0.0371747	2.1421e-05
10017	1	100	19	500	0.161083	0.153608	0.0843791	0.0692287	0.00747552	0.850451	0.0454864	1.14945	0.0454126	2.16691e-05
10018	1	100	19	500	0.173053	0.165521	0.10802	0.0575018	0.00753115	0.838998	0.0413207	1.1608	0.0405542	2.07592e-05
10019	1	100	20	500	0.171676	0.163934	0.113506	0.0504279	0.00774242	0.839996	0.034493	1.1598	0.0391461	1.96446e-05
10020	1	100	19	500	0.179833	0.172271	0.122042	0.0502292	0.00756199	0.832421	0.0414192	1.16639	0.0414142	1.8855e-05
10021	1	100	20	500	0.169197	0.162589	0.103782	0.0588077	0.00660786	0.842127	0.0362312	1.1592	0.0377907	1.89765e-05
10022	1	100	20	500	0.170664	0.163292	0.0976827	0.065609	0.00737193	0.841215	0.0435144	1.15796	0.043544	1.98938e-05
10023	1	100	22	500	0.169419	0.160412	0.0914903	0.068922	0.00900709	0.845642	0.0455323	1.15638	0.0476331	2.01766e-05
10024	1	100	22	500	0.158377	0.150679	0.0832865	0.0673926	0.00769769	0.853249	0.0415388	1.14546	0.0438234	2.03191e-05
10025	1	100	20	500	0.157646	0.152299	0.0884108	0.0638879	0.00534766	0.850228	0.0476849	1.14771	0.0489092	1.9763e-05
10026	1	100	19	500	0.160889	0.153892	0.0852032	0.0686886	0.00699762	0.850548	0.0430678	1.14826	0.0439364	2.02603e-05
10027	1	100	17	500	0.168829	0.160967	0.0920531	0.0689136	0.00786272	0.844867	0.0458165	1.15378	0.0447574	1.99249e-05
10028	1	100	17	500	0.174773	0.167122	0.10447	0.0626516	0.00765164	0.837766	0.040649	1.15963	0.0420028	1.89271e-05
10029	1	100	16	500	0.168491	0.161668	0.101633	0.0600344	0.00682302	0.842552	0.0405686	1.15452	0.0452027	1.8582e-05
10030	1	100	18	500	0.172639	0.166397	0.109733	0.056664	0.00624276	0.838292	0.0403767	1.1584	0.0410256	1.88238e-05
10031	1	100	17	500	0.174927	0.168589	0.108606	0.0599829	0.00633847	0.835132	0.0424599	1.15782	0.0530993	1.90376e-05
10032	1	100	18	500	0.176082	0.169601	0.103009	0.0665917	0.00648161	0.835658	0.0399972	1.15697	0.0409325	1.91801e-05
10033	1	100	15	500	0.175493	0.168143	0.0993158	0.0688274	0.00734927	0.838421	0.0461006	1.15808	0.0469358	1.97464e-05
10034	1	100	12	500	0.171496	0.165194	0.098156	0.0670376	0.0063026	0.839877	0.0483315	1.15591	0.0472059	1.98228e-05
10035	1	100	12	500	0.169886	0.162554	0.0937756	0.0687787	0.00733185	0.844238	0.0425709	1.15667	0.0461472	2.06576e-05
10036	1	100	13	500	0.179643	0.170478	0.106756	0.0637216	0.00916465	0.834643	0.0429732	1.16007	0.0444365	1.94734e-05
10037	1	100	13	500	0.185975	0.176441	0.111271	0.0651695	0.00953376	0.829442	0.0496324	1.16468	0.0476846	1.97443e-05
10038	1	100	13	500	0.184206	0.174746	0.104762	0.069984	0.00945962	0.833157	0.044071	1.16228	0.0430543	2.04058e-05
10039	1	100	16	500	0.177968	0.16876	0.0949377	0.0738223	0.00920843	0.838029	0.0475522	1.15578	0.0506403	2.07468e-05
10040	1	100	19	500	0.193299	0.184535	0.114295	0.0702399	0.00876327	0.823464	0.0521971	1.16939	0.0557916	2.02696e-05
10041	1	100	16	500	0.198563	0.189468	0.119199	0.0702695	0.0090942	0.81924	0.0466701	1.17266	0.0481568	2.01471e-05
10042	1	100	13	500	0.202315	0.193427	0.128372	0.0650543	0.00888893	0.814014	0.0479216	1.17503	0.0486166	1.95386e-05
10043	1	100	13	500	0.199246	0.190837	0.126772	0.0640644	0.00840965	0.817422	0.0486408	1.17599	0.0449109	1.98253e-05
10044	1	100	14	500	0.205408	0.196469	0.137556	0.0589134	0.00893897	0.81319	0.042194	1.18393	0.0421174	1.96074e-05
10045	1	100	13	500	0.202788	0.188478	0.123605	0.0648733	0.0143099	0.819385	0.0486167	1.17188	0.0481136	1.99985e-05
10046	1	100	15	500	0.206069	0.192364	0.122427	0.0699367	0.0137052	0.816409	0.0544971	1.17276	0.0490074	2.06158e-05
10047	1	100	16	500	0.204984	0.19501	0.118036	0.0769742	0.0099739	0.815015	0.0547072	1.1734	0.0532447	2.12371e-05
10048	1	100	16	500	0.198876	0.188273	0.112556	0.0757173	0.0106023	0.821882	0.0533381	1.16853	0.0502365	2.19352e-05
10049	1	100	16	500	0.206561	0.198232	0.133177	0.0650552	0.00832846	0.811765	0.0468837	1.17928	0.0441524	2.13565e-05
10050	1	100	15	500	0.200711	0.192418	0.128377	0.0640416	0.00829243	0.816522	0.0440054	1.17362	0.0471604	2.16518e-05
10051	1	100	14	500	0.188706	0.181042	0.12491	0.0561314	0.00766413	0.823837	0.0438251	1.16602	0.0438828	2.10506e-05
10052	1	100	11	500	0.182595	0.176459	0.130093	0.0463657	0.00613605	0.827807	0.031754	1.16831	0.0350538	1.96581e-05
10053	1	100	15	500	0.19186	0.183466	0.146862	0.036604	0.00839435	0.821653	0.0351141	1.1762	0.0347454	1.81716e-05
10054	1	100	14	500	0.198433	0.177726	0.14192	0.0358061	0.0207066	0.827338	0.0342185	1.16621	0.0435657	1.64378e-05
10055	1	100	16	500	0.224526	0.177318	0.118401	0.0589168	0.0472077	0.829412	0.0404088	1.14679	0.0601474	1.93222e-05
10056	1	100	13	500	0.223541	0.182836	0.116948	0.0658875	0.0407047	0.825252	0.0498369	1.15118	0.0591542	2.14051e-05
10057	1	100	11	500	0.223261	0.179627	0.1105	0.069127	0.0436337	0.828619	0.0506761	1.14571	0.0601548	2.16812e-05
10058	1	100	12	500	0.247705	0.190043	0.113377	0.0766667	0.057662	0.821071	0.0539471	1.14457	0.0677593	2.28836e-05
10059	1	100	12	500	0.246827	0.182324	0.106354	0.0759698	0.0645029	0.827174	0.0513842	1.13344	0.0641559	2.29197e-05
10060	1	100	12	500	0.21027	0.171193	0.103236	0.0679571	0.0390775	0.83583	0.0456492	1.14142	0.0550976	2.29329e-05
10061	1	100	16	500	0.236193	0.179719	0.108187	0.0715322	0.0564736	0.828146	0.0482636	1.13655	0.0592218	2.29603e-05
10062	1	100	16	500	0.232347	0.176915	0.0983416	0.0785735	0.0554322	0.830867	0.0478471	1.13191	0.0613353	2.40757e-05
10063	1	100	13	500	0.221573	0.17831	0.104835	0.0734746	0.0432632	0.828674	0.0447767	1.14099	0.0624294	2.41294e-05
10064	1	100	17	500	0.220025	0.181968	0.119951	0.0620168	0.0380575	0.825006	0.0494569	1.15303	0.0638581	2.27115e-05
10065	1	100	15	500	0.229785	0.188924	0.128919	0.0600051	0.0408614	0.818443	0.0466649	1.15776	0.0570287	2.27608e-05
10066	1	100	15	500	0.214373	0.187985	0.130727	0.0572582	0.0263879	0.818259	0.0409658	1.16408	0.0508514	2.32334e-05
10067	1	100	17	500	0.22838	0.1868	0.129579	0.0572219	0.0415793	0.8122	0.127182	1.15025	0.137755	2.27259e-05
10068	1	100	16	500	0.225745	0.187444	0.123965	0.0634799	0.0383006	0.820425	0.0484676	1.15777	0.0559135	2.39472e-05
10069	1	100	17	500	0.228982	0.190312	0.122958	0.067354	0.0386703	0.817132	0.0539964	1.15586	0.0590814	2.49405e-05
10070	1	100	19	500	0.200589	0.191748	0.138727	0.0530209	0.00884046	0.815216	0.0411604	1.1777	0.0409421	2.3764e-05
10071	1	100	15	500	0.19971	0.190722	0.136928	0.0537948	0.00898709	0.816417	0.0432413	1.17657	0.0458758	2.41873e-05
10072	1	100	21	500	0.209397	0.199413	0.139495	0.0599183	0.00998441	0.809402	0.0481972	1.17996	0.0467322	2.45819e-05
10073	1	100	16	500	0.195772	0.186905	0.124637	0.0622675	0.00886759	0.819574	0.0397469	1.17027	0.0424522	2.51784e-05
10074	1	100	20	500	0.208741	0.195446	0.132766	0.0626804	0.0132948	0.813084	0.0459225	1.17546	0.0487316	2.5321e-05
10075	1	100	19	500	0.208693	0.192869	0.127311	0.065557	0.015824	0.814819	0.041891	1.17015	0.0535515	2.59614e-05
10076	1	100	22	500	0.200792	0.187161	0.123508	0.0636526	0.0136307	0.821355	0.0426553	1.1705	0.047314	2.58937e-05
10077	1	100	21	500	0.208574	0.197003	0.133661	0.0633423	0.0115712	0.812655	0.0414078	1.17998	0.0474521	2.58218e-05
10078	1	100	18	500	0.206067	0.192096	0.124988	0.067108	0.0139709	0.817545	0.0455456	1.17254	0.0513879	2.68455e-05
10079	1	100	21	500	0.21555	0.202665	0.136154	0.0665107	0.0128853	0.806835	0.0489117	1.17818	0.0575662	2.67811e-05
10080	1	100	20	500	0.230548	0.214368	0.15224	0.0621274	0.0161806	0.7962	0.0499566	1.18479	0.0531433	2.52497e-05
10081	1	100	23	500	0.244737	0.216487	0.148893	0.0675946	0.0282497	0.796319	0.0438934	1.18476	0.0543821	2.54856e-05
10082	1	100	22	500	0.257634	0.220316	0.156031	0.0642854	0.0373177	0.793584	0.0451383	1.18472	0.0524913	2.48866e-05
10083	1	100	24	500	0.266406	0.228312	0.162392	0.0659199	0.0380948	0.787213	0.0449442	1.18803	0.0564318	2.37569e-05
10084	1	100	21	500	0.282605	0.23372	0.165828	0.0678914	0.048885	0.781927	0.0478074	1.1815	0.0705536	2.17419e-05
10085	1	100	18	500	0.285919	0.229394	0.157696	0.0716979	0.0565246	0.787607	0.044195	1.17994	0.0544001	2.37971e-05
10086	1	100	18	500	0.286399	0.223811	0.149552	0.0742592	0.0625876	0.784394	0.0876165	1.15825	0.122197	2.38263e-05
10087	1	100	16	500	0.257183	0.214449	0.148878	0.0655712	0.0427339	0.794443	0.0667347	1.17172	0.0920063	2.25092e-05
10088	1	100	16	500	0.27143	0.218741	0.145695	0.0730459	0.0526895	0.793388	0.0552032	1.16867	0.0808041	2.33747e-05
10089	1	100	20	500	0.245003	0.204465	0.140667	0.0637975	0.0405385	0.804344	0.0503659	1.16634	0.0758957	2.30211e-05
10090	1	100	19	500	0.24985	0.206597	0.138516	0.0680811	0.0432525	0.805132	0.0458918	1.1676	0.0569445	2.20908e-05
10091	1	100	20	500	0.25823	0.209398	0.144942	0.0644563	0.0488315	0.802048	0.041146	1.17149	0.0582314	2.15482e-05
10092	1	100	18	500	0.229769	0.205815	0.16491	0.0409047	0.0239536	0.802764	0.0386911	1.18704	0.0406641	1.76888e-05
10093	1	100	17	500	0.243092	0.217109	0.1746	0.0425095	0.0259833	0.794304	0.0409382	1.19311	0.043735	1.55586e-05
10094	1	100	14	500	0.248044	0.21324	0.165577	0.0476638	0.034804	0.798195	0.0325303	1.1839	0.0482577	1.82803e-05
10095	1	100	15	500	0.241321	0.210667	0.164671	0.045996	0.0306543	0.800191	0.0379909	1.1846	0.0470151	1.93739e-05
10096	1	100	15	500	0.248019	0.213787	0.16569	0.0480964	0.0342323	0.791874	0.0469882	1.17663	0.0761184	1.95095e-05
10097	1	100	18	500	0.248176	0.216132	0.167436	0.0486959	0.0320443	0.795692	0.0409831	1.18587	0.0483935	2.08258e-05
10098	1	100	13	500	0.248318	0.217583	0.175256	0.0423267	0.0307349	0.787458	0.0517371	1.18202	0.0808841	1.76175e-05
10099	1	100	16	500	0.241402	0.224406	0.191957	0.0324493	0.0169957	0.787056	0.0397756	1.20372	0.0363395	1.66815e-05
10100	1	100	15	500	0.230508	0.220505	0.189354	0.0311506	0.0100034	0.790558	0.0387074	1.2052	0.0336285	1.7552e-05
10101	1	100	15	500	0.239925	0.229098	0.19749	0.0316083	0.0108268	0.783718	0.0359339	1.20974	0.0301989	1.71507e-05
