Generation	PopulationID	SampleSize	UniqueMutations	PopulationSize	totalLoad	RelzLoad	RelzLoadHomo	RelzLoadHetero	MskLoad	MeanFitness	SdFitness	MeanFitnessCached	SdFitnessCached	Heterozygosity	
10001	1	100	40	500	0.266514	0.246901	0.115554	0.131347	0.0196122	0.774533	0.0486848	1.23096	0.0750511	3.69531e-05
10002	1	100	33	500	0.25056	0.234815	0.114788	0.120028	0.015745	0.784787	0.0475099	1.2238	0.0702478	3.45783e-05
10003	1	100	27	500	0.249856	0.233345	0.114983	0.118362	0.0165104	0.784714	0.0495804	1.21727	0.0718296	3.66276e-05
10004	1	100	30	500	0.254646	0.234862	0.114375	0.120487	0.0197838	0.784956	0.0514054	1.21762	0.0722746	3.6922e-05
10005	1	100	27	500	0.25533	0.235959	0.119362	0.116597	0.0193703	0.784757	0.0466166	1.22018	0.0667652	3.61175e-05
10006	1	100	27	500	0.254434	0.234459	0.120421	0.114038	0.0199756	0.782048	0.050228	1.2096	0.0645188	3.71846e-05
10007	1	100	28	500	0.257041	0.23812	0.121676	0.116444	0.0189207	0.780662	0.0523473	1.21756	0.0693384	3.80561e-05
10008	1	100	27	500	0.253893	0.230893	0.123928	0.106965	0.0230009	0.789858	0.0467996	1.2135	0.0659763	3.65072e-05
10009	1	100	26	500	0.246958	0.225031	0.123088	0.101943	0.0219271	0.794084	0.0485193	1.20777	0.0664977	3.54365e-05
10010	1	100	25	500	0.233564	0.210539	0.114042	0.0964969	0.023025	0.804108	0.0450098	1.18721	0.0538055	3.63616e-05
10011	1	100	28	500	0.23669	0.210163	0.113714	0.0964489	0.0265268	0.806513	0.038855	1.18507	0.0429229	3.7165e-05
10012	1	100	24	500	0.262139	0.228128	0.123941	0.104187	0.0340111	0.793584	0.0426845	1.20271	0.0492974	3.64041e-05
10013	1	100	25	500	0.287275	0.245213	0.136162	0.109051	0.0420624	0.777616	0.047913	1.20903	0.0428698	3.5348e-05
10014	1	100	25	500	0.30236	0.258945	0.156673	0.102272	0.0434149	0.764386	0.0537621	1.20793	0.0505395	3.52909e-05
10015	1	100	24	500	0.311208	0.266735	0.146558	0.120177	0.0444728	0.757327	0.0478005	1.22266	0.0698924	3.70266e-05
10016	1	100	20	500	0.330374	0.285143	0.16706	0.118083	0.0452308	0.74884	0.0501743	1.24606	0.0707563	3.52175e-05
10017	1	100	22	500	0.329125	0.285595	0.167925	0.11767	0.0435296	0.746904	0.0502746	1.24017	0.0737871	3.49987e-05
10018	1	100	22	500	0.324684	0.285697	0.175786	0.10991	0.0389877	0.743973	0.0546167	1.2274	0.0806797	3.471e-05
10019	1	100	20	500	0.333852	0.290806	0.173085	0.117721	0.0430458	0.742891	0.0524614	1.24595	0.0829633	3.48419e-05
10020	1	100	25	500	0.319897	0.279272	0.163091	0.116181	0.0406247	0.751413	0.0468029	1.24105	0.0737875	3.67294e-05
10021	1	100	22	500	0.339379	0.291169	0.157215	0.133954	0.0482097	0.737898	0.0631217	1.24379	0.102433	3.59314e-05
10022	1	100	25	500	0.371351	0.309133	0.167423	0.141709	0.0622183	0.730061	0.0532391	1.25804	0.0765296	3.52603e-05
10023	1	100	25	500	0.370136	0.308217	0.166789	0.141428	0.0619189	0.729634	0.0646067	1.25533	0.102102	3.56932e-05
10024	1	100	24	500	0.3548	0.299268	0.164379	0.134889	0.0555326	0.733013	0.0622143	1.24451	0.0967474	3.50383e-05
10025	1	100	25	500	0.328863	0.279126	0.145045	0.13408	0.049737	0.749968	0.0675585	1.23495	0.0948316	3.72897e-05
10026	1	100	24	500	0.333869	0.279677	0.147828	0.131849	0.0541921	0.748275	0.0751847	1.22638	0.101421	3.62029e-05
10027	1	100	24	500	0.311591	0.270416	0.142563	0.127852	0.0411759	0.759359	0.0500647	1.23754	0.0743385	3.62014e-05
10028	1	100	23	500	0.318411	0.270479	0.149906	0.120574	0.0479313	0.753995	0.0492692	1.21618	0.0660527	3.53309e-05
10029	1	100	23	500	0.343006	0.281792	0.168175	0.113617	0.0612144	0.743945	0.0795588	1.20474	0.0983701	3.55263e-05
10030	1	100	22	500	0.367189	0.295585	0.179979	0.115606	0.0716032	0.732023	0.088502	1.19844	0.103411	3.67554e-05
10031	1	100	23	500	0.354472	0.288102	0.170079	0.118022	0.0663699	0.744939	0.0575392	1.2185	0.0775124	3.86938e-05
10032	1	100	22	500	0.357268	0.289395	0.175012	0.114384	0.0678725	0.743351	0.0587354	1.21928	0.0714168	3.78373e-05
10033	1	100	22	500	0.347254	0.281918	0.164261	0.117657	0.065336	0.750739	0.0452853	1.22267	0.0619875	3.93957e-05
10034	1	100	22	500	0.322857	0.267162	0.150881	0.116281	0.0556955	0.756471	0.0671244	1.20127	0.0786822	4.15489e-05
10035	1	100	23	500	0.343988	0.275835	0.151252	0.124583	0.0681535	0.75106	0.077436	1.20608	0.093277	4.13124e-05
10036	1	100	23	500	0.343194	0.276493	0.149975	0.126518	0.0667013	0.747463	0.0829419	1.20043	0.0995902	4.12474e-05
10037	1	100	26	500	0.345166	0.274163	0.149991	0.124172	0.0710036	0.75994	0.056234	1.20793	0.0643363	4.12733e-05
10038	1	100	22	500	0.348798	0.272956	0.156196	0.11676	0.0758423	0.760214	0.0749133	1.20191	0.0796609	4.05467e-05
10039	1	100	25	500	0.359975	0.276614	0.158443	0.118171	0.0833609	0.750354	0.0992758	1.18079	0.112578	4.1267e-05
10040	1	100	22	500	0.323063	0.254297	0.14365	0.110646	0.0687662	0.769791	0.0739215	1.18376	0.0730493	4.17679e-05
10041	1	100	26	500	0.343066	0.269677	0.155884	0.113793	0.073389	0.761024	0.0524821	1.19996	0.0586582	4.15788e-05
10042	1	100	26	500	0.342641	0.267442	0.156123	0.11132	0.075199	0.757451	0.0643719	1.18416	0.0858611	4.34604e-05
10043	1	100	26	500	0.333558	0.270698	0.15595	0.114748	0.0628598	0.757086	0.0454057	1.20238	0.0615586	4.3046e-05
10044	1	100	22	500	0.32892	0.268188	0.160117	0.108071	0.0607328	0.75492	0.0632602	1.18839	0.0704205	4.35691e-05
10045	1	100	28	500	0.324557	0.272476	0.173465	0.0990108	0.0520809	0.754591	0.0345001	1.20212	0.0569103	4.08118e-05
10046	1	100	26	500	0.323514	0.270775	0.176721	0.0940538	0.0527397	0.754317	0.0365643	1.19278	0.0489444	3.99373e-05
10047	1	100	28	500	0.319588	0.271441	0.179998	0.0914423	0.0481472	0.756375	0.0300294	1.20157	0.0491537	3.88166e-05
10048	1	100	27	500	0.327369	0.274758	0.180555	0.0942029	0.052611	0.753369	0.032721	1.19857	0.0518578	3.7987e-05
10049	1	100	25	500	0.350364	0.28726	0.190128	0.0971315	0.0631045	0.745222	0.0377668	1.20556	0.0564575	3.84098e-05
10050	1	100	25	500	0.34464	0.283509	0.185598	0.0979107	0.0611308	0.746751	0.0386737	1.19887	0.0499486	3.85798e-05
10051	1	100	23	500	0.319345	0.269015	0.17743	0.0915849	0.0503296	0.756701	0.0379561	1.18691	0.0513318	3.74867e-05
10052	1	100	24	500	0.314772	0.268615	0.182918	0.0856973	0.0461574	0.755995	0.0413592	1.18355	0.0518831	3.6513e-05
10053	1	100	22	500	0.303024	0.262146	0.175597	0.0865493	0.0408778	0.761257	0.031589	1.17208	0.0458752	3.45907e-05
10054	1	100	27	500	0.326704	0.271612	0.177312	0.0942994	0.0550925	0.757003	0.0298013	1.18283	0.0432019	3.72059e-05
10055	1	100	21	500	0.336667	0.278026	0.185082	0.0929442	0.0586406	0.749026	0.0388215	1.18421	0.0487349	3.80975e-05
10056	1	100	21	500	0.315824	0.267407	0.187838	0.0795689	0.0484167	0.758993	0.0279048	1.1805	0.0460075	3.4574e-05
10057	1	100	22	500	0.32262	0.269748	0.189185	0.0805625	0.0528723	0.754167	0.0378391	1.17548	0.0443782	3.50221e-05
10058	1	100	25	500	0.329492	0.274704	0.180085	0.0946198	0.0547876	0.754685	0.0304922	1.18276	0.0432262	3.76781e-05
10059	1	100	22	500	0.308666	0.264726	0.186747	0.0779784	0.0439405	0.758562	0.0321641	1.16721	0.043618	3.20628e-05
10060	1	100	19	500	0.321073	0.271074	0.187024	0.0840498	0.0499997	0.755995	0.028521	1.17626	0.0405497	3.41444e-05
10061	1	100	20	500	0.294671	0.260727	0.189912	0.0708158	0.0339438	0.761137	0.0248764	1.16328	0.0358792	2.98108e-05
10062	1	100	19	500	0.292052	0.259212	0.193486	0.0657263	0.0328399	0.764515	0.0194077	1.166	0.0336027	2.81335e-05
10063	1	100	22	500	0.296909	0.260752	0.189719	0.0710331	0.0361563	0.762209	0.0217432	1.16655	0.0365784	3.2163e-05
10064	1	100	22	500	0.304057	0.260986	0.198612	0.0623745	0.0430711	0.761966	0.024852	1.16276	0.0376689	2.83814e-05
10065	1	100	22	500	0.30213	0.258764	0.208851	0.0499132	0.0433654	0.763699	0.023523	1.15636	0.0385705	2.31296e-05
10066	1	100	20	500	0.290178	0.256957	0.200382	0.0565755	0.0332208	0.765916	0.0158528	1.16534	0.0310868	2.84031e-05
10067	1	100	21	500	0.274617	0.250397	0.216277	0.0341197	0.0242209	0.76723	0.0220964	1.15698	0.0321791	2.22689e-05
10068	1	100	22	500	0.293161	0.257333	0.211375	0.0459581	0.0358274	0.761407	0.034388	1.15728	0.0386716	2.52325e-05
10069	1	100	20	500	0.271136	0.249537	0.218866	0.0306714	0.0215991	0.769569	0.0153449	1.15278	0.0276284	1.94799e-05
10070	1	100	21	500	0.284033	0.25452	0.205445	0.0490749	0.029513	0.76732	0.0166407	1.15934	0.0304013	2.65869e-05
10071	1	100	21	500	0.299376	0.261117	0.200829	0.0602883	0.0382584	0.762129	0.0249187	1.16128	0.035538	3.01351e-05
10072	1	100	21	500	0.304301	0.263255	0.195837	0.067418	0.0410461	0.760231	0.0251442	1.16458	0.0370366	3.22997e-05
10073	1	100	22	500	0.303036	0.262485	0.195787	0.0666975	0.0405505	0.757909	0.0311216	1.15853	0.0401669	3.45962e-05
10074	1	100	23	500	0.306124	0.266378	0.188542	0.0778358	0.0397459	0.759072	0.0244384	1.16507	0.0375243	3.70727e-05
10075	1	100	25	500	0.301043	0.263222	0.189398	0.0738242	0.0378214	0.75862	0.0321564	1.16173	0.0335554	3.59117e-05
10076	1	100	22	500	0.295317	0.259474	0.200914	0.0585599	0.0358431	0.763938	0.0215587	1.16549	0.0368458	3.26802e-05
10077	1	100	17	500	0.292883	0.258063	0.205819	0.0522444	0.0348202	0.761289	0.0318974	1.16122	0.0393314	3.20019e-05
10078	1	100	25	500	0.319359	0.271554	0.202837	0.0687172	0.0478049	0.754855	0.0369154	1.1707	0.0489029	3.83132e-05
10079	1	100	26	500	0.326639	0.273872	0.216083	0.0577888	0.0527672	0.75083	0.0447012	1.16097	0.0502799	3.63484e-05
10080	1	100	24	500	0.338221	0.278571	0.218651	0.0599201	0.0596499	0.743858	0.0551985	1.15523	0.055006	3.72945e-05
10081	1	100	25	500	0.339566	0.279293	0.220437	0.058856	0.0602733	0.747967	0.0474368	1.1639	0.0540474	3.72587e-05
10082	1	100	24	500	0.334177	0.276235	0.215678	0.0605573	0.0579414	0.749749	0.0456665	1.16542	0.0515541	3.75448e-05
10083	1	100	22	500	0.338334	0.275034	0.211953	0.0630811	0.0633	0.744384	0.0546573	1.15264	0.0555235	3.59677e-05
10084	1	100	23	500	0.355205	0.286281	0.22186	0.064421	0.0689241	0.747945	0.0425392	1.16953	0.0530801	3.80691e-05
10085	1	100	22	500	0.355694	0.291238	0.22479	0.0664483	0.064456	0.737343	0.0583459	1.15536	0.0656269	3.92991e-05
10086	1	100	19	500	0.379187	0.307332	0.232246	0.075086	0.0718542	0.727356	0.0595886	1.1617	0.0708647	4.13149e-05
10087	1	100	23	500	0.395811	0.308406	0.232017	0.0763889	0.0874048	0.726922	0.0593321	1.15375	0.0736632	4.2006e-05
10088	1	100	24	500	0.387903	0.306829	0.234787	0.072042	0.0810742	0.725481	0.0676345	1.15322	0.0769975	3.96872e-05
10089	1	100	23	500	0.4186	0.317722	0.236205	0.0815167	0.100878	0.723979	0.0561243	1.1677	0.0771062	4.07035e-05
10090	1	100	21	500	0.425736	0.323737	0.243502	0.0802355	0.101999	0.719481	0.0607361	1.16514	0.0743288	4.08231e-05
10091	1	100	22	500	0.453189	0.323776	0.2337	0.090076	0.129413	0.717462	0.0682469	1.15884	0.0849461	4.16791e-05
10092	1	100	23	500	0.462128	0.32886	0.237042	0.0918178	0.133268	0.718925	0.0642106	1.16999	0.0817608	4.17963e-05
10093	1	100	24	500	0.453577	0.318022	0.228359	0.0896631	0.135555	0.723669	0.0536598	1.16178	0.0722739	4.12791e-05
10094	1	100	21	500	0.352053	0.187674	0.091567	0.0961066	0.16438	0.828148	0.090089	0.994748	0.0864668	4.11102e-05
10095	1	100	19	500	0.336651	0.176062	0.0885392	0.087523	0.160589	0.82842	0.146611	0.977074	0.152128	3.97494e-05
10096	1	100	19	500	0.40802	0.205477	0.102451	0.103026	0.202543	0.825449	0.102281	0.989041	0.119171	4.32633e-05
10097	1	100	22	500	0.396526	0.201794	0.0994872	0.102306	0.194732	0.822235	0.0844346	0.985905	0.0821418	4.3307e-05
10098	1	100	21	500	0.450545	0.224566	0.113777	0.11079	0.225978	0.81424	0.148704	0.988419	0.174221	4.34943e-05
10099	1	100	22	500	0.41642	0.209986	0.101712	0.108275	0.206434	0.803807	0.148223	0.976795	0.158169	4.32843e-05
10100	1	100	21	500	0.412183	0.21415	0.104124	0.110026	0.198033	0.784699	0.181587	0.964096	0.193129	4.17976e-05
10101	1	100	22	500	0.461525	0.236269	0.118085	0.118184	0.225256	0.809013	0.0888024	0.999561	0.105826	4.1728e-05
