Generation	PopulationID	SampleSize	UniqueMutations	PopulationSize	totalLoad	RelzLoad	RelzLoadHomo	RelzLoadHetero	MskLoad	MeanFitness	SdFitness	MeanFitnessCached	SdFitnessCached	Heterozygosity	
10001	1	100	52	500	0.202729	0.166723	0.0658307	0.100892	0.0360062	0.842735	0.0495785	1.12136	0.0497246	5.5375e-05
10002	1	100	41	500	0.211892	0.173584	0.065979	0.107605	0.0383079	0.834129	0.0487566	1.12237	0.0529611	5.5194e-05
10003	1	100	37	500	0.210577	0.16473	0.0611221	0.103608	0.0458474	0.83977	0.0560326	1.10512	0.0621356	5.53945e-05
10004	1	100	35	500	0.225257	0.17261	0.0661073	0.106502	0.0526475	0.836424	0.0498933	1.10522	0.0426815	5.56297e-05
10005	1	100	34	500	0.222435	0.172224	0.0695219	0.102702	0.0502111	0.831609	0.0541399	1.10047	0.0513823	5.47462e-05
10006	1	100	31	500	0.22687	0.168628	0.0642461	0.104382	0.058242	0.84147	0.0534146	1.09889	0.0564755	5.49359e-05
10007	1	100	32	500	0.239387	0.173075	0.0711041	0.101971	0.0663115	0.836013	0.0580391	1.08864	0.0659586	5.4082e-05
10008	1	100	29	500	0.252947	0.183033	0.0788668	0.104166	0.0699141	0.830497	0.052668	1.09522	0.0516657	5.37606e-05
10009	1	100	30	500	0.247712	0.182222	0.0879678	0.0942539	0.0654898	0.83402	0.048089	1.10535	0.0646864	5.18777e-05
10010	1	100	29	500	0.23345	0.175801	0.0874232	0.0883777	0.0576493	0.831591	0.0472857	1.09942	0.0595508	5.15397e-05
10011	1	100	31	500	0.230716	0.175711	0.0852543	0.0904567	0.0550052	0.834981	0.0394723	1.10587	0.0515396	5.07895e-05
10012	1	100	28	500	0.224442	0.171972	0.0840618	0.0879103	0.0524697	0.836321	0.0391162	1.10119	0.0474934	5.0322e-05
10013	1	100	25	500	0.22378	0.171557	0.0941074	0.0774494	0.0522229	0.842986	0.0287553	1.10476	0.0307679	4.91365e-05
10014	1	100	26	500	0.228269	0.174878	0.0985176	0.0763605	0.0533913	0.83487	0.0251399	1.09953	0.030246	4.92645e-05
10015	1	100	24	500	0.230252	0.176659	0.104033	0.072626	0.0535933	0.833923	0.046446	1.10048	0.0595133	4.78995e-05
10016	1	100	26	500	0.228336	0.174773	0.102428	0.072345	0.0535626	0.836927	0.0461811	1.10068	0.0585316	4.82163e-05
10017	1	100	22	500	0.221209	0.169293	0.0931486	0.0761443	0.051916	0.838664	0.0524122	1.09452	0.0631987	4.9828e-05
10018	1	100	24	500	0.213751	0.167841	0.100258	0.0675836	0.0459094	0.839135	0.0412748	1.10213	0.0508936	4.74644e-05
10019	1	100	23	500	0.212527	0.170641	0.116594	0.0540466	0.0418859	0.843324	0.0189854	1.11648	0.025484	4.2423e-05
10020	1	100	23	500	0.226419	0.174195	0.107665	0.0665302	0.0522246	0.830207	0.0521613	1.09548	0.0671232	4.67933e-05
10021	1	100	28	500	0.222344	0.17312	0.105418	0.0677017	0.0492241	0.831099	0.0371178	1.09752	0.0460959	4.72397e-05
10022	1	100	23	500	0.208539	0.167663	0.0934151	0.0742483	0.0408757	0.843593	0.0235115	1.10855	0.0277575	5.08944e-05
10023	1	100	25	500	0.206306	0.169135	0.0965865	0.0725486	0.037171	0.839109	0.0279616	1.11108	0.0318708	4.96177e-05
10024	1	100	21	500	0.206336	0.169062	0.0977352	0.0713266	0.037274	0.843473	0.0262959	1.11625	0.0282429	4.93567e-05
10025	1	100	18	500	0.202281	0.167159	0.0993684	0.0677905	0.0351218	0.843266	0.0243428	1.10985	0.027555	4.90738e-05
10026	1	100	20	500	0.20487	0.166379	0.0932966	0.0730822	0.0384909	0.843314	0.0273498	1.10592	0.0266169	5.0983e-05
10027	1	100	20	500	0.195517	0.164851	0.104614	0.0602365	0.030666	0.84386	0.0247906	1.10787	0.0227707	4.69271e-05
10028	1	100	23	500	0.198438	0.167412	0.110713	0.0566988	0.0310257	0.84145	0.0231493	1.10734	0.0224822	4.54817e-05
10029	1	100	24	500	0.193218	0.166952	0.111905	0.0550466	0.026267	0.84004	0.0225192	1.10883	0.0263272	4.36075e-05
10030	1	100	20	500	0.190663	0.165345	0.117824	0.0475211	0.0253181	0.843759	0.0205575	1.11266	0.0259979	4.09062e-05
10031	1	100	22	500	0.183798	0.159505	0.111005	0.0485006	0.0242926	0.848668	0.0239127	1.1102	0.024764	4.22561e-05
10032	1	100	21	500	0.184216	0.156811	0.112992	0.0438187	0.0274052	0.850634	0.0255615	1.107	0.0232164	4.07947e-05
10033	1	100	16	500	0.175478	0.153181	0.110087	0.0430948	0.0222968	0.855456	0.0217795	1.10757	0.021464	4.14683e-05
10034	1	100	19	500	0.171453	0.153406	0.114671	0.038735	0.0180468	0.853118	0.0216165	1.10916	0.0236748	3.99641e-05
10035	1	100	19	500	0.168806	0.151103	0.110671	0.0404321	0.0177025	0.853644	0.0219088	1.10503	0.0215716	4.09591e-05
10036	1	100	17	500	0.173642	0.152761	0.112893	0.0398671	0.0208816	0.853263	0.0212613	1.10713	0.0214303	4.01729e-05
10037	1	100	20	500	0.17297	0.152351	0.11154	0.0408112	0.0206186	0.851303	0.0206368	1.10445	0.0206274	4.09544e-05
10038	1	100	18	500	0.173664	0.150906	0.102569	0.0483374	0.0227576	0.855143	0.0245427	1.10762	0.026075	4.22915e-05
10039	1	100	19	500	0.174512	0.152411	0.105001	0.0474101	0.0221012	0.854416	0.0202891	1.11033	0.0247529	4.16551e-05
10040	1	100	18	500	0.171937	0.151445	0.106322	0.0451232	0.0204921	0.855584	0.0252418	1.10737	0.0242146	4.11025e-05
10041	1	100	19	500	0.169875	0.151063	0.115612	0.0354512	0.0188119	0.854239	0.0204796	1.11089	0.0257577	3.89147e-05
10042	1	100	19	500	0.176665	0.154457	0.11433	0.0401273	0.0222075	0.853011	0.0200335	1.10913	0.0267631	4.08115e-05
10043	1	100	19	500	0.174965	0.153835	0.114477	0.0393574	0.0211301	0.852677	0.0208934	1.11011	0.0255937	4.04535e-05
10044	1	100	19	500	0.181612	0.158813	0.104341	0.0544721	0.0227986	0.849806	0.0242022	1.11639	0.0364795	4.44889e-05
10045	1	100	23	500	0.18547	0.162217	0.0975101	0.0647065	0.0232533	0.845468	0.0270348	1.11944	0.0341076	4.67932e-05
10046	1	100	21	500	0.185862	0.163226	0.0936062	0.0696203	0.0226352	0.844144	0.0270788	1.11913	0.0319414	4.77026e-05
10047	1	100	22	500	0.1835	0.160791	0.0929408	0.0678506	0.0227082	0.848952	0.0235248	1.11891	0.0324298	4.81268e-05
10048	1	100	21	500	0.178883	0.158597	0.0979595	0.0606375	0.0202863	0.847515	0.029025	1.11201	0.0309794	4.58794e-05
10049	1	100	21	500	0.180095	0.158443	0.0907504	0.0676922	0.0216528	0.85111	0.0252774	1.1166	0.0305867	4.85374e-05
10050	1	100	21	500	0.184126	0.160541	0.0855226	0.0750185	0.0235845	0.847007	0.0323794	1.11502	0.0344593	4.97817e-05
10051	1	100	21	500	0.186622	0.161254	0.0846775	0.0765765	0.0253677	0.847461	0.0290316	1.11213	0.0359937	5.02488e-05
10052	1	100	22	500	0.190725	0.165488	0.0784912	0.0869966	0.025237	0.842831	0.032682	1.11398	0.0359427	5.27199e-05
10053	1	100	22	500	0.208747	0.177811	0.0836894	0.094122	0.030936	0.839703	0.0297175	1.12704	0.0390495	5.36887e-05
10054	1	100	20	500	0.201226	0.175307	0.0777763	0.097531	0.0259186	0.833886	0.0453852	1.11803	0.0338959	5.41928e-05
10055	1	100	19	500	0.192415	0.16743	0.0716544	0.0957755	0.0249849	0.839568	0.0442816	1.11387	0.0372941	5.47892e-05
10056	1	100	22	500	0.195837	0.170497	0.0753135	0.0951839	0.0253396	0.844023	0.0322075	1.12827	0.0413478	5.47955e-05
10057	1	100	20	500	0.202059	0.176181	0.0805707	0.0956104	0.0258778	0.836029	0.0342304	1.12841	0.0323314	5.53644e-05
10058	1	100	18	500	0.201604	0.175702	0.0788582	0.0968433	0.0259029	0.831013	0.0424631	1.11913	0.0304996	5.60378e-05
10059	1	100	18	500	0.195631	0.171001	0.0837709	0.0872304	0.0246299	0.841172	0.0291936	1.12455	0.0353254	5.47911e-05
10060	1	100	20	500	0.197366	0.172884	0.0910751	0.0818089	0.0244816	0.837109	0.0306513	1.11998	0.0331806	5.24482e-05
10061	1	100	23	500	0.205708	0.178335	0.0844693	0.0938654	0.0273735	0.831986	0.0382993	1.12285	0.037964	5.44657e-05
10062	1	100	24	500	0.213697	0.186635	0.0892465	0.0973882	0.0270625	0.827865	0.0368786	1.13483	0.0355855	5.48087e-05
10063	1	100	21	500	0.215878	0.187666	0.0914402	0.096226	0.0282114	0.827338	0.0399878	1.13728	0.0376813	5.4284e-05
10064	1	100	23	500	0.205101	0.177378	0.0820668	0.0953113	0.0277229	0.835749	0.0353055	1.13049	0.0348653	5.57358e-05
10065	1	100	24	500	0.198164	0.172012	0.0771621	0.0948499	0.0261525	0.839178	0.0367244	1.12609	0.0374055	5.47451e-05
10066	1	100	26	500	0.206039	0.179012	0.0851702	0.0938422	0.0270264	0.832564	0.0391825	1.12996	0.0415619	5.31563e-05
10067	1	100	24	500	0.195735	0.168824	0.0759859	0.0928383	0.0269104	0.840921	0.0409101	1.12193	0.0376103	5.44359e-05
10068	1	100	20	500	0.187307	0.161051	0.0724386	0.0886123	0.0262557	0.84735	0.0402611	1.11546	0.0323933	5.39782e-05
10069	1	100	24	500	0.184768	0.157024	0.0655156	0.0915082	0.027744	0.854332	0.032849	1.11674	0.0443489	5.52843e-05
10070	1	100	23	500	0.179576	0.154516	0.0625636	0.0919525	0.02506	0.853758	0.0354323	1.11168	0.0435889	5.53103e-05
10071	1	100	22	500	0.172589	0.14831	0.0582393	0.0900704	0.024279	0.859368	0.0408295	1.10502	0.0390787	5.34852e-05
10072	1	100	24	500	0.174695	0.149534	0.058385	0.091149	0.0251612	0.859912	0.0398851	1.10722	0.0396519	5.37101e-05
10073	1	100	21	500	0.158499	0.138283	0.0571119	0.0811712	0.0202163	0.867221	0.0381195	1.09513	0.036598	5.11164e-05
10074	1	100	22	500	0.166839	0.145197	0.0609456	0.0842517	0.0216416	0.863929	0.0377836	1.10521	0.0388515	5.34052e-05
10075	1	100	22	500	0.169792	0.147208	0.0601607	0.0870471	0.0225841	0.85836	0.0411368	1.10204	0.0411468	5.35799e-05
10076	1	100	24	500	0.171035	0.148165	0.0608327	0.0873326	0.0228693	0.85747	0.0404203	1.10221	0.0392423	5.35762e-05
10077	1	100	20	500	0.171653	0.148551	0.0598115	0.0887397	0.0231023	0.857142	0.044677	1.10241	0.038764	5.34236e-05
10078	1	100	21	500	0.172204	0.149125	0.0605747	0.0885506	0.0230789	0.86203	0.0355095	1.11021	0.0376107	5.35605e-05
10079	1	100	23	500	0.185382	0.160309	0.0633688	0.0969397	0.0250734	0.846907	0.0452689	1.11163	0.0399806	5.51656e-05
10080	1	100	23	500	0.178635	0.157187	0.0746861	0.0825012	0.0214476	0.849761	0.0353235	1.10824	0.0346911	5.18922e-05
10081	1	100	24	500	0.177067	0.15822	0.087932	0.0702875	0.0188474	0.850452	0.0329571	1.10734	0.0342034	4.78177e-05
10082	1	100	21	500	0.173677	0.155478	0.0880076	0.0674699	0.0181996	0.85249	0.0385593	1.10335	0.0303247	4.72605e-05
10083	1	100	22	500	0.170801	0.15706	0.10697	0.0500901	0.0137409	0.85183	0.0326416	1.09894	0.0255012	3.9694e-05
10084	1	100	24	500	0.171243	0.157766	0.109725	0.0480403	0.0134775	0.849883	0.0324279	1.09765	0.0245205	3.89092e-05
10085	1	100	19	500	0.172729	0.15845	0.10708	0.0513705	0.0142787	0.849543	0.032553	1.10051	0.0202743	4.04827e-05
10086	1	100	22	500	0.173507	0.153253	0.0833016	0.0699515	0.0202542	0.852856	0.032462	1.10137	0.0332948	4.95735e-05
10087	1	100	23	500	0.177106	0.157397	0.0881807	0.0692167	0.0197084	0.852056	0.0357387	1.10713	0.0352768	4.89201e-05
10088	1	100	22	500	0.176548	0.15743	0.0993579	0.058072	0.0191184	0.850732	0.0307184	1.10033	0.0277454	4.44022e-05
10089	1	100	22	500	0.170821	0.151343	0.0927085	0.0586346	0.0194779	0.858516	0.0352626	1.09729	0.0291359	4.54966e-05
10090	1	100	26	500	0.177071	0.156985	0.0926713	0.0643138	0.0200862	0.850172	0.0308289	1.09976	0.0290134	4.71531e-05
10091	1	100	22	500	0.180835	0.159267	0.0928355	0.066431	0.021568	0.847731	0.0343898	1.10103	0.033766	4.80333e-05
10092	1	100	27	500	0.175353	0.151177	0.0683538	0.0828233	0.0241761	0.858879	0.0341211	1.1072	0.0365352	5.57171e-05
10093	1	100	23	500	0.167377	0.146306	0.0767848	0.0695212	0.0210708	0.862322	0.031539	1.09876	0.0255211	5.11956e-05
10094	1	100	23	500	0.165543	0.144808	0.0813995	0.0634085	0.0207351	0.862405	0.0348194	1.09236	0.033485	4.94077e-05
10095	1	100	21	500	0.169541	0.149403	0.0898737	0.0595296	0.0201378	0.858813	0.0334969	1.09597	0.0317523	4.7718e-05
10096	1	100	23	500	0.175305	0.154181	0.0926465	0.0615348	0.0211233	0.85337	0.0309762	1.09693	0.0284062	4.78261e-05
10097	1	100	26	500	0.177055	0.155611	0.0971329	0.0584783	0.0214438	0.850477	0.0330314	1.0945	0.0319059	4.68384e-05
10098	1	100	25	500	0.175876	0.155951	0.105483	0.0504685	0.0199249	0.85201	0.031719	1.09428	0.0254604	4.36879e-05
10099	1	100	25	500	0.183088	0.162072	0.110186	0.0518858	0.0210161	0.847979	0.0294721	1.09871	0.0258607	4.31945e-05
10100	1	100	25	500	0.186153	0.163647	0.108549	0.0550981	0.0225059	0.845332	0.0282246	1.09966	0.0235533	4.44591e-05
10101	1	100	24	500	0.180444	0.159187	0.106612	0.0525753	0.0212568	0.847661	0.0306794	1.09498	0.0296241	4.41972e-05
