Generation	PopulationID	SampleSize	UniqueMutations	PopulationSize	totalLoad	RelzLoad	RelzLoadHomo	RelzLoadHetero	MskLoad	MeanFitness	SdFitness	MeanFitnessCached	SdFitnessCached	Heterozygosity	
10001	1	100	41	500	0.403244	0.385065	0.315598	0.0694674	0.0181781	0.652021	0.0469852	1.40719	0.0816133	1.9347e-05
10002	1	100	30	500	0.172795	0.145801	0.0704544	0.0753469	0.0269933	0.86133	0.0500245	1.13361	0.0578417	1.88753e-05
10003	1	100	26	500	0.155936	0.13818	0.0691557	0.0690245	0.0177562	0.867326	0.0563903	1.13221	0.063469	1.9768e-05
10004	1	100	21	500	0.142119	0.13538	0.0668448	0.0685352	0.00673938	0.869452	0.049114	1.13602	0.0575011	2.05238e-05
10005	1	100	19	500	0.137939	0.131898	0.0657463	0.0661514	0.00604112	0.873076	0.0545973	1.13277	0.0604107	2.00877e-05
10006	1	100	18	500	0.147129	0.141624	0.0762069	0.0654166	0.00550501	0.863706	0.0503524	1.14321	0.057231	1.85932e-05
10007	1	100	17	500	0.142324	0.141206	0.0758511	0.065355	0.00111796	0.863519	0.0503518	1.14541	0.0588242	1.87929e-05
10008	1	100	16	500	0.151053	0.149089	0.0864578	0.0626315	0.00196392	0.856208	0.0491749	1.15319	0.0564695	1.90372e-05
10009	1	100	19	500	0.149111	0.147445	0.0880902	0.0593553	0.00166565	0.857861	0.0474558	1.1516	0.0548506	1.89242e-05
10010	1	100	13	500	0.142662	0.142366	0.082218	0.0601477	0.000296137	0.862058	0.0451636	1.14655	0.0529443	1.89051e-05
10011	1	100	12	500	0.145141	0.14479	0.0866271	0.0581624	0.000351763	0.859867	0.0530103	1.14918	0.0630134	1.91389e-05
10012	1	100	17	500	0.14702	0.146636	0.0861205	0.0605158	0.000383291	0.857668	0.047298	1.15076	0.0546131	1.8817e-05
10013	1	100	17	500	0.144347	0.143932	0.0842533	0.0596787	0.000414636	0.860843	0.0464668	1.14841	0.0540093	1.8636e-05
10014	1	100	12	500	0.142435	0.142172	0.0858242	0.0563474	0.000263435	0.862478	0.0478396	1.14661	0.0564598	1.87848e-05
10015	1	100	15	500	0.135271	0.134698	0.0784094	0.0562888	0.000572679	0.869548	0.048212	1.13859	0.0566102	1.97007e-05
10016	1	100	14	500	0.136567	0.135819	0.0737588	0.0620597	0.000748921	0.868033	0.0459044	1.1395	0.0530657	1.99238e-05
10017	1	100	15	500	0.123123	0.120458	0.0624953	0.0579624	0.0026652	0.882677	0.0414928	1.12196	0.0489144	2.03468e-05
10018	1	100	15	500	0.126636	0.120908	0.0651388	0.0557688	0.00572887	0.88188	0.0448437	1.12015	0.0522756	1.98414e-05
10019	1	100	16	500	0.142515	0.130614	0.0722158	0.0583985	0.0119007	0.873587	0.0518989	1.12682	0.0579632	1.98234e-05
10020	1	100	16	500	0.14716	0.127444	0.0702319	0.0572126	0.0197154	0.877293	0.0435027	1.11806	0.0525396	2.05092e-05
10021	1	100	15	500	0.154219	0.131111	0.0720555	0.059055	0.0231083	0.874349	0.0455368	1.11928	0.0600071	2.10268e-05
10022	1	100	13	500	0.160182	0.135572	0.0721164	0.0634552	0.0246106	0.870545	0.0475341	1.12268	0.0558498	2.05451e-05
10023	1	100	15	500	0.16596	0.141445	0.0768699	0.0645755	0.0245145	0.858976	0.0662207	1.12178	0.0867098	2.05398e-05
10024	1	100	13	500	0.16217	0.138608	0.0770844	0.0615238	0.0235619	0.862551	0.0651239	1.12136	0.0880142	2.14132e-05
10025	1	100	11	500	0.157864	0.138041	0.0740196	0.0640216	0.0198228	0.863742	0.059335	1.12473	0.0776784	2.15206e-05
10026	1	100	12	500	0.169649	0.147164	0.0832445	0.0639193	0.0224852	0.859893	0.0556406	1.13723	0.0665739	2.1131e-05
10027	1	100	10	500	0.172122	0.145798	0.079793	0.0660054	0.0263237	0.861698	0.0549144	1.13236	0.066504	2.17064e-05
10028	1	100	13	500	0.185071	0.150369	0.0835684	0.0668003	0.0347024	0.859397	0.0499554	1.12993	0.065019	2.13522e-05
10029	1	100	13	500	0.199286	0.161664	0.0967385	0.0649252	0.0376226	0.84935	0.0547297	1.14052	0.0695424	2.16899e-05
10030	1	100	13	500	0.18165	0.15558	0.0923509	0.0632292	0.0260698	0.852224	0.0532913	1.14393	0.0684899	2.19943e-05
10031	1	100	15	500	0.191449	0.163024	0.10101	0.0620139	0.028425	0.845594	0.0527193	1.1504	0.0692143	2.26806e-05
10032	1	100	14	500	0.171572	0.149468	0.0864695	0.062998	0.0221044	0.856719	0.0525918	1.14045	0.0677602	2.35677e-05
10033	1	100	12	500	0.158741	0.142901	0.0816291	0.0612716	0.0158403	0.862691	0.059519	1.1379	0.0710312	2.36164e-05
10034	1	100	9	500	0.157483	0.143267	0.0812874	0.0619797	0.0142157	0.862094	0.0505432	1.13931	0.0643789	2.38107e-05
10035	1	100	7	500	0.151784	0.139564	0.078064	0.0614998	0.0122198	0.865593	0.0589333	1.13614	0.0681924	2.44873e-05
10036	1	100	8	500	0.161753	0.139322	0.0755527	0.0637688	0.0224314	0.866621	0.0478362	1.12759	0.0557211	2.55856e-05
10037	1	100	11	500	0.143879	0.128247	0.0676737	0.0605729	0.0156329	0.87343	0.0572166	1.11804	0.0732428	2.59708e-05
10038	1	100	9	500	0.165724	0.139795	0.0768902	0.0629046	0.0259293	0.863517	0.0581786	1.1218	0.0768966	2.57914e-05
10039	1	100	9	500	0.160926	0.143597	0.0809984	0.0625986	0.0173294	0.8617	0.0456684	1.13644	0.056034	2.59859e-05
10040	1	100	9	500	0.174707	0.151523	0.0914501	0.0600732	0.0231831	0.85549	0.0395219	1.14076	0.0566859	2.595e-05
10041	1	100	11	500	0.175751	0.149469	0.0878322	0.0616363	0.026282	0.858294	0.046933	1.13645	0.0581845	2.6502e-05
10042	1	100	7	500	0.187695	0.15813	0.0946025	0.0635273	0.0295656	0.850957	0.0447405	1.14186	0.0587492	2.66285e-05
10043	1	100	11	500	0.215656	0.175326	0.109808	0.0655178	0.0403298	0.827528	0.0697155	1.13634	0.11018	2.58851e-05
10044	1	100	9	500	0.224885	0.182805	0.118555	0.06425	0.0420795	0.822884	0.0630553	1.14424	0.103274	2.59998e-05
10045	1	100	9	500	0.226878	0.181559	0.116524	0.0650354	0.0453188	0.822238	0.0675592	1.13939	0.111627	2.63164e-05
10046	1	100	8	500	0.191675	0.173141	0.116374	0.0567675	0.0185336	0.834534	0.0404287	1.16775	0.0510186	2.59093e-05
10047	1	100	11	500	0.202839	0.175017	0.118015	0.0570012	0.0278228	0.834097	0.0404427	1.16338	0.0573708	2.63679e-05
10048	1	100	11	500	0.194831	0.169508	0.111077	0.0584314	0.0253229	0.839139	0.0406064	1.15774	0.0558191	2.66754e-05
10049	1	100	13	500	0.186612	0.163128	0.10326	0.059868	0.0234846	0.843747	0.0387326	1.15252	0.0525535	2.72739e-05
10050	1	100	11	500	0.178034	0.155814	0.0935169	0.0622972	0.02222	0.851362	0.03925	1.14555	0.0564858	2.75867e-05
10051	1	100	13	500	0.169017	0.160487	0.104344	0.0561429	0.00853024	0.845694	0.0412559	1.16035	0.0509982	2.71913e-05
10052	1	100	13	500	0.174508	0.164204	0.1084	0.0558041	0.0103035	0.841834	0.0406486	1.16302	0.0550283	2.70382e-05
10053	1	100	13	500	0.181155	0.172568	0.122794	0.0497745	0.00858679	0.83481	0.0431002	1.17412	0.0569745	2.67457e-05
10054	1	100	12	500	0.177382	0.164475	0.114873	0.0496013	0.0129075	0.842169	0.0427574	1.16148	0.0553342	2.73262e-05
10055	1	100	12	500	0.170382	0.164333	0.116217	0.0481153	0.00604896	0.842038	0.0426541	1.16615	0.0561766	2.73803e-05
10056	1	100	10	500	0.172994	0.171049	0.124564	0.0464849	0.00194519	0.835856	0.0445891	1.17577	0.0554653	2.69063e-05
10057	1	100	13	500	0.172032	0.169203	0.12397	0.045233	0.00282899	0.837565	0.0454035	1.1732	0.057457	2.70324e-05
10058	1	100	13	500	0.178617	0.176893	0.132784	0.0441084	0.0017246	0.828555	0.0428025	1.18019	0.0587024	2.66609e-05
10059	1	100	14	500	0.199778	0.183653	0.136498	0.0471555	0.0161243	0.824763	0.0452196	1.1812	0.0613546	2.62178e-05
10060	1	100	12	500	0.196608	0.179714	0.130216	0.0494979	0.0168943	0.828301	0.0483107	1.17624	0.062034	2.72072e-05
10061	1	100	15	500	0.19215	0.180705	0.133898	0.0468062	0.0114454	0.827306	0.04179	1.18069	0.0536653	2.72039e-05
10062	1	100	12	500	0.184353	0.182379	0.141813	0.0405655	0.00197446	0.825824	0.0405401	1.18856	0.0509739	2.72412e-05
10063	1	100	12	500	0.177994	0.176685	0.134998	0.0416872	0.00130915	0.83085	0.0441192	1.18248	0.0556277	2.80561e-05
10064	1	100	12	500	0.184404	0.182673	0.145082	0.0375908	0.00173154	0.82547	0.0462092	1.18868	0.0579596	2.7252e-05
10065	1	100	10	500	0.195377	0.193674	0.158911	0.0347625	0.00170281	0.815664	0.0404697	1.20083	0.0508638	2.59105e-05
10066	1	100	12	500	0.190328	0.187668	0.151637	0.0360304	0.00265981	0.82117	0.0404256	1.19366	0.051035	2.65389e-05
10067	1	100	13	500	0.10386	0.100926	0.069156	0.0317698	0.00293447	0.899091	0.0454604	1.09861	0.0466684	2.39879e-05
10068	1	100	10	500	0.0994735	0.0951005	0.0608425	0.034258	0.00437292	0.905062	0.0519051	1.09166	0.0528532	2.54771e-05
10069	1	100	13	500	0.104226	0.0984858	0.064832	0.0336538	0.0057398	0.901762	0.044251	1.09453	0.0447427	2.42011e-05
10070	1	100	13	500	0.0940485	0.0890188	0.0530288	0.03599	0.00502972	0.911033	0.0483895	1.08486	0.0502014	2.44324e-05
10071	1	100	12	500	0.0904618	0.0869853	0.0510626	0.0359227	0.00347644	0.91235	0.0443636	1.08353	0.0488536	2.50868e-05
10072	1	100	12	500	0.0844721	0.0810798	0.0443694	0.0367104	0.00339225	0.918684	0.0486418	1.07755	0.0513278	2.42024e-05
10073	1	100	8	500	0.0890231	0.0858772	0.0498785	0.0359987	0.00314592	0.914111	0.05095	1.08285	0.053137	2.39834e-05
10074	1	100	10	500	0.0877193	0.0844475	0.0481913	0.0362562	0.00327179	0.915596	0.0452938	1.0814	0.0463773	2.35124e-05
10075	1	100	9	500	0.0741296	0.0716845	0.0348916	0.0367929	0.00244507	0.928142	0.0485421	1.06891	0.0502786	2.41178e-05
10076	1	100	11	500	0.0784702	0.0738063	0.0364316	0.0373747	0.00466385	0.926288	0.0519998	1.07011	0.0519097	2.43676e-05
10077	1	100	12	500	0.0757026	0.0721896	0.0351222	0.0370675	0.00351296	0.927894	0.0529526	1.06909	0.0536473	2.40914e-05
10078	1	100	12	500	0.0741094	0.0724149	0.0357883	0.0366266	0.00169446	0.927219	0.0454879	1.06995	0.0480759	2.40056e-05
10079	1	100	11	500	0.0786608	0.0764783	0.0397865	0.0366918	0.00218251	0.923665	0.0441901	1.07448	0.0450956	2.4027e-05
10080	1	100	10	500	0.0862944	0.084553	0.0487888	0.0357642	0.00174138	0.915426	0.0521249	1.08291	0.0538755	2.34986e-05
10081	1	100	9	500	0.0836867	0.0821185	0.0460554	0.0360632	0.00156815	0.917766	0.0515084	1.08032	0.0534101	2.47592e-05
10082	1	100	9	500	0.095144	0.0933665	0.0595105	0.033856	0.00177752	0.90654	0.0521446	1.09158	0.0537794	2.43337e-05
10083	1	100	7	500	0.0869886	0.085442	0.0498672	0.0355747	0.00154666	0.914519	0.0477487	1.08361	0.0492697	2.49411e-05
10084	1	100	8	500	0.0858216	0.083336	0.0471743	0.0361617	0.00248559	0.916628	0.0491296	1.0811	0.0515646	2.46975e-05
10085	1	100	6	500	0.093598	0.0877002	0.0512416	0.0364586	0.00589783	0.912457	0.0474696	1.08379	0.049526	2.43221e-05
10086	1	100	9	500	0.10439	0.0986789	0.0651778	0.0335011	0.00571142	0.901284	0.045901	1.09488	0.0496158	2.30031e-05
10087	1	100	10	500	0.103952	0.0904645	0.0521897	0.0382748	0.0134875	0.909969	0.0537951	1.08195	0.0588102	2.45555e-05
10088	1	100	10	500	0.108851	0.0905892	0.0508357	0.0397536	0.018262	0.909467	0.0550075	1.07786	0.0606192	2.55455e-05
10089	1	100	11	500	0.111869	0.0880836	0.0463188	0.0417648	0.0237855	0.912965	0.0441768	1.07206	0.0520022	2.67164e-05
10090	1	100	11	500	0.124076	0.0935026	0.0500019	0.0435007	0.0305737	0.902791	0.0685289	1.06683	0.0902291	2.67586e-05
10091	1	100	12	500	0.13116	0.0991111	0.0559182	0.0431929	0.0320486	0.903012	0.050039	1.07643	0.0597192	2.70312e-05
10092	1	100	14	500	0.118	0.0917913	0.0491831	0.0426082	0.0262088	0.910141	0.0500785	1.07492	0.0565089	2.72651e-05
10093	1	100	13	500	0.131826	0.0999057	0.0562338	0.0436719	0.0319202	0.902102	0.0498817	1.07682	0.0547617	2.73088e-05
10094	1	100	18	500	0.139653	0.109367	0.0691274	0.0402399	0.0302854	0.891992	0.048941	1.08892	0.0543675	2.60894e-05
10095	1	100	15	500	0.127512	0.109885	0.0754313	0.0344534	0.0176272	0.891677	0.0463132	1.09763	0.0468263	2.45045e-05
10096	1	100	13	500	0.131821	0.108004	0.0711784	0.0368252	0.0238179	0.89332	0.054123	1.09211	0.0509981	2.36578e-05
10097	1	100	14	500	0.129027	0.103059	0.063643	0.0394164	0.0259674	0.898495	0.049577	1.08658	0.0530953	2.51473e-05
10098	1	100	17	500	0.111624	0.098425	0.0622177	0.0362073	0.0131991	0.901342	0.0477163	1.08957	0.0525488	2.49609e-05
10099	1	100	16	500	0.112954	0.0984565	0.0617948	0.0366617	0.014497	0.901783	0.0438155	1.08855	0.0435614	2.46111e-05
10100	1	100	12	500	0.102873	0.094138	0.058192	0.035946	0.00873481	0.906009	0.0494212	1.0881	0.051996	2.64917e-05
10101	1	100	12	500	0.108986	0.0979835	0.0622817	0.0357017	0.0110022	0.902747	0.0483933	1.09055	0.0512572	2.63561e-05
