Generation	PopulationID	SampleSize	UniqueMutations	PopulationSize	totalLoad	RelzLoad	RelzLoadHomo	RelzLoadHetero	MskLoad	MeanFitness	SdFitness	MeanFitnessCached	SdFitnessCached	Heterozygosity	
10001	1	100	30	500	0.286878	0.283821	0.249115	0.0347056	0.00305659	0.729171	0.0505892	1.29454	0.0647149	1.42067e-05
10002	1	100	21	500	0.275977	0.270628	0.227566	0.0430618	0.00534916	0.741739	0.0609837	1.27907	0.075853	1.59416e-05
10003	1	100	18	500	0.275858	0.274104	0.234163	0.0399411	0.00175341	0.738484	0.0584811	1.28523	0.074585	1.48794e-05
10004	1	100	12	500	0.270406	0.267576	0.224243	0.043333	0.00283028	0.743518	0.0490939	1.2763	0.0640242	1.6001e-05
10005	1	100	16	500	0.280404	0.275876	0.238498	0.0373777	0.00452772	0.736313	0.049547	1.28474	0.0663858	1.42989e-05
10006	1	100	14	500	0.26619	0.262631	0.225022	0.0376093	0.00355856	0.74666	0.0502099	1.26939	0.0653405	1.50942e-05
10007	1	100	13	500	0.27422	0.270603	0.233404	0.0371985	0.00361766	0.74016	0.0538011	1.27852	0.0701104	1.5633e-05
10008	1	100	14	500	0.276832	0.273089	0.239433	0.0336559	0.00374238	0.737139	0.0394062	1.28049	0.0559324	1.512e-05
10009	1	100	15	500	0.296348	0.285371	0.257011	0.0283602	0.0109766	0.726643	0.0310025	1.28981	0.0515473	1.32405e-05
10010	1	100	12	500	0.0449089	0.0434809	0.0191139	0.024367	0.00142799	0.956423	0.0374069	1.04265	0.0366738	1.25765e-05
10011	1	100	12	500	0.0449085	0.0435248	0.0193581	0.0241666	0.00138368	0.956445	0.0333464	1.0425	0.033087	1.33758e-05
10012	1	100	9	500	0.0316742	0.0307224	0.00985439	0.020868	0.000951851	0.969259	0.0288616	1.03007	0.0280832	1.38196e-05
10013	1	100	7	500	0.0338351	0.032611	0.0110581	0.0215528	0.00122416	0.967338	0.0310795	1.03196	0.030384	1.4087e-05
10014	1	100	8	500	0.0385766	0.0371683	0.0144389	0.0227294	0.00140829	0.96268	0.0333184	1.0361	0.0326911	1.42219e-05
10015	1	100	10	500	0.0539246	0.0515719	0.0278493	0.0237226	0.0023527	0.948509	0.0343755	1.04987	0.0332141	1.35356e-05
10016	1	100	12	500	0.0464831	0.0450514	0.0214236	0.0236278	0.00143176	0.954738	0.032352	1.0438	0.0315306	1.45411e-05
10017	1	100	10	500	0.0426274	0.0410812	0.0177737	0.0233075	0.00154618	0.958548	0.033487	1.03959	0.0331019	1.40379e-05
10018	1	100	9	500	0.0425786	0.0414226	0.0181543	0.0232683	0.00115605	0.958369	0.0358575	1.04036	0.0352569	1.45483e-05
10019	1	100	11	500	0.0441867	0.0425704	0.0190752	0.0234952	0.00161634	0.957506	0.0266313	1.04156	0.0257139	1.50406e-05
10020	1	100	9	500	0.0444197	0.0431388	0.0196681	0.0234707	0.00128088	0.95679	0.0317442	1.04214	0.0308692	1.62903e-05
10021	1	100	12	500	0.0448323	0.0429497	0.0193009	0.0236488	0.0018826	0.956587	0.0358589	1.0416	0.0350023	1.65986e-05
10022	1	100	9	500	0.045559	0.0449202	0.0214867	0.0234336	0.000638735	0.955093	0.0320136	1.04442	0.0316135	1.70823e-05
10023	1	100	11	500	0.0442483	0.0433108	0.0198197	0.0234911	0.000937454	0.956676	0.0321948	1.04261	0.0316014	1.72343e-05
10024	1	100	14	500	0.0512544	0.050418	0.026603	0.0238151	0.000836332	0.94962	0.0311486	1.04977	0.0306252	1.66873e-05
10025	1	100	11	500	0.0533264	0.0529248	0.0296699	0.023255	0.000401586	0.946966	0.030434	1.05259	0.0301998	1.53998e-05
10026	1	100	10	500	0.0494585	0.0487537	0.0251125	0.0236413	0.000704723	0.951156	0.0309986	1.04838	0.0309197	1.4888e-05
10027	1	100	11	500	0.0450172	0.0447037	0.0205922	0.0241116	0.000313433	0.955154	0.032273	1.04427	0.0323206	1.49816e-05
10028	1	100	9	500	0.0388681	0.0387953	0.0160408	0.0227544	7.28325e-05	0.960848	0.0311608	1.03837	0.0309937	1.53623e-05
10029	1	100	11	500	0.0425835	0.0397678	0.016376	0.0233918	0.00281565	0.960129	0.0326667	1.03802	0.0325241	1.45735e-05
10030	1	100	10	500	0.0340743	0.0334932	0.01194	0.0215532	0.000581142	0.966178	0.0303428	1.03273	0.0302399	1.49081e-05
10031	1	100	11	500	0.0344729	0.034312	0.0126064	0.0217056	0.00016094	0.965605	0.0311055	1.03404	0.0308186	1.54436e-05
10032	1	100	11	500	0.0347859	0.0345252	0.0127454	0.0217798	0.000260713	0.965334	0.0306506	1.0344	0.0302387	1.60429e-05
10033	1	100	8	500	0.0346827	0.0346098	0.0119547	0.022655	7.2939e-05	0.965293	0.0343354	1.03436	0.034262	1.54711e-05
10034	1	100	14	500	0.0397964	0.0372287	0.0136327	0.023596	0.00256772	0.962476	0.0297706	1.03579	0.0288588	1.56259e-05
10035	1	100	10	500	0.0399435	0.0357201	0.0113503	0.0243698	0.00422341	0.964297	0.0309497	1.0334	0.030602	1.60248e-05
10036	1	100	13	500	0.047364	0.0436889	0.0178223	0.0258666	0.00367507	0.955609	0.0360331	1.04078	0.0339597	1.59272e-05
10037	1	100	10	500	0.0459168	0.0434281	0.0169869	0.0264412	0.00248865	0.956457	0.0334425	1.04184	0.0349764	1.60487e-05
10038	1	100	10	500	0.0428902	0.0423574	0.0169482	0.0254092	0.00053278	0.95747	0.0338502	1.04186	0.0338557	1.54678e-05
10039	1	100	13	500	0.0409717	0.0402162	0.0137677	0.0264485	0.000755451	0.959732	0.0347728	1.03964	0.035177	1.60295e-05
10040	1	100	14	500	0.0493363	0.0486519	0.0213857	0.0272661	0.000684466	0.950962	0.0329304	1.0484	0.033588	1.56572e-05
10041	1	100	12	500	0.0561403	0.0529319	0.0227996	0.0301322	0.00320842	0.947243	0.0306841	1.05113	0.0307488	1.50742e-05
10042	1	100	7	500	0.0537009	0.0535352	0.0246038	0.0289314	0.00016567	0.946201	0.029132	1.05297	0.0302152	1.49537e-05
10043	1	100	9	500	0.0465101	0.0446344	0.0164395	0.0281949	0.00187571	0.955479	0.0300946	1.04358	0.0303629	1.57729e-05
10044	1	100	9	500	0.0467301	0.0448304	0.0171273	0.027703	0.00189973	0.955117	0.0316672	1.04354	0.032105	1.56197e-05
10045	1	100	10	500	0.047868	0.0441082	0.018135	0.0259732	0.00375975	0.956011	0.0298217	1.0419	0.0307626	1.51794e-05
10046	1	100	12	500	0.042954	0.0402833	0.0140026	0.0262807	0.00267068	0.959832	0.0327929	1.03875	0.0328241	1.59941e-05
10047	1	100	10	500	0.0477199	0.0463921	0.0182753	0.0281168	0.00132786	0.953371	0.0346544	1.04535	0.0347347	1.63215e-05
10048	1	100	9	500	0.0513525	0.049175	0.0189724	0.0302026	0.00217749	0.950891	0.0375886	1.0477	0.0376123	1.59903e-05
10049	1	100	9	500	0.0573776	0.0547803	0.0217523	0.033028	0.00259736	0.945573	0.0389232	1.05315	0.0395835	1.55446e-05
10050	1	100	11	500	0.0610016	0.0583827	0.0224508	0.0359319	0.0026189	0.942251	0.0365414	1.05703	0.0373525	1.47107e-05
10051	1	100	10	500	0.060978	0.0588471	0.021418	0.0374291	0.00213093	0.941138	0.0374582	1.05719	0.0388141	1.48877e-05
10052	1	100	10	500	0.0657778	0.0642914	0.0251823	0.0391091	0.00148637	0.936543	0.0404322	1.064	0.0423781	1.53783e-05
10053	1	100	8	500	0.0587037	0.058615	0.0211392	0.0374758	8.8737e-05	0.941972	0.0385531	1.05899	0.0402613	1.45827e-05
10054	1	100	7	500	0.0491639	0.0490907	0.0150886	0.0340021	7.32542e-05	0.951306	0.0374465	1.04929	0.038867	1.33432e-05
10055	1	100	10	500	0.0454483	0.045088	0.0128309	0.0322571	0.000360277	0.955384	0.0372631	1.04525	0.0389515	1.32036e-05
10056	1	100	11	500	0.0404396	0.0399618	0.0104218	0.0295401	0.000477799	0.960233	0.0357547	1.04001	0.036963	1.26516e-05
10057	1	100	10	500	0.0503416	0.0497602	0.0146547	0.0351055	0.000581368	0.950664	0.0353979	1.04971	0.0367625	1.33899e-05
10058	1	100	14	500	0.0501116	0.0495008	0.0134408	0.0360599	0.000610884	0.95094	0.0322262	1.04958	0.0334669	1.40028e-05
10059	1	100	10	500	0.0482372	0.0475849	0.0129164	0.0346685	0.000652371	0.952905	0.0370177	1.04762	0.038438	1.47142e-05
10060	1	100	10	500	0.0440864	0.0434714	0.00989264	0.0335787	0.000615073	0.956961	0.0355433	1.04344	0.0369325	1.41256e-05
10061	1	100	13	500	0.0502976	0.0481823	0.0119245	0.0362577	0.00211533	0.952494	0.0376179	1.04737	0.0398829	1.42516e-05
10062	1	100	12	500	0.0460696	0.0429662	0.0100814	0.0328849	0.00310339	0.95741	0.0344677	1.04121	0.0368506	1.32199e-05
10063	1	100	13	500	0.0513434	0.048228	0.0131571	0.0350709	0.00311536	0.952384	0.0386691	1.04666	0.0415741	1.3852e-05
10064	1	100	10	500	0.0551265	0.054002	0.0177656	0.0362365	0.0011245	0.946255	0.0389985	1.05367	0.0406656	1.56817e-05
10065	1	100	10	500	0.0494689	0.0479136	0.0150527	0.0328609	0.00155538	0.952184	0.0342096	1.04675	0.0364712	1.57062e-05
10066	1	100	11	500	0.0495556	0.0470042	0.014535	0.0324692	0.00255137	0.953376	0.0342096	1.04554	0.0354626	1.54439e-05
10067	1	100	9	500	0.0458374	0.0430845	0.0132708	0.0298137	0.00275286	0.957234	0.0350884	1.04152	0.0359382	1.53764e-05
10068	1	100	9	500	0.043464	0.0412818	0.0119883	0.0292934	0.00218228	0.958945	0.0320828	1.04008	0.0326023	1.45911e-05
10069	1	100	12	500	0.0423354	0.0379062	0.0082261	0.0296801	0.00442912	0.962621	0.0320482	1.03543	0.0316393	1.47329e-05
10070	1	100	11	500	0.0367681	0.0318383	0.00564424	0.026194	0.00492985	0.967681	0.031224	1.02762	0.02877	1.47474e-05
10071	1	100	15	500	0.0436176	0.0389396	0.00791371	0.0310259	0.004678	0.961223	0.0311878	1.03565	0.0318795	1.46597e-05
10072	1	100	10	500	0.0491135	0.0440102	0.0104825	0.0335277	0.00510323	0.956358	0.0341492	1.04048	0.0342854	1.53188e-05
10073	1	100	12	500	0.0481231	0.0433277	0.0102366	0.0330912	0.00479532	0.957544	0.0332466	1.04059	0.0338387	1.55277e-05
10074	1	100	11	500	0.0558882	0.0497176	0.0148667	0.0348509	0.0061706	0.951132	0.0335953	1.04598	0.0348224	1.49463e-05
10075	1	100	10	500	0.0469668	0.0439804	0.0161434	0.027837	0.00298637	0.956061	0.0344902	1.04211	0.0362888	1.4502e-05
10076	1	100	11	500	0.0504591	0.0478705	0.0198671	0.0280034	0.00258866	0.952419	0.030407	1.04616	0.0313389	1.44649e-05
10077	1	100	9	500	0.050514	0.0480051	0.0188755	0.0291296	0.00250889	0.952268	0.0368329	1.04648	0.0384086	1.45752e-05
10078	1	100	10	500	0.0527069	0.0497556	0.0202415	0.029514	0.00295131	0.95069	0.0371676	1.04811	0.0386418	1.45169e-05
10079	1	100	8	500	0.054322	0.0517008	0.0240161	0.0276847	0.00262118	0.947613	0.0366296	1.04976	0.0391646	1.44264e-05
10080	1	100	11	500	0.061225	0.0519572	0.0229306	0.0290266	0.00926775	0.948582	0.035909	1.04664	0.0396403	1.44066e-05
10081	1	100	12	500	0.0585474	0.0426981	0.01342	0.029278	0.0158493	0.957857	0.0334047	1.03299	0.0398836	1.34414e-05
10082	1	100	10	500	0.0859215	0.0515378	0.0156581	0.0358797	0.0343837	0.951044	0.0348503	1.03022	0.0432856	1.38835e-05
10083	1	100	10	500	0.0868733	0.0500197	0.0140434	0.0359764	0.0368536	0.952484	0.0327529	1.0261	0.0445296	1.35529e-05
10084	1	100	10	500	0.0914052	0.0453686	0.0111176	0.034251	0.0460366	0.957898	0.0375006	1.01294	0.0417647	1.19084e-05
10085	1	100	12	500	0.0945392	0.0457193	0.0112026	0.0345167	0.0488199	0.958629	0.0360145	1.01234	0.0424218	1.16601e-05
10086	1	100	13	500	0.0943272	0.0429082	0.0105391	0.0323691	0.051419	0.958745	0.0561688	1.00374	0.061168	1.08353e-05
10087	1	100	13	500	0.09364	0.0419638	0.0114565	0.0305073	0.0516762	0.961439	0.0475911	1.00195	0.0573829	1.03052e-05
10088	1	100	13	500	0.0761216	0.0404368	0.00865177	0.031785	0.0356848	0.960336	0.0416564	1.01361	0.0512696	1.12801e-05
10089	1	100	11	500	0.0479046	0.0266215	0.00530323	0.0213182	0.0212831	0.974366	0.0302893	1.00943	0.0346002	9.59536e-06
10090	1	100	16	500	0.0715145	0.0311379	0.0072435	0.0238944	0.0403766	0.971185	0.0320256	1.00088	0.0316765	9.26327e-06
10091	1	100	15	500	0.0963807	0.0402399	0.0113686	0.0288713	0.0561407	0.965546	0.0311679	0.997899	0.0395888	9.93897e-06
10092	1	100	13	500	0.097976	0.0390312	0.0124494	0.0265819	0.0589448	0.965194	0.05887	0.99089	0.0648559	9.76232e-06
10093	1	100	13	500	0.0894233	0.0374232	0.0105094	0.0269139	0.0520001	0.958701	0.081699	0.990126	0.0894424	1.01489e-05
10094	1	100	15	500	0.0811777	0.0345944	0.00904469	0.0255497	0.0465833	0.968332	0.0482116	0.99965	0.0497624	1.05379e-05
10095	1	100	12	500	0.095207	0.0391846	0.0119559	0.0272286	0.0560224	0.96782	0.0297428	0.998546	0.0388343	1.08497e-05
10096	1	100	12	500	0.107537	0.0431426	0.0151129	0.0280297	0.0643939	0.950734	0.105582	0.978175	0.113527	1.06963e-05
10097	1	100	12	500	0.071321	0.0326817	0.007305	0.0253767	0.0386393	0.970074	0.031411	1.00807	0.0379949	1.18788e-05
10098	1	100	11	500	0.102046	0.0446313	0.0137747	0.0308566	0.0574149	0.959716	0.0566839	1.00141	0.065101	1.26878e-05
10099	1	100	17	500	0.11017	0.0445313	0.0145344	0.0299969	0.0656387	0.95532	0.0866724	0.987544	0.0945793	1.21627e-05
10100	1	100	10	500	0.0986101	0.0357044	0.0121114	0.023593	0.0629057	0.966522	0.075286	0.983712	0.0786274	1.02317e-05
10101	1	100	8	500	0.137935	0.0555339	0.024317	0.0312169	0.0824012	0.950207	0.0963022	0.974505	0.104161	1.17123e-05
