Generation	PopulationID	SampleSize	UniqueMutations	PopulationSize	totalLoad	RelzLoad	RelzLoadHomo	RelzLoadHetero	MskLoad	MeanFitness	SdFitness	MeanFitnessCached	SdFitnessCached	Heterozygosity	
10001	1	100	64	500	0.354313	0.317551	0.274072	0.0434791	0.0367621	0.709296	0.0309508	1.31334	0.0461051	3.17493e-05
10002	1	100	44	500	0.171004	0.134209	0.0866229	0.0475863	0.0367949	0.869039	0.0529852	1.10226	0.0370296	3.46027e-05
10003	1	100	38	500	0.163433	0.126813	0.0796593	0.0471535	0.0366201	0.876758	0.0386225	1.09889	0.0344388	3.40911e-05
10004	1	100	36	500	0.16457	0.127172	0.0773626	0.0498096	0.0373977	0.878808	0.0350678	1.10133	0.0331312	3.7102e-05
10005	1	100	33	500	0.193864	0.139614	0.0857551	0.0538589	0.0542496	0.867611	0.044077	1.09857	0.0412176	3.64097e-05
10006	1	100	31	500	0.194513	0.138873	0.0881758	0.0506976	0.0556392	0.861725	0.0672967	1.08865	0.0819176	3.5851e-05
10007	1	100	33	500	0.200292	0.142996	0.0916378	0.0513578	0.057296	0.865619	0.0444147	1.09711	0.0457297	3.60366e-05
10008	1	100	23	500	0.181389	0.131866	0.0885975	0.0432682	0.0495234	0.875317	0.0418737	1.09004	0.0344228	3.38676e-05
10009	1	100	26	500	0.186082	0.130816	0.0839933	0.0468222	0.0552663	0.877102	0.0403486	1.08861	0.037346	3.42284e-05
10010	1	100	26	500	0.179242	0.131834	0.0877892	0.0440453	0.0474072	0.874833	0.0398935	1.09419	0.0377723	3.33419e-05
10011	1	100	24	500	0.179318	0.140903	0.0903649	0.0505381	0.038415	0.867123	0.0419667	1.10755	0.0400505	3.68203e-05
10012	1	100	27	500	0.184042	0.144525	0.0957476	0.0487773	0.0395174	0.863469	0.0465155	1.10793	0.0389945	3.54659e-05
10013	1	100	24	500	0.162871	0.138306	0.0942688	0.0440375	0.0245648	0.866529	0.0496723	1.10556	0.0379175	3.41889e-05
10014	1	100	24	500	0.159145	0.131582	0.08763	0.0439523	0.0275624	0.873469	0.0382217	1.10123	0.0408843	3.42621e-05
10015	1	100	22	500	0.146266	0.125228	0.0799691	0.0452591	0.0210378	0.879984	0.0373195	1.10112	0.0282757	3.49962e-05
10016	1	100	23	500	0.139966	0.121656	0.0827888	0.0388673	0.0183095	0.882408	0.0336473	1.09899	0.0317312	3.20231e-05
10017	1	100	21	500	0.141667	0.126011	0.0890742	0.0369364	0.0156568	0.879284	0.0379375	1.1038	0.0331557	3.17195e-05
10018	1	100	24	500	0.151962	0.13562	0.0941035	0.0415162	0.0163422	0.871019	0.0419486	1.11145	0.0354604	3.32336e-05
10019	1	100	25	500	0.165411	0.147577	0.0991783	0.0483985	0.0178344	0.858516	0.0528579	1.11529	0.0352522	3.60652e-05
10020	1	100	17	500	0.159386	0.143212	0.0957418	0.0474705	0.0161732	0.86241	0.0490693	1.11507	0.0355266	3.60162e-05
10021	1	100	18	500	0.162171	0.142611	0.0948024	0.0478085	0.0195603	0.86358	0.0533382	1.11022	0.0338154	3.63847e-05
10022	1	100	20	500	0.170363	0.146177	0.0967353	0.0494414	0.0241865	0.858658	0.0554456	1.10771	0.0355435	3.61407e-05
10023	1	100	18	500	0.166939	0.144228	0.0894872	0.0547404	0.0227111	0.861597	0.0518997	1.11043	0.0303761	3.8625e-05
10024	1	100	20	500	0.165544	0.146649	0.0908806	0.0557684	0.018895	0.860243	0.0460978	1.11695	0.0308767	3.96895e-05
10025	1	100	20	500	0.171781	0.150294	0.0954494	0.0548447	0.0214867	0.856522	0.0522253	1.11464	0.0296535	3.90209e-05
10026	1	100	21	500	0.160112	0.141392	0.0880344	0.0533577	0.0187202	0.8633	0.0506849	1.11056	0.0290026	3.85515e-05
10027	1	100	20	500	0.159246	0.140772	0.0885146	0.0522578	0.0184733	0.864911	0.0487789	1.11004	0.028509	3.90672e-05
10028	1	100	18	500	0.150315	0.132189	0.0773555	0.0548335	0.0181257	0.871019	0.045327	1.10415	0.0262439	3.94064e-05
10029	1	100	19	500	0.152871	0.131702	0.0777756	0.0539262	0.0211696	0.872804	0.0423346	1.10284	0.0277313	3.90993e-05
10030	1	100	23	500	0.140972	0.12559	0.0695165	0.0560733	0.0153824	0.879285	0.0312807	1.1068	0.0278445	3.97279e-05
10031	1	100	21	500	0.138232	0.124459	0.0670555	0.0574034	0.0137732	0.87804	0.0328848	1.10495	0.0283223	3.99972e-05
10032	1	100	18	500	0.137213	0.124071	0.0653006	0.0587703	0.013142	0.878708	0.0310512	1.10495	0.0222763	4.03987e-05
10033	1	100	18	500	0.136133	0.12386	0.067704	0.0561564	0.0122723	0.878737	0.0403482	1.10483	0.0218101	3.94397e-05
10034	1	100	17	500	0.145284	0.129221	0.0725678	0.0566531	0.0160634	0.877211	0.0333447	1.10843	0.027125	4.03318e-05
10035	1	100	17	500	0.143069	0.127671	0.0701324	0.0575389	0.0153977	0.876481	0.0316632	1.10395	0.0236468	4.07789e-05
10036	1	100	16	500	0.145516	0.124204	0.0669196	0.0572848	0.021312	0.879206	0.029241	1.09921	0.0309464	3.97343e-05
10037	1	100	17	500	0.146808	0.124132	0.0663631	0.0577694	0.0226757	0.879644	0.0273514	1.09655	0.0341182	3.99975e-05
10038	1	100	19	500	0.149908	0.122753	0.0674845	0.0552686	0.0271546	0.879052	0.0281343	1.09037	0.0364802	3.91229e-05
10039	1	100	22	500	0.154676	0.123065	0.0682274	0.0548375	0.0316113	0.88219	0.0295225	1.09139	0.0292759	3.80626e-05
10040	1	100	22	500	0.163721	0.124551	0.0755053	0.049046	0.03917	0.877739	0.0326522	1.08101	0.0397614	3.43107e-05
10041	1	100	19	500	0.180564	0.130174	0.0786357	0.0515382	0.0503899	0.877463	0.033396	1.07961	0.0354911	3.46096e-05
10042	1	100	21	500	0.174713	0.12577	0.0826062	0.0431643	0.0489423	0.88123	0.0288875	1.08026	0.0426027	2.81601e-05
10043	1	100	20	500	0.192469	0.132091	0.0805743	0.0515163	0.0603788	0.874509	0.033826	1.07468	0.0480762	2.9409e-05
10044	1	100	19	500	0.194601	0.136797	0.076234	0.0605629	0.0578038	0.865885	0.0645203	1.08048	0.0826755	3.46801e-05
10045	1	100	21	500	0.192824	0.138631	0.0747462	0.0638851	0.0541929	0.871392	0.0330314	1.09076	0.0448349	3.61113e-05
10046	1	100	22	500	0.171684	0.133784	0.0648078	0.0689759	0.0379005	0.871487	0.0345924	1.10146	0.0414356	3.69172e-05
10047	1	100	21	500	0.15925	0.13056	0.0640466	0.066513	0.0286903	0.873813	0.0342547	1.10513	0.0382195	3.80952e-05
10048	1	100	23	500	0.150127	0.125875	0.0614424	0.0644325	0.0242526	0.878539	0.0339673	1.10593	0.0371299	3.62206e-05
10049	1	100	23	500	0.151012	0.126255	0.063496	0.0627589	0.0247566	0.878663	0.029214	1.10658	0.0324121	3.68192e-05
10050	1	100	21	500	0.168046	0.134201	0.068909	0.0652923	0.033845	0.871901	0.0336408	1.107	0.033476	3.84765e-05
10051	1	100	25	500	0.159894	0.135781	0.0695461	0.0662351	0.0241127	0.869356	0.0383484	1.11383	0.0392856	3.97351e-05
10052	1	100	24	500	0.165405	0.140148	0.0720734	0.068075	0.0252567	0.864749	0.0343416	1.11417	0.0358724	4.03598e-05
10053	1	100	24	500	0.164696	0.143563	0.0747465	0.0688169	0.0211321	0.861402	0.0435477	1.1181	0.0368099	3.99867e-05
10054	1	100	21	500	0.168379	0.148373	0.0784966	0.0698763	0.0200061	0.857747	0.0482075	1.12361	0.0456966	4.09533e-05
10055	1	100	20	500	0.177169	0.1563	0.0867069	0.0695929	0.0208695	0.850113	0.0549832	1.12723	0.0449648	4.14032e-05
10056	1	100	21	500	0.168234	0.147607	0.078128	0.0694787	0.0206277	0.858283	0.0449048	1.12324	0.0403084	4.13145e-05
10057	1	100	20	500	0.181121	0.155959	0.0832188	0.07274	0.0251621	0.852577	0.0432307	1.12825	0.0432831	4.20316e-05
10058	1	100	21	500	0.19097	0.169188	0.0913719	0.0778164	0.0217816	0.840016	0.0523034	1.14197	0.0531655	4.21527e-05
10059	1	100	21	500	0.191913	0.174112	0.0963258	0.0777859	0.0178013	0.833355	0.0618432	1.14534	0.0551996	4.23966e-05
10060	1	100	18	500	0.208043	0.188387	0.105233	0.0831535	0.0196558	0.823429	0.0575533	1.16127	0.0591479	4.23067e-05
10061	1	100	17	500	0.220325	0.19888	0.108231	0.0906486	0.021445	0.813667	0.0579287	1.17176	0.0636492	4.09841e-05
10062	1	100	19	500	0.21795	0.202504	0.116109	0.0863951	0.0154465	0.810896	0.0556332	1.17921	0.0590038	4.01356e-05
10063	1	100	20	500	0.221246	0.206989	0.112407	0.0945822	0.0142566	0.807553	0.0630868	1.19009	0.0640726	3.87877e-05
10064	1	100	19	500	0.260566	0.241586	0.149562	0.092024	0.0189802	0.777745	0.060588	1.21537	0.0634095	3.74987e-05
10065	1	100	20	500	0.261387	0.244593	0.155156	0.0894365	0.0167947	0.774456	0.051896	1.22113	0.0583835	3.69663e-05
10066	1	100	21	500	0.258156	0.237978	0.145149	0.0928289	0.0201788	0.780218	0.0610152	1.20788	0.0660857	3.90306e-05
10067	1	100	22	500	0.257876	0.237618	0.144815	0.0928039	0.0202579	0.779454	0.0599536	1.20517	0.0630663	3.8375e-05
10068	1	100	22	500	0.267497	0.244301	0.149509	0.0947913	0.0231961	0.77412	0.0613304	1.20745	0.0672542	3.89897e-05
10069	1	100	23	500	0.261934	0.242079	0.148325	0.0937542	0.0198547	0.777735	0.0672925	1.21252	0.0726913	3.66341e-05
10070	1	100	22	500	0.282879	0.257725	0.167962	0.0897629	0.025154	0.765587	0.0605827	1.22113	0.0699802	3.62107e-05
10071	1	100	19	500	0.272451	0.250779	0.161091	0.0896881	0.0216715	0.771964	0.0483709	1.21733	0.0522768	3.71135e-05
10072	1	100	19	500	0.262663	0.242225	0.151807	0.0904175	0.0204383	0.77868	0.0589338	1.20875	0.0617254	3.77122e-05
10073	1	100	21	500	0.26894	0.239157	0.144084	0.0950734	0.0297826	0.778946	0.0667755	1.19622	0.0725642	3.85356e-05
10074	1	100	20	500	0.308619	0.263687	0.1721	0.0915874	0.0449321	0.760133	0.0568771	1.19949	0.059406	3.70643e-05
10075	1	100	20	500	0.295395	0.251174	0.153833	0.0973403	0.0442216	0.770921	0.070647	1.19827	0.0721942	3.84167e-05
10076	1	100	20	500	0.28786	0.246762	0.149345	0.0974176	0.0410976	0.777193	0.0630474	1.20169	0.0635742	3.79591e-05
10077	1	100	22	500	0.30318	0.261155	0.165771	0.0953837	0.0420253	0.765665	0.062634	1.21058	0.0695314	3.76364e-05
10078	1	100	20	500	0.310571	0.262094	0.164478	0.0976162	0.0484774	0.758584	0.0867152	1.1963	0.105098	3.73332e-05
10079	1	100	21	500	0.310104	0.260114	0.161552	0.0985617	0.0499899	0.765074	0.0699817	1.20177	0.0837181	3.77555e-05
10080	1	100	23	500	0.315907	0.262406	0.163271	0.0991356	0.0535009	0.762913	0.0657372	1.20199	0.0739857	3.75538e-05
10081	1	100	24	500	0.32474	0.264439	0.162753	0.101686	0.0603008	0.761558	0.0745096	1.19233	0.0836022	3.72906e-05
10082	1	100	17	500	0.341614	0.274426	0.174718	0.0997084	0.0671876	0.753644	0.0734011	1.18605	0.0820505	3.7504e-05
10083	1	100	21	500	0.324892	0.27243	0.181342	0.0910881	0.0524625	0.755484	0.0648451	1.18959	0.0671941	3.59972e-05
10084	1	100	21	500	0.363598	0.29498	0.205371	0.0896086	0.0686178	0.735144	0.073147	1.17902	0.0892263	3.46978e-05
10085	1	100	20	500	0.374273	0.299018	0.207778	0.0912403	0.0752549	0.737124	0.049325	1.18144	0.059792	3.47632e-05
10086	1	100	19	500	0.403161	0.31987	0.230219	0.0896515	0.083291	0.720928	0.067515	1.17408	0.0873375	3.32086e-05
10087	1	100	21	500	0.398806	0.313329	0.227611	0.0857175	0.0854769	0.72139	0.0739757	1.16877	0.104846	3.16061e-05
10088	1	100	23	500	0.420192	0.321795	0.239349	0.0824456	0.0983976	0.723026	0.0551436	1.16459	0.0757161	2.96459e-05
10089	1	100	24	500	0.388038	0.308655	0.235497	0.0731577	0.0793833	0.726444	0.066322	1.1441	0.0791019	2.92796e-05
10090	1	100	22	500	0.364259	0.29257	0.216119	0.0764502	0.0716898	0.736298	0.0789066	1.13784	0.0856076	3.29048e-05
10091	1	100	20	500	0.394997	0.311922	0.234273	0.0776489	0.0830745	0.726219	0.0514079	1.15262	0.0700193	3.08029e-05
10092	1	100	23	500	0.4196	0.318643	0.23489	0.0837537	0.100957	0.720681	0.0635206	1.14569	0.0855369	3.22307e-05
10093	1	100	23	500	0.387543	0.294541	0.211971	0.0825706	0.0930019	0.736047	0.0921979	1.13181	0.0987485	3.45948e-05
10094	1	100	25	500	0.390756	0.292562	0.209386	0.0831756	0.0981939	0.737825	0.0783245	1.1347	0.0920229	3.48725e-05
10095	1	100	23	500	0.403802	0.294936	0.212507	0.0824291	0.108866	0.73735	0.0784515	1.12568	0.0856722	3.37995e-05
10096	1	100	23	500	0.390879	0.293549	0.216818	0.0767306	0.0973304	0.735174	0.0739446	1.12374	0.0874625	3.25088e-05
10097	1	100	25	500	0.373027	0.293944	0.218555	0.075389	0.0790823	0.733762	0.0819786	1.13321	0.0900264	3.33491e-05
10098	1	100	26	500	0.412087	0.306246	0.228569	0.0776764	0.105841	0.730336	0.0715628	1.13368	0.0836724	3.21463e-05
10099	1	100	26	500	0.421256	0.322095	0.246109	0.0759863	0.099161	0.72048	0.0544361	1.1459	0.0749577	3.07887e-05
10100	1	100	23	500	0.418125	0.319575	0.247921	0.0716538	0.0985508	0.718449	0.0633493	1.13509	0.082769	2.92193e-05
10101	1	100	24	500	0.406766	0.313986	0.247286	0.0666994	0.0927799	0.717704	0.0809812	1.12035	0.0963763	2.87201e-05
