Generation	PopulationID	SampleSize	UniqueMutations	PopulationSize	totalLoad	RelzLoad	RelzLoadHomo	RelzLoadHetero	MskLoad	MeanFitness	SdFitness	MeanFitnessCached	SdFitnessCached	Heterozygosity	
10001	1	100	36	500	0.28747	0.270307	0.226096	0.0442109	0.017163	0.739623	0.0528989	1.26894	0.0805895	1.98571e-05
10002	1	100	29	500	0.0869454	0.0674765	0.0168583	0.0506182	0.0194689	0.933228	0.0647639	1.05588	0.066184	1.99119e-05
10003	1	100	19	500	0.0816161	0.0702285	0.0181261	0.0521024	0.0113876	0.929989	0.0649531	1.06263	0.062896	1.97102e-05
10004	1	100	17	500	0.0917127	0.078374	0.0242413	0.0541327	0.0133387	0.921717	0.0757463	1.06746	0.0679463	1.81479e-05
10005	1	100	18	500	0.101492	0.088917	0.0321589	0.0567581	0.0125745	0.912534	0.0666955	1.07854	0.0643469	1.75674e-05
10006	1	100	17	500	0.115986	0.0989274	0.0392538	0.0596736	0.0170585	0.901888	0.0748517	1.08363	0.0670381	1.68517e-05
10007	1	100	13	500	0.105307	0.0873502	0.0299255	0.0574247	0.0179569	0.914618	0.0742871	1.07434	0.0727692	1.90279e-05
10008	1	100	12	500	0.113042	0.103692	0.0429432	0.0607488	0.00934984	0.897601	0.0793405	1.09151	0.069887	1.81139e-05
10009	1	100	14	500	0.108731	0.0980411	0.0361516	0.0618895	0.0106898	0.903487	0.0722773	1.0866	0.0640274	1.84127e-05
10010	1	100	18	500	0.123487	0.105933	0.0408798	0.0650528	0.0175546	0.895584	0.0797874	1.08802	0.070569	1.75052e-05
10011	1	100	17	500	0.124809	0.10734	0.0391768	0.0681629	0.0174698	0.894968	0.0710047	1.09105	0.0663769	1.72297e-05
10012	1	100	14	500	0.115544	0.100654	0.0367151	0.0639388	0.0148901	0.900978	0.0673104	1.08556	0.05982	1.70153e-05
10013	1	100	12	500	0.120146	0.103361	0.0388381	0.0645228	0.0167847	0.898372	0.0762692	1.0858	0.0665957	1.70194e-05
10014	1	100	12	500	0.128161	0.109816	0.043264	0.0665518	0.018345	0.891155	0.0887992	1.08908	0.0723936	1.76614e-05
10015	1	100	14	500	0.130812	0.113891	0.0452249	0.0686663	0.0169212	0.88867	0.0696876	1.0968	0.0586008	1.80073e-05
10016	1	100	16	500	0.128649	0.118032	0.0493972	0.0686343	0.0106175	0.883217	0.0781495	1.10229	0.0665997	1.72322e-05
10017	1	100	14	500	0.112029	0.100995	0.0372369	0.0637586	0.0110335	0.900608	0.0715082	1.08818	0.0622229	1.70823e-05
10018	1	100	12	500	0.130022	0.118002	0.0528329	0.0651688	0.0120208	0.883516	0.076517	1.10059	0.0635946	1.64278e-05
10019	1	100	15	500	0.13931	0.121879	0.0569883	0.064891	0.017431	0.879425	0.0772302	1.09983	0.0674863	1.57597e-05
10020	1	100	15	500	0.115886	0.105326	0.0426061	0.0627203	0.0105593	0.89592	0.0754285	1.0924	0.0652302	1.5741e-05
10021	1	100	11	500	0.117926	0.109044	0.0463978	0.0626464	0.00888223	0.892594	0.0795054	1.09712	0.0694514	1.63249e-05
10022	1	100	12	500	0.109942	0.101088	0.0405928	0.0604949	0.00885393	0.899942	0.0808678	1.08973	0.0699256	1.59734e-05
10023	1	100	10	500	0.104545	0.0974927	0.0378406	0.0596521	0.0070525	0.903313	0.0810871	1.0868	0.0698877	1.67358e-05
10024	1	100	9	500	0.105782	0.0992435	0.0390392	0.0602043	0.0065385	0.901086	0.0812581	1.08758	0.0681867	1.66093e-05
10025	1	100	11	500	0.101849	0.0949414	0.0392878	0.0556536	0.006908	0.906911	0.0724909	1.08575	0.0648085	1.57869e-05
10026	1	100	11	500	0.0728832	0.0668109	0.0193581	0.0474528	0.00607232	0.93338	0.0751427	1.05896	0.0652338	1.49646e-05
10027	1	100	9	500	0.0844775	0.0798632	0.0278413	0.0520218	0.0046143	0.919899	0.083777	1.07114	0.0714347	1.50589e-05
10028	1	100	10	500	0.102311	0.0959516	0.0396429	0.0563087	0.00635903	0.90468	0.0839419	1.08465	0.0716843	1.51728e-05
10029	1	100	7	500	0.122415	0.1175	0.0604366	0.057063	0.00491517	0.882276	0.0838891	1.10333	0.0680806	1.52878e-05
10030	1	100	13	500	0.106644	0.101146	0.0422061	0.05894	0.00549797	0.899453	0.0848947	1.08803	0.0692106	1.62424e-05
10031	1	100	13	500	0.120032	0.114906	0.0566738	0.0582321	0.00512611	0.887006	0.076755	1.10048	0.0620114	1.56614e-05
10032	1	100	9	500	0.120854	0.115937	0.0582973	0.0576395	0.00491753	0.885673	0.0793819	1.10051	0.063546	1.50849e-05
10033	1	100	9	500	0.105102	0.100247	0.0452386	0.0550081	0.00485539	0.900935	0.0769274	1.08829	0.0631459	1.41726e-05
10034	1	100	10	500	0.0984864	0.0922486	0.0361644	0.0560842	0.00623781	0.908486	0.075601	1.08085	0.0632333	1.40263e-05
10035	1	100	10	500	0.104824	0.0987296	0.040758	0.0579717	0.00609404	0.90214	0.0802797	1.08624	0.0665989	1.42772e-05
10036	1	100	8	500	0.118897	0.114004	0.0565226	0.0574816	0.00489304	0.887012	0.0815963	1.09896	0.0668861	1.34598e-05
10037	1	100	7	500	0.134631	0.127605	0.07002	0.0575847	0.00702665	0.873852	0.0791849	1.10884	0.0632135	1.38279e-05
10038	1	100	8	500	0.128363	0.119861	0.0642094	0.0556512	0.00850227	0.881869	0.0810055	1.10076	0.0647573	1.42908e-05
10039	1	100	12	500	0.13146	0.120453	0.0636918	0.056761	0.0110074	0.880852	0.0875967	1.099	0.071487	1.47603e-05
10040	1	100	13	500	0.136175	0.120891	0.0630634	0.0578273	0.0152847	0.881878	0.071104	1.099	0.0610404	1.4791e-05
10041	1	100	12	500	0.142255	0.130827	0.0748897	0.0559375	0.0114274	0.871007	0.0798095	1.10649	0.0645667	1.44995e-05
10042	1	100	9	500	0.162987	0.140135	0.0818562	0.0582789	0.0228516	0.861471	0.0903993	1.10727	0.0749778	1.48078e-05
10043	1	100	8	500	0.163115	0.142809	0.0862223	0.0565872	0.020305	0.859729	0.0786398	1.11119	0.0645806	1.47534e-05
10044	1	100	11	500	0.167536	0.1488	0.0939197	0.0548801	0.018736	0.853638	0.0830972	1.11677	0.0680186	1.4692e-05
10045	1	100	11	500	0.174607	0.155655	0.102364	0.0532909	0.018952	0.846934	0.0743517	1.12195	0.0665232	1.46142e-05
10046	1	100	10	500	0.188502	0.156131	0.0986691	0.0574618	0.0323709	0.846886	0.0789202	1.11565	0.075014	1.48661e-05
10047	1	100	15	500	0.181625	0.150506	0.0921921	0.0583142	0.0311189	0.852561	0.0773705	1.113	0.072154	1.50293e-05
10048	1	100	11	500	0.182694	0.159897	0.104642	0.0552551	0.0227972	0.843649	0.0760073	1.12475	0.0653549	1.44573e-05
10049	1	100	8	500	0.179103	0.162989	0.11115	0.0518383	0.0161147	0.84042	0.07829	1.12954	0.0586131	1.40736e-05
10050	1	100	10	500	0.17781	0.172495	0.129563	0.0429315	0.00531558	0.830454	0.073235	1.14051	0.0530226	1.30567e-05
10051	1	100	6	500	0.177111	0.171451	0.1281	0.043351	0.00565981	0.830995	0.0794287	1.13901	0.0601207	1.33252e-05
10052	1	100	7	500	0.175732	0.170637	0.127327	0.0433094	0.00509494	0.83202	0.0752741	1.14	0.0557534	1.32247e-05
10053	1	100	11	500	0.154592	0.14876	0.0981155	0.050645	0.00583128	0.853	0.0828925	1.12418	0.0640987	1.38664e-05
10054	1	100	6	500	0.165606	0.158579	0.110508	0.0480711	0.00702696	0.843027	0.0826528	1.1312	0.0663899	1.37421e-05
10055	1	100	6	500	0.163725	0.154934	0.105433	0.0495011	0.00879132	0.847526	0.0746645	1.13101	0.0607686	1.39333e-05
10056	1	100	5	500	0.170575	0.161117	0.113499	0.0476175	0.00945784	0.841136	0.0748861	1.13553	0.0639326	1.37079e-05
10057	1	100	9	500	0.166642	0.15506	0.105385	0.0496753	0.0115819	0.846711	0.0776095	1.1338	0.0690626	1.44021e-05
10058	1	100	6	500	0.159423	0.149804	0.0989121	0.0508918	0.00961889	0.852483	0.0758377	1.12977	0.0681087	1.48133e-05
10059	1	100	9	500	0.154185	0.146096	0.094645	0.0514511	0.00808913	0.855737	0.0715324	1.12662	0.0641243	1.50822e-05
10060	1	100	6	500	0.162226	0.153812	0.104702	0.0491102	0.00841409	0.847163	0.0823761	1.13305	0.0735868	1.47873e-05
10061	1	100	9	500	0.173082	0.159027	0.109042	0.049985	0.0140551	0.84195	0.0801572	1.12925	0.0703048	1.48888e-05
10062	1	100	8	500	0.165288	0.151578	0.0994575	0.0521205	0.0137103	0.850587	0.0823879	1.12521	0.0697362	1.54094e-05
10063	1	100	9	500	0.190148	0.174427	0.129617	0.0448101	0.0157218	0.82798	0.0710408	1.14193	0.0683029	1.4693e-05
10064	1	100	11	500	0.191395	0.172394	0.125608	0.0467859	0.0190006	0.829519	0.072916	1.13808	0.0717865	1.51295e-05
10065	1	100	8	500	0.184034	0.16303	0.111946	0.0510845	0.0210039	0.839049	0.0715229	1.13046	0.0712892	1.56949e-05
10066	1	100	9	500	0.190152	0.175296	0.131199	0.0440962	0.0148562	0.827968	0.0670741	1.14417	0.0566458	1.50508e-05
10067	1	100	9	500	0.173171	0.159518	0.107772	0.051746	0.0136525	0.843689	0.0743608	1.13319	0.0630333	1.57713e-05
10068	1	100	12	500	0.184715	0.167913	0.118695	0.0492175	0.0168022	0.834502	0.0715331	1.1373	0.0606351	1.60473e-05
10069	1	100	9	500	0.188132	0.177341	0.136692	0.0406494	0.0107903	0.825228	0.063868	1.15063	0.0547718	1.58689e-05
10070	1	100	10	500	0.188231	0.17277	0.127678	0.0450918	0.0154609	0.829849	0.0744065	1.14177	0.0652004	1.64408e-05
10071	1	100	8	500	0.18125	0.162848	0.11266	0.050188	0.0184026	0.839393	0.0711233	1.13103	0.0575161	1.66444e-05
10072	1	100	10	500	0.191797	0.170126	0.120462	0.0496636	0.0216712	0.833919	0.0682867	1.132	0.0587135	1.59561e-05
10073	1	100	13	500	0.195869	0.172428	0.123397	0.049031	0.0234412	0.828236	0.0711029	1.13298	0.0842365	1.66182e-05
10074	1	100	13	500	0.221399	0.190734	0.147272	0.0434622	0.0306648	0.809265	0.0662731	1.1398	0.0858203	1.59173e-05
10075	1	100	12	500	0.214339	0.175646	0.122217	0.0534291	0.0386927	0.828734	0.0787197	1.12822	0.0725589	1.67978e-05
10076	1	100	13	500	0.189399	0.169206	0.120866	0.0483403	0.020193	0.833497	0.075218	1.13609	0.0647891	1.75488e-05
10077	1	100	9	500	0.199541	0.182162	0.140336	0.0418267	0.017379	0.822206	0.0628646	1.14835	0.0527672	1.71678e-05
10078	1	100	8	500	0.198197	0.183401	0.142813	0.0405884	0.0147958	0.819884	0.0701194	1.14709	0.0536639	1.68374e-05
10079	1	100	10	500	0.196623	0.185322	0.147448	0.0378732	0.0113016	0.818608	0.0652969	1.15349	0.0552604	1.72766e-05
10080	1	100	9	500	0.209932	0.19782	0.165167	0.0326533	0.0121119	0.805239	0.068968	1.15699	0.056309	1.62255e-05
10081	1	100	9	500	0.224499	0.196919	0.157595	0.0393234	0.0275803	0.808174	0.0587513	1.15296	0.049627	1.70016e-05
10082	1	100	10	500	0.228054	0.202695	0.168767	0.0339287	0.0253589	0.801024	0.0593493	1.15867	0.0531029	1.64921e-05
10083	1	100	10	500	0.234385	0.209054	0.179516	0.0295379	0.0253302	0.793025	0.0526542	1.16099	0.0535627	1.59026e-05
10084	1	100	14	500	0.242626	0.212093	0.182098	0.0299953	0.0305326	0.793382	0.0538678	1.16348	0.0464241	1.61082e-05
10085	1	100	9	500	0.234998	0.212139	0.186119	0.0260203	0.0228587	0.792315	0.050277	1.16732	0.0433825	1.52396e-05
10086	1	100	9	500	0.219657	0.203612	0.176326	0.0272866	0.0160444	0.79986	0.0588578	1.16871	0.0493089	1.66672e-05
10087	1	100	9	500	0.210254	0.190386	0.153111	0.0372744	0.0198682	0.813113	0.0690276	1.15611	0.0576487	1.84432e-05
10088	1	100	7	500	0.207613	0.183256	0.140638	0.042618	0.0243568	0.820417	0.0673233	1.1499	0.0599006	1.85999e-05
10089	1	100	9	500	0.233963	0.194831	0.151542	0.0432881	0.0391324	0.810713	0.0712869	1.14771	0.0564321	1.80772e-05
10090	1	100	12	500	0.227104	0.178135	0.123365	0.0547697	0.0489689	0.828569	0.0719237	1.13393	0.0657423	1.90509e-05
10091	1	100	15	500	0.187276	0.167342	0.119734	0.047608	0.019934	0.834481	0.0769696	1.14158	0.0746488	1.91705e-05
10092	1	100	10	500	0.186631	0.160019	0.106587	0.0534327	0.0266118	0.842737	0.0733468	1.1281	0.0593976	1.98589e-05
10093	1	100	12	500	0.155517	0.137677	0.0811907	0.0564865	0.0178402	0.864193	0.0722347	1.11337	0.0636294	2.03992e-05
10094	1	100	12	500	0.179425	0.16273	0.113558	0.0491722	0.0166955	0.84064	0.0732768	1.13698	0.0619384	2.08287e-05
10095	1	100	13	500	0.167876	0.15651	0.106455	0.0500542	0.0113668	0.844842	0.082726	1.13015	0.0738377	2.10487e-05
10096	1	100	10	500	0.183206	0.171401	0.127533	0.0438674	0.0118052	0.831033	0.0757687	1.14506	0.0687518	2.10319e-05
10097	1	100	8	500	0.178283	0.165608	0.119054	0.0465543	0.0126746	0.835047	0.0709709	1.13759	0.057924	2.12481e-05
10098	1	100	9	500	0.159617	0.14756	0.0949402	0.0526198	0.0120568	0.853055	0.0842582	1.12179	0.0743267	2.13597e-05
10099	1	100	14	500	0.160403	0.148111	0.0961996	0.0519119	0.0122917	0.851747	0.0669881	1.1325	0.0611891	2.17932e-05
10100	1	100	10	500	0.182189	0.16643	0.115906	0.050524	0.0157596	0.835878	0.0712744	1.14719	0.0703579	2.09272e-05
10101	1	100	11	500	0.188998	0.173052	0.126108	0.0469437	0.0159464	0.83048	0.060356	1.15442	0.0596187	2.04873e-05
