Generation	PopulationID	SampleSize	UniqueMutations	PopulationSize	totalLoad	RelzLoad	RelzLoadHomo	RelzLoadHetero	MskLoad	MeanFitness	SdFitness	MeanFitnessCached	SdFitnessCached	Heterozygosity	
10001	1	100	62	500	0.20531	0.191938	0.170427	0.0215112	0.0133716	0.816022	0.0315079	1.18494	0.0463718	2.4211e-05
10002	1	100	44	500	0.0479263	0.0294446	0.00516537	0.0242792	0.0184817	0.970593	0.0394979	1.01328	0.0376263	2.43328e-05
10003	1	100	38	500	0.0458793	0.0272432	0.00464189	0.0226013	0.0186361	0.972656	0.0415663	1.01087	0.0368465	2.44443e-05
10004	1	100	34	500	0.0593458	0.0339709	0.00566241	0.0283085	0.0253748	0.967168	0.0435641	1.014	0.0322689	2.44363e-05
10005	1	100	32	500	0.0560219	0.0342045	0.00585631	0.0283482	0.0218174	0.96689	0.0462395	1.01645	0.0378136	2.33973e-05
10006	1	100	27	500	0.0515534	0.0298989	0.00591581	0.0239831	0.0216545	0.971026	0.0434215	1.01103	0.0352192	2.16476e-05
10007	1	100	25	500	0.0401957	0.0259015	0.00550168	0.0203998	0.0142942	0.97392	0.0400845	1.00996	0.0355051	2.09926e-05
10008	1	100	26	500	0.0415043	0.0274418	0.00553142	0.0219104	0.0140625	0.972901	0.0344428	1.01265	0.0319141	2.17947e-05
10009	1	100	24	500	0.0388258	0.0303715	0.00699958	0.0233719	0.00845434	0.969914	0.035992	1.01681	0.039011	2.09161e-05
10010	1	100	18	500	0.0330822	0.0275216	0.00728198	0.0202396	0.00556061	0.972481	0.0348638	1.01354	0.0377929	1.95471e-05
10011	1	100	17	500	0.0313487	0.0277053	0.00668362	0.0210217	0.00364337	0.971749	0.0357053	1.01605	0.0381716	1.92064e-05
10012	1	100	17	500	0.0325485	0.0292654	0.00653215	0.0227332	0.00328311	0.970472	0.0370311	1.01927	0.0396772	2.00711e-05
10013	1	100	17	500	0.034299	0.0305184	0.00673203	0.0237863	0.00378061	0.969827	0.0408387	1.02103	0.0416389	2.15637e-05
10014	1	100	21	500	0.0430853	0.0397449	0.00968844	0.0300565	0.00334036	0.960631	0.0485253	1.02935	0.0499353	2.06174e-05
10015	1	100	20	500	0.0454089	0.0404785	0.0101796	0.0302989	0.00493032	0.959461	0.0476935	1.02753	0.0515793	2.04325e-05
10016	1	100	19	500	0.041242	0.0356326	0.00927767	0.0263549	0.00560944	0.964058	0.0457548	1.02084	0.0489432	1.93415e-05
10017	1	100	20	500	0.0398077	0.0339907	0.00933932	0.0246514	0.00581697	0.966675	0.0410768	1.01837	0.0451389	1.84138e-05
10018	1	100	17	500	0.0464637	0.038412	0.0107523	0.0276597	0.00805173	0.962498	0.0436611	1.02105	0.0483932	1.84604e-05
10019	1	100	18	500	0.0424049	0.0325209	0.0101569	0.0223639	0.00988403	0.967913	0.0380574	1.01271	0.0428648	1.78108e-05
10020	1	100	17	500	0.0429517	0.0301022	0.00995644	0.0201458	0.0128494	0.969883	0.0356883	1.00939	0.0400328	1.81741e-05
10021	1	100	18	500	0.050891	0.038623	0.0120977	0.0265253	0.0122679	0.961832	0.0380014	1.01569	0.0449554	1.76424e-05
10022	1	100	22	500	0.0500697	0.0354935	0.0113928	0.0241007	0.0145763	0.965812	0.0410911	1.01181	0.0475726	1.80328e-05
10023	1	100	21	500	0.0594698	0.0399961	0.012474	0.0275221	0.0194738	0.961218	0.0467756	1.01228	0.052433	1.81903e-05
10024	1	100	26	500	0.0751438	0.0533156	0.0160955	0.0372201	0.0218282	0.947238	0.0478404	1.02406	0.0511133	1.91044e-05
10025	1	100	23	500	0.0743656	0.0538251	0.0156228	0.0382023	0.0205405	0.947725	0.041428	1.02588	0.0487966	1.87697e-05
10026	1	100	22	500	0.0878885	0.062105	0.0178144	0.0442905	0.0257836	0.937837	0.0488119	1.02984	0.0592314	1.91436e-05
10027	1	100	21	500	0.096291	0.069441	0.0209351	0.0485059	0.02685	0.93281	0.047792	1.03904	0.0552113	2.00313e-05
10028	1	100	24	500	0.090939	0.0601221	0.0171439	0.0429782	0.0308169	0.940743	0.0553813	1.02584	0.0535028	2.07082e-05
10029	1	100	18	500	0.0907345	0.0602326	0.0145922	0.0456404	0.0305019	0.942269	0.0458604	1.03507	0.0545803	2.1553e-05
10030	1	100	19	500	0.0945378	0.0639566	0.0155499	0.0484067	0.0305812	0.939081	0.0562741	1.03889	0.0590873	2.22126e-05
10031	1	100	21	500	0.0980556	0.0638334	0.0164275	0.0474059	0.0342222	0.938415	0.0568395	1.03353	0.0558622	2.07744e-05
10032	1	100	22	500	0.112039	0.075295	0.0211563	0.0541387	0.0367445	0.922115	0.0651612	1.03883	0.0753348	2.14739e-05
10033	1	100	18	500	0.106858	0.0751981	0.0216513	0.0535469	0.03166	0.928019	0.0461927	1.04993	0.052999	2.11077e-05
10034	1	100	18	500	0.100098	0.0728955	0.0207628	0.0521327	0.0272023	0.924063	0.0542202	1.04215	0.0737353	2.13046e-05
10035	1	100	20	500	0.107762	0.0729042	0.022667	0.0502371	0.034858	0.92502	0.057783	1.03226	0.0770751	2.06914e-05
10036	1	100	21	500	0.108999	0.068619	0.0217545	0.0468645	0.0403797	0.935911	0.0498691	1.02674	0.0627582	2.12206e-05
10037	1	100	18	500	0.110402	0.0718676	0.0237139	0.0481536	0.0385343	0.932774	0.048702	1.03093	0.0622675	2.12556e-05
10038	1	100	16	500	0.114059	0.0719699	0.0240933	0.0478765	0.042089	0.932049	0.0521735	1.02572	0.0659987	2.16407e-05
10039	1	100	18	500	0.119664	0.0743504	0.025314	0.0490365	0.0453134	0.924763	0.0649878	1.0184	0.0773726	2.20108e-05
10040	1	100	17	500	0.118884	0.077448	0.0261113	0.0513367	0.0414358	0.920842	0.0659753	1.02563	0.0689347	2.23619e-05
10041	1	100	14	500	0.126078	0.0864619	0.0304967	0.0559651	0.0396159	0.915652	0.0647189	1.04313	0.0657751	2.17167e-05
10042	1	100	13	500	0.116479	0.0776943	0.025777	0.0519173	0.0387848	0.922719	0.065349	1.03336	0.0616155	2.1743e-05
10043	1	100	15	500	0.113294	0.0718194	0.0221327	0.0496867	0.0414751	0.926735	0.0676847	1.02514	0.0632903	2.04894e-05
10044	1	100	16	500	0.121869	0.0766651	0.0243975	0.0522676	0.0452036	0.929451	0.0492468	1.03561	0.0597312	2.14198e-05
10045	1	100	17	500	0.124061	0.0769178	0.0242974	0.0526205	0.0471432	0.925766	0.0574756	1.03175	0.0670914	2.12677e-05
10046	1	100	18	500	0.132845	0.0817645	0.0266227	0.0551418	0.0510809	0.922161	0.0533064	1.03369	0.0728057	2.26917e-05
10047	1	100	18	500	0.13256	0.0747314	0.0254638	0.0492675	0.057829	0.925619	0.0508333	1.01014	0.0753868	2.28699e-05
10048	1	100	19	500	0.146362	0.0853095	0.0352932	0.0500163	0.061052	0.919547	0.060348	1.00403	0.0864134	2.43273e-05
10049	1	100	22	500	0.143312	0.0860364	0.0315227	0.0545137	0.0572755	0.920381	0.0549571	1.02459	0.0738512	2.45439e-05
10050	1	100	19	500	0.147498	0.0885048	0.0332259	0.0552789	0.0589929	0.914355	0.0625251	1.01829	0.0771187	2.44794e-05
10051	1	100	17	500	0.127063	0.078989	0.0273948	0.0515942	0.0480738	0.926184	0.0516483	1.02668	0.0698496	2.32905e-05
10052	1	100	18	500	0.144762	0.0917276	0.0325414	0.0591862	0.0530346	0.903565	0.0600675	1.03164	0.0952928	2.43252e-05
10053	1	100	18	500	0.168354	0.108187	0.0423482	0.0658386	0.0601676	0.89473	0.0539039	1.04919	0.0825295	2.5283e-05
10054	1	100	17	500	0.192685	0.113185	0.045091	0.0680945	0.0794998	0.888731	0.0722996	1.02585	0.108558	2.61935e-05
10055	1	100	20	500	0.207162	0.116323	0.0449555	0.0713676	0.0908384	0.879888	0.0881042	1.01991	0.121961	2.62327e-05
10056	1	100	18	500	0.221872	0.128984	0.0537057	0.0752785	0.0928881	0.874932	0.079708	1.03946	0.111248	2.52803e-05
10057	1	100	18	500	0.217978	0.125169	0.0505833	0.0745861	0.0928088	0.877955	0.0903149	1.03246	0.110015	2.56759e-05
10058	1	100	22	500	0.243172	0.135793	0.0576797	0.0781138	0.107379	0.879841	0.052869	1.03629	0.0799337	2.61307e-05
10059	1	100	20	500	0.249513	0.14705	0.0690297	0.0780207	0.102462	0.86685	0.0629647	1.05162	0.0957605	2.53369e-05
10060	1	100	18	500	0.253494	0.150969	0.0716587	0.0793099	0.102525	0.863866	0.0673551	1.0559	0.0820751	2.54584e-05
10061	1	100	21	500	0.265746	0.156513	0.076025	0.0804885	0.109233	0.860262	0.0659868	1.05319	0.0978246	2.49788e-05
10062	1	100	19	500	0.233115	0.145519	0.071381	0.0741383	0.0875953	0.857525	0.0732366	1.05864	0.102847	2.5671e-05
10063	1	100	20	500	0.254466	0.167449	0.0948781	0.0725708	0.0870172	0.83996	0.0598849	1.08784	0.0995666	2.39173e-05
10064	1	100	20	500	0.285216	0.184036	0.111588	0.0724485	0.101179	0.831142	0.077627	1.07329	0.0932911	2.46982e-05
10065	1	100	20	500	0.299446	0.188163	0.114372	0.0737916	0.111283	0.834969	0.0646339	1.06979	0.0716262	2.48879e-05
10066	1	100	21	500	0.295433	0.190464	0.122084	0.0683796	0.104969	0.825441	0.0779232	1.07056	0.0869025	2.43937e-05
10067	1	100	20	500	0.31541	0.200398	0.129725	0.0706731	0.115012	0.818559	0.0737946	1.05973	0.0813981	2.45471e-05
10068	1	100	23	500	0.306321	0.184224	0.10946	0.0747638	0.122097	0.828691	0.084075	1.04501	0.109289	2.64438e-05
10069	1	100	21	500	0.290095	0.169848	0.0941002	0.0757475	0.120247	0.848413	0.101694	1.04779	0.109518	2.79483e-05
10070	1	100	24	500	0.279185	0.170777	0.0995695	0.0712078	0.108407	0.834635	0.0765719	1.05045	0.112588	2.73654e-05
10071	1	100	20	500	0.257739	0.162695	0.095007	0.0676881	0.0950437	0.8415	0.0579139	1.05942	0.104189	2.69519e-05
10072	1	100	19	500	0.251804	0.15816	0.0894318	0.0687284	0.0936439	0.845855	0.0779287	1.04856	0.121407	2.82192e-05
10073	1	100	21	500	0.253757	0.161143	0.0925059	0.0686368	0.0926139	0.848063	0.0669668	1.05076	0.110526	2.84643e-05
10074	1	100	16	500	0.276874	0.169386	0.0979258	0.0714598	0.107488	0.83914	0.0835656	1.04186	0.120864	2.81674e-05
10075	1	100	19	500	0.277391	0.169471	0.0987696	0.0707017	0.10792	0.831824	0.0936849	1.04291	0.137357	2.77791e-05
10076	1	100	19	500	0.260842	0.161792	0.0935497	0.0682424	0.0990503	0.835584	0.102933	1.04799	0.137783	2.75941e-05
10077	1	100	22	500	0.257619	0.158972	0.0894499	0.0695221	0.0986467	0.843618	0.0910766	1.04464	0.132538	2.86062e-05
10078	1	100	21	500	0.235348	0.15473	0.0913728	0.0633567	0.0806183	0.846025	0.0568297	1.06922	0.115551	2.788e-05
10079	1	100	17	500	0.240157	0.148521	0.0798033	0.0687174	0.0916362	0.855076	0.0982076	1.03182	0.127021	2.98637e-05
10080	1	100	18	500	0.241539	0.14751	0.0786601	0.0688504	0.0940282	0.862931	0.0486816	1.02405	0.118095	2.99403e-05
10081	1	100	17	500	0.250353	0.146463	0.075266	0.0711971	0.10389	0.861004	0.066902	1.01924	0.124471	3.04882e-05
10082	1	100	21	500	0.247773	0.149164	0.0795393	0.0696248	0.0986088	0.858993	0.0565053	1.01316	0.122408	3.03361e-05
10083	1	100	21	500	0.229349	0.144903	0.0793584	0.0655444	0.0844461	0.862967	0.0546022	1.01134	0.125075	3.09e-05
10084	1	100	17	500	0.246209	0.150004	0.0815524	0.068452	0.096205	0.857521	0.0480571	1.00448	0.121847	3.08919e-05
10085	1	100	18	500	0.230361	0.143579	0.0763721	0.0672073	0.0867812	0.859894	0.050342	1.02475	0.122571	3.13611e-05
10086	1	100	19	500	0.194123	0.128805	0.0670602	0.0617448	0.0653183	0.875586	0.0642414	1.03801	0.106186	3.17118e-05
10087	1	100	21	500	0.199363	0.135996	0.0743376	0.0616587	0.0633663	0.860139	0.0650727	1.04139	0.124401	3.10608e-05
10088	1	100	19	500	0.211884	0.144616	0.0822726	0.0623438	0.0672676	0.861304	0.0523502	1.02645	0.120189	3.11377e-05
10089	1	100	18	500	0.205786	0.143296	0.0825765	0.0607197	0.0624903	0.857037	0.0533628	1.01311	0.13477	3.06446e-05
10090	1	100	17	500	0.203641	0.147239	0.0880463	0.0591932	0.056402	0.849631	0.0517268	1.00738	0.142661	2.99053e-05
10091	1	100	18	500	0.196255	0.149209	0.0958501	0.0533591	0.0470456	0.852532	0.0547442	0.978124	0.1429	2.81228e-05
10092	1	100	14	500	0.198292	0.15367	0.0981138	0.0555563	0.0446221	0.848285	0.0476022	0.996995	0.144185	2.80525e-05
10093	1	100	14	500	0.199068	0.154844	0.0980336	0.05681	0.0442244	0.847208	0.0423743	1.02117	0.141843	2.79882e-05
10094	1	100	15	500	0.200838	0.155188	0.0980029	0.0571856	0.0456496	0.8457	0.0427073	1.02094	0.143129	2.85565e-05
10095	1	100	15	500	0.20235	0.156271	0.0977144	0.058557	0.0460782	0.846282	0.0418777	1.0344	0.138316	2.85627e-05
10096	1	100	17	500	0.203915	0.156757	0.0979758	0.0587813	0.0471582	0.843151	0.0420771	1.04207	0.138169	2.82296e-05
10097	1	100	20	500	0.202491	0.157059	0.099989	0.0570705	0.0454317	0.839402	0.0416	1.06157	0.134148	2.79604e-05
10098	1	100	18	500	0.204001	0.15969	0.101395	0.058295	0.0443117	0.843788	0.0428011	1.07446	0.119022	2.7897e-05
10099	1	100	17	500	0.197465	0.155646	0.0983896	0.0572565	0.0418191	0.850058	0.043072	1.06147	0.122071	2.80255e-05
10100	1	100	17	500	0.198974	0.158539	0.100493	0.0580466	0.0404351	0.849364	0.0405797	1.07941	0.111863	2.80428e-05
10101	1	100	19	500	0.199755	0.158198	0.10009	0.0581076	0.0415574	0.846139	0.0430726	1.07188	0.120333	2.82998e-05
