Generation	PopulationID	SampleSize	UniqueMutations	PopulationSize	totalLoad	RelzLoad	RelzLoadHomo	RelzLoadHetero	MskLoad	MeanFitness	SdFitness	MeanFitnessCached	SdFitnessCached	Heterozygosity	
10001	1	100	51	500	0.30122	0.280737	0.206959	0.0737778	0.0204836	0.74312	0.0450438	1.2779	0.0571211	3.16802e-05
10002	1	100	39	500	0.30159	0.286104	0.20907	0.077034	0.015486	0.740588	0.0477536	1.28598	0.0621037	3.09801e-05
10003	1	100	35	500	0.281941	0.271941	0.183823	0.0881187	0.0099995	0.752029	0.0468503	1.27674	0.0555161	3.34187e-05
10004	1	100	28	500	0.284914	0.272946	0.186588	0.0863579	0.0119687	0.750675	0.0467407	1.27787	0.0593467	3.21386e-05
10005	1	100	29	500	0.28554	0.271356	0.184192	0.0871645	0.0141839	0.753216	0.0504572	1.27353	0.0633671	3.23689e-05
10006	1	100	31	500	0.271742	0.260125	0.162707	0.0974175	0.0116172	0.762167	0.0561361	1.26636	0.0699648	3.47762e-05
10007	1	100	29	500	0.269708	0.253074	0.152238	0.100836	0.0166337	0.768116	0.059886	1.25548	0.0753457	3.57272e-05
10008	1	100	26	500	0.278003	0.25696	0.155368	0.101591	0.0210438	0.765561	0.0705054	1.25461	0.0889572	3.49758e-05
10009	1	100	26	500	0.278341	0.262025	0.16306	0.0989652	0.0163163	0.761268	0.0650744	1.26114	0.0889882	3.42375e-05
10010	1	100	26	500	0.286956	0.27735	0.185569	0.0917809	0.00960676	0.748791	0.0575901	1.27939	0.0729234	3.31152e-05
10011	1	100	25	500	0.293251	0.283479	0.188453	0.0950259	0.00977271	0.744683	0.0544616	1.28731	0.0719503	3.41086e-05
10012	1	100	23	500	0.302449	0.291896	0.206579	0.0853166	0.0105536	0.736846	0.0501804	1.29154	0.0641718	3.20436e-05
10013	1	100	23	500	0.307146	0.288407	0.202967	0.08544	0.0187388	0.739819	0.0437674	1.28272	0.0596019	3.17655e-05
10014	1	100	25	500	0.311405	0.29311	0.218173	0.0749363	0.0182953	0.736133	0.0503949	1.28429	0.0666551	2.95489e-05
10015	1	100	21	500	0.31162	0.290817	0.222225	0.0685919	0.020803	0.737533	0.0450823	1.27202	0.0652999	2.80928e-05
10016	1	100	20	500	0.333805	0.310873	0.247225	0.0636476	0.0229316	0.720753	0.0374055	1.29021	0.0580915	2.57318e-05
10017	1	100	16	500	0.182587	0.170609	0.117001	0.0536074	0.0119787	0.839524	0.0367956	1.13876	0.0399925	2.4415e-05
10018	1	100	16	500	0.181536	0.174941	0.120368	0.0545726	0.00659542	0.834173	0.0388633	1.13873	0.0442229	2.40268e-05
10019	1	100	12	500	0.173065	0.168229	0.110411	0.0578178	0.00483627	0.839548	0.0397446	1.13239	0.0432384	2.53558e-05
10020	1	100	15	500	0.176317	0.170796	0.117478	0.0533187	0.00552044	0.838205	0.0421087	1.13405	0.0455079	2.38639e-05
10021	1	100	11	500	0.176747	0.172363	0.122075	0.0502882	0.00438389	0.83591	0.0416237	1.13356	0.0450418	2.39822e-05
10022	1	100	13	500	0.175396	0.171456	0.119164	0.0522922	0.00394002	0.83777	0.0361265	1.13221	0.0430618	2.40374e-05
10023	1	100	13	500	0.184158	0.178895	0.131119	0.0477763	0.00526278	0.830906	0.0377387	1.13969	0.0428842	2.26727e-05
10024	1	100	13	500	0.181206	0.178267	0.132475	0.0457913	0.00293917	0.831649	0.0367886	1.13581	0.045137	2.21868e-05
10025	1	100	11	500	0.179017	0.175205	0.126997	0.0482081	0.00381214	0.83369	0.0368029	1.13787	0.0377726	2.29292e-05
10026	1	100	14	500	0.177862	0.166904	0.106612	0.0602917	0.0109586	0.8426	0.0378147	1.1355	0.041434	2.59227e-05
10027	1	100	14	500	0.170465	0.166662	0.10744	0.0592217	0.00380328	0.841343	0.0387989	1.13305	0.0397775	2.57873e-05
10028	1	100	12	500	0.162928	0.159611	0.106016	0.0535947	0.00331703	0.847781	0.0382118	1.12267	0.0402946	2.52186e-05
10029	1	100	14	500	0.174192	0.167402	0.110962	0.0564396	0.00679	0.841183	0.0344405	1.12716	0.042578	2.53202e-05
10030	1	100	14	500	0.176082	0.172316	0.117556	0.0547599	0.00376605	0.836784	0.0415489	1.13449	0.0453514	2.50083e-05
10031	1	100	13	500	0.17606	0.172133	0.108728	0.0634047	0.00392698	0.836508	0.0362052	1.1403	0.0408794	2.6219e-05
10032	1	100	15	500	0.180923	0.178648	0.133467	0.0451805	0.00227551	0.831239	0.0345979	1.13562	0.0365325	2.2183e-05
10033	1	100	13	500	0.17986	0.178136	0.138776	0.0393604	0.00172403	0.831479	0.0351008	1.13143	0.0385404	2.15106e-05
10034	1	100	18	500	0.188933	0.186289	0.152576	0.0337124	0.00264472	0.824114	0.0355854	1.13948	0.0404431	1.89693e-05
10035	1	100	15	500	0.190734	0.188924	0.161986	0.0269385	0.00180985	0.821982	0.0302217	1.13825	0.0329699	1.68417e-05
10036	1	100	15	500	0.182881	0.181615	0.149636	0.0319791	0.00126633	0.82859	0.0378458	1.13101	0.0427407	1.89714e-05
10037	1	100	13	500	0.178049	0.177559	0.14923	0.0283292	0.000489769	0.831291	0.0367469	1.12582	0.0422501	1.83445e-05
10038	1	100	14	500	0.172973	0.171958	0.139697	0.032261	0.00101489	0.837214	0.0375562	1.11885	0.041684	1.93905e-05
10039	1	100	19	500	0.168808	0.164591	0.132118	0.0324724	0.00421711	0.843787	0.0342123	1.11003	0.0383398	1.99939e-05
10040	1	100	19	500	0.166911	0.163298	0.127049	0.036249	0.00361387	0.844746	0.0352202	1.10983	0.0397772	2.09813e-05
10041	1	100	16	500	0.154191	0.150441	0.115285	0.0351556	0.00374967	0.85669	0.0419157	1.09534	0.0465465	2.07066e-05
10042	1	100	15	500	0.161515	0.150317	0.115091	0.0352256	0.0111984	0.857031	0.040831	1.09026	0.0468863	2.02678e-05
10043	1	100	18	500	0.155308	0.147687	0.111865	0.0358225	0.00762096	0.859346	0.0363542	1.0906	0.0439979	2.08126e-05
10044	1	100	17	500	0.15437	0.149615	0.113375	0.0362398	0.00475481	0.857406	0.0376486	1.09471	0.0429653	2.18179e-05
10045	1	100	18	500	0.160838	0.153631	0.117106	0.0365247	0.00720673	0.853871	0.0414819	1.09709	0.048529	2.2e-05
10046	1	100	23	500	0.170323	0.163844	0.123308	0.0405363	0.00647834	0.844585	0.0362496	1.11156	0.0417082	2.32222e-05
10047	1	100	14	500	0.0876525	0.0744713	0.0383443	0.036127	0.0131813	0.926147	0.0375975	1.06729	0.040613	2.14907e-05
10048	1	100	15	500	0.0930417	0.0730615	0.0348698	0.0381916	0.0199802	0.928086	0.0400648	1.0618	0.0442533	2.20387e-05
10049	1	100	11	500	0.0867	0.0672846	0.0287719	0.0385127	0.0194154	0.934033	0.0415737	1.05618	0.0414956	2.14711e-05
10050	1	100	11	500	0.0869567	0.0654726	0.0266774	0.0387952	0.0214841	0.936655	0.0484179	1.05232	0.0454709	2.14845e-05
10051	1	100	13	500	0.0901345	0.0706377	0.0304041	0.0402336	0.0194968	0.931254	0.0487213	1.05916	0.0457258	2.1862e-05
10052	1	100	16	500	0.0962972	0.072535	0.0304501	0.0420849	0.0237622	0.929539	0.0394912	1.05821	0.0346241	2.17685e-05
10053	1	100	15	500	0.0854906	0.0675966	0.0255819	0.0420146	0.017894	0.934478	0.0429082	1.05678	0.0449831	2.20944e-05
10054	1	100	14	500	0.093665	0.0682615	0.0253067	0.0429548	0.0254035	0.933689	0.0485736	1.04979	0.0476525	2.25878e-05
10055	1	100	15	500	0.104139	0.077132	0.0340743	0.0430577	0.0270072	0.925388	0.0436753	1.05881	0.0431992	2.34356e-05
10056	1	100	16	500	0.112105	0.0790122	0.0340304	0.0449818	0.0330933	0.921736	0.0565015	1.05156	0.0614085	2.33228e-05
10057	1	100	16	500	0.109153	0.0833612	0.0387359	0.0446253	0.0257915	0.915313	0.0549665	1.06247	0.0580848	2.38021e-05
10058	1	100	19	500	0.114143	0.0905801	0.0511175	0.0394626	0.0235632	0.908909	0.0415497	1.07391	0.0538847	2.32234e-05
10059	1	100	19	500	0.110287	0.0864435	0.0432228	0.0432207	0.023844	0.915958	0.0407327	1.07275	0.0435896	2.44083e-05
10060	1	100	16	500	0.106934	0.0887242	0.047724	0.0410002	0.01821	0.913406	0.0439836	1.07867	0.0453536	2.42411e-05
10061	1	100	15	500	0.101788	0.0816829	0.0404848	0.0411981	0.0201049	0.92025	0.0421658	1.0699	0.0441942	2.44501e-05
10062	1	100	14	500	0.112859	0.0931277	0.0545768	0.0385509	0.0197313	0.909325	0.0452604	1.08167	0.0437989	2.31776e-05
10063	1	100	15	500	0.124012	0.0942822	0.0514882	0.042794	0.02973	0.909758	0.042172	1.0753	0.0391773	2.34498e-05
10064	1	100	18	500	0.101814	0.0885411	0.0513435	0.0371976	0.0132733	0.91269	0.0424976	1.08147	0.0437673	2.32855e-05
10065	1	100	14	500	0.103248	0.0903478	0.0548364	0.0355113	0.0129	0.911313	0.0457177	1.08358	0.0452248	2.28227e-05
10066	1	100	12	500	0.103618	0.0862278	0.0485017	0.0377261	0.01739	0.914975	0.0529307	1.07536	0.0497518	2.36766e-05
10067	1	100	13	500	0.0989019	0.0859948	0.0479759	0.038019	0.0129071	0.914204	0.0448813	1.07737	0.0424704	2.41243e-05
10068	1	100	14	500	0.1126	0.0933919	0.0566022	0.0367897	0.0192085	0.908902	0.0421135	1.08245	0.0409901	2.24747e-05
10069	1	100	15	500	0.108678	0.090372	0.0538856	0.0364863	0.0183059	0.91114	0.0432803	1.07881	0.0421086	2.27465e-05
10070	1	100	14	500	0.108133	0.0889861	0.0492327	0.0397534	0.0191473	0.913145	0.0476588	1.07833	0.0446706	2.35594e-05
10071	1	100	17	500	0.114817	0.0937432	0.0543772	0.0393661	0.0210733	0.909152	0.0429496	1.08119	0.0419834	2.30833e-05
10072	1	100	11	500	0.129692	0.0984609	0.0567009	0.04176	0.0312306	0.903495	0.0490492	1.07642	0.0420379	2.29969e-05
10073	1	100	13	500	0.148163	0.108012	0.0655481	0.0424639	0.0401514	0.896904	0.0464863	1.08349	0.0381382	2.21547e-05
10074	1	100	13	500	0.142357	0.112034	0.0781642	0.0338701	0.0303227	0.891444	0.0456493	1.09477	0.0424494	1.96445e-05
10075	1	100	13	500	0.13404	0.109968	0.0794004	0.0305676	0.0240725	0.892101	0.0380072	1.0955	0.0383141	1.9215e-05
10076	1	100	13	500	0.116168	0.102112	0.072555	0.0295572	0.0140561	0.898365	0.0448714	1.09337	0.0414511	1.99922e-05
10077	1	100	15	500	0.128218	0.109525	0.08193	0.0275949	0.0186927	0.892671	0.0430336	1.09967	0.0414824	1.8508e-05
10078	1	100	15	500	0.138339	0.117379	0.0913421	0.0260372	0.0209599	0.884761	0.0354897	1.10564	0.0331825	1.69506e-05
10079	1	100	14	500	0.137927	0.109323	0.0758004	0.0335223	0.0286039	0.893256	0.0441134	1.0922	0.0432401	2.05166e-05
10080	1	100	13	500	0.131535	0.111734	0.0826706	0.0290631	0.0198017	0.890018	0.0341647	1.10035	0.0339003	1.80601e-05
10081	1	100	12	500	0.12336	0.109041	0.0815213	0.0275197	0.0143192	0.89297	0.0400441	1.10185	0.0376274	1.81783e-05
10082	1	100	16	500	0.133669	0.114857	0.0835785	0.0312782	0.0188119	0.887992	0.0327017	1.10484	0.0301996	1.86848e-05
10083	1	100	15	500	0.127784	0.116296	0.0925198	0.0237765	0.0114873	0.885349	0.0310877	1.10974	0.0319713	1.60629e-05
10084	1	100	10	500	0.122972	0.114088	0.0913965	0.0226913	0.00888465	0.887873	0.0304348	1.10984	0.0291704	1.57258e-05
10085	1	100	11	500	0.126407	0.117275	0.0975913	0.0196835	0.0091321	0.884681	0.027771	1.11289	0.0299381	1.44742e-05
10086	1	100	13	500	0.134727	0.12207	0.107193	0.0148763	0.012657	0.879165	0.0277838	1.11547	0.0305215	1.16971e-05
10087	1	100	13	500	0.136751	0.124426	0.108451	0.0159749	0.0123252	0.877906	0.0315047	1.11883	0.0303576	1.08173e-05
10088	1	100	14	500	0.138195	0.128064	0.116889	0.0111749	0.010131	0.873254	0.0246929	1.12144	0.0288879	1.04784e-05
10089	1	100	18	500	0.140899	0.129181	0.118893	0.0102887	0.0117178	0.87312	0.0208748	1.12206	0.0246699	1.06701e-05
10090	1	100	13	500	0.147454	0.133467	0.127225	0.00624202	0.013987	0.869384	0.0110496	1.12573	0.0148397	9.59918e-06
10091	1	100	14	500	0.030377	0.0173184	0.0129594	0.00435896	0.0130586	0.983397	0.00506957	1.00942	0.00882225	8.39719e-06
10092	1	100	9	500	0.0287136	0.0169872	0.0129969	0.0039903	0.0117265	0.982414	0.0130504	1.0085	0.0172933	8.57536e-06
10093	1	100	9	500	0.0268318	0.0166533	0.0134459	0.00320736	0.0101785	0.983686	0.00624752	1.01068	0.00851307	8.25768e-06
10094	1	100	11	500	0.0269302	0.0165572	0.0130381	0.0035191	0.010373	0.982366	0.0137799	1.00877	0.0179015	8.83541e-06
10095	1	100	11	500	0.0355089	0.0186417	0.0132021	0.00543956	0.0168672	0.980716	0.0152338	1.00663	0.0197875	9.83313e-06
10096	1	100	13	500	0.0334502	0.0180697	0.0131421	0.00492759	0.0153805	0.98272	0.00690983	1.00876	0.00983913	9.90421e-06
10097	1	100	9	500	0.0276577	0.0169337	0.0127516	0.00418212	0.0107239	0.982474	0.0142189	1.0076	0.0187077	9.92291e-06
10098	1	100	7	500	0.0301987	0.0171844	0.013005	0.00417944	0.0130143	0.98336	0.0103494	1.00974	0.0122406	8.9821e-06
10099	1	100	9	500	0.0308516	0.017318	0.0130827	0.00423534	0.0135335	0.983172	0.0114265	1.00973	0.0140391	8.52745e-06
10100	1	100	10	500	0.030773	0.0174337	0.0135921	0.00384158	0.0133393	0.981463	0.0171631	1.0089	0.0201237	7.67248e-06
10101	1	100	12	500	0.041128	0.0199656	0.0141946	0.00577097	0.0211625	0.980772	0.016391	1.00823	0.0173309	8.45857e-06
