Generation	PopulationID	SampleSize	UniqueMutations	PopulationSize	totalLoad	RelzLoad	RelzLoadHomo	RelzLoadHetero	MskLoad	MeanFitness	SdFitness	MeanFitnessCached	SdFitnessCached	Heterozygosity	
10001	1	100	58	500	0.499813	0.467908	0.299661	0.168247	0.0319044	0.605743	0.0320902	1.48706	0.0695737	4.22219e-05
10002	1	100	42	500	0.324475	0.301837	0.14054	0.161296	0.0226384	0.723633	0.0435201	1.30703	0.0695707	4.18594e-05
10003	1	100	34	500	0.325321	0.302947	0.148591	0.154356	0.0223739	0.72419	0.0408662	1.308	0.0608701	3.99281e-05
10004	1	100	33	500	0.326639	0.302588	0.14714	0.155448	0.0240512	0.724828	0.0396838	1.30637	0.0594562	4.08914e-05
10005	1	100	33	500	0.316432	0.292079	0.156253	0.135826	0.0243531	0.733654	0.0374479	1.29049	0.0539267	3.7427e-05
10006	1	100	31	500	0.32891	0.299624	0.142364	0.15726	0.0292854	0.727277	0.0402363	1.29474	0.0644018	3.97604e-05
10007	1	100	32	500	0.331149	0.301661	0.145975	0.155686	0.0294877	0.727367	0.0366467	1.30064	0.0568514	3.94187e-05
10008	1	100	32	500	0.340848	0.304356	0.14577	0.158587	0.0364915	0.727585	0.0336158	1.29872	0.0554167	3.93826e-05
10009	1	100	35	500	0.336768	0.293089	0.136044	0.157045	0.0436791	0.735903	0.0396777	1.27718	0.0626492	4.00167e-05
10010	1	100	26	500	0.331648	0.289853	0.128264	0.161589	0.0417944	0.739801	0.0385429	1.28015	0.0476267	4.14314e-05
10011	1	100	27	500	0.347729	0.298002	0.129381	0.16862	0.0497271	0.730644	0.0496193	1.27767	0.0568571	4.087e-05
10012	1	100	32	500	0.353517	0.307133	0.135422	0.171711	0.0463836	0.724285	0.0462583	1.29407	0.0449484	4.26844e-05
10013	1	100	27	500	0.351976	0.304407	0.135035	0.169372	0.0475685	0.724398	0.0538677	1.28574	0.0631965	4.24058e-05
10014	1	100	28	500	0.350247	0.305752	0.138923	0.166829	0.0444959	0.725817	0.0471726	1.29495	0.0467403	4.24912e-05
10015	1	100	27	500	0.357214	0.310511	0.141086	0.169424	0.0467031	0.719755	0.0657819	1.28953	0.0668506	4.20863e-05
10016	1	100	26	500	0.356743	0.311648	0.144824	0.166823	0.0450949	0.718921	0.0601054	1.29399	0.0600841	4.19316e-05
10017	1	100	23	500	0.35977	0.315866	0.147599	0.168267	0.0439043	0.715135	0.0493188	1.30245	0.0501403	4.24347e-05
10018	1	100	24	500	0.362807	0.317465	0.145776	0.171688	0.0453421	0.713616	0.048474	1.3026	0.0502677	4.26853e-05
10019	1	100	27	500	0.376761	0.335429	0.18833	0.147098	0.0413326	0.692324	0.0556859	1.31274	0.0651626	3.88514e-05
10020	1	100	24	500	0.371307	0.33689	0.204713	0.132177	0.0344165	0.691193	0.0397802	1.324	0.0468247	3.66317e-05
10021	1	100	28	500	0.364979	0.331991	0.189424	0.142568	0.0329873	0.697829	0.0438483	1.32362	0.0401245	3.82342e-05
10022	1	100	27	500	0.377505	0.341223	0.204067	0.137156	0.0362819	0.690101	0.0414874	1.33013	0.0412084	3.75887e-05
10023	1	100	26	500	0.370064	0.337105	0.208176	0.128929	0.0329587	0.693787	0.0449174	1.33114	0.0432061	3.7104e-05
10024	1	100	28	500	0.359931	0.330341	0.192577	0.137764	0.02959	0.698855	0.0459548	1.32525	0.0461446	3.8092e-05
10025	1	100	25	500	0.377864	0.337403	0.203851	0.133552	0.04046	0.693949	0.0511674	1.32028	0.0570433	3.80804e-05
10026	1	100	25	500	0.390883	0.341513	0.189334	0.15218	0.0493693	0.691877	0.0572898	1.31917	0.0602564	4.06192e-05
10027	1	100	22	500	0.394489	0.345063	0.195452	0.149611	0.049426	0.688926	0.0516434	1.31889	0.048429	4.03361e-05
10028	1	100	24	500	0.412091	0.357425	0.209994	0.147431	0.0546659	0.681983	0.0477513	1.3325	0.0447156	4.13742e-05
10029	1	100	27	500	0.40915	0.358542	0.227718	0.130825	0.0506079	0.675857	0.0450118	1.33669	0.051285	3.8358e-05
10030	1	100	22	500	0.388886	0.350708	0.232014	0.118694	0.0381779	0.678263	0.0485478	1.33873	0.0488434	3.72353e-05
10031	1	100	21	500	0.395594	0.358462	0.257142	0.10132	0.0371316	0.673669	0.0450645	1.34306	0.0467458	3.43374e-05
10032	1	100	22	500	0.3996	0.36165	0.269168	0.0924821	0.0379505	0.67008	0.0456493	1.343	0.0487408	3.34272e-05
10033	1	100	23	500	0.398032	0.359942	0.262573	0.0973694	0.0380897	0.67398	0.0341566	1.34564	0.0235875	3.42345e-05
10034	1	100	19	500	0.403705	0.360052	0.251069	0.108982	0.0436533	0.672176	0.0450982	1.33335	0.048968	3.58159e-05
10035	1	100	17	500	0.388315	0.356494	0.274455	0.082039	0.0318207	0.673907	0.0319812	1.34887	0.0238216	3.13899e-05
10036	1	100	18	500	0.385842	0.354289	0.261352	0.0929374	0.0315532	0.674623	0.0359137	1.34328	0.029052	3.37002e-05
10037	1	100	20	500	0.400021	0.35904	0.270142	0.0888989	0.0409801	0.671317	0.0426726	1.34177	0.0462489	3.29255e-05
10038	1	100	23	500	0.388988	0.354821	0.276837	0.0779847	0.0341671	0.675316	0.0331078	1.34774	0.0257238	3.13127e-05
10039	1	100	26	500	0.388515	0.351414	0.274342	0.0770716	0.0371011	0.67597	0.0348783	1.3395	0.0352803	2.94409e-05
10040	1	100	22	500	0.373001	0.34404	0.25338	0.0906595	0.0289608	0.683231	0.0323813	1.34344	0.0333613	3.08518e-05
10041	1	100	21	500	0.37022	0.342972	0.248778	0.0941946	0.0272476	0.685062	0.0348204	1.34521	0.032927	3.21765e-05
10042	1	100	19	500	0.360286	0.343011	0.270539	0.0724718	0.0172752	0.683238	0.0285639	1.35015	0.0259826	2.9421e-05
10043	1	100	20	500	0.350616	0.339271	0.257992	0.0812786	0.0113449	0.686552	0.0286844	1.34934	0.0211575	3.07604e-05
10044	1	100	20	500	0.351491	0.339409	0.254598	0.0848101	0.0120822	0.685551	0.0305879	1.34534	0.0256785	3.24809e-05
10045	1	100	17	500	0.347323	0.334435	0.229279	0.105156	0.0128878	0.691839	0.0329257	1.34088	0.0282315	3.60884e-05
10046	1	100	19	500	0.343092	0.330693	0.22	0.110693	0.0123986	0.696949	0.0335672	1.34159	0.0313883	3.5558e-05
10047	1	100	20	500	0.339023	0.325043	0.189965	0.135078	0.0139805	0.702192	0.0355047	1.33086	0.0356773	3.96697e-05
10048	1	100	17	500	0.342741	0.329	0.201939	0.127061	0.0137406	0.697694	0.0358956	1.33205	0.0311404	3.90631e-05
10049	1	100	21	500	0.334864	0.322078	0.183894	0.138184	0.0127857	0.706087	0.0324074	1.33328	0.0318395	3.98554e-05
10050	1	100	17	500	0.327763	0.316991	0.172882	0.144109	0.0107718	0.709392	0.0350252	1.32753	0.0389051	4.03982e-05
10051	1	100	21	500	0.335593	0.322252	0.183292	0.13896	0.013341	0.705384	0.0341663	1.33127	0.0330763	4.00615e-05
10052	1	100	19	500	0.336063	0.3244	0.192952	0.131448	0.0116624	0.70233	0.0335745	1.33502	0.0353453	3.89504e-05
10053	1	100	21	500	0.32662	0.315728	0.169022	0.146706	0.0108926	0.71177	0.0325123	1.32745	0.035273	4.09197e-05
10054	1	100	21	500	0.333929	0.324515	0.197417	0.127098	0.00941372	0.702365	0.0317659	1.33912	0.0327877	3.83654e-05
10055	1	100	21	500	0.32706	0.317576	0.174329	0.143247	0.00948379	0.708068	0.034656	1.32847	0.0407083	4.08646e-05
10056	1	100	21	500	0.330281	0.319442	0.177749	0.141693	0.010839	0.708366	0.0315165	1.3308	0.0328765	4.1081e-05
10057	1	100	22	500	0.330826	0.316807	0.169399	0.147408	0.0140197	0.71073	0.0331443	1.32689	0.0381122	4.12944e-05
10058	1	100	24	500	0.34096	0.321218	0.177378	0.14384	0.0197411	0.706992	0.0349514	1.32874	0.0326504	4.0942e-05
10059	1	100	24	500	0.33029	0.315364	0.166359	0.149005	0.0149255	0.712155	0.0331726	1.32472	0.0386648	4.25274e-05
10060	1	100	22	500	0.330835	0.31314	0.160642	0.152497	0.0176957	0.71453	0.0337635	1.31988	0.0403768	4.26909e-05
10061	1	100	24	500	0.320055	0.305575	0.152249	0.153326	0.0144795	0.721572	0.0325257	1.31436	0.0430544	4.25842e-05
10062	1	100	22	500	0.313965	0.30563	0.154056	0.151574	0.00833442	0.719339	0.0356952	1.31578	0.0460597	4.27006e-05
10063	1	100	18	500	0.310074	0.301636	0.150054	0.151582	0.00843762	0.724825	0.033825	1.31362	0.0467693	4.25472e-05
10064	1	100	22	500	0.313504	0.303779	0.151781	0.151999	0.00972526	0.722633	0.0381755	1.31484	0.0492563	4.29146e-05
10065	1	100	22	500	0.320433	0.308956	0.156611	0.152345	0.0114765	0.718819	0.0338669	1.31961	0.0404425	4.35204e-05
10066	1	100	24	500	0.320792	0.308683	0.156967	0.151717	0.0121088	0.718372	0.0366334	1.31593	0.0468901	4.27192e-05
10067	1	100	21	500	0.319257	0.307569	0.154987	0.152582	0.0116876	0.719437	0.0366216	1.31302	0.0433363	4.32019e-05
10068	1	100	24	500	0.325431	0.313043	0.160402	0.152641	0.0123886	0.717722	0.0321141	1.32051	0.038485	4.32232e-05
10069	1	100	23	500	0.330841	0.316958	0.164491	0.152467	0.013883	0.712698	0.0394995	1.31994	0.0411988	4.33728e-05
10070	1	100	23	500	0.345411	0.327216	0.180248	0.146968	0.0181949	0.70458	0.0421318	1.3262	0.037485	4.31687e-05
10071	1	100	22	500	0.35926	0.337037	0.196938	0.140099	0.022223	0.693779	0.0417318	1.32863	0.0371148	4.29506e-05
10072	1	100	23	500	0.367969	0.339558	0.19419	0.145368	0.0284108	0.693226	0.042981	1.32855	0.0432004	4.3602e-05
10073	1	100	23	500	0.367153	0.341585	0.197497	0.144088	0.0255679	0.693107	0.0423446	1.33203	0.0332448	4.36662e-05
10074	1	100	22	500	0.356845	0.338706	0.201465	0.13724	0.0181396	0.693757	0.0451099	1.33199	0.0344897	4.31511e-05
10075	1	100	20	500	0.344148	0.330352	0.187838	0.142514	0.0137963	0.698746	0.0422463	1.32587	0.0407689	4.42738e-05
10076	1	100	20	500	0.342213	0.328472	0.183356	0.145116	0.0137416	0.699611	0.0398119	1.32511	0.0467947	4.47734e-05
10077	1	100	19	500	0.340152	0.326693	0.184866	0.141828	0.0134591	0.702093	0.0378875	1.32524	0.0334499	4.41661e-05
10078	1	100	16	500	0.335298	0.322375	0.174093	0.148282	0.0129226	0.707988	0.0365585	1.32329	0.0369234	4.37889e-05
10079	1	100	18	500	0.335487	0.321981	0.17368	0.148301	0.013506	0.707365	0.0402751	1.31722	0.0388797	4.34121e-05
10080	1	100	19	500	0.340391	0.32807	0.187137	0.140933	0.0123213	0.702243	0.0404049	1.31987	0.0313878	4.19753e-05
10081	1	100	19	500	0.33822	0.324314	0.179269	0.145045	0.0139062	0.704897	0.0383866	1.32101	0.0367854	4.36258e-05
10082	1	100	17	500	0.340249	0.326755	0.185328	0.141427	0.0134943	0.701271	0.040455	1.32199	0.0347459	4.3152e-05
10083	1	100	21	500	0.334317	0.322835	0.180264	0.142571	0.011482	0.704723	0.0380576	1.32567	0.0354409	4.43693e-05
10084	1	100	20	500	0.333405	0.322464	0.181572	0.140892	0.0109409	0.706299	0.0336613	1.33006	0.0336787	4.47642e-05
10085	1	100	18	500	0.33722	0.326491	0.194812	0.131678	0.010729	0.699466	0.0369773	1.32928	0.038414	4.42343e-05
10086	1	100	17	500	0.339198	0.328154	0.19796	0.130194	0.0110447	0.699544	0.036198	1.33044	0.0304528	4.34889e-05
10087	1	100	18	500	0.340314	0.329031	0.197093	0.131938	0.0112831	0.699764	0.0366635	1.32929	0.0310894	4.34266e-05
10088	1	100	20	500	0.350528	0.333847	0.204596	0.129251	0.0166816	0.696118	0.0381104	1.32957	0.0315674	4.35538e-05
10089	1	100	18	500	0.355777	0.333622	0.199075	0.134546	0.0221548	0.697959	0.0379303	1.32517	0.0338921	4.45241e-05
10090	1	100	17	500	0.352295	0.332792	0.204615	0.128177	0.0195033	0.696574	0.0367567	1.32913	0.0310347	4.54987e-05
10091	1	100	18	500	0.359834	0.338686	0.22631	0.112376	0.0211477	0.690267	0.0363562	1.33399	0.0347324	4.34266e-05
10092	1	100	18	500	0.358559	0.33718	0.223257	0.113923	0.0213786	0.691651	0.0358372	1.33487	0.0333633	4.42019e-05
10093	1	100	19	500	0.369623	0.337015	0.21013	0.126885	0.0326078	0.693591	0.0399931	1.32759	0.0394993	4.60479e-05
10094	1	100	21	500	0.385396	0.344957	0.228351	0.116606	0.0404389	0.684232	0.0532217	1.32066	0.0759196	4.4249e-05
10095	1	100	20	500	0.392751	0.349292	0.238783	0.110509	0.0434592	0.684267	0.0391351	1.32727	0.0375529	4.34964e-05
10096	1	100	21	500	0.396201	0.352948	0.26299	0.0899584	0.043253	0.67291	0.0613158	1.32016	0.101522	3.93046e-05
10097	1	100	20	500	0.379361	0.347741	0.271122	0.0766194	0.0316201	0.680538	0.0314427	1.34229	0.0319139	3.65884e-05
10098	1	100	21	500	0.391095	0.351659	0.266483	0.0851759	0.0394359	0.675736	0.0519679	1.32876	0.0842444	3.90585e-05
10099	1	100	22	500	0.391173	0.353457	0.277923	0.0755336	0.0377161	0.67317	0.0528021	1.32911	0.0838809	3.8524e-05
10100	1	100	25	500	0.416694	0.360012	0.262866	0.0971458	0.056682	0.676043	0.0384846	1.32377	0.0403421	4.10392e-05
10101	1	100	19	500	0.413641	0.359057	0.251604	0.107453	0.0545838	0.678013	0.0390633	1.32224	0.0423827	4.25103e-05
