Generation	PopulationID	SampleSize	UniqueMutations	PopulationSize	totalLoad	RelzLoad	RelzLoadHomo	RelzLoadHetero	MskLoad	MeanFitness	SdFitness	MeanFitnessCached	SdFitnessCached	Heterozygosity	
10001	1	100	56	500	0.373251	0.362484	0.224211	0.138273	0.0107663	0.678984	0.0244354	1.40132	0.0404255	3.68162e-05
10002	1	100	39	500	0.347523	0.334964	0.217076	0.117888	0.0125592	0.698838	0.0250686	1.36275	0.0400733	3.31932e-05
10003	1	100	25	500	0.353065	0.3431	0.24076	0.10234	0.00996574	0.692596	0.0209473	1.37487	0.0373964	3.06767e-05
10004	1	100	25	500	0.36036	0.343026	0.276625	0.066401	0.0173342	0.690862	0.0219748	1.36674	0.0381568	2.39445e-05
10005	1	100	27	500	0.355802	0.340121	0.263757	0.0763643	0.0156813	0.69337	0.020869	1.36508	0.0435428	2.55844e-05
10006	1	100	22	500	0.341755	0.335575	0.254066	0.0815089	0.00617946	0.696422	0.021701	1.36566	0.0396871	2.69978e-05
10007	1	100	21	500	0.353167	0.339875	0.258109	0.0817663	0.0132922	0.69355	0.0253789	1.3663	0.0444018	2.63953e-05
10008	1	100	21	500	0.352039	0.340946	0.253149	0.087797	0.0110927	0.693163	0.023257	1.37014	0.0424372	2.78615e-05
10009	1	100	23	500	0.353981	0.338271	0.253723	0.084548	0.0157099	0.695105	0.0252072	1.36281	0.0431297	2.68608e-05
10010	1	100	22	500	0.393347	0.351712	0.288621	0.0630911	0.041635	0.684423	0.0289706	1.35954	0.0536108	2.29032e-05
10011	1	100	18	500	0.412648	0.35815	0.31189	0.0462602	0.0544976	0.681154	0.0315137	1.35316	0.0565054	2.07711e-05
10012	1	100	20	500	0.417159	0.356735	0.302843	0.0538922	0.0604238	0.678872	0.0724048	1.33935	0.119136	2.18575e-05
10013	1	100	22	500	0.413893	0.3574	0.317461	0.0399385	0.0564935	0.681385	0.0334229	1.34964	0.059371	1.98294e-05
10014	1	100	18	500	0.395225	0.350198	0.312844	0.0373536	0.0450275	0.685749	0.0329605	1.35162	0.0577384	1.92925e-05
10015	1	100	19	500	0.389923	0.348328	0.308352	0.039976	0.041595	0.686947	0.0317218	1.35218	0.0601706	1.94358e-05
10016	1	100	18	500	0.402043	0.350843	0.313095	0.0377476	0.0511997	0.685948	0.0347288	1.34653	0.0569976	1.90551e-05
10017	1	100	17	500	0.408131	0.356178	0.317142	0.0390356	0.0519529	0.682255	0.0343442	1.35276	0.0585316	1.79236e-05
10018	1	100	16	500	0.174959	0.144606	0.114941	0.0296657	0.0303523	0.85432	0.0981992	1.12409	0.107801	1.72645e-05
10019	1	100	13	500	0.182396	0.146573	0.112805	0.0337681	0.0358226	0.859722	0.0348397	1.12996	0.0419938	1.86097e-05
10020	1	100	13	500	0.200613	0.14946	0.109516	0.0399434	0.051153	0.859052	0.0398616	1.1214	0.0483429	2.02347e-05
10021	1	100	15	500	0.182798	0.147431	0.119915	0.0275168	0.0353663	0.858993	0.0345731	1.13017	0.0437418	1.89253e-05
10022	1	100	16	500	0.202244	0.151164	0.118601	0.032563	0.0510803	0.856913	0.036479	1.1227	0.0528167	1.98833e-05
10023	1	100	14	500	0.193875	0.146222	0.107931	0.0382916	0.0476526	0.861182	0.040439	1.11975	0.0457066	2.1254e-05
10024	1	100	17	500	0.167743	0.136842	0.095308	0.0415336	0.0309011	0.868681	0.0359614	1.12246	0.0447994	2.37957e-05
10025	1	100	17	500	0.156564	0.132033	0.0849784	0.0470547	0.024531	0.872578	0.0410935	1.12103	0.0443546	2.42143e-05
10026	1	100	20	500	0.141852	0.131354	0.0935728	0.0377813	0.0104983	0.871869	0.0324624	1.12813	0.0376264	2.14024e-05
10027	1	100	19	500	0.147987	0.133737	0.0859907	0.0477467	0.0142497	0.871059	0.033845	1.12988	0.0342895	2.3213e-05
10028	1	100	19	500	0.145585	0.13211	0.0966554	0.0354546	0.0134753	0.872146	0.0328918	1.12827	0.0369492	2.24299e-05
10029	1	100	16	500	0.140071	0.131832	0.0996281	0.0322037	0.00823946	0.871991	0.0326939	1.13106	0.0375083	2.20746e-05
10030	1	100	14	500	0.149076	0.135931	0.0971813	0.03875	0.0131446	0.867861	0.038222	1.13395	0.0448699	2.35517e-05
10031	1	100	14	500	0.142872	0.135173	0.111895	0.0232778	0.00769857	0.868738	0.0305261	1.13437	0.0339794	2.31223e-05
10032	1	100	12	500	0.125894	0.125376	0.0911506	0.0342258	0.000517614	0.878219	0.0330843	1.12866	0.0368346	2.49357e-05
10033	1	100	13	500	0.129439	0.128362	0.102449	0.0259128	0.00107642	0.875121	0.0266541	1.13109	0.0295124	2.52187e-05
10034	1	100	14	500	0.129918	0.128734	0.100579	0.0281548	0.00118446	0.874555	0.0244089	1.13127	0.0261765	2.52928e-05
10035	1	100	15	500	0.123601	0.122449	0.0862427	0.0362062	0.00115205	0.880957	0.0323657	1.12529	0.0352161	2.74985e-05
10036	1	100	17	500	0.119884	0.119024	0.0736717	0.0453527	0.0008598	0.884122	0.0293777	1.12151	0.032384	2.86306e-05
10037	1	100	14	500	0.119088	0.118196	0.070676	0.0475201	0.000891857	0.884928	0.0293131	1.12063	0.0321519	2.89692e-05
10038	1	100	17	500	0.122282	0.120556	0.086007	0.0345487	0.00172677	0.882468	0.0284987	1.1224	0.0304377	2.84426e-05
10039	1	100	16	500	0.126414	0.119845	0.0824552	0.0373895	0.00656931	0.883245	0.0310617	1.11881	0.0318715	2.9361e-05
10040	1	100	15	500	0.140891	0.128417	0.0995988	0.0288183	0.0124735	0.87508	0.0288127	1.12377	0.0304849	2.81708e-05
10041	1	100	15	500	0.145636	0.132593	0.11116	0.0214325	0.0130433	0.871333	0.0269071	1.12796	0.027625	2.7182e-05
10042	1	100	19	500	0.168413	0.142171	0.116008	0.0261624	0.0262423	0.86372	0.0230802	1.12899	0.0246826	2.59677e-05
10043	1	100	17	500	0.160307	0.138922	0.110821	0.0281008	0.0213856	0.866137	0.0215174	1.12956	0.0241829	2.41123e-05
10044	1	100	19	500	0.154167	0.136514	0.10536	0.0311534	0.017653	0.868047	0.0203435	1.12987	0.0263053	2.56057e-05
10045	1	100	16	500	0.154705	0.139489	0.117755	0.0217346	0.0152161	0.8649	0.018405	1.13434	0.0209459	2.4813e-05
10046	1	100	13	500	0.148055	0.136471	0.111346	0.0251251	0.0115836	0.86796	0.0201828	1.1331	0.0205945	2.59731e-05
10047	1	100	16	500	0.151749	0.136913	0.103292	0.0336204	0.0148361	0.867685	0.0222663	1.13195	0.0224583	2.56206e-05
10048	1	100	13	500	0.15853	0.138557	0.10216	0.036397	0.0199727	0.866553	0.019474	1.1299	0.0233414	2.45116e-05
10049	1	100	16	500	0.15071	0.135975	0.0981946	0.0377802	0.0147354	0.86868	0.0166821	1.13096	0.0216891	2.55238e-05
10050	1	100	13	500	0.150203	0.137143	0.109152	0.0279903	0.0130601	0.866899	0.0187698	1.1325	0.0214621	2.37068e-05
10051	1	100	14	500	0.148885	0.138817	0.120117	0.0186997	0.0100682	0.865088	0.00988936	1.13616	0.0207604	2.29286e-05
10052	1	100	11	500	0.141527	0.139927	0.135784	0.00414319	0.00159955	0.863678	0.00443449	1.14207	0.00496842	2.09741e-05
10053	1	100	10	500	0.140251	0.138498	0.127886	0.0106123	0.00175309	0.865043	0.00773533	1.14037	0.0077941	2.08913e-05
10054	1	100	12	500	0.139478	0.138166	0.126927	0.0112399	0.00131116	0.865267	0.00747347	1.1406	0.00730754	2.14481e-05
10055	1	100	12	500	0.140533	0.138462	0.128252	0.0102101	0.00207149	0.865162	0.00736896	1.14093	0.00750328	2.13136e-05
10056	1	100	7	500	0.140189	0.138592	0.129636	0.00895558	0.00159719	0.864796	0.00763433	1.14057	0.00834422	1.95106e-05
10057	1	100	9	500	0.143167	0.1413	0.13588	0.00541993	0.00186729	0.862689	0.00824868	1.14345	0.0104811	1.84555e-05
10058	1	100	7	500	0.0050215	0.00210388	0.00027828	0.0018256	0.00291762	0.997775	0.00746454	0.999992	0.00755855	1.80128e-05
10059	1	100	11	500	0.00595876	0.00278627	0.000175062	0.00261121	0.00317249	0.996979	0.0109031	1.00088	0.0100196	1.74079e-05
10060	1	100	10	500	0.0084616	0.00358048	0.000173207	0.00340727	0.00488112	0.995848	0.0109609	1.00053	0.0115738	1.68028e-05
10061	1	100	12	500	0.0078195	0.00381137	0.000499048	0.00331232	0.00400813	0.996428	0.010771	1.00114	0.0103823	1.63111e-05
10062	1	100	10	500	0.0084621	0.00312019	0.000461139	0.00265906	0.0053419	0.996503	0.00940625	0.999183	0.00983265	1.7124e-05
10063	1	100	9	500	0.0182718	0.00510716	0.000573949	0.00453322	0.0131646	0.994788	0.015281	0.99732	0.015922	1.67762e-05
10064	1	100	13	500	0.0298562	0.00764036	0.00141355	0.00622682	0.0222158	0.992752	0.0213251	0.994114	0.0216595	1.63999e-05
10065	1	100	7	500	0.0264457	0.00621073	0.001152	0.00505874	0.0202349	0.994061	0.0187748	0.994247	0.0183076	1.52688e-05
10066	1	100	11	500	0.0437833	0.0109986	0.00274406	0.00825457	0.0327847	0.99031	0.0226579	0.990697	0.0227886	1.52721e-05
10067	1	100	8	500	0.0418658	0.0104918	0.00264831	0.00784349	0.031374	0.991257	0.0219193	0.991259	0.0219202	1.72062e-05
10068	1	100	8	500	0.0408657	0.0102682	0.00261882	0.00764937	0.0305975	0.991304	0.0212988	0.991304	0.0212988	1.79998e-05
10069	1	100	9	500	0.0253999	0.00650959	0.00178702	0.00472257	0.0188903	0.993927	0.0156222	0.993937	0.0156262	1.79683e-05
10070	1	100	12	500	0.0255393	0.00636349	0.00145305	0.00491044	0.0191759	0.994009	0.0155407	0.99424	0.0154862	1.77564e-05
10071	1	100	8	500	0.0336327	0.00864264	0.00239513	0.00624751	0.02499	0.991597	0.020315	0.991597	0.020315	1.85395e-05
10072	1	100	7	500	0.0323539	0.00857777	0.00263374	0.00594403	0.0237761	0.992427	0.017074	0.992511	0.0171021	1.70711e-05
10073	1	100	8	500	0.0278608	0.00714619	0.00196754	0.00517865	0.0207146	0.993367	0.0158907	0.993367	0.0158907	1.56266e-05
10074	1	100	8	500	0.0203096	0.00575279	0.00196552	0.00378727	0.0145568	0.99467	0.0126353	0.994961	0.0123286	1.63598e-05
10075	1	100	6	500	0.0255291	0.00665555	0.00193716	0.00471839	0.0188736	0.993711	0.0146363	0.993757	0.0146558	1.51253e-05
10076	1	100	6	500	0.0274084	0.00771034	0.00278582	0.00492452	0.0196981	0.992795	0.0142822	0.992795	0.0142822	1.6673e-05
10077	1	100	8	500	0.0303854	0.00903588	0.00369849	0.00533739	0.0213496	0.992791	0.0146212	0.992791	0.0146212	1.50272e-05
10078	1	100	6	500	0.0236254	0.00855351	0.00478554	0.00376798	0.0150719	0.987586	0.0264857	0.987586	0.0264858	1.42861e-05
10079	1	100	5	500	0.029264	0.0105383	0.00585692	0.00468141	0.0187256	0.987658	0.0238706	0.987658	0.0238706	1.56892e-05
10080	1	100	6	500	0.0312974	0.011068	0.00601061	0.00505735	0.0202294	0.988194	0.0233403	0.988212	0.023342	1.51098e-05
10081	1	100	8	500	0.0350112	0.0106203	0.00451928	0.006101	0.0243909	0.990692	0.0155651	0.990844	0.015655	1.66718e-05
10082	1	100	6	500	0.0444843	0.0137981	0.00612661	0.00767154	0.0306862	0.989728	0.0126136	0.989882	0.0125371	1.70539e-05
10083	1	100	7	500	0.0598603	0.0183612	0.0079237	0.0104375	0.0414991	0.983537	0.0251203	0.98371	0.0250508	1.68577e-05
10084	1	100	11	500	0.0616476	0.0190351	0.00828499	0.0107501	0.0426125	0.976071	0.0529781	0.976533	0.0531274	1.82233e-05
10085	1	100	8	500	0.0530902	0.0164107	0.00724084	0.00916988	0.0366795	0.985057	0.0187397	0.985158	0.0187213	1.81675e-05
10086	1	100	9	500	0.0596025	0.0182392	0.00787607	0.0103631	0.0413633	0.986171	0.014005	0.986442	0.0140799	1.83064e-05
10087	1	100	9	500	0.0580934	0.0193507	0.00966508	0.00968566	0.0387426	0.979713	0.0369538	0.979713	0.0369538	1.90485e-05
10088	1	100	10	500	0.0412835	0.0137728	0.00689518	0.00687766	0.0275106	0.986509	0.0164546	0.986714	0.016393	1.88863e-05
10089	1	100	10	500	0.0452197	0.0147093	0.00708168	0.0076276	0.0305104	0.987448	0.0118684	0.987448	0.0118684	1.90874e-05
10090	1	100	10	500	0.050011	0.0158254	0.00727895	0.00854642	0.0341857	0.986689	0.0146977	0.986689	0.0146977	1.89839e-05
10091	1	100	9	500	0.0481927	0.0168486	0.00901263	0.00783601	0.0313441	0.985034	0.0139503	0.985182	0.0140691	1.88735e-05
10092	1	100	13	500	0.0486959	0.0176198	0.00985081	0.00776901	0.0310761	0.984096	0.018553	0.984398	0.0185112	1.90457e-05
10093	1	100	12	500	0.0465812	0.0177932	0.0105961	0.00719701	0.0287881	0.981453	0.0210433	0.981501	0.0210598	1.94211e-05
10094	1	100	15	500	0.0629873	0.0213506	0.0109414	0.0104092	0.0416367	0.9766	0.032757	0.976796	0.0327381	1.87393e-05
10095	1	100	13	500	0.0759905	0.0249734	0.0122191	0.0127543	0.0510171	0.974072	0.0375436	0.974195	0.0374204	1.98235e-05
10096	1	100	13	500	0.0830609	0.0261969	0.0119808	0.014216	0.0568641	0.971857	0.0357854	0.971857	0.0357854	2.01476e-05
10097	1	100	11	500	0.0797514	0.0248873	0.0111713	0.013716	0.0548641	0.974753	0.0458376	0.975288	0.0460988	2.02342e-05
10098	1	100	15	500	0.082651	0.0257514	0.0113198	0.0144315	0.0568996	0.977683	0.0313952	0.978306	0.0315697	2.05114e-05
10099	1	100	15	500	0.0627016	0.02169	0.0112545	0.0104356	0.0410116	0.977972	0.0307517	0.978479	0.0309522	2.00402e-05
10100	1	100	15	500	0.0871193	0.0266759	0.0111444	0.0155314	0.0604434	0.975427	0.041475	0.976279	0.041665	2.09545e-05
10101	1	100	13	500	0.137855	0.0402218	0.0151709	0.0250508	0.0976331	0.946892	0.194592	0.956249	0.138058	2.12561e-05
