Generation	PopulationID	SampleSize	UniqueMutations	PopulationSize	totalLoad	RelzLoad	RelzLoadHomo	RelzLoadHetero	MskLoad	MeanFitness	SdFitness	MeanFitnessCached	SdFitnessCached	Heterozygosity	
10001	1	100	61	500	0.41029	0.363074	0.248336	0.114738	0.0472161	0.682304	0.0383192	1.37441	0.0802643	3.68119e-05
10002	1	100	40	500	0.419349	0.352612	0.276617	0.0759949	0.0667374	0.691289	0.0324699	1.34505	0.0624657	3.30456e-05
10003	1	100	34	500	0.428385	0.357823	0.276445	0.0813779	0.0705621	0.688514	0.0338258	1.34617	0.077508	3.23685e-05
10004	1	100	35	500	0.432142	0.361312	0.257058	0.104254	0.0708293	0.686977	0.0353073	1.35402	0.088913	3.41942e-05
10005	1	100	37	500	0.448598	0.372994	0.238367	0.134627	0.0756038	0.675219	0.069283	1.35565	0.146634	3.69724e-05
10006	1	100	35	500	0.563464	0.406284	0.286809	0.119475	0.15718	0.671013	0.0358775	1.30991	0.0971571	3.48003e-05
10007	1	100	32	500	0.574968	0.413265	0.295525	0.11774	0.161703	0.637403	0.144243	1.24294	0.287612	3.42206e-05
10008	1	100	32	500	0.596184	0.426891	0.301566	0.125326	0.169293	0.649675	0.106482	1.27299	0.21017	3.46118e-05
10009	1	100	31	500	0.598091	0.425421	0.291693	0.133728	0.17267	0.658178	0.0794863	1.29083	0.160846	3.56621e-05
10010	1	100	27	500	0.645403	0.465186	0.316972	0.148214	0.180217	0.61231	0.158895	1.22364	0.324576	3.61802e-05
10011	1	100	31	500	0.695458	0.499313	0.330821	0.168492	0.196145	0.584323	0.182745	1.18865	0.380937	3.72781e-05
10012	1	100	28	500	0.660876	0.479283	0.31805	0.161233	0.181593	0.635518	0.10018	1.27615	0.212644	3.64558e-05
10013	1	100	24	500	0.69991	0.512104	0.334453	0.17765	0.187807	0.590875	0.167711	1.21867	0.355788	3.65536e-05
10014	1	100	30	500	0.724391	0.512543	0.369967	0.142576	0.211848	0.582929	0.183887	1.16166	0.376609	3.36759e-05
10015	1	100	21	500	0.669491	0.477379	0.310893	0.166486	0.192112	0.614629	0.139249	1.25342	0.295643	3.50317e-05
10016	1	100	21	500	0.661488	0.464233	0.303234	0.160999	0.197255	0.608444	0.145065	1.23719	0.308189	3.51795e-05
10017	1	100	21	500	0.710483	0.498922	0.302871	0.196051	0.211561	0.59144	0.14686	1.25322	0.325141	3.76397e-05
10018	1	100	24	500	0.65596	0.477942	0.273481	0.204461	0.178018	0.610843	0.118514	1.31305	0.271453	3.87272e-05
10019	1	100	20	500	0.659313	0.493102	0.268674	0.224428	0.166211	0.609694	0.106198	1.34411	0.246032	4.022e-05
10020	1	100	21	500	0.65312	0.498096	0.253126	0.24497	0.155024	0.591838	0.122397	1.36206	0.293685	4.21561e-05
10021	1	100	19	500	0.689867	0.515319	0.26878	0.246539	0.174548	0.577856	0.141229	1.32287	0.345084	4.19809e-05
10022	1	100	22	500	0.744358	0.533535	0.287326	0.246209	0.210824	0.576027	0.140653	1.28986	0.32862	4.215e-05
10023	1	100	22	500	0.71578	0.522394	0.261515	0.260879	0.193386	0.560437	0.145338	1.30889	0.365448	4.33018e-05
10024	1	100	23	500	0.699972	0.528651	0.265681	0.26297	0.17132	0.587662	0.096892	1.38643	0.230874	4.27241e-05
10025	1	100	24	500	0.747155	0.555632	0.285909	0.269723	0.191522	0.535229	0.15709	1.30381	0.401158	4.27685e-05
10026	1	100	22	500	0.797303	0.57912	0.315478	0.263643	0.218183	0.520164	0.179777	1.21984	0.452716	4.34569e-05
10027	1	100	26	500	0.787731	0.574143	0.307809	0.266334	0.213588	0.548378	0.155667	1.27279	0.377966	4.383e-05
10028	1	100	23	500	0.753918	0.550083	0.287481	0.262602	0.203835	0.557345	0.15352	1.28231	0.370895	4.41289e-05
10029	1	100	25	500	0.746234	0.546188	0.293224	0.252963	0.200046	0.555233	0.167477	1.25958	0.391803	4.40721e-05
10030	1	100	28	500	0.741253	0.535414	0.286917	0.248497	0.205839	0.56101	0.160221	1.26871	0.37773	4.37627e-05
10031	1	100	25	500	0.697467	0.492346	0.285453	0.206892	0.205121	0.593256	0.143025	1.26982	0.315495	4.06828e-05
10032	1	100	28	500	0.700926	0.498275	0.26081	0.237465	0.202651	0.594443	0.125026	1.31506	0.278798	4.37668e-05
10033	1	100	27	500	0.701066	0.500519	0.246308	0.254211	0.200547	0.601318	0.0998885	1.36141	0.214869	4.37562e-05
10034	1	100	28	500	0.669701	0.490587	0.232989	0.257599	0.179114	0.602482	0.105153	1.36896	0.1931	4.32805e-05
10035	1	100	33	500	0.703033	0.509631	0.243234	0.266397	0.193402	0.591618	0.103412	1.37265	0.233646	4.39497e-05
10036	1	100	31	500	0.688325	0.490605	0.239361	0.251244	0.19772	0.584726	0.143252	1.32078	0.303572	4.32805e-05
10037	1	100	31	500	0.653317	0.47835	0.233041	0.245308	0.174968	0.60453	0.103312	1.37267	0.206865	4.17913e-05
10038	1	100	32	500	0.655271	0.480234	0.231732	0.248503	0.175037	0.616071	0.0623052	1.4078	0.108105	4.25546e-05
10039	1	100	26	500	0.604946	0.467769	0.221397	0.246372	0.137177	0.614868	0.062448	1.42269	0.158785	4.11332e-05
10040	1	100	30	500	0.586257	0.459517	0.218417	0.2411	0.12674	0.624493	0.0608142	1.42997	0.118891	4.04302e-05
10041	1	100	31	500	0.65335	0.481656	0.228574	0.253083	0.171694	0.601794	0.10588	1.38001	0.215945	4.11482e-05
10042	1	100	31	500	0.61027	0.478103	0.223242	0.254861	0.132167	0.611243	0.067707	1.43592	0.126725	4.06443e-05
10043	1	100	32	500	0.63425	0.487526	0.226652	0.260875	0.146724	0.607653	0.0590589	1.44272	0.118588	4.26794e-05
10044	1	100	32	500	0.638643	0.485127	0.227086	0.258042	0.153516	0.597119	0.099757	1.40094	0.218135	4.20837e-05
10045	1	100	30	500	0.642198	0.475222	0.232973	0.242249	0.166976	0.610082	0.0895967	1.38572	0.185963	3.92843e-05
10046	1	100	28	500	0.666732	0.48574	0.23522	0.25052	0.180992	0.607756	0.0884295	1.38402	0.172145	4.03499e-05
10047	1	100	28	500	0.651443	0.476483	0.232165	0.244318	0.174961	0.60988	0.0850982	1.38516	0.183114	4.08114e-05
10048	1	100	27	500	0.724773	0.511815	0.247267	0.264548	0.212959	0.601541	0.0756383	1.3838	0.138972	4.20264e-05
10049	1	100	31	500	0.759953	0.515225	0.245432	0.269793	0.244728	0.595635	0.0821957	1.35637	0.17623	4.40932e-05
10050	1	100	32	500	0.73529	0.500218	0.235746	0.264472	0.235071	0.600107	0.081441	1.356	0.178238	4.43901e-05
10051	1	100	30	500	0.751303	0.509486	0.240965	0.26852	0.241818	0.592401	0.0915668	1.34362	0.192893	4.52158e-05
10052	1	100	31	500	0.732114	0.500133	0.23807	0.262063	0.231981	0.58724	0.107859	1.32723	0.250986	4.57262e-05
10053	1	100	31	500	0.708563	0.497931	0.235589	0.262342	0.210632	0.583031	0.113329	1.33103	0.267936	4.56825e-05
10054	1	100	33	500	0.758988	0.509041	0.248881	0.26016	0.249946	0.604236	0.0682056	1.34854	0.145945	4.53514e-05
10055	1	100	32	500	0.707549	0.492441	0.247346	0.245095	0.215108	0.589269	0.116347	1.30515	0.278002	4.42285e-05
10056	1	100	30	500	0.772118	0.515564	0.271349	0.244216	0.256554	0.575837	0.132795	1.26281	0.311804	4.48908e-05
10057	1	100	32	500	0.719301	0.493633	0.260469	0.233164	0.225668	0.589085	0.128924	1.28348	0.295031	4.42385e-05
10058	1	100	31	500	0.732594	0.500453	0.259937	0.240516	0.232141	0.589345	0.123835	1.2966	0.287402	4.38038e-05
10059	1	100	29	500	0.743827	0.50147	0.265102	0.236368	0.242358	0.589255	0.120934	1.28231	0.27579	4.36227e-05
10060	1	100	30	500	0.680086	0.481542	0.245594	0.235948	0.198544	0.612806	0.0916384	1.34033	0.211731	4.35067e-05
10061	1	100	29	500	0.657698	0.471791	0.233731	0.23806	0.185907	0.612184	0.0918267	1.35121	0.197473	4.31651e-05
10062	1	100	29	500	0.658627	0.4688	0.240096	0.228704	0.189827	0.621064	0.0700964	1.35293	0.157166	4.08274e-05
10063	1	100	29	500	0.662201	0.467481	0.246037	0.221444	0.194721	0.617643	0.10077	1.32453	0.223989	4.04815e-05
10064	1	100	34	500	0.610234	0.451697	0.225863	0.225834	0.158537	0.630313	0.064362	1.3703	0.131061	4.03815e-05
10065	1	100	30	500	0.619003	0.464758	0.2231	0.241658	0.154245	0.606995	0.100526	1.35909	0.232418	4.20038e-05
10066	1	100	29	500	0.59926	0.462231	0.227219	0.235012	0.137029	0.626432	0.0565855	1.38997	0.11127	4.18022e-05
10067	1	100	24	500	0.523068	0.43174	0.212174	0.219566	0.091328	0.637185	0.0744523	1.3944	0.13783	3.88669e-05
10068	1	100	25	500	0.52823	0.432287	0.215575	0.216713	0.095943	0.633621	0.0853622	1.38408	0.17167	3.86903e-05
10069	1	100	25	500	0.565609	0.449568	0.225982	0.223585	0.116041	0.628326	0.0818833	1.38312	0.176072	3.97924e-05
10070	1	100	23	500	0.552048	0.435995	0.223886	0.212109	0.116053	0.634431	0.0864517	1.37149	0.193347	3.7057e-05
10071	1	100	25	500	0.555375	0.442942	0.231474	0.211468	0.112433	0.614801	0.128868	1.3384	0.280893	3.85527e-05
10072	1	100	25	500	0.584275	0.454666	0.244028	0.210639	0.129609	0.624982	0.103957	1.34083	0.233966	3.83616e-05
10073	1	100	22	500	0.522732	0.422906	0.226918	0.195988	0.0998261	0.652873	0.0426584	1.37969	0.0892183	3.56992e-05
10074	1	100	24	500	0.523472	0.425351	0.223359	0.201992	0.0981213	0.648399	0.0480382	1.37994	0.0903902	3.67571e-05
10075	1	100	21	500	0.55747	0.447719	0.227095	0.220624	0.109751	0.630835	0.0732525	1.37743	0.146662	4.00001e-05
10076	1	100	20	500	0.576639	0.45872	0.23133	0.22739	0.117918	0.622916	0.0862663	1.37547	0.170351	4.13953e-05
10077	1	100	22	500	0.511399	0.423826	0.215447	0.208379	0.0875737	0.648659	0.0451527	1.39481	0.0903657	3.80276e-05
10078	1	100	25	500	0.532392	0.425298	0.229742	0.195556	0.107094	0.643891	0.0834863	1.3616	0.17073	3.74726e-05
10079	1	100	20	500	0.503965	0.421441	0.219323	0.202119	0.0825238	0.647931	0.0588625	1.39414	0.085773	3.75357e-05
10080	1	100	21	500	0.50444	0.423679	0.21757	0.206109	0.0807608	0.637578	0.0876165	1.3831	0.171301	3.71066e-05
10081	1	100	19	500	0.5075	0.433687	0.217943	0.215744	0.0738131	0.639331	0.05226	1.41718	0.0902086	3.8261e-05
10082	1	100	24	500	0.492044	0.421522	0.215381	0.206141	0.0705215	0.647754	0.0465198	1.40935	0.0819018	3.6297e-05
10083	1	100	23	500	0.518732	0.438552	0.221919	0.216634	0.08018	0.636027	0.0542404	1.41176	0.078374	3.80516e-05
10084	1	100	21	500	0.504516	0.439633	0.224725	0.214909	0.0648825	0.63353	0.048881	1.4276	0.0851363	3.57071e-05
10085	1	100	16	500	0.471891	0.42298	0.220573	0.202406	0.0489107	0.641263	0.04416	1.42228	0.073018	3.24915e-05
10086	1	100	22	500	0.45025	0.407399	0.21385	0.193549	0.0428507	0.654644	0.039601	1.41772	0.0741126	3.19486e-05
10087	1	100	22	500	0.472657	0.409711	0.217784	0.191927	0.0629464	0.65465	0.0460154	1.40362	0.082848	3.29881e-05
10088	1	100	19	500	0.465722	0.406388	0.218075	0.188313	0.0593344	0.648386	0.0771379	1.38944	0.153462	3.31582e-05
10089	1	100	22	500	0.487724	0.41086	0.223211	0.187649	0.0768642	0.654785	0.045711	1.38927	0.0850153	3.36044e-05
10090	1	100	17	500	0.497845	0.389681	0.224093	0.165588	0.108164	0.663559	0.105724	1.29921	0.214049	3.12964e-05
10091	1	100	17	500	0.456962	0.373673	0.199069	0.174604	0.0832892	0.682455	0.0427132	1.33816	0.0790997	3.1272e-05
10092	1	100	15	500	0.417591	0.358813	0.190781	0.168032	0.0587785	0.684378	0.0657271	1.33787	0.120249	2.94168e-05
10093	1	100	15	500	0.440946	0.370746	0.190855	0.17989	0.0702001	0.680273	0.0594612	1.34618	0.117379	3.10831e-05
10094	1	100	16	500	0.437039	0.367194	0.190027	0.177167	0.0698457	0.68505	0.0411123	1.34564	0.0769792	3.0937e-05
10095	1	100	16	500	0.435574	0.364144	0.191803	0.172341	0.0714301	0.685499	0.0431975	1.33792	0.078451	3.09957e-05
10096	1	100	17	500	0.430959	0.359608	0.199636	0.159972	0.071351	0.691295	0.0359226	1.33767	0.0738997	2.93634e-05
10097	1	100	17	500	0.417272	0.35555	0.194068	0.161481	0.061722	0.691569	0.0435932	1.33981	0.0715331	2.929e-05
10098	1	100	16	500	0.416658	0.361213	0.185197	0.176016	0.0554451	0.688509	0.03851	1.35266	0.0655575	3.09924e-05
10099	1	100	18	500	0.383261	0.368076	0.185645	0.182432	0.0151847	0.677127	0.0507866	1.37733	0.0546334	2.95108e-05
10100	1	100	15	500	0.373265	0.359919	0.181547	0.178371	0.0133458	0.683645	0.0485726	1.37273	0.0544581	2.94525e-05
10101	1	100	16	500	0.384344	0.366426	0.184093	0.182333	0.0179181	0.678819	0.0519947	1.3748	0.0521806	2.99604e-05
