Generation	PopulationID	SampleSize	UniqueMutations	PopulationSize	totalLoad	RelzLoad	RelzLoadHomo	RelzLoadHetero	MskLoad	MeanFitness	SdFitness	MeanFitnessCached	SdFitnessCached	Heterozygosity	
10001	1	100	38	500	0.421506	0.411456	0.39384	0.0176164	0.0100495	0.642417	0.0276195	1.46165	0.044788	1.66758e-05
10002	1	100	30	500	0.316538	0.304941	0.281026	0.0239146	0.0115969	0.720222	0.0385632	1.32071	0.0520447	1.70698e-05
10003	1	100	26	500	0.169764	0.156948	0.144274	0.0126741	0.0128159	0.844808	0.0233804	1.1485	0.024722	1.64236e-05
10004	1	100	21	500	0.157589	0.148319	0.13334	0.0149794	0.00926938	0.852728	0.0280276	1.14154	0.0270502	1.75964e-05
10005	1	100	20	500	0.154814	0.145476	0.126414	0.0190621	0.00933808	0.856118	0.0323042	1.1378	0.0317524	1.84929e-05
10006	1	100	12	500	0.149031	0.142467	0.123258	0.0192093	0.00656395	0.859068	0.033115	1.1375	0.035267	1.81178e-05
10007	1	100	12	500	0.151582	0.141651	0.121235	0.0204161	0.00993157	0.859049	0.0313583	1.13395	0.0337655	1.81185e-05
10008	1	100	14	500	0.159996	0.144754	0.122218	0.0225359	0.0152411	0.857202	0.0373402	1.13305	0.0362613	1.80644e-05
10009	1	100	15	500	0.160501	0.145353	0.123462	0.0218913	0.0151477	0.854826	0.0405403	1.13132	0.0388939	1.8141e-05
10010	1	100	12	500	0.176158	0.156812	0.139462	0.0173493	0.0193461	0.845127	0.0328026	1.13775	0.0314982	1.76562e-05
10011	1	100	13	500	0.175888	0.157598	0.142278	0.0153199	0.0182902	0.843684	0.0306601	1.14001	0.0299118	1.73333e-05
10012	1	100	11	500	0.164191	0.151425	0.132178	0.019247	0.012766	0.851166	0.03544	1.13874	0.0328577	1.77396e-05
10013	1	100	12	500	0.143832	0.133861	0.104886	0.0289757	0.00997031	0.867796	0.0468004	1.12393	0.0446974	1.92848e-05
10014	1	100	13	500	0.145417	0.132254	0.0991478	0.0331065	0.0131629	0.869905	0.0462572	1.11871	0.0412475	1.952e-05
10015	1	100	16	500	0.134949	0.123547	0.0877802	0.0357669	0.0114014	0.877132	0.0552988	1.11121	0.0489961	1.92009e-05
10016	1	100	9	500	0.151823	0.136165	0.1055	0.0306647	0.0156585	0.865053	0.052021	1.12134	0.0462999	1.91421e-05
10017	1	100	8	500	0.15358	0.140567	0.113514	0.027053	0.0130136	0.861864	0.0457321	1.12734	0.0424395	1.92113e-05
10018	1	100	10	500	0.142192	0.133673	0.105684	0.0279889	0.00851889	0.86709	0.0450798	1.12541	0.0434335	1.94475e-05
10019	1	100	13	500	0.138259	0.127657	0.0956949	0.031962	0.0106021	0.874355	0.0482635	1.11967	0.0470748	2.02545e-05
10020	1	100	13	500	0.148246	0.135544	0.107041	0.0285033	0.0127019	0.865714	0.0474591	1.1237	0.0446795	1.95538e-05
10021	1	100	9	500	0.155133	0.142769	0.119126	0.0236426	0.0123641	0.858053	0.0415616	1.1299	0.0367166	1.93727e-05
10022	1	100	12	500	0.164651	0.147004	0.121335	0.0256691	0.0176465	0.853951	0.0484685	1.12595	0.0411456	1.91143e-05
10023	1	100	14	500	0.177722	0.157499	0.132864	0.0246347	0.0202228	0.845146	0.0477046	1.12783	0.0440328	1.84551e-05
10024	1	100	13	500	0.176289	0.154629	0.128024	0.0266047	0.0216606	0.851123	0.0393345	1.13083	0.034564	1.87965e-05
10025	1	100	16	500	0.180563	0.158117	0.132066	0.026051	0.0224464	0.846192	0.0442075	1.1324	0.0400481	1.89462e-05
10026	1	100	14	500	0.183905	0.159478	0.132889	0.0265893	0.0244261	0.844335	0.043623	1.13057	0.038914	1.86941e-05
10027	1	100	15	500	0.186781	0.159491	0.133017	0.026474	0.0272891	0.845781	0.0451995	1.12783	0.0401846	1.79734e-05
10028	1	100	14	500	0.178149	0.158226	0.132759	0.025467	0.0199223	0.845027	0.0415098	1.13518	0.038916	1.7464e-05
10029	1	100	12	500	0.177434	0.160394	0.141103	0.0192908	0.0170399	0.843465	0.0328878	1.14209	0.0292622	1.80666e-05
10030	1	100	13	500	0.179988	0.158099	0.13625	0.0218491	0.0218894	0.845726	0.0351842	1.13766	0.0313548	1.91147e-05
10031	1	100	17	500	0.188368	0.162536	0.140651	0.0218849	0.0258319	0.842061	0.0361952	1.13683	0.0344004	1.86388e-05
10032	1	100	12	500	0.196307	0.161555	0.133487	0.028068	0.0347518	0.842514	0.0471416	1.12532	0.0473568	1.89777e-05
10033	1	100	16	500	0.202999	0.165775	0.141255	0.0245197	0.0372234	0.834417	0.0546086	1.11989	0.0581933	1.89474e-05
10034	1	100	12	500	0.193377	0.158485	0.129847	0.0286385	0.0348923	0.847062	0.0449486	1.12361	0.0422931	1.929e-05
10035	1	100	13	500	0.200787	0.16351	0.1375	0.02601	0.0372768	0.840163	0.0424344	1.12311	0.0428143	2.06474e-05
10036	1	100	14	500	0.183329	0.152058	0.124401	0.0276569	0.0312709	0.851369	0.0493441	1.12447	0.0493621	2.11351e-05
10037	1	100	14	500	0.193121	0.15866	0.132346	0.0263144	0.0344603	0.839464	0.0591832	1.11736	0.0601449	2.10534e-05
10038	1	100	12	500	0.188887	0.157788	0.131023	0.0267652	0.0310995	0.847936	0.0486117	1.12554	0.0434674	2.11873e-05
10039	1	100	15	500	0.197795	0.168588	0.150069	0.0185185	0.0292073	0.835729	0.0377673	1.13018	0.0379568	2.10836e-05
10040	1	100	13	500	0.199834	0.169511	0.151529	0.0179817	0.0303231	0.835004	0.0370671	1.13101	0.0377854	2.14883e-05
10041	1	100	14	500	0.201991	0.171848	0.155993	0.0158548	0.0301429	0.834315	0.0316022	1.13588	0.032629	2.14249e-05
10042	1	100	12	500	0.216105	0.182199	0.16752	0.0146793	0.0339053	0.823646	0.0362335	1.12888	0.039719	2.08533e-05
10043	1	100	14	500	0.214915	0.177667	0.162204	0.0154631	0.037248	0.827151	0.0306715	1.13252	0.0341487	2.09651e-05
10044	1	100	12	500	0.207204	0.170797	0.153801	0.0169961	0.0364073	0.834179	0.028286	1.13669	0.0283385	2.08897e-05
10045	1	100	15	500	0.205009	0.166902	0.14549	0.0214125	0.0381066	0.838176	0.0333935	1.13157	0.0317543	2.13654e-05
10046	1	100	13	500	0.203393	0.169773	0.152909	0.0168649	0.0336193	0.832708	0.0339806	1.13351	0.0387294	2.08334e-05
10047	1	100	13	500	0.207496	0.171479	0.156809	0.0146701	0.0360164	0.831988	0.0299954	1.13676	0.0349532	2.00081e-05
10048	1	100	9	500	0.059788	0.0247458	0.0123432	0.0124026	0.0350422	0.978887	0.0166944	0.99408	0.0117372	1.96667e-05
10049	1	100	13	500	0.0588328	0.0230291	0.0104471	0.012582	0.0358037	0.977842	0.0287737	0.991108	0.0249599	1.96791e-05
10050	1	100	8	500	0.0554943	0.0236505	0.0120662	0.0115844	0.0318438	0.979349	0.0167109	0.99489	0.0103737	1.93128e-05
10051	1	100	9	500	0.060132	0.0246528	0.012136	0.0125168	0.0354791	0.979628	0.0166757	0.994172	0.0106257	1.99578e-05
10052	1	100	11	500	0.0835537	0.0342373	0.0182997	0.0159376	0.0493165	0.969247	0.0411548	0.984793	0.0373523	2.01415e-05
10053	1	100	10	500	0.0909684	0.0392941	0.022952	0.0163421	0.0516743	0.956213	0.0583053	0.973939	0.0541719	1.96468e-05
10054	1	100	15	500	0.108749	0.0475391	0.0272156	0.0203235	0.0612103	0.960259	0.0314255	0.984339	0.0306724	1.86041e-05
10055	1	100	15	500	0.11762	0.0496753	0.0269093	0.022766	0.0679449	0.95211	0.0524722	0.976256	0.0545031	1.8708e-05
10056	1	100	11	500	0.100498	0.0449571	0.0258528	0.0191042	0.0555407	0.953142	0.0501233	0.979593	0.0513825	1.73299e-05
10057	1	100	15	500	0.112588	0.05021	0.0309679	0.0192421	0.0623784	0.951611	0.0470855	0.978338	0.048544	1.49796e-05
10058	1	100	11	500	0.11056	0.0501678	0.0331448	0.017023	0.0603925	0.947717	0.0545911	0.972835	0.054474	1.40483e-05
10059	1	100	13	500	0.0924253	0.0423965	0.0279681	0.0144284	0.0500288	0.963297	0.0234374	0.987276	0.0222102	1.40853e-05
10060	1	100	11	500	0.100332	0.0480486	0.0337351	0.0143135	0.0522834	0.952054	0.049962	0.977504	0.0501996	1.23436e-05
10061	1	100	10	500	0.101998	0.0497905	0.0354022	0.0143884	0.0522072	0.952119	0.0522601	0.977429	0.0524525	1.19834e-05
10062	1	100	11	500	0.108519	0.0530388	0.0377175	0.0153213	0.0554803	0.952501	0.0479348	0.977431	0.047728	1.27498e-05
10063	1	100	15	500	0.114195	0.0545831	0.0391873	0.0153958	0.059612	0.948591	0.0514366	0.975649	0.0522271	1.08054e-05
10064	1	100	12	500	0.111333	0.0552146	0.0407881	0.0144266	0.0561179	0.949313	0.0442403	0.976606	0.045042	1.20043e-05
10065	1	100	10	500	0.102664	0.0536173	0.0407418	0.0128756	0.0490471	0.95003	0.041113	0.976864	0.0412127	1.43349e-05
10066	1	100	13	500	0.0927569	0.0484325	0.0365285	0.0119041	0.0443244	0.948907	0.0506731	0.975339	0.0510234	1.40901e-05
10067	1	100	12	500	0.0957837	0.050018	0.0380163	0.0120017	0.0457657	0.953603	0.0389789	0.98067	0.0394201	1.33933e-05
10068	1	100	12	500	0.0878954	0.0342571	0.0207968	0.0134603	0.0536383	0.966802	0.0544957	0.966902	0.0545164	1.33436e-05
10069	1	100	7	500	0.101981	0.0416814	0.0266065	0.0150749	0.0602996	0.961107	0.0615121	0.961364	0.0616738	1.30041e-05
10070	1	100	9	500	0.11475	0.05216	0.0365124	0.0156476	0.0625902	0.94926	0.0649304	0.94926	0.0649304	1.36028e-05
10071	1	100	10	500	0.112143	0.0493531	0.0336555	0.0156975	0.0627901	0.957658	0.0572778	0.957837	0.0571355	1.28571e-05
10072	1	100	10	500	0.118555	0.0511402	0.0342865	0.0168537	0.0674149	0.944738	0.0732472	0.944738	0.0732471	1.35383e-05
10073	1	100	10	500	0.132231	0.0602783	0.0422901	0.0179881	0.0719526	0.939661	0.0749453	0.939661	0.0749453	1.39811e-05
10074	1	100	7	500	0.152089	0.0771593	0.0584268	0.0187325	0.0749301	0.926073	0.0814252	0.926158	0.0814846	1.36693e-05
10075	1	100	8	500	0.139084	0.0665232	0.048383	0.0181403	0.072561	0.942873	0.0711793	0.943174	0.071343	1.32649e-05
10076	1	100	7	500	0.139529	0.0668894	0.0484632	0.0184262	0.0726399	0.941256	0.0702944	0.941925	0.0706864	1.35634e-05
10077	1	100	10	500	0.128405	0.0606903	0.0434426	0.0172477	0.0677144	0.949674	0.06341	0.950297	0.0635943	1.44702e-05
10078	1	100	10	500	0.158198	0.0852447	0.0665896	0.0186552	0.0729529	0.928016	0.0721885	0.929017	0.0726465	1.45848e-05
10079	1	100	9	500	0.16334	0.090674	0.071668	0.0190059	0.0726655	0.908571	0.0790566	0.910255	0.0807598	1.48609e-05
10080	1	100	8	500	0.16555	0.0970687	0.0786709	0.0183978	0.0684817	0.906968	0.0803097	0.909559	0.0825225	1.43526e-05
10081	1	100	10	500	0.174855	0.104747	0.0862957	0.0184509	0.0701079	0.901857	0.0831091	0.903732	0.0848461	1.37718e-05
10082	1	100	9	500	0.179447	0.106043	0.0860634	0.0199799	0.0734041	0.905102	0.0839198	0.908379	0.0868876	1.44699e-05
10083	1	100	6	500	0.187909	0.114813	0.0951437	0.0196696	0.0730957	0.893326	0.0855948	0.896144	0.0884572	1.34774e-05
10084	1	100	6	500	0.161193	0.091239	0.0714467	0.0197923	0.0699539	0.91701	0.0861019	0.921693	0.0890231	1.43975e-05
10085	1	100	8	500	0.156811	0.0840432	0.0642928	0.0197504	0.0727681	0.919103	0.0844429	0.922236	0.0865262	1.39497e-05
10086	1	100	8	500	0.129899	0.0634276	0.0460752	0.0173524	0.066471	0.934744	0.0750835	0.936218	0.0761449	1.35741e-05
10087	1	100	13	500	0.133936	0.0655208	0.046483	0.0190378	0.0684155	0.938933	0.069441	0.942874	0.071809	1.36756e-05
10088	1	100	9	500	0.111671	0.0491763	0.0316604	0.0175158	0.0624948	0.955454	0.0562332	0.959366	0.0587002	1.26257e-05
10089	1	100	9	500	0.112609	0.048875	0.0312936	0.0175814	0.0637343	0.949601	0.0783741	0.952932	0.0797152	1.20125e-05
10090	1	100	5	500	0.0883654	0.0342454	0.019157	0.0150884	0.05412	0.967505	0.054812	0.970682	0.0557596	1.07872e-05
10091	1	100	4	500	0.0869412	0.0339257	0.0190056	0.0149201	0.0530155	0.967734	0.0558908	0.971168	0.0573232	9.65603e-06
10092	1	100	5	500	0.0800261	0.0309881	0.0164247	0.0145634	0.0490381	0.965792	0.0617472	0.970566	0.0636184	9.83831e-06
10093	1	100	4	500	0.0754185	0.027905	0.0137752	0.0141297	0.0475135	0.978446	0.035821	0.9831	0.037171	1.01572e-05
10094	1	100	5	500	0.0646281	0.0225968	0.0102618	0.012335	0.0420313	0.978843	0.0377929	0.982837	0.0389413	9.93617e-06
10095	1	100	5	500	0.0636746	0.0226792	0.0110891	0.0115901	0.0409955	0.977953	0.0394804	0.981113	0.0401852	1.04939e-05
10096	1	100	7	500	0.0714148	0.0302225	0.0147999	0.0154226	0.0411923	0.972764	0.0474017	0.982877	0.0398955	1.22615e-05
10097	1	100	11	500	0.062474	0.0259173	0.00913217	0.0167852	0.0365567	0.976539	0.0429318	0.991785	0.0283239	1.09275e-05
10098	1	100	9	500	0.051545	0.017692	0.00620176	0.0114902	0.033853	0.98506	0.0232484	0.991474	0.0243538	1.00122e-05
10099	1	100	10	500	0.059101	0.019608	0.00823055	0.0113775	0.0394929	0.979478	0.0431424	0.982551	0.0440459	9.181e-06
10100	1	100	9	500	0.0439513	0.0157622	0.00509141	0.0106708	0.0281891	0.984153	0.0285014	0.992004	0.0309139	8.69515e-06
10101	1	100	6	500	0.0557767	0.0210908	0.00646001	0.0146308	0.0346859	0.981809	0.0220201	0.99544	0.0262559	9.69973e-06
