Generation	PopulationID	SampleSize	UniqueMutations	PopulationSize	totalLoad	RelzLoad	RelzLoadHomo	RelzLoadHetero	MskLoad	MeanFitness	SdFitness	MeanFitnessCached	SdFitnessCached	Heterozygosity	
10001	1	100	41	500	0.28831	0.265639	0.205517	0.0601223	0.0226708	0.752245	0.0283315	1.26363	0.0440259	3.1909e-05
10002	1	100	29	500	0.30975	0.27043	0.209041	0.0613891	0.0393197	0.750228	0.0299601	1.25965	0.0473353	3.13835e-05
10003	1	100	28	500	0.327326	0.274883	0.209475	0.0654075	0.0524432	0.747536	0.0259341	1.25442	0.0531569	3.23039e-05
10004	1	100	27	500	0.331658	0.269879	0.205793	0.0640866	0.0617784	0.752124	0.0285511	1.23979	0.0537688	3.17498e-05
10005	1	100	28	500	0.351353	0.277745	0.215584	0.0621609	0.0736079	0.747158	0.030118	1.23438	0.0667965	3.00154e-05
10006	1	100	22	500	0.183968	0.107355	0.0559313	0.0514233	0.0766134	0.893243	0.0599522	1.03884	0.0816181	2.89458e-05
10007	1	100	26	500	0.173396	0.106347	0.05204	0.0543072	0.0670489	0.895029	0.052099	1.05259	0.0691139	2.99966e-05
10008	1	100	22	500	0.159485	0.10308	0.0518321	0.0512479	0.0564046	0.901567	0.0338567	1.06112	0.0551486	2.92575e-05
10009	1	100	26	500	0.163788	0.105539	0.0488135	0.0567256	0.058249	0.902068	0.0295383	1.06587	0.04313	2.93803e-05
10010	1	100	21	500	0.160862	0.106437	0.0449425	0.0614949	0.0544243	0.898815	0.0302998	1.07042	0.0416156	3.08046e-05
10011	1	100	24	500	0.170437	0.107747	0.0470232	0.060724	0.0626895	0.897371	0.0388906	1.06211	0.0530406	3.00416e-05
10012	1	100	25	500	0.18342	0.111429	0.049044	0.0623847	0.0719914	0.898555	0.0274878	1.0606	0.0434362	2.97512e-05
10013	1	100	24	500	0.147807	0.101301	0.0452619	0.0560389	0.0465061	0.901253	0.040491	1.06621	0.0551682	2.92155e-05
10014	1	100	25	500	0.145957	0.100506	0.0474263	0.0530797	0.0454512	0.901764	0.037789	1.06227	0.0537801	2.80346e-05
10015	1	100	29	500	0.142605	0.101443	0.0469418	0.0545008	0.0411627	0.901339	0.0355091	1.0678	0.0536011	2.76676e-05
10016	1	100	26	500	0.144304	0.101201	0.0465168	0.0546845	0.0431026	0.901812	0.0361247	1.06657	0.049014	2.80642e-05
10017	1	100	23	500	0.145216	0.102642	0.0453055	0.0573366	0.0425736	0.897483	0.0591101	1.06533	0.0771631	2.8725e-05
10018	1	100	26	500	0.151735	0.102654	0.0472395	0.0554143	0.0490817	0.89898	0.0498894	1.06148	0.0686974	2.79358e-05
10019	1	100	25	500	0.165725	0.107934	0.0493026	0.0586317	0.0577904	0.89342	0.0636785	1.05891	0.0819795	2.89128e-05
10020	1	100	20	500	0.145218	0.0998565	0.0466539	0.0532027	0.045361	0.904113	0.0280258	1.06437	0.0409314	2.75401e-05
10021	1	100	21	500	0.128282	0.0927133	0.0445084	0.0482049	0.0355692	0.909976	0.0216637	1.06372	0.0396385	2.77272e-05
10022	1	100	23	500	0.124642	0.100787	0.0429606	0.0578263	0.0238548	0.902201	0.0245076	1.08053	0.0401196	2.91943e-05
10023	1	100	19	500	0.128967	0.0976651	0.0432017	0.0544634	0.0313015	0.906221	0.0280342	1.07307	0.0382943	2.91413e-05
10024	1	100	19	500	0.122976	0.102568	0.0429313	0.0596368	0.0204082	0.900337	0.0273096	1.08405	0.0420722	2.96362e-05
10025	1	100	21	500	0.137397	0.106058	0.0435612	0.0624971	0.0313385	0.898165	0.0261388	1.08255	0.0436258	3.03214e-05
10026	1	100	21	500	0.157761	0.112069	0.0446537	0.0674157	0.0456918	0.892944	0.0299177	1.07908	0.0460945	3.14189e-05
10027	1	100	19	500	0.157229	0.117074	0.0457233	0.0713507	0.0401555	0.879437	0.0714292	1.07813	0.0979647	3.1641e-05
10028	1	100	18	500	0.144292	0.107663	0.0439028	0.0637598	0.036629	0.896378	0.0313902	1.07995	0.0445327	3.05277e-05
10029	1	100	16	500	0.129021	0.103375	0.0432218	0.0601534	0.0256459	0.8989	0.029027	1.0802	0.0436766	3.09062e-05
10030	1	100	19	500	0.112229	0.0932135	0.0425722	0.0506413	0.0190152	0.908804	0.0248698	1.07201	0.0336566	2.98963e-05
10031	1	100	17	500	0.124467	0.0992765	0.0429977	0.0562788	0.0251907	0.903225	0.023849	1.07559	0.0418245	3.00842e-05
10032	1	100	21	500	0.130493	0.100166	0.0431227	0.0570428	0.0303276	0.903848	0.025467	1.07478	0.0347804	3.05924e-05
10033	1	100	17	500	0.149306	0.111341	0.0457303	0.0656112	0.0379641	0.894603	0.0243873	1.08238	0.0440342	3.22052e-05
10034	1	100	18	500	0.144167	0.109335	0.0466363	0.0626988	0.0348314	0.88999	0.0585087	1.07678	0.0805945	3.19786e-05
10035	1	100	18	500	0.144966	0.105939	0.0460713	0.0598679	0.0390268	0.895187	0.0498314	1.0687	0.0676912	3.09952e-05
10036	1	100	13	500	0.142057	0.10988	0.047693	0.062187	0.0321769	0.885159	0.0715609	1.07163	0.096926	3.0722e-05
10037	1	100	15	500	0.148421	0.111869	0.0483583	0.0635108	0.0365519	0.893868	0.0254973	1.0821	0.0437032	3.12225e-05
10038	1	100	14	500	0.148458	0.113883	0.0486444	0.0652383	0.0345758	0.887485	0.0498611	1.082	0.0677238	3.20971e-05
10039	1	100	18	500	0.15626	0.116079	0.0484016	0.0676777	0.0401805	0.889144	0.0267418	1.08431	0.0469053	3.30502e-05
10040	1	100	15	500	0.162048	0.113925	0.0501613	0.0637635	0.0481229	0.889242	0.0543082	1.07019	0.0741877	3.28856e-05
10041	1	100	15	500	0.14108	0.106388	0.0486546	0.0577336	0.0346917	0.899009	0.0228944	1.07684	0.0412056	3.09574e-05
10042	1	100	14	500	0.144429	0.10392	0.0481698	0.05575	0.0405092	0.900912	0.0259726	1.06668	0.043191	3.05127e-05
10043	1	100	14	500	0.155916	0.107878	0.0475723	0.0603059	0.0480373	0.897209	0.0258825	1.06821	0.0444234	3.15719e-05
10044	1	100	15	500	0.153678	0.107011	0.0476904	0.0593201	0.0466675	0.896289	0.0280588	1.06735	0.0493138	3.04597e-05
10045	1	100	16	500	0.14083	0.102472	0.0463091	0.0561631	0.0383581	0.902313	0.0258044	1.06874	0.0400405	3.0231e-05
10046	1	100	16	500	0.166336	0.10769	0.0473488	0.0603415	0.0586456	0.898464	0.029663	1.06086	0.0498201	3.01984e-05
10047	1	100	17	500	0.165019	0.108737	0.0475831	0.0611537	0.0562826	0.897028	0.0294086	1.06395	0.0467494	3.07928e-05
10048	1	100	20	500	0.17984	0.117143	0.0499066	0.0672362	0.0626968	0.88803	0.0303879	1.06968	0.0495206	3.23326e-05
10049	1	100	21	500	0.217512	0.129537	0.0578671	0.0716703	0.0879743	0.879042	0.0320953	1.06721	0.0580463	3.27394e-05
10050	1	100	23	500	0.193799	0.123696	0.0574437	0.066252	0.070103	0.883564	0.0295331	1.07284	0.0465238	3.26651e-05
10051	1	100	21	500	0.192681	0.12284	0.0634055	0.0594341	0.0698417	0.881974	0.0274214	1.06822	0.0471343	3.16996e-05
10052	1	100	22	500	0.158732	0.116049	0.0626119	0.0534372	0.0426826	0.886361	0.0254261	1.07648	0.0369451	3.11162e-05
10053	1	100	21	500	0.184052	0.126008	0.0746091	0.0513989	0.0580444	0.880037	0.0229045	1.07671	0.0368743	2.82716e-05
10054	1	100	16	500	0.170848	0.121824	0.0712703	0.0505533	0.0490244	0.883964	0.0231412	1.07818	0.0314075	2.93499e-05
10055	1	100	19	500	0.154483	0.118971	0.0738331	0.0451378	0.035512	0.884499	0.0231829	1.08282	0.0305256	2.69737e-05
10056	1	100	14	500	0.172351	0.125663	0.0819728	0.0436902	0.0466883	0.880327	0.0213086	1.07953	0.0337952	2.46941e-05
10057	1	100	17	500	0.175917	0.12841	0.0853963	0.0430137	0.0475072	0.878546	0.0210163	1.08142	0.0312602	2.38393e-05
10058	1	100	14	500	0.185746	0.128692	0.0794198	0.0492725	0.0570536	0.869991	0.0713667	1.06341	0.0952794	2.70248e-05
10059	1	100	15	500	0.160528	0.123494	0.0835011	0.0399933	0.0370332	0.880725	0.020913	1.08295	0.0298365	2.38283e-05
10060	1	100	15	500	0.161582	0.123237	0.0814717	0.0417658	0.0383445	0.88193	0.0224921	1.08166	0.0264318	2.45507e-05
10061	1	100	16	500	0.165214	0.127366	0.0882952	0.0390712	0.0378478	0.877256	0.0200438	1.08392	0.0292509	2.20181e-05
10062	1	100	17	500	0.159654	0.124603	0.0824856	0.0421175	0.0350513	0.879231	0.0222584	1.08386	0.0310511	2.37591e-05
10063	1	100	23	500	0.167537	0.121646	0.0691179	0.052528	0.0458914	0.884624	0.0265389	1.0761	0.0340261	2.74135e-05
10064	1	100	24	500	0.172623	0.124713	0.0723141	0.0523989	0.0479097	0.881327	0.0260005	1.07777	0.0344552	2.78259e-05
10065	1	100	17	500	0.181773	0.131588	0.0800713	0.0515172	0.050185	0.875701	0.0254241	1.08281	0.0361803	2.75363e-05
10066	1	100	18	500	0.16786	0.128511	0.0830078	0.0455033	0.0393486	0.877447	0.0231129	1.0874	0.0288028	2.60551e-05
10067	1	100	16	500	0.161992	0.127437	0.0840253	0.043412	0.0345549	0.876095	0.0259218	1.08607	0.0291571	2.45103e-05
10068	1	100	20	500	0.139351	0.123251	0.0856053	0.0376454	0.0161005	0.879353	0.0261186	1.09068	0.0206899	2.23673e-05
10069	1	100	16	500	0.136728	0.121547	0.0809206	0.0406264	0.0151813	0.881732	0.0262048	1.09073	0.0219684	2.27044e-05
10070	1	100	18	500	0.140069	0.117126	0.0691037	0.0480225	0.0229426	0.885811	0.0320431	1.08103	0.0259617	2.36766e-05
10071	1	100	18	500	0.144203	0.120971	0.0739304	0.0470403	0.0232325	0.881759	0.0322648	1.08334	0.0266388	2.27188e-05
10072	1	100	17	500	0.169979	0.136085	0.0969109	0.0391743	0.033894	0.86959	0.0294964	1.09067	0.0263367	1.97929e-05
10073	1	100	18	500	0.17879	0.139877	0.101301	0.0385765	0.0389129	0.858023	0.0837002	1.07958	0.0993356	1.953e-05
10074	1	100	14	500	0.217829	0.156255	0.119304	0.0369515	0.0615733	0.845863	0.087398	1.07791	0.106136	1.70167e-05
10075	1	100	16	500	0.22589	0.159361	0.118144	0.0412175	0.0665288	0.849954	0.0366905	1.08299	0.0348833	1.71883e-05
10076	1	100	15	500	0.200822	0.15012	0.108488	0.0416321	0.0507021	0.858376	0.0372067	1.08949	0.0294384	1.84833e-05
10077	1	100	18	500	0.172726	0.13064	0.089575	0.0410647	0.0420859	0.873024	0.0376457	1.10245	0.0325419	1.82799e-05
10078	1	100	14	500	0.174936	0.135954	0.106229	0.0297251	0.0389821	0.868175	0.0282235	1.10763	0.0316073	1.66961e-05
10079	1	100	11	500	0.148196	0.128827	0.104785	0.0240418	0.0193693	0.873999	0.0241644	1.11137	0.0233725	1.65706e-05
10080	1	100	18	500	0.156328	0.129248	0.10159	0.0276578	0.0270806	0.873857	0.0239628	1.10824	0.0250564	1.73649e-05
10081	1	100	13	500	0.146826	0.127394	0.103822	0.0235715	0.0194325	0.876031	0.0196971	1.11157	0.0224797	1.67945e-05
10082	1	100	15	500	0.148792	0.126099	0.100101	0.0259986	0.0226932	0.877048	0.0242971	1.10634	0.0262316	1.74923e-05
10083	1	100	13	500	0.146299	0.125776	0.0980731	0.0277028	0.0205236	0.876715	0.022661	1.1096	0.0254581	1.74697e-05
10084	1	100	13	500	0.148538	0.128316	0.107022	0.0212943	0.0202219	0.875391	0.0180393	1.11281	0.020026	1.62337e-05
10085	1	100	13	500	0.149359	0.127289	0.107931	0.019358	0.0220697	0.874257	0.0210711	1.10898	0.0240196	1.54639e-05
10086	1	100	15	500	0.148404	0.128199	0.111731	0.0164675	0.0202054	0.873707	0.022193	1.11333	0.0262846	1.44377e-05
10087	1	100	12	500	0.152403	0.130653	0.117425	0.0132279	0.0217495	0.870885	0.0202318	1.11128	0.0268613	1.42616e-05
10088	1	100	14	500	0.160146	0.135437	0.122452	0.0129851	0.0247085	0.865554	0.0275584	1.10331	0.0374494	1.48379e-05
10089	1	100	9	500	0.0426611	0.0198455	0.0103631	0.00948241	0.0228155	0.981898	0.0256882	0.990522	0.0281771	1.44611e-05
10090	1	100	15	500	0.0532209	0.0215599	0.0100925	0.0114673	0.031661	0.979518	0.0273049	0.987491	0.0305916	1.46537e-05
10091	1	100	13	500	0.0509366	0.0214227	0.0112076	0.0102151	0.0295139	0.980177	0.0276573	0.986604	0.0303845	1.44257e-05
10092	1	100	11	500	0.0460941	0.0177687	0.00844046	0.00932829	0.0283253	0.984192	0.0242695	0.989009	0.0258185	1.42981e-05
10093	1	100	12	500	0.0405762	0.0141865	0.0065007	0.00768578	0.0263897	0.987227	0.0240777	0.989467	0.0250989	1.34242e-05
10094	1	100	11	500	0.0419665	0.0150397	0.00683227	0.00820748	0.0269268	0.985432	0.0246631	0.988505	0.0254707	1.38087e-05
10095	1	100	10	500	0.0455627	0.0172291	0.00830837	0.00892075	0.0283336	0.981258	0.0325303	0.985144	0.0340559	1.36178e-05
10096	1	100	12	500	0.0478769	0.019303	0.00979797	0.00950504	0.0285739	0.982102	0.0264173	0.98722	0.0279669	1.46832e-05
10097	1	100	10	500	0.0446633	0.0204061	0.0108419	0.00956427	0.0242571	0.981832	0.026233	0.989717	0.0284717	1.58715e-05
10098	1	100	9	500	0.0492846	0.0231225	0.0134482	0.00967423	0.0261621	0.977869	0.0309932	0.984906	0.0337218	1.63405e-05
10099	1	100	12	500	0.0507441	0.0219266	0.0125329	0.00939364	0.0288175	0.981397	0.0269613	0.986107	0.0286694	1.64108e-05
10100	1	100	11	500	0.0457341	0.0186371	0.0103566	0.00828053	0.027097	0.980527	0.0308292	0.984394	0.0322888	1.60575e-05
10101	1	100	15	500	0.0486723	0.0178443	0.00737871	0.0104656	0.030828	0.984259	0.0217345	0.990531	0.0234811	1.62421e-05
