Generation	PopulationID	SampleSize	UniqueMutations	PopulationSize	totalLoad	RelzLoad	RelzLoadHomo	RelzLoadHetero	MskLoad	MeanFitness	SdFitness	MeanFitnessCached	SdFitnessCached	Heterozygosity	
10001	1	100	36	500	0.342028	0.323899	0.285697	0.0382018	0.0181284	0.70104	0.0428573	1.31914	0.0610218	2.02798e-05
10002	1	100	22	500	0.149852	0.119466	0.0805448	0.0389208	0.0303865	0.883217	0.0482908	1.10113	0.0513347	2.0475e-05
10003	1	100	24	500	0.16868	0.131694	0.0951186	0.0365758	0.0369854	0.870878	0.0428206	1.10816	0.0523343	2.06704e-05
10004	1	100	21	500	0.179796	0.139658	0.109018	0.0306401	0.0401381	0.863649	0.0424022	1.111	0.0461326	2.0393e-05
10005	1	100	18	500	0.192984	0.137722	0.0990053	0.0387165	0.0552625	0.86543	0.04908	1.09361	0.059296	1.98553e-05
10006	1	100	17	500	0.189952	0.13781	0.102184	0.0356255	0.0521422	0.866763	0.0457262	1.10371	0.0492685	2.09793e-05
10007	1	100	16	500	0.18527	0.135253	0.0986314	0.0366213	0.050017	0.86926	0.0428716	1.10104	0.0454378	2.06665e-05
10008	1	100	17	500	0.182879	0.126606	0.0825111	0.044095	0.0562732	0.879116	0.0498994	1.08809	0.0560122	2.11741e-05
10009	1	100	16	500	0.203348	0.137443	0.0942079	0.0432356	0.065905	0.868995	0.0513105	1.0902	0.0546101	2.08656e-05
10010	1	100	16	500	0.193835	0.126228	0.0775614	0.0486665	0.0676071	0.876766	0.0613131	1.07509	0.0612659	2.21813e-05
10011	1	100	16	500	0.166162	0.113996	0.0670713	0.0469252	0.0521659	0.890797	0.053619	1.07879	0.055513	2.2193e-05
10012	1	100	15	500	0.183055	0.114961	0.0623343	0.0526263	0.0680947	0.891576	0.0571624	1.06384	0.0520014	2.16901e-05
10013	1	100	15	500	0.25828	0.151901	0.0925379	0.0593631	0.106379	0.850642	0.117143	1.03451	0.122798	2.06294e-05
10014	1	100	13	500	0.233265	0.138987	0.0806609	0.0583256	0.094278	0.853596	0.138059	1.02269	0.147403	1.93633e-05
10015	1	100	12	500	0.257426	0.16018	0.107186	0.0529944	0.0972454	0.835103	0.133711	1.03603	0.148077	1.80809e-05
10016	1	100	13	500	0.301131	0.187687	0.13565	0.0520379	0.113443	0.830354	0.10927	1.05179	0.118932	1.86866e-05
10017	1	100	18	500	0.3079	0.189091	0.134477	0.0546149	0.118809	0.831152	0.106411	1.04978	0.111368	1.94752e-05
10018	1	100	11	500	0.303051	0.184322	0.126868	0.0574534	0.118729	0.823756	0.14711	1.02972	0.166589	2.07103e-05
10019	1	100	17	500	0.291846	0.175406	0.117896	0.0575099	0.116439	0.837605	0.128332	1.04043	0.140298	2.15865e-05
10020	1	100	17	500	0.310312	0.190219	0.13598	0.0542394	0.120092	0.818744	0.14184	1.0369	0.160016	2.08869e-05
10021	1	100	17	500	0.322149	0.198004	0.144875	0.0531294	0.124145	0.829004	0.107195	1.06048	0.125075	2.07197e-05
10022	1	100	13	500	0.288845	0.183283	0.139612	0.043671	0.105563	0.817924	0.130367	1.05594	0.156376	2.05735e-05
10023	1	100	15	500	0.274589	0.173394	0.126826	0.0465671	0.101195	0.845989	0.0587226	1.08095	0.0556367	2.09595e-05
10024	1	100	10	500	0.254764	0.167188	0.127264	0.0399235	0.0875769	0.846815	0.057607	1.09228	0.0553063	2.11635e-05
10025	1	100	13	500	0.330575	0.2072	0.161524	0.045676	0.123375	0.819144	0.106189	1.06521	0.126303	2.07553e-05
10026	1	100	13	500	0.332306	0.208559	0.163833	0.044726	0.123747	0.812631	0.119973	1.06142	0.150266	2.09507e-05
10027	1	100	10	500	0.320528	0.208777	0.17381	0.0349667	0.111751	0.803739	0.107989	1.06579	0.136823	1.86662e-05
10028	1	100	15	500	0.339684	0.220048	0.18405	0.0359984	0.119636	0.799478	0.0918351	1.06258	0.114421	1.87734e-05
10029	1	100	12	500	0.348292	0.223827	0.183975	0.0398517	0.124465	0.800154	0.106635	1.05698	0.135434	1.93378e-05
10030	1	100	10	500	0.344686	0.219934	0.177359	0.0425743	0.124753	0.806863	0.11426	1.05856	0.139866	1.99487e-05
10031	1	100	9	500	0.325047	0.206912	0.163589	0.0433231	0.118135	0.8186	0.0869211	1.06779	0.101373	2.08109e-05
10032	1	100	11	500	0.417717	0.266299	0.219194	0.0471048	0.151418	0.759334	0.176161	1.00007	0.22331	2.00155e-05
10033	1	100	11	500	0.401106	0.256003	0.213099	0.0429038	0.145102	0.781285	0.129125	1.03678	0.165149	2.01024e-05
10034	1	100	12	500	0.394172	0.250562	0.212045	0.0385169	0.14361	0.768702	0.145831	1.03016	0.192647	1.93995e-05
10035	1	100	13	500	0.50151	0.331967	0.286931	0.0450354	0.169543	0.71911	0.183718	0.965393	0.244449	1.85714e-05
10036	1	100	11	500	0.496331	0.325093	0.281401	0.043692	0.171238	0.714708	0.191028	0.961246	0.256648	1.86879e-05
10037	1	100	11	500	0.327445	0.159342	0.117316	0.0420258	0.168103	0.867955	0.200898	0.867955	0.200898	1.8775e-05
10038	1	100	11	500	0.287785	0.129506	0.0899359	0.0395698	0.158279	0.871842	0.206627	0.871842	0.206627	1.9068e-05
10039	1	100	5	500	0.288595	0.127122	0.0867542	0.0403682	0.161473	0.887556	0.187389	0.887556	0.187389	1.85418e-05
10040	1	100	8	500	0.236072	0.0923236	0.0563864	0.0359371	0.143749	0.92936	0.126697	0.92936	0.126697	1.82547e-05
10041	1	100	8	500	0.180084	0.0647474	0.0358968	0.0288505	0.115337	0.948353	0.051763	0.948489	0.0517958	1.78428e-05
10042	1	100	10	500	0.17296	0.0603882	0.0320045	0.0283837	0.112572	0.943963	0.126665	0.94445	0.126867	1.76328e-05
10043	1	100	8	500	0.148583	0.0508833	0.0262334	0.0246499	0.0976996	0.946028	0.104765	0.946588	0.104979	1.73865e-05
10044	1	100	10	500	0.158179	0.0587388	0.0334392	0.0252995	0.0994406	0.955268	0.0390055	0.95639	0.0393589	1.76529e-05
10045	1	100	9	500	0.149631	0.0561111	0.0327311	0.02338	0.0935199	0.952511	0.0448194	0.952511	0.0448194	1.75042e-05
10046	1	100	12	500	0.155448	0.0588687	0.0346172	0.0242515	0.0965798	0.944143	0.0841214	0.944365	0.0840348	1.73723e-05
10047	1	100	15	500	0.177932	0.0705261	0.0435615	0.0269645	0.107406	0.938884	0.04737	0.93912	0.0475251	1.76342e-05
10048	1	100	11	500	0.174715	0.0683709	0.0417848	0.0265861	0.106344	0.938728	0.0801676	0.938841	0.0802437	1.8556e-05
10049	1	100	15	500	0.141478	0.0547337	0.0330461	0.0216876	0.0867439	0.950695	0.0507504	0.950751	0.050586	1.87514e-05
10050	1	100	9	500	0.183627	0.0710394	0.0428925	0.0281469	0.112588	0.940464	0.0705083	0.940464	0.0705083	1.96206e-05
10051	1	100	10	500	0.168423	0.0625326	0.0360599	0.0264727	0.105891	0.931695	0.111898	0.931695	0.111898	1.95106e-05
10052	1	100	11	500	0.17475	0.0664847	0.0394136	0.0270711	0.108265	0.949267	0.045062	0.949276	0.0450574	1.94241e-05
10053	1	100	9	500	0.185676	0.0727884	0.0445665	0.0282219	0.112888	0.92975	0.0848552	0.929762	0.0848618	2.02603e-05
10054	1	100	10	500	0.239119	0.104776	0.0711902	0.0335858	0.134343	0.909345	0.0857993	0.909345	0.0857993	2.05104e-05
10055	1	100	10	500	0.240472	0.107663	0.0744608	0.0332022	0.132809	0.894307	0.127493	0.894307	0.127493	2.04104e-05
10056	1	100	13	500	0.263607	0.118603	0.0823526	0.0362508	0.145003	0.892301	0.115669	0.892315	0.11567	2.04716e-05
10057	1	100	12	500	0.27691	0.123381	0.0849993	0.0383821	0.153528	0.892202	0.119426	0.892508	0.119534	2.043e-05
10058	1	100	13	500	0.281235	0.121525	0.0807201	0.0408046	0.15971	0.906254	0.0762386	0.907842	0.0760478	2.0697e-05
10059	1	100	11	500	0.311472	0.140798	0.0981299	0.0426684	0.170674	0.851382	0.158723	0.851382	0.158723	2.11236e-05
10060	1	100	10	500	0.299916	0.143345	0.104202	0.0391428	0.156571	0.872285	0.13779	0.87246	0.137891	1.96071e-05
10061	1	100	11	500	0.309592	0.150241	0.110363	0.0398783	0.159351	0.853968	0.158537	0.854047	0.158593	1.93885e-05
10062	1	100	11	500	0.30439	0.148621	0.109521	0.0391005	0.155769	0.872261	0.121233	0.872507	0.12104	1.97597e-05
10063	1	100	11	500	0.294911	0.142221	0.102024	0.0401968	0.15269	0.843104	0.184015	0.846772	0.18458	2.01531e-05
10064	1	100	8	500	0.272066	0.12311	0.0858705	0.0372392	0.148957	0.894283	0.0917412	0.896572	0.0907467	2.07306e-05
10065	1	100	9	500	0.296264	0.135471	0.0943042	0.0411665	0.160794	0.876983	0.149481	0.878613	0.149058	2.10137e-05
10066	1	100	9	500	0.298545	0.136437	0.09591	0.040527	0.162108	0.858672	0.16927	0.858681	0.169275	2.10563e-05
10067	1	100	10	500	0.264025	0.119026	0.0827758	0.0362498	0.144999	0.884757	0.139223	0.884794	0.139231	2.00229e-05
10068	1	100	11	500	0.280097	0.124861	0.0860519	0.0388091	0.155236	0.87323	0.169759	0.873402	0.169813	2.09934e-05
10069	1	100	12	500	0.25701	0.110279	0.0735966	0.0366826	0.14673	0.889678	0.135283	0.889678	0.135283	2.12111e-05
10070	1	100	9	500	0.226001	0.0968743	0.0645926	0.0322817	0.129127	0.910344	0.0676202	0.910344	0.0676202	2.06936e-05
10071	1	100	9	500	0.2402	0.105283	0.0715544	0.0337291	0.134917	0.908525	0.0912353	0.908525	0.0912353	2.03381e-05
10072	1	100	12	500	0.205385	0.0925869	0.0643873	0.0281996	0.112799	0.909754	0.054148	0.909754	0.054148	1.95099e-05
10073	1	100	11	500	0.205035	0.0927814	0.0647179	0.0280635	0.112254	0.910827	0.0804171	0.910827	0.0804171	1.93382e-05
10074	1	100	12	500	0.192708	0.0933575	0.0685197	0.0248377	0.0993509	0.903686	0.102214	0.903835	0.102156	1.82611e-05
10075	1	100	9	500	0.206027	0.0923821	0.0639709	0.0284112	0.113645	0.917525	0.061203	0.917525	0.061203	1.932e-05
10076	1	100	10	500	0.229238	0.102633	0.0709812	0.0316514	0.126606	0.894308	0.127173	0.894569	0.127238	1.971e-05
10077	1	100	12	500	0.238067	0.106508	0.0736182	0.0328897	0.131559	0.899089	0.122295	0.899089	0.122295	1.99089e-05
10078	1	100	8	500	0.241194	0.106261	0.0725282	0.0337331	0.134933	0.887692	0.115282	0.887692	0.115282	2.07594e-05
10079	1	100	9	500	0.291353	0.129045	0.0884683	0.0405769	0.162307	0.859617	0.166789	0.859617	0.166789	2.2699e-05
10080	1	100	14	500	0.274004	0.121499	0.0833731	0.0381261	0.152505	0.876669	0.145421	0.876842	0.14549	2.32072e-05
10081	1	100	11	500	0.296241	0.130297	0.0888111	0.0414859	0.165944	0.881272	0.136781	0.88155	0.136437	2.31088e-05
10082	1	100	9	500	0.276302	0.123401	0.0851753	0.0382254	0.152902	0.882749	0.129193	0.882785	0.129197	2.27453e-05
10083	1	100	9	500	0.26376	0.120462	0.0846373	0.0358246	0.143298	0.881118	0.136395	0.881305	0.136437	2.22401e-05
10084	1	100	12	500	0.228958	0.106149	0.0753205	0.0308284	0.12281	0.907965	0.0378534	0.908202	0.0379648	2.12855e-05
10085	1	100	13	500	0.231727	0.105537	0.0720045	0.0335328	0.12619	0.901213	0.0880049	0.90493	0.0887612	2.09082e-05
10086	1	100	11	500	0.23929	0.112288	0.0805378	0.0317504	0.127002	0.890226	0.109341	0.890281	0.109296	2.0443e-05
10087	1	100	11	500	0.225719	0.108373	0.0786031	0.0297702	0.117346	0.903191	0.0555464	0.903993	0.0556362	2.07326e-05
10088	1	100	10	500	0.250273	0.113147	0.0781937	0.0349531	0.137126	0.887805	0.0966894	0.889039	0.0963452	2.29392e-05
10089	1	100	10	500	0.23358	0.105029	0.0724303	0.0325984	0.128552	0.906268	0.0506218	0.907087	0.0500129	2.22359e-05
10090	1	100	9	500	0.242934	0.10686	0.0720919	0.0347683	0.136074	0.90222	0.0846207	0.903568	0.0835605	2.29594e-05
10091	1	100	12	500	0.242364	0.108035	0.0737811	0.0342539	0.134329	0.886528	0.106779	0.887682	0.106338	2.37065e-05
10092	1	100	11	500	0.32308	0.136534	0.0887389	0.0477954	0.186546	0.862532	0.141089	0.864677	0.140522	2.6238e-05
10093	1	100	13	500	0.293503	0.12518	0.0812605	0.0439194	0.168324	0.873936	0.136864	0.877283	0.136341	2.43015e-05
10094	1	100	11	500	0.296631	0.127491	0.0840906	0.0434	0.169141	0.884252	0.112736	0.886216	0.112268	2.5455e-05
10095	1	100	11	500	0.297203	0.126527	0.0831861	0.0433407	0.170676	0.878567	0.130124	0.87987	0.129856	2.57087e-05
10096	1	100	19	500	0.322105	0.136548	0.0892608	0.0472873	0.185557	0.865637	0.154648	0.867342	0.154939	2.58432e-05
10097	1	100	19	500	0.299166	0.129951	0.0849065	0.0450448	0.169214	0.886283	0.0902071	0.891691	0.0888752	2.64269e-05
10098	1	100	15	500	0.323504	0.144875	0.0961358	0.0487394	0.178629	0.885872	0.0822458	0.893634	0.0845063	2.73154e-05
10099	1	100	15	500	0.307198	0.140255	0.0955213	0.0447333	0.166944	0.878865	0.0871474	0.884263	0.0859559	2.66049e-05
10100	1	100	15	500	0.336576	0.154621	0.105283	0.0493384	0.181955	0.847795	0.135466	0.853806	0.131951	2.7593e-05
10101	1	100	14	500	0.334461	0.155384	0.107616	0.0477681	0.179077	0.862681	0.127912	0.868188	0.127864	2.71124e-05
