Generation	PopulationID	SampleSize	UniqueMutations	PopulationSize	totalLoad	RelzLoad	RelzLoadHomo	RelzLoadHetero	MskLoad	MeanFitness	SdFitness	MeanFitnessCached	SdFitnessCached	Heterozygosity	
10001	1	100	40	500	0.0843249	0.0784906	0.0534073	0.0250833	0.00583436	0.920649	0.0283866	1.07458	0.0325296	2.19755e-05
10002	1	100	16	500	0.0834891	0.0728084	0.0450346	0.0277739	0.0106806	0.927445	0.028418	1.06735	0.0342681	2.20084e-05
10003	1	100	12	500	0.0808679	0.0748422	0.0517219	0.0231203	0.00602566	0.925412	0.0281586	1.07144	0.0299539	2.09761e-05
10004	1	100	18	500	0.0792635	0.0685378	0.041478	0.0270597	0.0107258	0.931892	0.029339	1.06249	0.0339207	2.23449e-05
10005	1	100	13	500	0.0709759	0.0627117	0.0350951	0.0276166	0.00826419	0.937468	0.0340977	1.05779	0.0365093	2.27455e-05
10006	1	100	11	500	0.0681511	0.0643957	0.0380606	0.0263351	0.00375539	0.935869	0.0311249	1.06249	0.0321169	2.32581e-05
10007	1	100	9	500	0.0700817	0.0671502	0.0448094	0.0223408	0.00293149	0.93192	0.0311435	1.06595	0.0315313	2.48152e-05
10008	1	100	11	500	0.0804916	0.0759961	0.0558807	0.0201154	0.0044955	0.923871	0.0307335	1.07317	0.0301418	2.39754e-05
10009	1	100	10	500	0.0864834	0.0799236	0.0621924	0.0177312	0.00655981	0.920544	0.0273626	1.07573	0.0259552	2.37782e-05
10010	1	100	9	500	0.083939	0.0772508	0.0573223	0.0199285	0.00668812	0.923168	0.0294533	1.0732	0.0294895	2.49386e-05
10011	1	100	12	500	0.090081	0.083651	0.0686026	0.0150484	0.00642997	0.915698	0.026307	1.0783	0.0274476	2.36756e-05
10012	1	100	11	500	0.0884047	0.0805009	0.0627999	0.017701	0.00790383	0.919194	0.0320295	1.07389	0.029443	2.28746e-05
10013	1	100	11	500	0.0823433	0.0781865	0.0604008	0.0177857	0.00415682	0.921008	0.0288433	1.0744	0.0277698	2.23958e-05
10014	1	100	9	500	0.0745289	0.0744607	0.0557875	0.0186732	6.81863e-05	0.925164	0.0274931	1.07397	0.0274141	2.27289e-05
10015	1	100	9	500	0.0774028	0.0747891	0.0559054	0.0188836	0.00261377	0.925321	0.0277498	1.07333	0.0269017	2.34754e-05
10016	1	100	5	500	0.0791497	0.0772704	0.0606005	0.0166699	0.00187932	0.922604	0.0277613	1.07616	0.0279347	2.28235e-05
10017	1	100	8	500	0.0879123	0.0839973	0.0713555	0.0126418	0.00391502	0.916248	0.0219913	1.08171	0.0217721	2.15293e-05
10018	1	100	7	500	0.0870542	0.0837603	0.071307	0.0124532	0.00329397	0.91631	0.0215029	1.08174	0.0226867	2.1611e-05
10019	1	100	6	500	0.0882657	0.087446	0.0794776	0.00796845	0.000819643	0.912443	0.0201967	1.08707	0.0201566	2.0841e-05
10020	1	100	7	500	0.0835246	0.0832741	0.072311	0.010963	0.000250534	0.91665	0.0220778	1.08305	0.0223472	2.12392e-05
10021	1	100	8	500	0.086169	0.0860458	0.0770475	0.00899824	0.000123234	0.913691	0.0240966	1.08566	0.0241045	1.96531e-05
10022	1	100	7	500	0.0878349	0.0875925	0.0799956	0.00759684	0.00024242	0.912123	0.0182646	1.08721	0.0182106	1.96084e-05
10023	1	100	7	500	0.0912014	0.089833	0.0835673	0.00626576	0.00136843	0.910145	0.0165087	1.08911	0.016299	2.04619e-05
10024	1	100	7	500	0.0922362	0.0908085	0.0853687	0.00543984	0.00142762	0.909231	0.0175571	1.09003	0.0173806	2.06487e-05
10025	1	100	10	500	0.0880535	0.0868198	0.0781066	0.00871327	0.00123371	0.912823	0.0199931	1.08568	0.0215631	2.13036e-05
10026	1	100	8	500	0.0879727	0.0866958	0.0777601	0.00893574	0.00127688	0.912841	0.0208059	1.08552	0.0223952	2.14909e-05
10027	1	100	5	500	0.0968243	0.0945031	0.092021	0.00248205	0.00232125	0.905226	0.00704946	1.09303	0.0126566	2.00498e-05
10028	1	100	10	500	0.0993268	0.0951555	0.0922329	0.00292254	0.0041713	0.90466	0.00791642	1.09266	0.0129572	1.88515e-05
10029	1	100	8	500	0.00161692	0.000392145	1.70136e-05	0.000375131	0.00122477	0.999413	0.00329334	0.999552	0.00330534	1.80056e-05
10030	1	100	7	500	0.00738379	0.00167743	0.000237095	0.00144033	0.00570636	0.99825	0.00461666	0.998403	0.00464908	1.88314e-05
10031	1	100	9	500	0.0109672	0.00240613	0.000265849	0.00214028	0.00856111	0.997273	0.00861067	0.997273	0.00861067	1.8435e-05
10032	1	100	7	500	0.0135223	0.0030409	0.000420543	0.00262036	0.0104814	0.997037	0.00738603	0.997037	0.00738603	1.79072e-05
10033	1	100	7	500	0.0208744	0.00517208	0.00124651	0.00392557	0.0157023	0.995428	0.0067415	0.995428	0.00674149	1.88587e-05
10034	1	100	6	500	0.0160413	0.00384855	0.00080037	0.00304818	0.0121927	0.996734	0.00573305	0.996734	0.00573304	1.75043e-05
10035	1	100	7	500	0.0194001	0.00466585	0.000982271	0.00368358	0.0147343	0.995945	0.00862744	0.995945	0.00862743	1.82931e-05
10036	1	100	9	500	0.0283442	0.00664647	0.0011242	0.00552227	0.0216978	0.994013	0.014086	0.994318	0.0142121	1.82516e-05
10037	1	100	8	500	0.0253938	0.007045	0.00245781	0.00458719	0.0183488	0.994793	0.00774409	0.994793	0.00774408	1.80068e-05
10038	1	100	7	500	0.0204927	0.00517752	0.00134873	0.00382879	0.0153151	0.994784	0.01426	0.994784	0.01426	1.68228e-05
10039	1	100	4	500	0.00946722	0.00219645	0.000378754	0.00181769	0.00727077	0.99724	0.0112377	0.99724	0.0112377	1.54415e-05
10040	1	100	4	500	0.00729447	0.0016317	0.000216005	0.00141569	0.00566277	0.997957	0.0096239	0.998012	0.00963544	1.54809e-05
10041	1	100	6	500	0.00726625	0.00160416	0.000160546	0.00144361	0.00566209	0.998309	0.00600384	0.998443	0.0058529	1.61854e-05
10042	1	100	6	500	0.0106936	0.00250906	0.00046293	0.00204613	0.00818451	0.997317	0.00932153	0.997581	0.00939355	1.49068e-05
10043	1	100	11	500	0.0153942	0.00422229	0.000762724	0.00345957	0.0111719	0.996288	0.00729393	0.997635	0.00783587	1.72051e-05
10044	1	100	7	500	0.0121034	0.00336558	0.000639618	0.00272596	0.00873784	0.99518	0.019063	0.996528	0.018456	1.72996e-05
10045	1	100	6	500	0.0164373	0.00518567	0.00165369	0.00353198	0.0112516	0.995798	0.007706	0.997431	0.00839426	1.77353e-05
10046	1	100	7	500	0.0178944	0.0054478	0.00139717	0.00405063	0.0124466	0.994891	0.0133821	0.99681	0.0139654	1.85541e-05
10047	1	100	7	500	0.0248717	0.00751415	0.00180279	0.00571136	0.0173576	0.993457	0.0143738	0.996261	0.0134655	1.82857e-05
10048	1	100	5	500	0.0341187	0.0103679	0.0033516	0.00701633	0.0237508	0.986617	0.0325339	0.988805	0.0329229	1.79724e-05
10049	1	100	6	500	0.02217	0.00640597	0.00117886	0.0052271	0.015764	0.993082	0.0176129	0.995778	0.0184109	1.85311e-05
10050	1	100	6	500	0.031888	0.0100769	0.00229099	0.00778593	0.0218111	0.991454	0.0129138	0.996409	0.0148082	1.84316e-05
10051	1	100	6	500	0.0317315	0.0107937	0.00196915	0.00882452	0.0209378	0.989338	0.0197277	0.997219	0.0193133	1.88274e-05
10052	1	100	3	500	0.0377872	0.0134785	0.00336404	0.0101145	0.0243087	0.986902	0.0296684	0.99584	0.0317442	1.78983e-05
10053	1	100	8	500	0.0216298	0.00887363	0.00117616	0.00769747	0.0127562	0.991627	0.0140087	1.0017	0.0156748	1.68931e-05
10054	1	100	7	500	0.0223777	0.00944334	0.00156139	0.00788195	0.0129344	0.98648	0.0417368	0.997232	0.0433007	1.67793e-05
10055	1	100	5	500	0.012053	0.00632936	0.000660429	0.00566893	0.00572365	0.993525	0.0112251	1.003	0.0125811	1.67863e-05
10056	1	100	5	500	0.0144529	0.00637791	0.000656056	0.00572186	0.00807499	0.993628	0.0144588	1.00171	0.0125331	1.71649e-05
10057	1	100	3	500	0.0136527	0.00746291	0.000919996	0.00654292	0.00618979	0.992535	0.0112609	1.00409	0.0128247	1.80337e-05
10058	1	100	4	500	0.00802967	0.00770815	0.00127417	0.00643398	0.000321527	0.992282	0.0108673	1.00754	0.0109943	1.64576e-05
10059	1	100	1	500	0.00817544	0.00817544	0.0014634	0.00671203	0.0	0.991649	0.0128558	1.00816	0.0129054	1.59682e-05
10060	1	100	3	500	0.010627	0.00933844	0.00179127	0.00754717	0.00128856	0.990563	0.0130743	1.00858	0.0132727	1.58114e-05
10061	1	100	4	500	0.00890019	0.00872249	0.00164901	0.00707348	0.000177703	0.991206	0.0129411	1.00865	0.0128082	1.605e-05
10062	1	100	6	500	0.00953835	0.00948326	0.00172754	0.00775572	5.50898e-05	0.99033	0.0128559	1.00947	0.0129802	1.59749e-05
10063	1	100	7	500	0.00909833	0.00852617	0.00135055	0.00717562	0.000572155	0.99141	0.0124647	1.00816	0.0127335	1.61731e-05
10064	1	100	10	500	0.013582	0.010274	0.00180442	0.00846963	0.00330794	0.989578	0.0146872	1.00851	0.0147439	1.66906e-05
10065	1	100	5	500	0.0158281	0.0123069	0.00270795	0.00959894	0.00352122	0.985879	0.0265006	1.00857	0.0282844	1.68072e-05
10066	1	100	5	500	0.0153596	0.00949519	0.00155455	0.00794064	0.00586441	0.990037	0.0138839	1.00602	0.0159157	1.96344e-05
10067	1	100	6	500	0.0130281	0.00788037	0.00105326	0.00682711	0.00514768	0.992192	0.0118578	1.00506	0.0131663	2.00233e-05
10068	1	100	9	500	0.0144433	0.00879335	0.00127354	0.00751981	0.00564994	0.991261	0.0127059	1.00578	0.0138741	2.00933e-05
10069	1	100	5	500	0.0159879	0.00914352	0.00141897	0.00772455	0.00684434	0.990909	0.0127181	1.00514	0.0134522	2.01658e-05
10070	1	100	6	500	0.022713	0.012139	0.00235388	0.00978508	0.010574	0.987923	0.0149695	1.00587	0.0160731	2.05178e-05
10071	1	100	6	500	0.0224353	0.0132974	0.00287511	0.0104223	0.00913788	0.986726	0.0162629	1.00787	0.0169174	2.0538e-05
10072	1	100	10	500	0.018116	0.00969001	0.00141408	0.00827593	0.00842595	0.990458	0.0125952	1.00522	0.01492	2.06173e-05
10073	1	100	8	500	0.0176835	0.00982839	0.00154148	0.00828691	0.00785512	0.990319	0.0126433	1.0056	0.0143434	2.02923e-05
10074	1	100	6	500	0.0170067	0.0100904	0.00167862	0.00841175	0.00691634	0.989902	0.0125649	1.0064	0.0136492	2.03768e-05
10075	1	100	6	500	0.022649	0.0121479	0.00229759	0.00985031	0.0105011	0.987869	0.0146095	1.00592	0.0171457	1.9101e-05
10076	1	100	7	500	0.0369159	0.0138208	0.00322394	0.0105968	0.0230951	0.988163	0.0132737	0.999077	0.0149564	2.07287e-05
10077	1	100	7	500	0.0363128	0.0127408	0.00288416	0.00985667	0.023572	0.985188	0.0298544	0.993938	0.0322028	2.03586e-05
10078	1	100	5	500	0.0271195	0.011447	0.00196429	0.00948271	0.0156725	0.989159	0.0130707	1.00225	0.0136057	1.8879e-05
10079	1	100	8	500	0.0299194	0.011167	0.00169061	0.00947639	0.0187524	0.989676	0.0128164	1.00052	0.0143928	1.84168e-05
10080	1	100	6	500	0.0276586	0.0119748	0.00191539	0.0100594	0.0156839	0.987964	0.0162583	1.00253	0.0175709	1.90187e-05
10081	1	100	10	500	0.0290122	0.0134296	0.00247661	0.010953	0.0155826	0.987126	0.0144092	1.00454	0.0167252	1.9847e-05
10082	1	100	6	500	0.0226903	0.0139249	0.00314646	0.0107784	0.00876544	0.986186	0.0159837	1.00918	0.0187398	2.10457e-05
10083	1	100	6	500	0.0186612	0.0118819	0.00243209	0.00944977	0.00677932	0.988239	0.0148673	1.00818	0.0157345	2.24967e-05
10084	1	100	5	500	0.0211834	0.0129557	0.00278545	0.0101702	0.00822777	0.986585	0.0166261	1.00767	0.0193663	2.28441e-05
10085	1	100	5	500	0.0139736	0.0109697	0.00240598	0.00856375	0.00300387	0.989014	0.0130226	1.00902	0.0133755	2.30864e-05
10086	1	100	7	500	0.0122748	0.00805416	0.0011757	0.00687846	0.00422068	0.992003	0.0122886	1.00567	0.0108141	2.31359e-05
10087	1	100	9	500	0.0134403	0.00820591	0.00130006	0.00690586	0.00523441	0.991467	0.0128672	1.00451	0.0130696	2.26496e-05
10088	1	100	6	500	0.0169303	0.0103506	0.00220115	0.00814946	0.00657966	0.988698	0.0154369	1.00458	0.0169936	2.37299e-05
10089	1	100	6	500	0.020435	0.0104738	0.00312574	0.00734802	0.0099612	0.989217	0.0150929	1.00024	0.0171281	2.39247e-05
10090	1	100	3	500	0.0176099	0.00817401	0.0019625	0.00621151	0.00943584	0.991226	0.0136527	0.999816	0.0156543	2.28544e-05
10091	1	100	5	500	0.0153843	0.00663303	0.00143267	0.00520036	0.00875129	0.99409	0.0101696	1.00092	0.0117102	2.13134e-05
10092	1	100	8	500	0.0134252	0.00489845	0.000929064	0.00396939	0.00852679	0.995312	0.00972464	0.999257	0.00974679	2.08854e-05
10093	1	100	5	500	0.0128057	0.00516259	0.000983416	0.00417917	0.00764309	0.992338	0.0195899	0.997568	0.0160422	2.1728e-05
10094	1	100	9	500	0.0176754	0.00565285	0.000445585	0.00520726	0.0120226	0.994294	0.0181056	0.998824	0.0123002	2.09691e-05
10095	1	100	8	500	0.0241213	0.00702802	0.000511389	0.00651663	0.0170933	0.993373	0.0187376	0.997885	0.0132817	2.2272e-05
10096	1	100	9	500	0.0187233	0.00551994	0.000705165	0.00481477	0.0132033	0.990774	0.0371742	0.993837	0.0362655	2.13887e-05
10097	1	100	10	500	0.0326559	0.0100144	0.00201581	0.00799863	0.0226415	0.991531	0.0131865	0.996338	0.0152419	2.19378e-05
10098	1	100	11	500	0.0264256	0.00843888	0.00119615	0.00724273	0.0179867	0.991343	0.0157497	0.997224	0.0177603	2.17309e-05
10099	1	100	5	500	0.0101203	0.00415881	0.000345127	0.00381368	0.00596144	0.9958	0.00906432	1.00101	0.00994027	2.27052e-05
10100	1	100	6	500	0.00497321	0.00246911	0.000221767	0.00224734	0.0025041	0.997553	0.00646997	1.00091	0.00666137	2.34982e-05
10101	1	100	8	500	0.00441375	0.00200478	0.000141443	0.00186334	0.00240897	0.997807	0.0067081	1.00058	0.00703371	2.39041e-05
