Generation	PopulationID	SampleSize	UniqueMutations	PopulationSize	totalLoad	RelzLoad	RelzLoadHomo	RelzLoadHetero	MskLoad	MeanFitness	SdFitness	MeanFitnessCached	SdFitnessCached	Heterozygosity	
10001	1	100	64	500	0.207739	0.192142	0.170477	0.0216644	0.0155978	0.816022	0.0315079	1.18494	0.0463718	2.4211e-05
10002	1	100	40	500	0.0468674	0.0230826	0.00425215	0.0188304	0.0237848	0.977418	0.0310929	1.00464	0.0331257	2.32103e-05
10003	1	100	31	500	0.0570368	0.0281014	0.00490606	0.0231953	0.0289355	0.972791	0.0377495	1.00743	0.0425445	2.32619e-05
10004	1	100	33	500	0.0443748	0.0294035	0.00573881	0.0236647	0.0149713	0.971046	0.0428968	1.01567	0.0453844	2.39142e-05
10005	1	100	31	500	0.0496073	0.0352355	0.0068776	0.0283579	0.0143718	0.965125	0.0463168	1.02179	0.0475723	2.396e-05
10006	1	100	26	500	0.049846	0.0334835	0.00647602	0.0270075	0.0163625	0.96723	0.0411831	1.01909	0.04447	2.45586e-05
10007	1	100	29	500	0.0508733	0.0321821	0.00571715	0.0264649	0.0186912	0.966931	0.0454428	1.01433	0.0510175	2.48658e-05
10008	1	100	26	500	0.039452	0.0337424	0.00634654	0.0273958	0.00570963	0.965984	0.0494523	1.02454	0.0505077	2.26014e-05
10009	1	100	27	500	0.0466483	0.0407635	0.00724283	0.0335207	0.00588474	0.95971	0.0479569	1.032	0.0511555	2.27715e-05
10010	1	100	27	500	0.0512482	0.0429106	0.00666678	0.0362438	0.00833764	0.957675	0.0441486	1.03335	0.0463329	2.44602e-05
10011	1	100	29	500	0.0563342	0.0485893	0.00908434	0.039505	0.00774492	0.952109	0.0510904	1.03916	0.0528963	2.37524e-05
10012	1	100	24	500	0.0525987	0.0474645	0.0081626	0.0393019	0.00513418	0.952333	0.0443487	1.03803	0.0454832	2.35329e-05
10013	1	100	22	500	0.0558495	0.0513221	0.00909173	0.0422304	0.00452742	0.949383	0.0528285	1.04303	0.0537629	2.35005e-05
10014	1	100	21	500	0.0558541	0.0511007	0.00909581	0.0420049	0.00475339	0.94924	0.0490764	1.04207	0.0504929	2.31145e-05
10015	1	100	25	500	0.055179	0.050113	0.00879448	0.0413185	0.00506603	0.949475	0.0508181	1.04014	0.0546086	2.27659e-05
10016	1	100	31	500	0.0642783	0.0572015	0.0106652	0.0465363	0.00707672	0.942729	0.0564346	1.0458	0.0596052	2.24443e-05
10017	1	100	22	500	0.0763896	0.0687571	0.0124448	0.0563124	0.00763246	0.932357	0.0566516	1.06402	0.0595636	2.27123e-05
10018	1	100	21	500	0.0782784	0.0702518	0.0162268	0.054025	0.00802661	0.929886	0.057197	1.06529	0.0646183	2.14179e-05
10019	1	100	22	500	0.0742913	0.0694897	0.0154905	0.0539992	0.00480156	0.930783	0.0542574	1.06748	0.0565785	2.12184e-05
10020	1	100	23	500	0.0630767	0.0565353	0.00857488	0.0479604	0.00654143	0.943094	0.0529159	1.05189	0.0558794	2.17184e-05
10021	1	100	19	500	0.0627483	0.0577836	0.00918748	0.0485961	0.00496469	0.942439	0.0601293	1.05486	0.0616984	2.17043e-05
10022	1	100	19	500	0.0619884	0.0550425	0.00835099	0.0466915	0.00694594	0.945437	0.0534946	1.05097	0.0540846	2.24534e-05
10023	1	100	19	500	0.0591439	0.0519961	0.00787475	0.0441214	0.0071478	0.947596	0.0583141	1.04673	0.0612843	2.23522e-05
10024	1	100	15	500	0.0707935	0.0623593	0.0109109	0.0514484	0.00843418	0.938701	0.052806	1.05745	0.0546029	2.34661e-05
10025	1	100	20	500	0.0762826	0.067511	0.0127988	0.0547122	0.00877159	0.933337	0.0624784	1.06216	0.0688695	2.41019e-05
10026	1	100	16	500	0.0856367	0.0739626	0.0157282	0.0582344	0.0116741	0.92742	0.0552333	1.06625	0.0600384	2.39329e-05
10027	1	100	17	500	0.0730744	0.0551025	0.0100165	0.045086	0.017972	0.945571	0.0524863	1.04127	0.0581082	2.42582e-05
10028	1	100	18	500	0.100661	0.0679161	0.0137051	0.054211	0.0327449	0.933622	0.0489042	1.04386	0.0647957	2.49198e-05
10029	1	100	21	500	0.0959423	0.0630029	0.0120947	0.0509082	0.0329393	0.938576	0.0540406	1.03824	0.0627698	2.50029e-05
10030	1	100	21	500	0.0814655	0.0562664	0.0129767	0.0432897	0.0251991	0.944193	0.0575132	1.03061	0.0721971	2.52082e-05
10031	1	100	16	500	0.083644	0.0667881	0.0175635	0.0492246	0.016856	0.93314	0.0484226	1.0477	0.0644562	2.46412e-05
10032	1	100	17	500	0.0861051	0.0731269	0.019978	0.0531488	0.0129782	0.925482	0.0524924	1.0559	0.0700019	2.45559e-05
10033	1	100	16	500	0.0779581	0.0641408	0.0173238	0.046817	0.0138173	0.934938	0.0563471	1.04466	0.0725086	2.45106e-05
10034	1	100	15	500	0.0791648	0.0672226	0.017631	0.0495916	0.0119422	0.932769	0.0462284	1.05051	0.0617781	2.46457e-05
10035	1	100	19	500	0.0796164	0.0626465	0.0175109	0.0451356	0.01697	0.939091	0.0488281	1.03813	0.0656797	2.49241e-05
10036	1	100	17	500	0.0727609	0.056881	0.0178125	0.0390685	0.0158799	0.940883	0.0512366	1.02323	0.0739345	2.32157e-05
10037	1	100	17	500	0.0638902	0.0508892	0.0168853	0.0340039	0.013001	0.949085	0.0376024	1.01806	0.0548316	2.20061e-05
10038	1	100	16	500	0.0568509	0.0446385	0.0178354	0.0268031	0.0122124	0.957109	0.0395624	1.01054	0.0542076	2.03502e-05
10039	1	100	19	500	0.0569302	0.0431821	0.0147883	0.0283938	0.013748	0.958314	0.0404159	1.01384	0.0531959	2.18533e-05
10040	1	100	20	500	0.0518481	0.0393189	0.0136908	0.0256281	0.0125293	0.962667	0.0416274	1.01247	0.051759	2.19053e-05
10041	1	100	17	500	0.0453648	0.0333894	0.0111784	0.022211	0.0119754	0.967386	0.035939	1.00949	0.0441675	2.16378e-05
10042	1	100	17	500	0.0490468	0.0352674	0.0102023	0.0250652	0.0137793	0.964704	0.0410866	1.01328	0.0501491	2.26029e-05
10043	1	100	19	500	0.0651091	0.0477949	0.0124147	0.0353802	0.0173142	0.951847	0.0437876	1.02675	0.0555242	2.36807e-05
10044	1	100	20	500	0.0672164	0.0494746	0.014623	0.0348516	0.0177418	0.948288	0.0451545	1.02093	0.061658	2.32442e-05
10045	1	100	19	500	0.0627495	0.0378198	0.0110107	0.0268091	0.0249297	0.96304	0.0391012	1.00976	0.0471743	2.3817e-05
10046	1	100	12	500	0.0519613	0.0322056	0.0109549	0.0212507	0.0197558	0.96749	0.0352415	1.00405	0.0425577	2.4623e-05
10047	1	100	15	500	0.046312	0.0321481	0.0106488	0.0214993	0.0141639	0.965314	0.035357	1.00623	0.045404	2.44782e-05
10048	1	100	19	500	0.0522772	0.0373308	0.0100516	0.0272792	0.0149464	0.962995	0.0424421	1.01978	0.049511	2.50852e-05
10049	1	100	21	500	0.051248	0.0350652	0.00876139	0.0263038	0.0161828	0.965611	0.0425179	1.01834	0.0470071	2.58969e-05
10050	1	100	16	500	0.0551337	0.0414808	0.0111264	0.0303544	0.0136529	0.958448	0.0472672	1.02597	0.0534374	2.64605e-05
10051	1	100	15	500	0.0568711	0.0434774	0.0120821	0.0313953	0.0133937	0.958051	0.048946	1.02952	0.0538898	2.67199e-05
10052	1	100	15	500	0.0574212	0.0425728	0.0127357	0.0298371	0.0148484	0.959162	0.044094	1.02385	0.0501325	2.6238e-05
10053	1	100	10	500	0.0570041	0.0444993	0.0145082	0.0299911	0.0125049	0.953714	0.0407207	1.02106	0.0549094	2.49119e-05
10054	1	100	10	500	0.0488058	0.0334845	0.00987157	0.0236129	0.0153213	0.967104	0.0382245	1.01303	0.0434729	2.55467e-05
10055	1	100	13	500	0.0719392	0.0540765	0.0192786	0.0347979	0.0178626	0.94888	0.0470868	1.02797	0.058008	2.55866e-05
10056	1	100	12	500	0.0810705	0.0652667	0.0255302	0.0397365	0.0158038	0.936421	0.0505989	1.04053	0.0638538	2.55356e-05
10057	1	100	12	500	0.0912112	0.0741307	0.0311728	0.0429579	0.0170805	0.926902	0.0481847	1.04915	0.0610865	2.59802e-05
10058	1	100	15	500	0.0925597	0.0718081	0.0288517	0.0429564	0.0207516	0.929361	0.0537545	1.04479	0.0630426	2.61828e-05
10059	1	100	12	500	0.0804971	0.0642791	0.0242035	0.0400756	0.0162179	0.936066	0.0528581	1.04106	0.0594438	2.60138e-05
10060	1	100	16	500	0.088273	0.0665702	0.0246552	0.0419149	0.0217028	0.933757	0.0514703	1.04132	0.0592842	2.68091e-05
10061	1	100	14	500	0.0855924	0.0620962	0.0220865	0.0400097	0.0234961	0.938865	0.051012	1.03294	0.0650417	2.74397e-05
10062	1	100	19	500	0.0885437	0.0659538	0.0254409	0.0405129	0.02259	0.931046	0.0584858	1.02791	0.0685164	2.68746e-05
10063	1	100	18	500	0.0859067	0.0640163	0.0245575	0.0394587	0.0218904	0.936399	0.0416603	1.02876	0.0552796	2.69101e-05
10064	1	100	17	500	0.0808695	0.0579746	0.0204747	0.0375	0.0228948	0.942683	0.0427187	1.02633	0.0600325	2.74235e-05
10065	1	100	15	500	0.0806219	0.0599805	0.0210681	0.0389123	0.0206414	0.942082	0.0453866	1.03439	0.0594795	2.73982e-05
10066	1	100	13	500	0.0754264	0.0583695	0.0202701	0.0380994	0.0170569	0.940815	0.0460305	1.03242	0.0630917	2.73497e-05
10067	1	100	13	500	0.0758438	0.0592017	0.0193902	0.0398116	0.016642	0.939398	0.0457154	1.03971	0.0612997	2.68649e-05
10068	1	100	11	500	0.0883248	0.0698974	0.0264379	0.0434595	0.0184274	0.933024	0.049055	1.05378	0.0560262	2.69608e-05
10069	1	100	13	500	0.0954731	0.077442	0.0320628	0.0453792	0.0180312	0.923382	0.0503516	1.06057	0.0619992	2.63405e-05
10070	1	100	11	500	0.0921702	0.0706127	0.0271167	0.043496	0.0215575	0.931896	0.0554007	1.04804	0.0686339	2.5917e-05
10071	1	100	10	500	0.105106	0.0829591	0.0365164	0.0464427	0.022147	0.918872	0.0480441	1.05542	0.0676497	2.54834e-05
10072	1	100	10	500	0.110382	0.0860229	0.0397392	0.0462837	0.0243592	0.914644	0.0477769	1.04395	0.0808268	2.49055e-05
10073	1	100	15	500	0.116867	0.0905138	0.0431623	0.0473516	0.0263529	0.909689	0.0466603	1.0504	0.0780563	2.48699e-05
10074	1	100	11	500	0.129301	0.0976448	0.0485316	0.0491133	0.0316559	0.904776	0.0505701	1.05156	0.083477	2.37122e-05
10075	1	100	13	500	0.125472	0.105114	0.0585046	0.0466091	0.0203581	0.893204	0.0567753	1.0743	0.0868385	2.24712e-05
10076	1	100	13	500	0.123624	0.101968	0.0547593	0.0472088	0.021656	0.900664	0.0494712	1.07184	0.0730729	2.30212e-05
10077	1	100	10	500	0.124539	0.103085	0.0559096	0.0471753	0.0214545	0.894878	0.0517759	1.06761	0.085785	2.27563e-05
10078	1	100	12	500	0.122204	0.101629	0.0548675	0.0467613	0.0205748	0.903321	0.0460956	1.0694	0.0712417	2.20653e-05
10079	1	100	13	500	0.124801	0.104874	0.0581565	0.0467174	0.0199267	0.895838	0.0452852	1.07465	0.0772999	2.22636e-05
10080	1	100	13	500	0.123519	0.103186	0.0562388	0.0469471	0.0203332	0.897185	0.048467	1.06966	0.082731	2.24597e-05
10081	1	100	12	500	0.110716	0.0882708	0.0429927	0.0452782	0.0224447	0.908085	0.0507614	1.0362	0.0938566	2.34999e-05
10082	1	100	7	500	0.103353	0.0824651	0.0437853	0.0386799	0.0208874	0.915851	0.0444712	1.00788	0.0903657	2.18079e-05
10083	1	100	11	500	0.107629	0.0865817	0.0451457	0.041436	0.0210476	0.911603	0.0474539	1.01527	0.0940845	2.21708e-05
10084	1	100	11	500	0.111314	0.0901649	0.0475899	0.042575	0.0211493	0.91322	0.0367994	1.0226	0.0823272	2.17725e-05
10085	1	100	11	500	0.117099	0.0959336	0.0512298	0.0447038	0.0211658	0.90426	0.0360925	1.02822	0.0902021	2.093e-05
10086	1	100	8	500	0.124207	0.103154	0.0568325	0.0463219	0.0210522	0.896371	0.0382317	1.03897	0.0962902	2.01809e-05
10087	1	100	9	500	0.13257	0.107566	0.060104	0.0474616	0.0250045	0.893589	0.034234	1.05009	0.0886303	2.04616e-05
10088	1	100	12	500	0.134525	0.10851	0.061688	0.0468221	0.0260145	0.894365	0.0284999	1.03293	0.0926052	1.91479e-05
10089	1	100	8	500	0.141152	0.111487	0.0647721	0.0467153	0.029665	0.886984	0.0282303	1.01457	0.104479	1.79379e-05
10090	1	100	11	500	0.140208	0.109224	0.0671899	0.0420343	0.0309834	0.893196	0.0206562	0.988713	0.0946998	1.62197e-05
10091	1	100	11	500	0.124298	0.105197	0.0723535	0.0328431	0.0191011	0.898016	0.0116275	0.968883	0.0885565	1.42565e-05
10092	1	100	9	500	0.129934	0.106771	0.0730057	0.033765	0.0231635	0.894405	0.0191811	0.964583	0.0894568	1.44465e-05
10093	1	100	10	500	0.138159	0.107276	0.0695974	0.0376791	0.0308824	0.893884	0.0198485	0.971427	0.0935606	1.60126e-05
10094	1	100	10	500	0.131438	0.105261	0.0675302	0.0377307	0.0261776	0.897676	0.018564	0.980468	0.0911318	1.71051e-05
10095	1	100	12	500	0.128034	0.106141	0.0689642	0.0371766	0.021893	0.895072	0.0181615	0.979851	0.0955562	1.71779e-05
10096	1	100	13	500	0.13065	0.106678	0.0681565	0.0385211	0.0239724	0.890835	0.0256294	0.978077	0.100854	1.72463e-05
10097	1	100	13	500	0.128506	0.106355	0.0715834	0.0347715	0.0221514	0.890976	0.0216473	0.965932	0.0973573	1.5933e-05
10098	1	100	10	500	0.131809	0.106829	0.0727985	0.0340307	0.0249795	0.896297	0.0123261	0.966362	0.0870438	1.54138e-05
10099	1	100	11	500	0.134758	0.108009	0.0722086	0.0358006	0.0267486	0.891573	0.0210465	0.965304	0.09308	1.60595e-05
10100	1	100	13	500	0.140265	0.109216	0.0679358	0.04128	0.0310493	0.893575	0.0205983	0.984877	0.093363	1.81756e-05
10101	1	100	12	500	0.130706	0.106629	0.0733837	0.0332452	0.0240771	0.895952	0.0164463	0.963251	0.0864961	1.57172e-05
