Generation	PopulationID	SampleSize	UniqueMutations	PopulationSize	totalLoad	RelzLoad	RelzLoadHomo	RelzLoadHetero	MskLoad	MeanFitness	SdFitness	MeanFitnessCached	SdFitnessCached	Heterozygosity	
10001	1	100	47	500	0.262476	0.205043	0.133852	0.0711909	0.0574334	0.809244	0.0728937	1.1479	0.0461795	4.12622e-05
10002	1	100	35	500	0.270741	0.212406	0.142158	0.0702481	0.0583358	0.802639	0.0744266	1.15032	0.0499082	4.33489e-05
10003	1	100	27	500	0.28168	0.206752	0.130346	0.0764059	0.0749287	0.813827	0.0619783	1.15033	0.0459784	4.48868e-05
10004	1	100	28	500	0.312669	0.216235	0.13319	0.0830448	0.096434	0.804046	0.0749626	1.13967	0.0571578	4.53926e-05
10005	1	100	21	500	0.251303	0.183653	0.110096	0.0735573	0.06765	0.829408	0.0653868	1.13582	0.0485638	4.41621e-05
10006	1	100	23	500	0.317134	0.206325	0.119616	0.0867089	0.110808	0.81121	0.077832	1.11971	0.0631828	4.52316e-05
10007	1	100	23	500	0.321672	0.207438	0.119667	0.0877709	0.114234	0.815932	0.0646752	1.12121	0.0519974	4.58004e-05
10008	1	100	19	500	0.28673	0.194281	0.114055	0.0802257	0.0924487	0.823161	0.0626948	1.12312	0.0500822	4.60273e-05
10009	1	100	18	500	0.309653	0.220289	0.141203	0.0790858	0.0893643	0.802005	0.0730453	1.13331	0.0454166	4.386e-05
10010	1	100	18	500	0.311594	0.217349	0.136722	0.0806263	0.0942456	0.805476	0.0676188	1.12952	0.0461247	4.33895e-05
10011	1	100	18	500	0.319481	0.222785	0.142418	0.0803672	0.096696	0.802133	0.0695362	1.1309	0.0477802	4.2464e-05
10012	1	100	21	500	0.337355	0.225643	0.14105	0.0845926	0.111712	0.799694	0.0662912	1.12511	0.049986	4.37838e-05
10013	1	100	22	500	0.300798	0.209407	0.134217	0.0751897	0.0913907	0.810518	0.068019	1.12684	0.0582132	4.28175e-05
10014	1	100	17	500	0.346274	0.232168	0.151006	0.0811615	0.114106	0.793593	0.0704041	1.12638	0.0521602	4.53363e-05
10015	1	100	18	500	0.325399	0.221057	0.143012	0.0780456	0.104342	0.796825	0.0964416	1.11842	0.0930111	4.54203e-05
10016	1	100	17	500	0.333491	0.222157	0.142891	0.0792656	0.111334	0.791571	0.114319	1.10913	0.124052	4.49722e-05
10017	1	100	19	500	0.334268	0.213449	0.127802	0.0856474	0.120819	0.813239	0.0624724	1.12073	0.0531545	4.54683e-05
10018	1	100	21	500	0.312033	0.201885	0.120356	0.0815289	0.110148	0.811408	0.10371	1.10739	0.118625	4.53975e-05
10019	1	100	19	500	0.269661	0.191703	0.12187	0.0698331	0.0779581	0.813658	0.0981429	1.11139	0.0788327	4.51939e-05
10020	1	100	20	500	0.294898	0.193836	0.117123	0.0767123	0.101063	0.818898	0.095309	1.10348	0.0800133	4.56257e-05
10021	1	100	21	500	0.28058	0.183921	0.109168	0.0747527	0.0966595	0.829394	0.0863541	1.10609	0.0589942	4.38483e-05
10022	1	100	19	500	0.340647	0.207875	0.120278	0.0875972	0.132771	0.812218	0.110637	1.09087	0.126453	4.40672e-05
10023	1	100	17	500	0.337561	0.206951	0.120596	0.0863554	0.13061	0.802331	0.139443	1.07092	0.14568	4.33233e-05
10024	1	100	20	500	0.307902	0.19866	0.121876	0.0767845	0.109242	0.819222	0.102948	1.10023	0.0850476	4.23293e-05
10025	1	100	18	500	0.304547	0.193734	0.114788	0.0789464	0.110812	0.818294	0.118447	1.09336	0.128654	4.22829e-05
10026	1	100	19	500	0.282378	0.184517	0.112669	0.0718478	0.0978614	0.820877	0.125054	1.08356	0.121477	4.0477e-05
10027	1	100	20	500	0.306651	0.209925	0.136584	0.0733406	0.0967259	0.810443	0.105034	1.1061	0.0902311	4.45265e-05
10028	1	100	19	500	0.313104	0.218569	0.145598	0.0729706	0.0945346	0.803941	0.108112	1.10914	0.0964994	4.64539e-05
10029	1	100	20	500	0.281966	0.191605	0.121507	0.0700987	0.0903602	0.822316	0.106809	1.09668	0.0968582	4.3772e-05
10030	1	100	20	500	0.258892	0.177231	0.112238	0.0649933	0.0816611	0.838325	0.0754831	1.10827	0.0409266	4.27791e-05
10031	1	100	20	500	0.243936	0.172484	0.110623	0.0618609	0.0714518	0.842269	0.068155	1.1145	0.0415031	4.2374e-05
10032	1	100	21	500	0.212043	0.152703	0.0987861	0.0539172	0.0593394	0.854247	0.0845127	1.10171	0.0640836	3.90463e-05
10033	1	100	21	500	0.22189	0.156441	0.100205	0.0562361	0.0654497	0.855498	0.0650491	1.10694	0.0389656	3.98879e-05
10034	1	100	21	500	0.20733	0.150064	0.0976579	0.0524064	0.0572657	0.860631	0.0581997	1.10611	0.0381922	3.91735e-05
10035	1	100	19	500	0.136755	0.073947	0.0224315	0.0515156	0.0628083	0.933107	0.0716652	1.02313	0.0440296	3.90097e-05
10036	1	100	20	500	0.140021	0.0746251	0.0235571	0.051068	0.0653963	0.932807	0.0698747	1.01988	0.0340508	3.81491e-05
10037	1	100	20	500	0.112137	0.0591004	0.0158109	0.0432895	0.053037	0.946116	0.0582221	1.01908	0.0388763	3.3757e-05
10038	1	100	21	500	0.099221	0.0535056	0.0127101	0.0407955	0.0457154	0.951947	0.0516491	1.02263	0.0298238	3.43535e-05
10039	1	100	24	500	0.0726511	0.0422797	0.00916989	0.0331098	0.0303714	0.953922	0.0721898	1.01091	0.0317754	3.12212e-05
10040	1	100	23	500	0.0801368	0.04649	0.011244	0.035246	0.0336468	0.957877	0.0466118	1.02219	0.0305585	3.07423e-05
10041	1	100	21	500	0.0739172	0.0448189	0.0105263	0.0342926	0.0290983	0.957377	0.0561478	1.02064	0.0323395	2.95095e-05
10042	1	100	24	500	0.0918174	0.0519756	0.0114203	0.0405553	0.0398418	0.952652	0.054923	1.02476	0.0330136	3.13835e-05
10043	1	100	19	500	0.0580585	0.0355211	0.00453903	0.0309821	0.0225374	0.966165	0.0482403	1.02143	0.0331988	1.9693e-05
10044	1	100	15	500	0.070748	0.0459112	0.0075209	0.0383903	0.0248368	0.956547	0.0517209	1.02949	0.0336929	2.14533e-05
10045	1	100	17	500	0.0700852	0.0416273	0.00633507	0.0352922	0.0284579	0.958134	0.0620535	1.01932	0.0300123	2.02075e-05
10046	1	100	12	500	0.0653705	0.0428187	0.00687542	0.0359433	0.0225518	0.958771	0.044139	1.02824	0.0296299	1.69009e-05
10047	1	100	14	500	0.069681	0.0451171	0.00727093	0.0378461	0.024564	0.956131	0.0514954	1.02831	0.0329095	1.87789e-05
10048	1	100	16	500	0.0630631	0.0425563	0.00691903	0.0356373	0.0205068	0.959036	0.0474463	1.02938	0.0331058	1.77852e-05
10049	1	100	17	500	0.0510988	0.037063	0.00613044	0.0309326	0.0140358	0.963712	0.0440783	1.02741	0.0374204	1.55328e-05
10050	1	100	13	500	0.0519934	0.0356768	0.00531569	0.0303611	0.0163166	0.965908	0.0481558	1.02477	0.0368253	1.72398e-05
10051	1	100	13	500	0.0487036	0.0332064	0.00487194	0.0283345	0.0154971	0.966631	0.0551576	1.01952	0.0358454	1.83494e-05
10052	1	100	17	500	0.0500254	0.0348364	0.00525585	0.0295805	0.015189	0.966288	0.0429814	1.02338	0.0346825	1.75579e-05
10053	1	100	15	500	0.0442698	0.0320747	0.00470622	0.0273685	0.0121951	0.968472	0.041558	1.02324	0.0347029	1.57365e-05
10054	1	100	15	500	0.0611201	0.0386726	0.0061202	0.0325524	0.0224475	0.961304	0.0498082	1.02296	0.0340954	1.51296e-05
10055	1	100	13	500	0.0705892	0.0421711	0.00711765	0.0350535	0.0284181	0.960663	0.048419	1.02281	0.034953	1.8605e-05
10056	1	100	12	500	0.0443881	0.027276	0.00344372	0.0238323	0.0171121	0.973903	0.040054	1.01573	0.0295735	1.57841e-05
10057	1	100	10	500	0.0392294	0.0278659	0.00395861	0.0239073	0.0113635	0.971356	0.0499953	1.01619	0.0288927	1.6432e-05
10058	1	100	9	500	0.0375808	0.0261107	0.00377561	0.0223351	0.0114701	0.974673	0.0411026	1.0165	0.0296497	1.63469e-05
10059	1	100	10	500	0.0371382	0.0258678	0.00368212	0.0221857	0.0112704	0.97543	0.0394509	1.01696	0.03101	1.56736e-05
10060	1	100	10	500	0.0421711	0.0294883	0.00453791	0.0249504	0.0126828	0.971744	0.0419671	1.01904	0.0322679	1.65908e-05
10061	1	100	11	500	0.0530057	0.0364078	0.00735283	0.029055	0.0165979	0.965408	0.0507251	1.02132	0.0320154	1.91938e-05
10062	1	100	10	500	0.0458996	0.0303608	0.00599334	0.0243675	0.0155388	0.970734	0.0536251	1.01585	0.0318874	1.83822e-05
10063	1	100	10	500	0.0552445	0.0377985	0.00804619	0.0297523	0.017446	0.964065	0.0510887	1.02131	0.0298894	2.07583e-05
10064	1	100	10	500	0.0627581	0.0425282	0.0111682	0.03136	0.0202299	0.962187	0.0461144	1.02485	0.0327749	2.28146e-05
10065	1	100	14	500	0.0680541	0.0470571	0.0119671	0.03509	0.020997	0.954889	0.0619329	1.02461	0.0374354	2.33028e-05
10066	1	100	11	500	0.0556257	0.0372329	0.00859059	0.0286423	0.0183928	0.965238	0.0494026	1.02063	0.0298874	2.03906e-05
10067	1	100	15	500	0.057239	0.0376642	0.00966407	0.0280001	0.0195748	0.964322	0.0555482	1.01825	0.0294624	2.11538e-05
10068	1	100	9	500	0.0329957	0.0186134	0.00289432	0.0157191	0.0143823	0.981424	0.0415543	1.00708	0.0229864	1.53595e-05
10069	1	100	12	500	0.0448601	0.0249889	0.00461632	0.0203726	0.0198712	0.976789	0.0382356	1.01077	0.0275571	1.69238e-05
10070	1	100	14	500	0.0690499	0.0368246	0.00840417	0.0284204	0.0322254	0.96432	0.0588131	1.0103	0.0325517	2.0588e-05
10071	1	100	12	500	0.0610558	0.026994	0.00455064	0.0224434	0.0340618	0.973574	0.0527532	1.00289	0.0255999	1.63188e-05
10072	1	100	15	500	0.0492141	0.0229623	0.0038839	0.0190784	0.0262519	0.978178	0.0381801	1.0052	0.030423	1.58994e-05
10073	1	100	13	500	0.0325575	0.0157889	0.00269275	0.0130961	0.0167686	0.983407	0.032336	1.00295	0.0252901	1.3319e-05
10074	1	100	10	500	0.0252876	0.0138513	0.00308392	0.0107673	0.0114363	0.986287	0.0285175	1.00272	0.0216549	1.38946e-05
10075	1	100	12	500	0.0238978	0.013107	0.00306697	0.01004	0.0107908	0.987602	0.0283823	1.00275	0.0192325	1.25418e-05
10076	1	100	13	500	0.0172952	0.00805723	0.00156252	0.00649471	0.00923798	0.992304	0.022496	1.00078	0.0176339	1.13637e-05
10077	1	100	9	500	0.0171067	0.00932788	0.00162331	0.00770457	0.00777878	0.990071	0.0343072	1.00147	0.0156287	1.26022e-05
10078	1	100	13	500	0.0126918	0.00635742	0.00153448	0.00482294	0.00633438	0.993034	0.0196672	0.99969	0.0150381	1.17749e-05
10079	1	100	10	500	0.0104625	0.00528725	0.00105662	0.00423063	0.00517525	0.994512	0.0179471	1.00041	0.0134492	1.18622e-05
10080	1	100	11	500	0.0112955	0.00525774	0.0015733	0.00368444	0.00603777	0.994059	0.0164053	0.998407	0.0132344	1.19902e-05
10081	1	100	10	500	0.0160626	0.00836284	0.0025973	0.00576554	0.00769975	0.992752	0.0202848	1.00054	0.0148338	1.15903e-05
10082	1	100	9	500	0.0143485	0.00741223	0.00319747	0.00421475	0.00693632	0.99238	0.0182142	0.997348	0.0151237	1.11045e-05
10083	1	100	11	500	0.0154904	0.00796174	0.00253896	0.00542278	0.0075287	0.992822	0.0195431	1.00009	0.0148549	1.15829e-05
10084	1	100	11	500	0.0166962	0.00875037	0.00247566	0.0062747	0.00794585	0.991524	0.0215162	1.00022	0.0167711	1.1963e-05
10085	1	100	6	500	0.0237176	0.0136778	0.00242009	0.0112577	0.0100398	0.987063	0.0294931	1.00538	0.0214772	1.4944e-05
10086	1	100	7	500	0.0185905	0.0101683	0.00230281	0.00786545	0.00842228	0.989973	0.0247226	1.0019	0.0185108	1.38701e-05
10087	1	100	7	500	0.0156815	0.006791	0.00224039	0.00455061	0.00889046	0.993396	0.016788	0.998133	0.0136243	1.29322e-05
10088	1	100	10	500	0.0191515	0.00896307	0.00272349	0.00623959	0.0101884	0.991857	0.0203829	0.999362	0.015495	1.34398e-05
10089	1	100	8	500	0.0206343	0.0113585	0.00298913	0.00836937	0.0092758	0.988746	0.0253807	1.00116	0.019708	1.44479e-05
10090	1	100	8	500	0.0389256	0.0228437	0.00489533	0.0179484	0.0160818	0.979424	0.03685	1.00977	0.0252925	1.75298e-05
10091	1	100	9	500	0.0564535	0.0329333	0.00785641	0.0250769	0.0235202	0.968059	0.0534334	1.01118	0.0279607	2.00943e-05
10092	1	100	12	500	0.067313	0.0396986	0.0103555	0.0293431	0.0276144	0.960666	0.0692654	1.01188	0.0311648	2.07671e-05
10093	1	100	10	500	0.0809783	0.0512098	0.0163794	0.0348304	0.0297685	0.953279	0.0613791	1.02143	0.029741	2.26354e-05
10094	1	100	9	500	0.0827875	0.0520428	0.0168815	0.0351612	0.0307447	0.953296	0.0578392	1.02198	0.0308552	2.25579e-05
10095	1	100	9	500	0.0834898	0.0520345	0.0167824	0.0352521	0.0314553	0.945781	0.087132	1.01118	0.0381068	2.32931e-05
10096	1	100	13	500	0.0936188	0.05937	0.0211078	0.0382622	0.0342488	0.943935	0.0736166	1.01982	0.0297135	2.44155e-05
10097	1	100	10	500	0.0984184	0.0624927	0.0230455	0.0394472	0.0359257	0.943178	0.0703493	1.02196	0.0302811	2.47984e-05
10098	1	100	7	500	0.106678	0.0690614	0.0274823	0.0415791	0.0376165	0.932051	0.0927854	1.01547	0.0409566	2.49613e-05
10099	1	100	8	500	0.127973	0.0842253	0.0383447	0.0458806	0.0437474	0.922428	0.0911201	1.01985	0.0433743	2.58058e-05
10100	1	100	9	500	0.138298	0.0928466	0.0450937	0.0477529	0.045451	0.91048	0.101781	1.01502	0.0503921	2.6029e-05
10101	1	100	10	500	0.147727	0.0985144	0.0495245	0.0489899	0.0492123	0.912953	0.0900479	1.02133	0.0393527	2.59728e-05
