Generation	PopulationID	SampleSize	UniqueMutations	PopulationSize	totalLoad	RelzLoad	RelzLoadHomo	RelzLoadHetero	MskLoad	MeanFitness	SdFitness	MeanFitnessCached	SdFitnessCached	Heterozygosity	
10001	1	100	43	500	0.31647	0.302309	0.255202	0.0471068	0.0141609	0.723769	0.0588809	1.25486	0.0483832	2.21116e-05
10002	1	100	30	500	0.32565	0.303581	0.251755	0.0518262	0.0220696	0.724008	0.0608788	1.25971	0.0541093	2.18342e-05
10003	1	100	20	500	0.354624	0.324189	0.283284	0.0409048	0.0304346	0.707006	0.050794	1.27636	0.0542712	2.16136e-05
10004	1	100	20	500	0.362108	0.331526	0.294983	0.036543	0.0305821	0.700942	0.0461324	1.27066	0.0508657	2.04606e-05
10005	1	100	19	500	0.350839	0.321191	0.289041	0.0321498	0.0296483	0.708895	0.0380692	1.27608	0.0513537	2.04726e-05
10006	1	100	17	500	0.361374	0.332585	0.294824	0.0377614	0.028789	0.700783	0.0430732	1.27997	0.0518924	1.98348e-05
10007	1	100	15	500	0.199631	0.160689	0.129859	0.0308296	0.0389425	0.840281	0.0888718	1.07171	0.107101	1.97009e-05
10008	1	100	13	500	0.222831	0.159951	0.131036	0.0289147	0.06288	0.848375	0.0494163	1.07537	0.053348	1.99633e-05
10009	1	100	15	500	0.208545	0.154682	0.124177	0.0305057	0.053863	0.852045	0.0511496	1.07282	0.0461014	2.0222e-05
10010	1	100	16	500	0.169379	0.139286	0.118521	0.0207653	0.030093	0.865648	0.041607	1.08393	0.0344158	1.92605e-05
10011	1	100	15	500	0.178831	0.136515	0.110508	0.026007	0.0423165	0.866856	0.0425706	1.07382	0.0402752	1.96721e-05
10012	1	100	15	500	0.159055	0.127758	0.103612	0.024146	0.0312967	0.877103	0.0383675	1.07437	0.0368939	2.01981e-05
10013	1	100	15	500	0.167262	0.132479	0.114797	0.0176828	0.0347829	0.870195	0.0372499	1.07566	0.0344929	1.99264e-05
10014	1	100	15	500	0.182846	0.141284	0.122195	0.0190887	0.0415615	0.862852	0.0375615	1.06755	0.04097	1.99776e-05
10015	1	100	13	500	0.204191	0.150864	0.132356	0.0185075	0.0533273	0.856281	0.0369661	1.06793	0.0373047	1.99424e-05
10016	1	100	16	500	0.229432	0.162518	0.140301	0.0222172	0.066914	0.847893	0.0447946	1.05656	0.0448168	2.02374e-05
10017	1	100	12	500	0.264401	0.174784	0.149344	0.0254399	0.089617	0.840978	0.0467841	1.05418	0.0548123	2.00287e-05
10018	1	100	13	500	0.300341	0.183372	0.148641	0.0347308	0.116968	0.836906	0.0850875	1.0433	0.104751	2.08247e-05
10019	1	100	12	500	0.315873	0.193832	0.160836	0.0329964	0.122041	0.824351	0.104376	1.03441	0.131235	2.00962e-05
10020	1	100	15	500	0.290166	0.179174	0.146565	0.0326085	0.110992	0.842563	0.0612574	1.05145	0.0693161	2.0673e-05
10021	1	100	13	500	0.259295	0.165225	0.1333	0.031925	0.0940701	0.852094	0.0496688	1.05464	0.0494067	2.06337e-05
10022	1	100	14	500	0.289879	0.178702	0.144493	0.0342095	0.111177	0.832302	0.108948	1.0348	0.131752	2.05776e-05
10023	1	100	16	500	0.281928	0.177318	0.14305	0.0342672	0.104611	0.829333	0.106977	1.02728	0.129827	2.01334e-05
10024	1	100	14	500	0.261686	0.176678	0.154056	0.0226219	0.0850078	0.837799	0.041926	1.05392	0.049329	1.82233e-05
10025	1	100	12	500	0.125142	0.0576217	0.0407415	0.0168801	0.0675206	0.941841	0.0905585	0.942041	0.0905813	1.82168e-05
10026	1	100	12	500	0.111689	0.0498918	0.0344425	0.0154493	0.0617972	0.953746	0.041988	0.953891	0.0421305	1.85495e-05
10027	1	100	12	500	0.142724	0.061125	0.0407253	0.0203996	0.0815986	0.941917	0.097501	0.942162	0.0975195	1.91262e-05
10028	1	100	8	500	0.162468	0.0720071	0.0493794	0.0226276	0.0904613	0.939839	0.04819	0.94011	0.0482342	1.81379e-05
10029	1	100	7	500	0.129259	0.0620941	0.0452921	0.016802	0.0671649	0.943976	0.0422506	0.943997	0.042275	1.6992e-05
10030	1	100	8	500	0.167318	0.07952	0.0575132	0.0220068	0.0877976	0.91636	0.122324	0.916517	0.122356	1.67205e-05
10031	1	100	7	500	0.1996	0.0935042	0.0669356	0.0265687	0.106096	0.924675	0.0444884	0.924802	0.0444708	1.68908e-05
10032	1	100	8	500	0.185915	0.0903724	0.0663359	0.0240365	0.0955425	0.909018	0.120854	0.909298	0.12088	1.54627e-05
10033	1	100	8	500	0.186953	0.0917317	0.0679265	0.0238052	0.0952208	0.896793	0.157941	0.89684	0.157957	1.52384e-05
10034	1	100	6	500	0.201442	0.0982899	0.0725018	0.0257881	0.103153	0.905221	0.115605	0.905221	0.115605	1.45781e-05
10035	1	100	7	500	0.200835	0.0953861	0.0690238	0.0263623	0.105449	0.916611	0.082658	0.916611	0.082658	1.62233e-05
10036	1	100	6	500	0.16706	0.0777382	0.0554077	0.0223305	0.0893221	0.935027	0.0435573	0.935027	0.0435574	1.69352e-05
10037	1	100	7	500	0.174162	0.0813615	0.0581614	0.0232001	0.0928003	0.918185	0.117403	0.918511	0.117493	1.62097e-05
10038	1	100	9	500	0.158157	0.0748957	0.0540803	0.0208154	0.0832615	0.928313	0.087676	0.928313	0.087676	1.59402e-05
10039	1	100	9	500	0.207314	0.0949855	0.0669033	0.0280822	0.112329	0.901588	0.142492	0.901588	0.142492	1.68591e-05
10040	1	100	9	500	0.16491	0.0810521	0.0600876	0.0209645	0.0838581	0.929583	0.0405124	0.929583	0.0405124	1.57253e-05
10041	1	100	9	500	0.140071	0.0727344	0.0559002	0.0168343	0.067337	0.92534	0.0965516	0.92534	0.0965516	1.46336e-05
10042	1	100	13	500	0.156996	0.0796626	0.0603292	0.0193334	0.0773335	0.920961	0.0826861	0.921166	0.0827564	1.46854e-05
10043	1	100	9	500	0.133856	0.0739303	0.0589489	0.0149814	0.0599255	0.930873	0.0313412	0.93092	0.0312292	1.30639e-05
10044	1	100	11	500	0.142487	0.0754783	0.0586834	0.0167949	0.0670091	0.931003	0.0329054	0.931201	0.0329179	1.38103e-05
10045	1	100	12	500	0.116109	0.0371967	0.0168751	0.0203216	0.0789127	0.967242	0.0326836	0.968359	0.0314024	1.29333e-05
10046	1	100	10	500	0.134743	0.0458011	0.0215777	0.0242234	0.0889414	0.961139	0.0374922	0.965151	0.0328094	1.18707e-05
10047	1	100	11	500	0.129815	0.0431027	0.0205477	0.0225551	0.0867119	0.959223	0.0362871	0.96091	0.035428	1.17746e-05
10048	1	100	10	500	0.0956336	0.0320624	0.0161695	0.0158928	0.0635713	0.968548	0.0348581	0.968548	0.0348581	1.20519e-05
10049	1	100	11	500	0.123027	0.0394905	0.0186063	0.0208842	0.0835363	0.959509	0.0748759	0.959521	0.0748754	1.19245e-05
10050	1	100	12	500	0.154092	0.0558113	0.0312411	0.0245702	0.0982806	0.960116	0.028705	0.960116	0.028705	1.1669e-05
10051	1	100	14	500	0.198261	0.0770942	0.0466878	0.0304063	0.121167	0.93382	0.0879448	0.934037	0.0879665	1.15672e-05
10052	1	100	11	500	0.168738	0.0634313	0.0371047	0.0263267	0.105307	0.956295	0.0281222	0.956409	0.0279913	1.1707e-05
10053	1	100	8	500	0.179461	0.0670082	0.038895	0.0281132	0.112453	0.938878	0.101841	0.938891	0.101843	1.21349e-05
10054	1	100	8	500	0.139663	0.0526565	0.0309049	0.0217516	0.0870064	0.941978	0.109763	0.942015	0.109757	1.08052e-05
10055	1	100	8	500	0.156255	0.0587374	0.034358	0.0243794	0.0975177	0.946519	0.0956356	0.946519	0.0956356	1.14991e-05
10056	1	100	10	500	0.160065	0.0598945	0.034852	0.0250425	0.10017	0.95779	0.0269013	0.957986	0.0265065	1.19698e-05
10057	1	100	11	500	0.144067	0.0521988	0.0292318	0.022967	0.0918681	0.950343	0.0812053	0.950343	0.0812053	1.20231e-05
10058	1	100	11	500	0.129868	0.0480335	0.0275749	0.0204586	0.0818344	0.95922	0.0263699	0.959477	0.0260249	1.15936e-05
10059	1	100	14	500	0.167727	0.0628296	0.0366052	0.0262243	0.104897	0.919394	0.156965	0.919394	0.156965	1.1179e-05
10060	1	100	9	500	0.108438	0.0445071	0.0285244	0.0159826	0.0639306	0.957544	0.0252767	0.957544	0.0252767	8.01196e-06
10061	1	100	16	500	0.096746	0.0433861	0.030004	0.0133821	0.0533599	0.960299	0.0184198	0.96038	0.0183972	7.1469e-06
10062	1	100	11	500	0.0831044	0.0387421	0.0276515	0.0110906	0.0443623	0.963525	0.0177768	0.963525	0.0177768	8.26351e-06
10063	1	100	11	500	0.0980649	0.0412759	0.0270787	0.0141972	0.0567889	0.961882	0.0208361	0.962003	0.0206144	8.73857e-06
10064	1	100	9	500	0.0796086	0.0376945	0.027216	0.0104785	0.041914	0.951857	0.0986913	0.951857	0.0986913	7.70502e-06
10065	1	100	13	500	0.0797636	0.0362135	0.025326	0.0108875	0.04355	0.965618	0.0185559	0.965618	0.0185559	8.69931e-06
10066	1	100	9	500	0.0645881	0.0330117	0.0251176	0.00789411	0.0315764	0.967512	0.0171892	0.967512	0.0171892	7.47854e-06
10067	1	100	11	500	0.0600063	0.0318212	0.0247749	0.00704628	0.0281851	0.966161	0.0161145	0.96633	0.0161461	7.94258e-06
10068	1	100	10	500	0.0734669	0.0340238	0.024163	0.00986077	0.0394431	0.966979	0.0192886	0.970199	0.0193845	9.16198e-06
10069	1	100	11	500	0.0883263	0.0400065	0.024892	0.0151144	0.0483198	0.964223	0.0211773	0.97034	0.0224756	9.05824e-06
10070	1	100	14	500	0.0858957	0.0393852	0.0249283	0.0144569	0.0465105	0.958599	0.0650616	0.964308	0.0659798	9.16888e-06
10071	1	100	9	500	0.068225	0.0377484	0.0256131	0.0121354	0.0304765	0.963229	0.0218402	0.972478	0.0224194	8.03462e-06
10072	1	100	11	500	0.0921056	0.0444277	0.026816	0.0176117	0.0476779	0.957416	0.0232559	0.969264	0.0255138	8.77231e-06
10073	1	100	13	500	0.094347	0.0468269	0.0291045	0.0177223	0.0475201	0.956553	0.023891	0.969001	0.0261638	7.99769e-06
10074	1	100	12	500	0.0766792	0.0459401	0.0290137	0.0169264	0.0307391	0.955415	0.0215841	0.976124	0.0271401	7.14331e-06
10075	1	100	12	500	0.0612921	0.0443826	0.0298808	0.0145018	0.0169095	0.956425	0.0255439	0.979493	0.0267499	6.26303e-06
10076	1	100	10	500	0.0549167	0.0457518	0.0315892	0.0141627	0.00916487	0.955354	0.0219186	0.982794	0.023641	6.43924e-06
10077	1	100	7	500	0.0517566	0.0458528	0.031415	0.0144378	0.00590382	0.954891	0.0245983	0.985824	0.0248077	6.99767e-06
10078	1	100	8	500	0.0489461	0.0441877	0.0303174	0.0138703	0.00475837	0.956128	0.0252192	0.986743	0.0249788	7.03627e-06
10079	1	100	10	500	0.0606013	0.0527826	0.0343029	0.0184798	0.00781867	0.948323	0.0258198	0.991236	0.0261606	7.16213e-06
10080	1	100	8	500	0.058937	0.0570048	0.0370426	0.0199622	0.00193224	0.943329	0.0320193	1.00054	0.0306188	7.28579e-06
10081	1	100	10	500	0.0633076	0.0613714	0.0398117	0.0215597	0.00193616	0.938994	0.0333622	1.00526	0.0293616	7.58236e-06
10082	1	100	8	500	0.0627462	0.0599115	0.0377899	0.0221215	0.00283469	0.941054	0.0331816	1.00962	0.0303725	9.05159e-06
10083	1	100	7	500	0.0644198	0.0614982	0.0380089	0.0234893	0.0029216	0.939612	0.0363862	1.01262	0.032	9.58216e-06
10084	1	100	8	500	0.0680471	0.0628808	0.0385044	0.0243764	0.00516633	0.937863	0.0363804	1.01035	0.0308454	9.59526e-06
10085	1	100	7	500	0.0654841	0.0623084	0.0403808	0.0219276	0.00317566	0.938883	0.0288146	1.00237	0.0305438	8.03301e-06
10086	1	100	8	500	0.0761275	0.0702589	0.0468176	0.0234413	0.00586862	0.93106	0.0345324	1.00732	0.0314396	6.79398e-06
10087	1	100	7	500	0.0721831	0.0669699	0.0443527	0.0226172	0.0052132	0.934384	0.0309872	1.00573	0.027635	6.88307e-06
10088	1	100	8	500	0.0653976	0.0610931	0.039402	0.0216911	0.00430444	0.939448	0.0320697	1.00228	0.030284	7.37285e-06
10089	1	100	8	500	0.0780109	0.0676843	0.0435192	0.0241651	0.0103266	0.933447	0.030551	1.00412	0.0321573	6.59446e-06
10090	1	100	9	500	0.0720018	0.0659242	0.0425048	0.0234194	0.00607764	0.934172	0.0296047	1.00618	0.0267648	7.19997e-06
10091	1	100	10	500	0.0738518	0.0651368	0.0414733	0.0236634	0.00871503	0.936101	0.0315559	1.00525	0.0298668	7.21996e-06
10092	1	100	12	500	0.0877421	0.0774621	0.0526506	0.0248115	0.01028	0.92444	0.0309108	1.01539	0.0298954	7.72158e-06
10093	1	100	11	500	0.0941369	0.0819319	0.0566528	0.0252791	0.012205	0.920179	0.0322259	1.01418	0.0321906	7.41461e-06
10094	1	100	10	500	0.0869523	0.0808218	0.0567482	0.0240736	0.00613053	0.920978	0.0305216	1.01731	0.0288959	7.96504e-06
10095	1	100	8	500	0.0937472	0.0815541	0.0564467	0.0251074	0.0121931	0.920675	0.0330691	1.01407	0.0299518	8.28865e-06
10096	1	100	12	500	0.0881757	0.0735528	0.0476442	0.0259086	0.0146229	0.928433	0.0340865	1.00445	0.0324017	7.697e-06
10097	1	100	10	500	0.0825599	0.0699459	0.0449579	0.0249881	0.0126139	0.931999	0.0330096	1.00173	0.0322827	7.3575e-06
10098	1	100	11	500	0.0949599	0.0759052	0.0489035	0.0270017	0.0190547	0.926526	0.0330775	1.00557	0.0283404	8.37483e-06
10099	1	100	6	500	0.0768375	0.05646	0.0289694	0.0274906	0.0203775	0.945596	0.0318967	1.04337	0.0312314	7.11522e-06
10100	1	100	7	500	0.0670809	0.0535435	0.0272439	0.0262996	0.0135374	0.947076	0.0309427	1.04579	0.0324951	6.80374e-06
10101	1	100	9	500	0.0615646	0.0508282	0.0256641	0.0251641	0.0107364	0.949938	0.033601	1.04406	0.0296704	7.26203e-06
