Generation	PopulationID	SampleSize	UniqueMutations	PopulationSize	totalLoad	RelzLoad	RelzLoadHomo	RelzLoadHetero	MskLoad	MeanFitness	SdFitness	MeanFitnessCached	SdFitnessCached	Heterozygosity	
10001	1	100	65	500	0.114464	0.0731354	0.0215155	0.05162	0.0413289	0.928642	0.0426733	1.0483	0.0442483	4.33528e-05
10002	1	100	40	500	0.101411	0.0640355	0.0199185	0.044117	0.0373757	0.937499	0.0394892	1.04033	0.0435446	4.38447e-05
10003	1	100	46	500	0.118629	0.0675678	0.020978	0.0465899	0.0510608	0.936088	0.0345171	1.03473	0.042479	4.48187e-05
10004	1	100	39	500	0.132808	0.0713601	0.0205263	0.0508338	0.0614477	0.930422	0.0562394	1.02747	0.0610606	4.61437e-05
10005	1	100	35	500	0.147068	0.07393	0.0197816	0.0541484	0.0731381	0.932338	0.0394787	1.02388	0.0371341	4.56412e-05
10006	1	100	31	500	0.153967	0.0790436	0.0217	0.0573436	0.0749238	0.917781	0.082595	1.01112	0.0828087	4.50225e-05
10007	1	100	32	500	0.115062	0.0616309	0.0151297	0.0465012	0.0534316	0.940476	0.0516906	1.01963	0.0418743	4.4201e-05
10008	1	100	30	500	0.129282	0.0720914	0.0215174	0.050574	0.0571911	0.93239	0.0462857	1.02632	0.0355971	4.49961e-05
10009	1	100	29	500	0.134274	0.0783248	0.0244148	0.05391	0.0559494	0.924313	0.0579387	1.02874	0.0402166	4.60369e-05
10010	1	100	25	500	0.137056	0.0852499	0.0306144	0.0546355	0.0518062	0.919873	0.056296	1.03348	0.0411622	4.53524e-05
10011	1	100	24	500	0.117508	0.0775539	0.0280794	0.0494745	0.0399543	0.921049	0.0651853	1.02297	0.0481881	4.65508e-05
10012	1	100	23	500	0.152484	0.101889	0.0446611	0.0572275	0.0505952	0.912254	0.0530203	1.0345	0.0431157	4.53588e-05
10013	1	100	25	500	0.153123	0.101355	0.0448708	0.0564838	0.051768	0.906365	0.0708004	1.02151	0.0521345	4.61527e-05
10014	1	100	25	500	0.192435	0.136173	0.0706501	0.0655229	0.0562615	0.876686	0.0798057	1.02183	0.0747641	4.39522e-05
10015	1	100	28	500	0.188094	0.127389	0.0586049	0.0687841	0.0607047	0.888997	0.0598912	1.04045	0.0598889	4.42588e-05
10016	1	100	30	500	0.191876	0.137211	0.0661064	0.0711046	0.0546652	0.867339	0.0785108	1.03183	0.0828653	4.27368e-05
10017	1	100	27	500	0.200486	0.14358	0.0727561	0.0708242	0.0569055	0.861394	0.0712434	1.03946	0.0861055	3.92954e-05
10018	1	100	26	500	0.210779	0.144595	0.0675411	0.0770539	0.0661844	0.860029	0.067918	1.04835	0.085101	4.04174e-05
10019	1	100	27	500	0.202629	0.134545	0.0550255	0.0795191	0.0680842	0.867467	0.0851275	1.04578	0.0966361	4.39489e-05
10020	1	100	28	500	0.179159	0.126277	0.0486197	0.0776572	0.0528822	0.879647	0.0601954	1.06867	0.0741883	4.46226e-05
10021	1	100	26	500	0.166575	0.12061	0.0446379	0.0759724	0.0459645	0.887001	0.0605806	1.07067	0.071144	4.56245e-05
10022	1	100	27	500	0.150038	0.109148	0.0408758	0.0682718	0.0408903	0.893144	0.064975	1.05021	0.0719187	4.71867e-05
10023	1	100	26	500	0.151911	0.110509	0.0408096	0.0696996	0.0414013	0.898901	0.0446918	1.06595	0.0580498	4.65996e-05
10024	1	100	27	500	0.148349	0.105108	0.0359513	0.0691563	0.0432416	0.90325	0.0486938	1.06193	0.0619344	4.77802e-05
10025	1	100	25	500	0.138687	0.106823	0.0373388	0.0694846	0.0318636	0.895827	0.0525837	1.0729	0.071295	4.64041e-05
10026	1	100	25	500	0.155199	0.117353	0.0459221	0.0714308	0.0378466	0.887581	0.049695	1.08287	0.0682189	4.38513e-05
10027	1	100	24	500	0.139734	0.100925	0.0353385	0.0655864	0.038809	0.901674	0.0534542	1.06039	0.067604	4.66687e-05
10028	1	100	26	500	0.138951	0.100047	0.0345758	0.0654715	0.0389036	0.905602	0.0450938	1.06656	0.0615823	4.68619e-05
10029	1	100	23	500	0.131595	0.0930813	0.0288597	0.0642216	0.038514	0.913399	0.038791	1.0585	0.054909	4.84898e-05
10030	1	100	24	500	0.12267	0.089919	0.0297139	0.0602051	0.0327511	0.913816	0.0480711	1.05774	0.065935	4.65416e-05
10031	1	100	24	500	0.134891	0.0976377	0.0332595	0.0643782	0.0372529	0.909255	0.0517533	1.06463	0.0682354	4.68609e-05
10032	1	100	30	500	0.16036	0.106066	0.036413	0.0696533	0.054294	0.896519	0.0665334	1.04931	0.0827609	4.83683e-05
10033	1	100	25	500	0.167043	0.11355	0.0401257	0.0734239	0.0534939	0.89114	0.0628231	1.0609	0.0831643	4.79141e-05
10034	1	100	22	500	0.135167	0.102171	0.0389688	0.0632023	0.0329961	0.904013	0.050115	1.07404	0.0690299	4.58534e-05
10035	1	100	28	500	0.138873	0.109375	0.0488844	0.0604902	0.0294981	0.896303	0.0436199	1.08582	0.0629925	4.32252e-05
10036	1	100	25	500	0.129943	0.104588	0.0494214	0.0551661	0.0253556	0.89888	0.0451634	1.07672	0.0679258	4.22139e-05
10037	1	100	21	500	0.136807	0.109351	0.0550626	0.0542881	0.0274559	0.89577	0.0440124	1.08279	0.0655217	3.95076e-05
10038	1	100	20	500	0.133279	0.10421	0.0475475	0.0566621	0.0290691	0.900383	0.0521673	1.07572	0.0690363	4.27909e-05
10039	1	100	21	500	0.156171	0.117789	0.0546738	0.0631148	0.0383825	0.889128	0.0440779	1.0814	0.0694752	4.2035e-05
10040	1	100	20	500	0.149052	0.117247	0.0549493	0.0622981	0.0318051	0.881837	0.0547191	1.08186	0.0815729	4.14182e-05
10041	1	100	18	500	0.135962	0.105493	0.0459587	0.0595348	0.0304687	0.898933	0.0414419	1.07578	0.0613154	4.43645e-05
10042	1	100	19	500	0.143156	0.111782	0.0456367	0.0661455	0.0313742	0.891528	0.0415645	1.0798	0.0655382	4.59604e-05
10043	1	100	21	500	0.146518	0.115044	0.0502682	0.0647763	0.0314734	0.88969	0.0471972	1.08506	0.0674587	4.30411e-05
10044	1	100	19	500	0.154754	0.118007	0.048823	0.0691839	0.0367468	0.891221	0.0420132	1.08547	0.0595607	4.39764e-05
10045	1	100	19	500	0.155369	0.118669	0.0523909	0.0662783	0.0366997	0.889783	0.0400083	1.08737	0.0537004	4.1504e-05
10046	1	100	20	500	0.171733	0.12928	0.0570341	0.0722454	0.0424537	0.874139	0.0448639	1.08449	0.0739942	4.06521e-05
10047	1	100	19	500	0.185428	0.133567	0.0594888	0.0740778	0.0518611	0.869048	0.0555474	1.07322	0.0799242	4.15695e-05
10048	1	100	20	500	0.181421	0.128116	0.0563879	0.0717279	0.053305	0.876772	0.052445	1.06603	0.0722219	4.10826e-05
10049	1	100	19	500	0.183556	0.128078	0.0551203	0.0729582	0.0554775	0.883774	0.0460687	1.07403	0.0509163	4.28601e-05
10050	1	100	25	500	0.192392	0.127602	0.0546497	0.0729526	0.0647901	0.878214	0.0573481	1.05783	0.0695204	4.39797e-05
10051	1	100	22	500	0.195753	0.126229	0.052088	0.074141	0.0695238	0.883114	0.0478622	1.06187	0.0559653	4.5831e-05
10052	1	100	22	500	0.202623	0.124962	0.0506988	0.0742631	0.0776607	0.882624	0.0566635	1.05902	0.0666365	4.50057e-05
10053	1	100	20	500	0.15671	0.108305	0.0431255	0.0651796	0.048405	0.899328	0.0366255	1.06471	0.0474379	4.55574e-05
10054	1	100	20	500	0.160871	0.118117	0.0486151	0.0695022	0.0427536	0.889944	0.0385477	1.08594	0.0564336	4.44569e-05
10055	1	100	22	500	0.158829	0.120195	0.0546134	0.0655818	0.0386339	0.882057	0.0536966	1.08509	0.0672212	4.1364e-05
10056	1	100	23	500	0.148945	0.109825	0.0443512	0.0654736	0.0391201	0.892041	0.0536097	1.07053	0.070454	4.41871e-05
10057	1	100	21	500	0.158661	0.120764	0.0536162	0.0671481	0.0378971	0.881458	0.0454502	1.08616	0.070004	4.29096e-05
10058	1	100	23	500	0.159028	0.112813	0.047427	0.0653856	0.0462157	0.893605	0.0373881	1.07138	0.0519619	4.49716e-05
10059	1	100	25	500	0.196583	0.125707	0.0527964	0.0729108	0.0708754	0.87962	0.0440315	1.06555	0.0710986	4.48102e-05
10060	1	100	25	500	0.169568	0.113821	0.058922	0.0548995	0.0557466	0.892044	0.0474251	1.05826	0.0724501	3.84373e-05
10061	1	100	26	500	0.23071	0.133995	0.0676184	0.0663771	0.0967142	0.878574	0.0537006	1.05621	0.0881505	3.72062e-05
10062	1	100	22	500	0.193966	0.126305	0.0672912	0.059014	0.0676606	0.878876	0.049332	1.06371	0.0876706	3.74353e-05
10063	1	100	24	500	0.148346	0.113971	0.0690061	0.044965	0.0343746	0.888213	0.0456946	1.05996	0.0815484	3.44057e-05
10064	1	100	22	500	0.141517	0.107108	0.070547	0.0365614	0.0344091	0.897875	0.0359867	1.04367	0.0668794	3.3297e-05
10065	1	100	19	500	0.128212	0.0722454	0.0345033	0.0377422	0.0559666	0.929087	0.0477702	0.987262	0.0680561	3.09852e-05
10066	1	100	18	500	0.11905	0.0723869	0.0348013	0.0375856	0.0466636	0.92426	0.0459142	0.990455	0.0815954	3.11904e-05
10067	1	100	18	500	0.116467	0.0728071	0.0340348	0.0387723	0.0436603	0.930891	0.0469646	1.00369	0.0710621	3.19351e-05
10068	1	100	16	500	0.0955265	0.0656885	0.0326938	0.0329947	0.029838	0.936439	0.0344411	1.00105	0.0637045	3.14145e-05
10069	1	100	16	500	0.10405	0.0742745	0.040446	0.0338284	0.0297752	0.92632	0.0387954	0.99415	0.0752451	3.00022e-05
10070	1	100	14	500	0.106462	0.0717001	0.0361721	0.035528	0.0347623	0.928762	0.0370188	0.998059	0.0708917	3.11076e-05
10071	1	100	15	500	0.115242	0.0718438	0.0335194	0.0383244	0.043398	0.928097	0.039436	0.999699	0.0718299	3.24253e-05
10072	1	100	14	500	0.115395	0.0726126	0.036298	0.0363146	0.0427826	0.935743	0.0386838	1.00048	0.0645582	3.19049e-05
10073	1	100	20	500	0.12183	0.0750691	0.0364407	0.0386285	0.0467611	0.927592	0.0394473	0.997246	0.0719323	3.21588e-05
10074	1	100	16	500	0.123442	0.079509	0.0403111	0.0391979	0.0439332	0.922235	0.042823	0.996822	0.0773815	3.1929e-05
10075	1	100	18	500	0.107998	0.0674395	0.039433	0.0280064	0.0405588	0.935955	0.036393	0.976777	0.0593697	2.89993e-05
10076	1	100	21	500	0.106818	0.0681391	0.0403177	0.0278214	0.0386786	0.939566	0.0369233	0.98128	0.0605396	2.8446e-05
10077	1	100	19	500	0.103114	0.0646016	0.0363458	0.0282557	0.0385122	0.933906	0.0393786	0.977011	0.0675245	2.99559e-05
10078	1	100	19	500	0.104488	0.0619001	0.0357152	0.0261849	0.0425876	0.933823	0.0385251	0.968834	0.0650154	2.94502e-05
10079	1	100	18	500	0.110698	0.0665974	0.0384834	0.028114	0.0441002	0.93032	0.0419541	0.969222	0.0677607	2.95098e-05
10080	1	100	21	500	0.108006	0.0635608	0.0386258	0.024935	0.0444454	0.940095	0.0353905	0.970634	0.0498698	2.93378e-05
10081	1	100	19	500	0.109402	0.0613197	0.0384734	0.0228462	0.0480824	0.941565	0.0401715	0.964489	0.0497021	2.8909e-05
10082	1	100	19	500	0.102291	0.0545678	0.0359153	0.0186526	0.0477229	0.946438	0.0378813	0.960261	0.046372	2.84076e-05
10083	1	100	17	500	0.116069	0.0624765	0.0395134	0.0229631	0.0535922	0.942949	0.0343536	0.963267	0.0519258	2.9279e-05
10084	1	100	19	500	0.113729	0.0609576	0.0407721	0.0201854	0.0527717	0.940164	0.0396462	0.954617	0.0501235	2.84029e-05
10085	1	100	16	500	0.11442	0.0615243	0.044494	0.0170303	0.0528956	0.939803	0.0472759	0.947371	0.0511311	2.87709e-05
10086	1	100	18	500	0.112083	0.0599655	0.0435286	0.0164369	0.0521179	0.941791	0.0475287	0.948633	0.0498653	2.83385e-05
10087	1	100	17	500	0.100535	0.0630189	0.0512508	0.0117681	0.0375163	0.939953	0.0357121	0.944417	0.031496	2.35359e-05
10088	1	100	19	500	0.104081	0.0649076	0.0524136	0.012494	0.0391736	0.939975	0.0371414	0.945032	0.0324984	2.30073e-05
10089	1	100	17	500	0.107829	0.0622028	0.0491647	0.0130381	0.0456259	0.940799	0.0455211	0.94407	0.0461164	2.49016e-05
10090	1	100	19	500	0.108317	0.0649417	0.0503316	0.0146101	0.0433757	0.934462	0.0402219	0.941904	0.0424703	2.50033e-05
10091	1	100	19	500	0.112821	0.0648049	0.0494043	0.0154005	0.0480157	0.936248	0.0442377	0.942847	0.042889	2.62408e-05
10092	1	100	16	500	0.111252	0.0612405	0.0460399	0.0152006	0.050011	0.942214	0.0423397	0.947373	0.0405561	2.73263e-05
10093	1	100	17	500	0.114541	0.0652563	0.0499858	0.0152704	0.0492844	0.929477	0.0489454	0.935161	0.0468528	2.6989e-05
10094	1	100	18	500	0.107813	0.0642374	0.0525122	0.0117252	0.043576	0.938366	0.0405012	0.940078	0.0393203	2.49124e-05
10095	1	100	13	500	0.111538	0.0634232	0.051234	0.0121892	0.0481146	0.939894	0.0458561	0.940411	0.046234	2.70182e-05
10096	1	100	16	500	0.103854	0.0625104	0.0516299	0.0108805	0.0413438	0.930915	0.0455009	0.931967	0.0457759	2.54565e-05
10097	1	100	18	500	0.109612	0.0684893	0.0580106	0.0104787	0.0411225	0.930533	0.041292	0.931018	0.0411593	2.40973e-05
10098	1	100	17	500	0.105619	0.0666599	0.0567811	0.00987877	0.0389588	0.938222	0.0325013	0.938494	0.032788	2.36244e-05
10099	1	100	16	500	0.104435	0.0697543	0.0607845	0.00896986	0.0346806	0.935613	0.0315865	0.936269	0.0318512	2.15397e-05
10100	1	100	17	500	0.106869	0.0703635	0.0609609	0.00940262	0.0365058	0.923221	0.0382384	0.923849	0.0377136	2.17487e-05
10101	1	100	17	500	0.120235	0.0758404	0.0647417	0.0110987	0.0443949	0.927188	0.0372419	0.927206	0.037235	2.07309e-05
