Generation	PopulationID	SampleSize	UniqueMutations	PopulationSize	totalLoad	RelzLoad	RelzLoadHomo	RelzLoadHetero	MskLoad	MeanFitness	SdFitness	MeanFitnessCached	SdFitnessCached	Heterozygosity	
10001	1	100	45	500	0.266149	0.254128	0.241463	0.0126649	0.0120215	0.758625	0.0207338	1.25713	0.028007	2.50721e-05
10002	1	100	29	500	0.0402126	0.0157349	0.00311547	0.0126194	0.0244777	0.984772	0.0134138	1.00082	0.0167172	1.9671e-05
10003	1	100	23	500	0.0304521	0.012177	0.00218851	0.00998846	0.0182751	0.98833	0.0116776	1.00117	0.0135183	2.2173e-05
10004	1	100	19	500	0.0259986	0.0118484	0.00288577	0.00896259	0.0141502	0.98786	0.0128082	1.00104	0.0139336	2.08079e-05
10005	1	100	22	500	0.0341198	0.0133664	0.00301459	0.0103518	0.0207534	0.986674	0.0184577	0.998799	0.0203301	2.12259e-05
10006	1	100	17	500	0.0520524	0.0186002	0.00370281	0.0148974	0.0334522	0.982444	0.0242902	0.997912	0.0281995	2.09134e-05
10007	1	100	17	500	0.035641	0.0147881	0.00339872	0.0113893	0.020853	0.986034	0.0112136	0.999998	0.0136208	2.26835e-05
10008	1	100	18	500	0.0308229	0.0134459	0.00269356	0.0107523	0.0173771	0.987612	0.0117106	1.0021	0.0136031	2.25135e-05
10009	1	100	15	500	0.0239725	0.00893521	0.00204561	0.0068896	0.0150373	0.992249	0.0075665	0.999042	0.0091581	2.35112e-05
10010	1	100	14	500	0.0248086	0.00984321	0.00251622	0.00732699	0.0149654	0.987426	0.0216757	0.995234	0.0233348	2.33452e-05
10011	1	100	16	500	0.0254827	0.00956983	0.00263262	0.00693721	0.0159129	0.991988	0.00861195	0.99837	0.0102506	2.41025e-05
10012	1	100	15	500	0.0435196	0.0131598	0.00207997	0.0110799	0.0303598	0.987584	0.0246778	0.995088	0.0261911	2.09511e-05
10013	1	100	13	500	0.0459065	0.0127014	0.0017614	0.01094	0.0332051	0.988004	0.0297268	0.993646	0.0302135	1.92693e-05
10014	1	100	16	500	0.0353731	0.0103486	0.00114684	0.0092018	0.0250245	0.990096	0.0240437	0.996555	0.0253398	1.9662e-05
10015	1	100	18	500	0.0375087	0.0111646	0.00188205	0.00928258	0.026344	0.989362	0.0233453	0.995242	0.0242725	2.07801e-05
10016	1	100	19	500	0.0858384	0.0233327	0.00479323	0.0185395	0.0625057	0.978943	0.0390778	0.985399	0.0398941	2.14842e-05
10017	1	100	20	500	0.0468216	0.0133356	0.00186775	0.0114679	0.033486	0.986784	0.0260648	0.993399	0.0267622	2.02916e-05
10018	1	100	17	500	0.0657061	0.0188032	0.00393374	0.0148695	0.0469029	0.981987	0.0322155	0.988912	0.0346461	2.25317e-05
10019	1	100	14	500	0.0611359	0.0179882	0.00361979	0.0143684	0.0431477	0.982796	0.0332328	0.991239	0.0348817	2.12099e-05
10020	1	100	16	500	0.0393805	0.0136477	0.00399009	0.00965759	0.0257328	0.985279	0.0259491	0.992778	0.0279662	2.4432e-05
10021	1	100	14	500	0.0367905	0.0111733	0.00206356	0.00910974	0.0256172	0.987609	0.0251397	0.993809	0.0265051	2.15679e-05
10022	1	100	13	500	0.0678465	0.0180307	0.00330994	0.0147208	0.0498157	0.98398	0.0354548	0.989035	0.0369008	2.10833e-05
10023	1	100	14	500	0.0179628	0.00742549	0.00174125	0.00568424	0.0105373	0.992134	0.0137536	0.999436	0.0140902	2.20945e-05
10024	1	100	14	500	0.0217193	0.00887084	0.00242796	0.00644288	0.0128484	0.990638	0.0160569	0.998481	0.0170278	2.26285e-05
10025	1	100	16	500	0.0212418	0.00887161	0.00237235	0.00649926	0.0123701	0.990966	0.0149902	0.999187	0.0157874	2.27504e-05
10026	1	100	15	500	0.0268506	0.0109611	0.00363647	0.00732459	0.0158896	0.989905	0.0145426	0.997956	0.0157882	2.31943e-05
10027	1	100	16	500	0.0288874	0.0104577	0.00326984	0.00718781	0.0184298	0.990056	0.0151582	0.995911	0.0153045	2.31999e-05
10028	1	100	14	500	0.0285894	0.00904937	0.00185992	0.00718945	0.01954	0.991457	0.013541	0.996773	0.0133907	2.19231e-05
10029	1	100	19	500	0.0137662	0.00555516	0.000762547	0.00479261	0.00821105	0.993001	0.0144837	0.998732	0.0142937	1.94523e-05
10030	1	100	16	500	0.0265725	0.0100991	0.00145696	0.00864213	0.0164734	0.989058	0.0190328	0.999071	0.0190656	2.02459e-05
10031	1	100	16	500	0.0218955	0.00764952	0.000916077	0.00673345	0.0142459	0.992606	0.0131405	0.999538	0.0105281	1.81566e-05
10032	1	100	14	500	0.0275135	0.0111374	0.00157452	0.00956284	0.0163761	0.98909	0.0165632	1.00119	0.0139572	1.77341e-05
10033	1	100	14	500	0.0186494	0.0082769	0.00158637	0.00669053	0.0103725	0.992076	0.0133889	1.0015	0.012128	1.74315e-05
10034	1	100	10	500	0.0121927	0.00703901	0.00160424	0.00543476	0.00515372	0.99217	0.0128694	1.0023	0.0130543	1.68038e-05
10035	1	100	13	500	0.00883727	0.00528486	0.000953992	0.00433086	0.00355241	0.994431	0.00756137	1.00253	0.00697973	1.63883e-05
10036	1	100	11	500	0.00765301	0.00524352	0.00101183	0.0042317	0.00240949	0.994765	0.00764587	1.00338	0.00606209	1.62185e-05
10037	1	100	12	500	0.00850792	0.00569311	0.00118263	0.00451048	0.00281481	0.994144	0.00781599	1.00338	0.00705595	1.76866e-05
10038	1	100	9	500	0.0099439	0.00663112	0.00175206	0.00487906	0.00331278	0.993365	0.00781016	1.00368	0.00723466	1.75884e-05
10039	1	100	11	500	0.0108409	0.00616986	0.00173856	0.0044313	0.004671	0.993032	0.00915381	1.0011	0.00996737	1.78339e-05
10040	1	100	15	500	0.00981552	0.00531588	0.00117587	0.00414	0.00449964	0.994739	0.00858944	1.00176	0.00791693	1.76172e-05
10041	1	100	9	500	0.0100761	0.00585956	0.00162308	0.00423648	0.00421656	0.99439	0.00683655	1.00202	0.00694294	1.7241e-05
10042	1	100	8	500	0.0116069	0.00693599	0.00226825	0.00466773	0.0046709	0.992415	0.00935393	1.00095	0.00971109	1.73411e-05
10043	1	100	10	500	0.0149384	0.00799284	0.0024005	0.00559233	0.00694553	0.991418	0.0136966	1.00105	0.0144677	1.75037e-05
10044	1	100	11	500	0.0108973	0.00633081	0.00181395	0.00451686	0.00456648	0.993742	0.00731344	1.00196	0.00778698	1.76036e-05
10045	1	100	10	500	0.0109956	0.0068046	0.00192309	0.00488152	0.00419103	0.99334	0.00864393	1.00314	0.00776716	1.88e-05
10046	1	100	9	500	0.0114996	0.00714704	0.00211828	0.00502877	0.00435253	0.992636	0.00857825	1.00257	0.00885659	1.92497e-05
10047	1	100	10	500	0.0113094	0.00727146	0.00211719	0.00515427	0.00403791	0.99256	0.00847709	1.00324	0.00805503	1.93939e-05
10048	1	100	11	500	0.0108451	0.00617338	0.00150543	0.00466794	0.00467174	0.993678	0.00798324	1.00233	0.00734893	1.84483e-05
10049	1	100	10	500	0.0105169	0.00615222	0.00146946	0.00468276	0.00436472	0.994108	0.00809732	1.00288	0.00638585	1.79684e-05
10050	1	100	12	500	0.0133281	0.00620533	0.00111293	0.0050924	0.00712278	0.993911	0.00782825	1.00184	0.00837502	1.76201e-05
10051	1	100	17	500	0.014085	0.00596301	0.000899362	0.00506365	0.008122	0.99411	0.00832253	1.00158	0.00862578	1.72575e-05
10052	1	100	12	500	0.0137876	0.00425896	0.000443833	0.00381512	0.00952866	0.995962	0.00764408	0.9991	0.00763005	1.50106e-05
10053	1	100	9	500	0.0139616	0.0040419	0.000490537	0.00355137	0.0099197	0.996127	0.00908071	0.998365	0.00853764	1.56492e-05
10054	1	100	9	500	0.0111167	0.00339489	0.000458238	0.00293665	0.00772178	0.996731	0.00699433	0.999015	0.00732643	1.49751e-05
10055	1	100	11	500	0.0076552	0.00189012	0.000141921	0.0017482	0.00576508	0.998178	0.00576004	0.998799	0.00582624	1.38894e-05
10056	1	100	7	500	0.00345349	0.000721942	3.90542e-05	0.000682888	0.00273155	0.999283	0.00433547	0.999296	0.00433752	1.43867e-05
10057	1	100	9	500	0.00499482	0.00118132	7.82291e-05	0.0011031	0.00381349	0.998633	0.00629952	0.998995	0.00636725	1.46871e-05
10058	1	100	12	500	0.00853356	0.00177221	8.1873e-05	0.00169034	0.00676135	0.998227	0.00890743	0.998227	0.00890743	1.62119e-05
10059	1	100	5	500	5.84298e-06	1.2446e-06	9.50084e-08	1.14959e-06	4.59838e-06	0.999513	0.00485489	0.999617	0.00486416	1.58699e-05
10060	1	100	7	500	0.000458593	9.22281e-05	6.36874e-07	9.15913e-05	0.000366365	0.999461	0.00680161	0.999479	0.00680301	1.45922e-05
10061	1	100	7	500	0.0058111	0.00120838	5.77046e-05	0.00115068	0.00460272	0.998707	0.00776351	0.998707	0.00776351	1.39599e-05
10062	1	100	7	500	0.00883931	0.00181766	6.22516e-05	0.00175541	0.00702164	0.998052	0.010053	0.998052	0.010053	1.33726e-05
10063	1	100	8	500	8.01444e-05	4.95796e-05	2.2984e-07	4.93497e-05	3.05648e-05	0.999574	0.00380854	0.999982	0.00383231	1.40853e-05
10064	1	100	7	500	0.00157754	0.00154597	1.95256e-05	0.00152644	3.15733e-05	0.99824	0.0101853	1.00131	0.0102515	1.40371e-05
10065	1	100	6	500	0.00587688	0.00295641	8.59077e-05	0.00287051	0.00292046	0.996567	0.0132323	1.00129	0.0136081	1.60481e-05
10066	1	100	9	500	0.0154572	0.00417058	0.000206544	0.00396403	0.0112867	0.995895	0.0132813	0.998277	0.0137952	1.4943e-05
10067	1	100	9	500	0.0134632	0.0046174	0.000294227	0.00432317	0.00884581	0.995494	0.0130656	0.99999	0.0138224	1.44138e-05
10068	1	100	5	500	0.0126018	0.0045131	0.00051802	0.00399508	0.00808873	0.99531	0.0111042	0.999651	0.011444	1.33194e-05
10069	1	100	4	500	0.0316704	0.0102304	0.00170918	0.00852121	0.02144	0.990765	0.0157152	0.997837	0.0157836	1.26542e-05
10070	1	100	7	500	0.0367641	0.0117722	0.00176297	0.0100092	0.0249919	0.989237	0.0179007	0.997773	0.0166276	1.115e-05
10071	1	100	5	500	0.0389449	0.0146933	0.0041638	0.0105295	0.0242516	0.988004	0.0138904	0.998531	0.0149308	1.3421e-05
10072	1	100	7	500	0.0459352	0.01757	0.00622496	0.0113451	0.0283652	0.981744	0.042438	0.991646	0.043871	1.48292e-05
10073	1	100	2	500	0.0249102	0.00843102	0.00195773	0.00647329	0.0164792	0.992538	0.0132463	0.997698	0.0142592	1.31396e-05
10074	1	100	4	500	0.0209275	0.0072592	0.00134531	0.00591389	0.0136683	0.993549	0.0114501	0.998996	0.0112476	1.36897e-05
10075	1	100	4	500	0.0280956	0.0091375	0.00239538	0.00674212	0.0189581	0.992641	0.0126266	0.996888	0.0122789	1.41357e-05
10076	1	100	4	500	0.0202593	0.00682199	0.00122505	0.00559694	0.0134373	0.993603	0.013187	0.998388	0.0111988	1.39443e-05
10077	1	100	5	500	0.0132903	0.00487281	0.000559969	0.00431284	0.00841748	0.9951	0.0107724	1.0004	0.0117394	1.2066e-05
10078	1	100	5	500	0.0115013	0.00350306	0.000389296	0.00311377	0.00799824	0.996702	0.00817688	0.999008	0.0087623	1.29277e-05
10079	1	100	4	500	0.00684891	0.0030636	0.000203947	0.00285965	0.00378531	0.99679	0.00808838	1.00109	0.00866594	1.0988e-05
10080	1	100	4	500	0.00998665	0.0033954	0.000314712	0.00308068	0.00659125	0.996592	0.00849759	0.999578	0.00915976	1.02526e-05
10081	1	100	3	500	0.0263609	0.0083706	0.00223111	0.00613948	0.0179903	0.990136	0.0344259	0.993651	0.0349256	1.26668e-05
10082	1	100	2	500	0.00813748	0.00435261	0.000407628	0.00394498	0.00378487	0.995533	0.00875937	1.00218	0.00953996	9.95547e-06
10083	1	100	7	500	0.0129012	0.00438244	0.000279839	0.0041026	0.0085188	0.995438	0.0111635	0.999642	0.0118598	9.51788e-06
10084	1	100	9	500	0.0207333	0.00597515	0.000412481	0.00556267	0.0147581	0.994116	0.013051	0.998195	0.0135297	1.0852e-05
10085	1	100	4	500	0.00627669	0.00356801	0.000265173	0.00330284	0.00270868	0.995833	0.0126485	1.00153	0.013221	9.9622e-06
10086	1	100	6	500	0.00806056	0.00408177	0.000315971	0.0037658	0.00397879	0.995834	0.0089872	1.00186	0.00962998	9.7354e-06
10087	1	100	5	500	0.00951804	0.00607158	0.000761993	0.00530958	0.00344646	0.993979	0.0100646	1.00426	0.00899152	1.1951e-05
10088	1	100	7	500	0.0121735	0.00864273	0.00160307	0.00703965	0.00353077	0.991408	0.0107353	1.0068	0.0104685	1.30121e-05
10089	1	100	7	500	0.00942516	0.00845265	0.00181328	0.00663937	0.000972512	0.991531	0.0106893	1.00792	0.0106259	1.3553e-05
10090	1	100	11	500	0.00941976	0.00734029	0.00122515	0.00611514	0.00207947	0.992176	0.0111552	1.00574	0.0112445	1.36847e-05
10091	1	100	8	500	0.0143663	0.0098992	0.00203115	0.00786805	0.00446709	0.990125	0.0101571	1.00754	0.0104281	1.56288e-05
10092	1	100	5	500	0.0184887	0.0111791	0.00262039	0.00855873	0.00730956	0.987037	0.0184902	1.00415	0.0208703	1.63698e-05
10093	1	100	11	500	0.0212674	0.0123704	0.00309563	0.00927478	0.00889702	0.986623	0.0165679	1.00474	0.0189052	1.74794e-05
10094	1	100	7	500	0.0200477	0.0109763	0.00265866	0.00831767	0.00907141	0.988554	0.0151862	1.00326	0.0173952	1.63207e-05
10095	1	100	9	500	0.0150768	0.0107723	0.00254523	0.00822703	0.00430458	0.988441	0.014639	1.00729	0.0161	1.46474e-05
10096	1	100	8	500	0.0144048	0.0103546	0.00244846	0.00790617	0.00405019	0.989769	0.0101587	1.00796	0.0110641	1.24556e-05
10097	1	100	3	500	0.00878317	0.00878317	0.0019488	0.00683437	2.71406e-14	0.990755	0.0113992	1.00882	0.011379	1.40674e-05
10098	1	100	6	500	0.0104364	0.010431	0.00273929	0.00769173	5.37709e-06	0.989407	0.0106102	1.01049	0.0105934	1.43837e-05
10099	1	100	3	500	0.00982983	0.0098294	0.00235807	0.00747132	4.35306e-07	0.990095	0.00954123	1.00975	0.00969243	1.59182e-05
10100	1	100	6	500	0.0117406	0.0102984	0.00246279	0.00783559	0.00144226	0.989571	0.00941197	1.00967	0.00983762	1.58269e-05
10101	1	100	4	500	0.0120993	0.00959669	0.00201395	0.00758274	0.00250259	0.990263	0.00986127	1.00796	0.010112	1.70893e-05
