Generation	PopulationID	SampleSize	UniqueMutations	PopulationSize	totalLoad	RelzLoad	RelzLoadHomo	RelzLoadHetero	MskLoad	MeanFitness	SdFitness	MeanFitnessCached	SdFitnessCached	Heterozygosity	
10001	1	100	62	500	0.535295	0.510559	0.397784	0.112775	0.0247352	0.57795	0.0260581	1.57896	0.0485962	4.08529e-05
10002	1	100	43	500	0.522129	0.503527	0.391314	0.112213	0.0186023	0.581219	0.025771	1.57183	0.0461281	4.11821e-05
10003	1	100	34	500	0.509479	0.497426	0.398263	0.0991633	0.0120529	0.586311	0.0257318	1.57598	0.0476887	4.16116e-05
10004	1	100	31	500	0.513063	0.501567	0.407705	0.0938624	0.0114964	0.582956	0.0249068	1.57972	0.0486024	4.19467e-05
10005	1	100	26	500	0.516985	0.503912	0.403813	0.100099	0.0130734	0.581863	0.0241582	1.58137	0.0544757	4.24531e-05
10006	1	100	27	500	0.520182	0.507145	0.409867	0.0972786	0.0130365	0.579832	0.0238265	1.58524	0.0466859	4.174e-05
10007	1	100	27	500	0.516704	0.50276	0.404926	0.0978336	0.0139444	0.582154	0.0251175	1.57896	0.051996	4.19047e-05
10008	1	100	26	500	0.517622	0.507416	0.424236	0.0831797	0.0102059	0.578134	0.0232159	1.58961	0.0457179	3.81649e-05
10009	1	100	25	500	0.526968	0.512219	0.415827	0.0963921	0.0147491	0.575577	0.0243699	1.59267	0.0526141	3.87925e-05
10010	1	100	26	500	0.530605	0.514263	0.417811	0.0964516	0.0163424	0.575981	0.0227886	1.59766	0.042438	3.88926e-05
10011	1	100	28	500	0.530116	0.510918	0.401972	0.108946	0.0191983	0.578796	0.0303944	1.58819	0.0509532	4.17465e-05
10012	1	100	25	500	0.535694	0.510541	0.38402	0.126521	0.0251531	0.578872	0.0341334	1.57664	0.0699302	4.39433e-05
10013	1	100	26	500	0.540934	0.515177	0.380549	0.134628	0.0257568	0.579423	0.0324655	1.58726	0.0576969	4.4749e-05
10014	1	100	25	500	0.535933	0.513915	0.391423	0.122493	0.0220178	0.57611	0.0326503	1.58488	0.0631979	4.28522e-05
10015	1	100	24	500	0.553288	0.526047	0.40934	0.116706	0.0272419	0.569228	0.0271143	1.5936	0.0468544	4.19909e-05
10016	1	100	22	500	0.567458	0.534931	0.427506	0.107425	0.0325279	0.561612	0.0247204	1.58998	0.0622497	3.86668e-05
10017	1	100	22	500	0.579541	0.542817	0.427941	0.114875	0.0367243	0.56107	0.0238043	1.59403	0.046667	3.84733e-05
10018	1	100	21	500	0.372436	0.331311	0.215365	0.115946	0.041125	0.709513	0.0358875	1.30273	0.0493596	3.61541e-05
10019	1	100	24	500	0.363038	0.323118	0.209237	0.113881	0.0399199	0.718078	0.0268217	1.30638	0.0442445	3.79142e-05
10020	1	100	24	500	0.365352	0.327594	0.212648	0.114946	0.0377581	0.71406	0.0317895	1.3101	0.0396359	3.71168e-05
10021	1	100	24	500	0.367437	0.324063	0.216267	0.107796	0.0433746	0.714398	0.0303123	1.30486	0.0493814	3.66308e-05
10022	1	100	21	500	0.357111	0.316644	0.212265	0.104379	0.0404673	0.718546	0.029594	1.30212	0.058121	3.68337e-05
10023	1	100	25	500	0.357945	0.311848	0.206547	0.105302	0.0460968	0.721407	0.0299622	1.29592	0.0496647	3.53947e-05
10024	1	100	26	500	0.374035	0.315705	0.217052	0.0986525	0.0583303	0.721504	0.0289873	1.28987	0.0507261	3.47761e-05
10025	1	100	25	500	0.278343	0.234668	0.135489	0.0991781	0.0436759	0.783795	0.0291325	1.19843	0.045424	3.55363e-05
10026	1	100	27	500	0.290028	0.24	0.135558	0.104442	0.0500275	0.779685	0.0323487	1.20363	0.0408126	3.72337e-05
10027	1	100	24	500	0.29929	0.237746	0.140468	0.0972778	0.0615442	0.781231	0.0289702	1.19574	0.0411278	3.67137e-05
10028	1	100	24	500	0.335274	0.256122	0.16375	0.0923714	0.0791527	0.770719	0.0339521	1.20089	0.0434424	3.64414e-05
10029	1	100	23	500	0.318409	0.252935	0.160785	0.0921493	0.0654741	0.765952	0.0683696	1.19942	0.098952	3.7018e-05
10030	1	100	22	500	0.312466	0.253987	0.152007	0.10198	0.0584789	0.767509	0.0353806	1.21216	0.0408784	3.79143e-05
10031	1	100	25	500	0.295827	0.250993	0.150308	0.100685	0.044834	0.770579	0.0316431	1.22368	0.0389404	3.84259e-05
10032	1	100	25	500	0.295944	0.248924	0.140662	0.108261	0.0470207	0.769335	0.0599803	1.21435	0.0865974	3.8773e-05
10033	1	100	19	500	0.276027	0.243883	0.146352	0.0975307	0.0321443	0.776469	0.0271667	1.22776	0.0336861	3.81444e-05
10034	1	100	20	500	0.294954	0.252332	0.150986	0.101346	0.0426227	0.768478	0.0318584	1.2244	0.0425217	3.83227e-05
10035	1	100	21	500	0.291138	0.249149	0.145032	0.104117	0.0419899	0.773579	0.0322346	1.22629	0.0381585	3.76732e-05
10036	1	100	20	500	0.273075	0.240052	0.140501	0.0995515	0.033023	0.778828	0.0373611	1.22257	0.0370898	3.67191e-05
10037	1	100	23	500	0.292873	0.254729	0.145778	0.108951	0.0381441	0.767139	0.0387092	1.2293	0.0405082	3.82183e-05
10038	1	100	20	500	0.313877	0.251743	0.154961	0.0967813	0.0621348	0.772673	0.038136	1.20624	0.0540909	3.71464e-05
10039	1	100	23	500	0.304796	0.250858	0.146005	0.104853	0.0539375	0.772036	0.0532612	1.21622	0.0744518	3.74492e-05
10040	1	100	22	500	0.314101	0.262078	0.154234	0.107844	0.0520232	0.763911	0.0378231	1.22598	0.0405438	3.89273e-05
10041	1	100	19	500	0.314765	0.264162	0.149746	0.114416	0.0506022	0.759448	0.0534081	1.22332	0.0754689	3.82613e-05
10042	1	100	19	500	0.323784	0.278362	0.166708	0.111654	0.0454221	0.743047	0.072106	1.22571	0.110755	3.46656e-05
10043	1	100	19	500	0.299615	0.283049	0.190925	0.0921248	0.0165654	0.744556	0.0394223	1.25314	0.0300395	2.93316e-05
10044	1	100	17	500	0.269995	0.260531	0.156734	0.103797	0.00946373	0.76237	0.0381638	1.24501	0.03261	3.39253e-05
10045	1	100	17	500	0.275384	0.267787	0.170333	0.0974537	0.00759755	0.757831	0.0353032	1.25037	0.0304283	3.26103e-05
10046	1	100	21	500	0.296385	0.280025	0.189187	0.090838	0.0163605	0.749696	0.0345591	1.25358	0.0359195	2.97439e-05
10047	1	100	20	500	0.305806	0.282897	0.191999	0.0908978	0.0229085	0.747151	0.0373116	1.25085	0.0396934	2.84111e-05
10048	1	100	19	500	0.303288	0.282108	0.193918	0.0881896	0.0211802	0.746973	0.0338536	1.24867	0.0392008	2.7049e-05
10049	1	100	19	500	0.315285	0.296506	0.228407	0.0680995	0.0187784	0.735785	0.0313467	1.25574	0.0323162	2.13258e-05
10050	1	100	16	500	0.318844	0.305035	0.252911	0.0521239	0.0138091	0.728578	0.0267272	1.26054	0.0277131	1.79008e-05
10051	1	100	19	500	0.329835	0.316276	0.288471	0.0278056	0.013559	0.720544	0.0180301	1.26427	0.0267395	1.07328e-05
10052	1	100	21	500	0.328908	0.317581	0.29435	0.0232318	0.0113269	0.718999	0.0162446	1.26477	0.0241663	9.90569e-06
10053	1	100	20	500	0.330756	0.314714	0.286245	0.0284684	0.0160427	0.721869	0.0216376	1.26112	0.0298539	1.11818e-05
10054	1	100	17	500	0.320253	0.314825	0.30407	0.010755	0.0054278	0.72052	0.021909	1.26313	0.0226296	6.66548e-06
10055	1	100	13	500	0.22935	0.217284	0.204727	0.0125577	0.0120659	0.796268	0.0401482	1.18292	0.0480868	5.34098e-06
10056	1	100	17	500	0.233648	0.218089	0.20402	0.014069	0.0155594	0.798401	0.0294998	1.18499	0.0260304	5.97846e-06
10057	1	100	12	500	0.196295	0.18079	0.161668	0.0191219	0.015505	0.829394	0.038487	1.14549	0.0372264	7.67045e-06
10058	1	100	13	500	0.189155	0.187438	0.17997	0.00746793	0.00171696	0.822484	0.0273255	1.15775	0.0272317	5.66477e-06
10059	1	100	13	500	0.186928	0.183848	0.172982	0.0108663	0.00307951	0.826184	0.0304468	1.15503	0.0253853	6.69999e-06
10060	1	100	16	500	0.191713	0.188687	0.181489	0.00719835	0.00302611	0.821696	0.0254212	1.15851	0.0226348	5.65207e-06
10061	1	100	10	500	0.189923	0.188597	0.18222	0.00637764	0.00132563	0.821242	0.0242776	1.15977	0.020882	5.48655e-06
10062	1	100	12	500	0.189371	0.187388	0.175971	0.0114172	0.00198244	0.823018	0.0299907	1.15901	0.0268549	5.88376e-06
10063	1	100	19	500	0.191932	0.190266	0.180788	0.00947764	0.0016669	0.820281	0.0268044	1.16128	0.0245304	5.57393e-06
10064	1	100	12	500	0.189837	0.18791	0.178895	0.00901531	0.00192675	0.822505	0.0269569	1.15875	0.023259	5.95195e-06
10065	1	100	10	500	0.190293	0.188355	0.181165	0.00718995	0.00193753	0.821976	0.0248374	1.15869	0.0208621	5.46681e-06
10066	1	100	13	500	0.192636	0.191355	0.186796	0.00455939	0.00128113	0.818941	0.0196731	1.16091	0.0167132	4.99054e-06
10067	1	100	5	500	0.00065865	0.000241291	3.12329e-05	0.000210059	0.000417359	0.999704	0.00123824	0.999918	0.00127057	4.14034e-06
10068	1	100	7	500	0.000436569	0.000180585	8.80026e-06	0.000171785	0.000255983	0.999782	0.000991606	1.00009	0.000959991	3.9898e-06
10069	1	100	4	500	0.000691256	0.000289164	1.92484e-05	0.000269915	0.000402092	0.999636	0.00169952	1.00011	0.00168231	4.39631e-06
10070	1	100	5	500	0.000659509	0.00035849	2.59604e-05	0.00033253	0.000301019	0.999577	0.00178834	1.00011	0.00183218	4.55695e-06
10071	1	100	8	500	0.000830013	0.000511675	4.0722e-05	0.000470953	0.000318338	0.999435	0.0015416	1.00026	0.00135058	4.68223e-06
10072	1	100	7	500	0.0013775	0.000784921	5.81769e-05	0.000726744	0.000592581	0.998913	0.00640798	1.00025	0.00644697	4.89973e-06
10073	1	100	5	500	0.000702347	0.000509688	3.32838e-05	0.000476404	0.000192659	0.998999	0.0075733	0.999986	0.00760237	4.74226e-06
10074	1	100	6	500	0.000439557	0.000304858	1.22727e-05	0.000292586	0.000134699	0.999457	0.00329297	1.00022	0.00326104	4.6489e-06
10075	1	100	7	500	0.000666276	0.000382658	1.08199e-05	0.000371838	0.000283618	0.999251	0.00553099	0.999949	0.0055621	5.09273e-06
10076	1	100	7	500	0.000544741	0.000111762	3.51712e-06	0.000108245	0.000432979	0.999847	0.00130155	0.999847	0.00130155	5.10435e-06
10077	1	100	5	500	0.000355194	0.0001197	3.35488e-06	0.000116345	0.000235494	0.999615	0.00442295	0.99973	0.00443148	5.12644e-06
10078	1	100	5	500	0.000482474	0.000102208	7.14096e-06	9.50665e-05	0.000380266	0.99965	0.00323069	0.99965	0.00323069	5.19749e-06
10079	1	100	5	500	0.000701833	0.000149504	1.14219e-05	0.000138082	0.000552329	0.999737	0.00147521	0.999737	0.00147521	5.15192e-06
10080	1	100	6	500	0.000785142	0.000169922	1.61164e-05	0.000153805	0.000615221	0.999225	0.00831119	0.999492	0.0083318	5.40963e-06
10081	1	100	5	500	0.00088238	0.000178594	2.64708e-06	0.000175947	0.000703786	0.999653	0.00299511	0.999834	0.00301066	5.34548e-06
10082	1	100	6	500	0.00122116	0.000446754	7.26595e-06	0.000439489	0.000774409	0.999434	0.00394471	1.0001	0.00398388	5.4021e-06
10083	1	100	6	500	0.000989649	0.000441223	9.64867e-06	0.000431574	0.000548426	0.999127	0.00650885	1.0	0.0063723	5.76001e-06
10084	1	100	1	500	5.0958e-05	1.19853e-05	2.24215e-06	9.74317e-06	3.89727e-05	0.999976	0.000243578	0.999976	0.00024358	5.78077e-06
10085	1	100	2	500	3.59663e-05	8.08415e-06	1.11361e-06	6.97054e-06	2.78822e-05	0.999911	0.00172067	1.00006	0.00172175	5.60509e-06
10086	1	100	3	500	0.000950885	0.000929182	1.17442e-05	0.000917438	2.17027e-05	0.998942	0.00647662	1.0009	0.00591535	5.86941e-06
10087	1	100	3	500	6.90829e-05	1.63289e-05	3.14046e-06	1.31885e-05	5.27539e-05	0.999934	0.000551336	0.999934	0.000551336	6.28897e-06
10088	1	100	6	500	0.000846558	0.000183097	1.72314e-05	0.000165865	0.000663461	0.999825	0.0008976	0.999825	0.000897598	6.83183e-06
10089	1	100	2	500	0.000469785	0.000104253	1.28701e-05	9.13831e-05	0.000365532	0.999622	0.00331078	0.999649	0.00331378	6.69031e-06
10090	1	100	5	500	0.000629884	0.00021059	2.10907e-05	0.000189499	0.000419294	0.999663	0.00216623	0.999902	0.00218795	6.6883e-06
10091	1	100	6	500	0.00173872	0.000415565	8.47761e-05	0.000330789	0.00132316	0.999577	0.00153188	0.999577	0.00153188	6.93751e-06
10092	1	100	5	500	0.00124478	0.000278267	3.66393e-05	0.000241628	0.000966511	0.99967	0.0016942	0.999752	0.00170267	7.1158e-06
10093	1	100	3	500	0.000196217	5.13443e-05	1.5126e-05	3.62182e-05	0.000144873	0.999502	0.00286804	0.999502	0.00286804	7.55818e-06
10094	1	100	5	500	0.00275762	0.000600738	6.15191e-05	0.000539219	0.00215688	0.99942	0.00202987	0.99942	0.00202987	7.85947e-06
10095	1	100	4	500	0.00387167	0.000892226	0.000147365	0.000744861	0.00297944	0.998551	0.00731626	0.998551	0.00731625	8.19729e-06
10096	1	100	4	500	0.00423619	0.00119343	0.000432742	0.000760689	0.00304276	0.99902	0.00247069	0.99924	0.0025473	8.43699e-06
10097	1	100	3	500	0.00217572	0.000525452	0.000112886	0.000412567	0.00165027	0.999258	0.00411877	0.999539	0.00387599	8.21103e-06
10098	1	100	6	500	0.00196273	0.000483569	9.14332e-05	0.000392136	0.00147916	0.999547	0.001387	0.999598	0.00140188	8.31062e-06
10099	1	100	7	500	0.00360413	0.000836316	0.000144363	0.000691953	0.00276781	0.999123	0.00382433	0.999123	0.00382433	8.68583e-06
10100	1	100	4	500	0.003369	0.000883113	0.000261641	0.000621472	0.00248589	0.999139	0.00415742	0.999446	0.00283895	9.06126e-06
10101	1	100	6	500	0.00284689	0.000666328	0.000115044	0.000551284	0.00218056	0.998919	0.00636631	0.998953	0.0063702	9.01385e-06
