Generation	PopulationID	SampleSize	UniqueMutations	PopulationSize	totalLoad	RelzLoad	RelzLoadHomo	RelzLoadHetero	MskLoad	MeanFitness	SdFitness	MeanFitnessCached	SdFitnessCached	Heterozygosity	
10001	1	100	47	500	0.071293	0.0561018	0.0131139	0.0429878	0.0151912	0.942168	0.059514	1.04433	0.0635118	3.65391e-05
10002	1	100	39	500	0.0608719	0.0467865	0.00936051	0.037426	0.0140854	0.953536	0.0533468	1.03733	0.0546979	3.76229e-05
10003	1	100	34	500	0.0647753	0.0522023	0.0116371	0.0405653	0.0125729	0.948533	0.0542223	1.04436	0.054799	3.60115e-05
10004	1	100	32	500	0.0696803	0.0549933	0.0128127	0.0421806	0.0146869	0.945564	0.0563774	1.04503	0.0614339	3.60434e-05
10005	1	100	30	500	0.0643025	0.0466896	0.00877011	0.0379195	0.0176129	0.954776	0.050426	1.03545	0.0532625	3.61111e-05
10006	1	100	23	500	0.0567124	0.045699	0.008045	0.037654	0.0110134	0.954728	0.0562442	1.03792	0.0612969	3.58124e-05
10007	1	100	23	500	0.0542457	0.0450415	0.00756866	0.0374729	0.00920418	0.954848	0.0560695	1.03819	0.0613985	3.55278e-05
10008	1	100	20	500	0.0689591	0.0611363	0.013943	0.0471933	0.00782279	0.940202	0.0665881	1.0564	0.0719054	3.52304e-05
10009	1	100	22	500	0.0902175	0.0831093	0.025256	0.0578532	0.0071082	0.918424	0.0733403	1.0781	0.081469	3.43817e-05
10010	1	100	21	500	0.100218	0.0938581	0.0324781	0.06138	0.00636039	0.908244	0.0711947	1.09091	0.0791197	3.45208e-05
10011	1	100	22	500	0.101778	0.0952471	0.0322185	0.0630286	0.00653104	0.907428	0.0727121	1.09275	0.0788632	3.47111e-05
10012	1	100	17	500	0.12988	0.125898	0.0566177	0.0692802	0.00398187	0.878086	0.0717576	1.12598	0.0794579	3.26522e-05
10013	1	100	22	500	0.126626	0.119066	0.0491089	0.069957	0.00756021	0.884643	0.0656037	1.11667	0.0720741	3.43129e-05
10014	1	100	17	500	0.14801	0.142118	0.0713996	0.0707184	0.00589163	0.863397	0.0821248	1.14256	0.0908902	3.20029e-05
10015	1	100	19	500	0.155732	0.151436	0.0811117	0.0703244	0.00429608	0.853931	0.0739624	1.1524	0.083275	3.17644e-05
10016	1	100	19	500	0.162061	0.159031	0.0911806	0.0678503	0.0030303	0.846737	0.0669162	1.1609	0.0760463	3.04676e-05
10017	1	100	16	500	0.17088	0.167235	0.103018	0.0642173	0.00364484	0.839065	0.0726257	1.16938	0.0817404	2.83917e-05
10018	1	100	17	500	0.176733	0.174933	0.11483	0.0601025	0.00180047	0.831666	0.0734016	1.17813	0.081962	2.55837e-05
10019	1	100	12	500	0.168947	0.166624	0.103129	0.0634954	0.00232308	0.839607	0.0748425	1.16938	0.0839374	2.78225e-05
10020	1	100	13	500	0.166602	0.164445	0.100531	0.0639141	0.00215729	0.842228	0.0808603	1.16788	0.0905672	2.73933e-05
10021	1	100	12	500	0.185988	0.184509	0.12708	0.0574286	0.00147891	0.823318	0.0750899	1.18917	0.0836788	2.48243e-05
10022	1	100	10	500	0.175006	0.173559	0.109453	0.0641065	0.00144653	0.833584	0.069654	1.17765	0.0795216	2.83518e-05
10023	1	100	12	500	0.183574	0.182162	0.120929	0.0612332	0.0014115	0.825585	0.0736575	1.18684	0.0847623	2.68589e-05
10024	1	100	10	500	0.181085	0.179651	0.117146	0.0625047	0.0014341	0.82768	0.0779225	1.18375	0.0884924	2.79038e-05
10025	1	100	14	500	0.19079	0.18937	0.131049	0.0583213	0.00141999	0.818423	0.0666413	1.19382	0.0759148	2.58727e-05
10026	1	100	11	500	0.17947	0.176656	0.112443	0.0642132	0.00281443	0.830681	0.0704541	1.18027	0.0798252	2.8737e-05
10027	1	100	12	500	0.171279	0.169566	0.102674	0.0668922	0.00171259	0.837499	0.0704319	1.1732	0.0808817	2.92413e-05
10028	1	100	10	500	0.164617	0.163138	0.0950842	0.0680534	0.00147968	0.843543	0.0685471	1.16691	0.0768208	3.06926e-05
10029	1	100	12	500	0.166946	0.165307	0.0978522	0.067455	0.0016384	0.841088	0.0764155	1.16899	0.0856721	3.00425e-05
10030	1	100	12	500	0.174778	0.172201	0.105894	0.0663068	0.00257794	0.833567	0.0752902	1.17717	0.0854804	2.9775e-05
10031	1	100	15	500	0.196195	0.193407	0.135621	0.0577858	0.00278877	0.814501	0.0680342	1.19737	0.0764331	2.75191e-05
10032	1	100	10	500	0.212041	0.209543	0.16047	0.0490723	0.00249865	0.799251	0.0524756	1.21395	0.0599612	2.53998e-05
10033	1	100	13	500	0.220236	0.209163	0.15604	0.0531235	0.0110735	0.800479	0.0645439	1.20882	0.0713993	2.58155e-05
10034	1	100	11	500	0.232332	0.215897	0.164737	0.05116	0.0164346	0.794084	0.0563337	1.21207	0.0663823	2.55398e-05
10035	1	100	10	500	0.228718	0.203232	0.144068	0.0591643	0.0254859	0.806508	0.0612478	1.19256	0.0643941	2.80211e-05
10036	1	100	16	500	0.225239	0.201981	0.142001	0.0599801	0.0232581	0.807361	0.0665155	1.19355	0.074179	2.85094e-05
10037	1	100	13	500	0.202836	0.191331	0.130531	0.0608	0.0115055	0.816907	0.066166	1.19017	0.0735209	2.94516e-05
10038	1	100	12	500	0.202971	0.187485	0.123839	0.0636457	0.0154858	0.820651	0.0722684	1.18337	0.0763154	3.05671e-05
10039	1	100	10	500	0.18472	0.17874	0.114581	0.0641588	0.00598003	0.828296	0.0759791	1.17996	0.0837891	3.15736e-05
10040	1	100	12	500	0.142892	0.141433	0.0737504	0.0676828	0.0014592	0.86333	0.0902696	1.14373	0.0978172	3.45774e-05
10041	1	100	11	500	0.137821	0.136002	0.0675315	0.0684701	0.0018195	0.868492	0.078761	1.13811	0.0863136	3.55272e-05
10042	1	100	7	500	0.143571	0.142716	0.0753446	0.0673713	0.000855403	0.862207	0.0874338	1.14577	0.0952487	3.48104e-05
10043	1	100	8	500	0.140185	0.13926	0.0727846	0.0664757	0.00092469	0.864586	0.072008	1.14146	0.0782427	3.5203e-05
10044	1	100	9	500	0.164932	0.153813	0.0863629	0.0674504	0.0111189	0.851787	0.0782369	1.15062	0.0791388	3.41639e-05
10045	1	100	8	500	0.178121	0.160569	0.0916384	0.068931	0.0175519	0.839913	0.114182	1.14354	0.139085	3.3973e-05
10046	1	100	9	500	0.175188	0.153648	0.0821355	0.0715121	0.02154	0.853154	0.0865068	1.14404	0.0841845	3.4855e-05
10047	1	100	10	500	0.164515	0.154054	0.0868194	0.067235	0.0104611	0.851373	0.0717693	1.15127	0.0775197	3.45937e-05
10048	1	100	12	500	0.180312	0.168792	0.103457	0.0653349	0.0115202	0.837756	0.0735248	1.16585	0.0761664	3.39427e-05
10049	1	100	10	500	0.173706	0.172143	0.110987	0.0611563	0.0015629	0.833727	0.0617542	1.17505	0.0675163	3.37387e-05
10050	1	100	9	500	0.182659	0.181225	0.122797	0.0584283	0.00143327	0.825385	0.0590252	1.18475	0.0659238	3.3117e-05
10051	1	100	8	500	0.169445	0.168309	0.106428	0.0618806	0.00113606	0.837252	0.0682629	1.17139	0.0751664	3.40429e-05
10052	1	100	9	500	0.187698	0.186381	0.130294	0.0560868	0.00131705	0.820326	0.0646024	1.19035	0.0711841	3.25131e-05
10053	1	100	10	500	0.177918	0.176884	0.117685	0.0591992	0.00103413	0.829245	0.074573	1.18028	0.081996	3.34293e-05
10054	1	100	8	500	0.178568	0.177747	0.121004	0.0567434	0.00082068	0.827951	0.0712548	1.18102	0.0780198	3.25958e-05
10055	1	100	9	500	0.162689	0.161502	0.100644	0.0608578	0.00118642	0.84347	0.07001	1.16398	0.0754742	3.32749e-05
10056	1	100	12	500	0.150018	0.14846	0.0847968	0.0636632	0.00155763	0.85603	0.067548	1.1504	0.0728906	3.42694e-05
10057	1	100	7	500	0.125359	0.124339	0.0624394	0.0618992	0.00101989	0.878977	0.0774739	1.12593	0.0827375	3.34131e-05
10058	1	100	10	500	0.0990441	0.0967788	0.0401375	0.0566412	0.00226527	0.905296	0.0606783	1.09639	0.0646617	3.23965e-05
10059	1	100	12	500	0.0949085	0.0913297	0.0347309	0.0565988	0.00357889	0.910777	0.0707719	1.09031	0.0755591	3.22843e-05
10060	1	100	16	500	0.0873145	0.0801244	0.0289771	0.0511472	0.00719014	0.921864	0.0681997	1.07587	0.0733386	2.99052e-05
10061	1	100	12	500	0.0847521	0.0785514	0.0284266	0.0501248	0.00620073	0.922428	0.0607212	1.07479	0.0635752	2.89e-05
10062	1	100	14	500	0.0885524	0.0836997	0.0319792	0.0517205	0.00485272	0.9177	0.0646965	1.08178	0.067721	2.82756e-05
10063	1	100	14	500	0.075895	0.0661525	0.019454	0.0466985	0.00974248	0.935495	0.0669034	1.06098	0.0659663	2.66045e-05
10064	1	100	16	500	0.0679136	0.054538	0.0132568	0.0412812	0.0133756	0.947197	0.0592192	1.0468	0.0593405	2.69332e-05
10065	1	100	17	500	0.0594514	0.0433084	0.00870369	0.0346047	0.016143	0.956957	0.0522582	1.03211	0.0540532	2.47856e-05
10066	1	100	14	500	0.0713411	0.0484464	0.0128922	0.0355542	0.0228947	0.954308	0.0487155	1.03003	0.0497992	2.79606e-05
10067	1	100	17	500	0.0768879	0.0477616	0.0134417	0.0343199	0.0291263	0.950202	0.0603707	1.01668	0.0557443	2.74757e-05
10068	1	100	19	500	0.092915	0.0579236	0.0174134	0.0405102	0.0349914	0.947702	0.0494769	1.031	0.0528182	2.9846e-05
10069	1	100	20	500	0.0985556	0.0560492	0.0154292	0.04062	0.0425064	0.947096	0.0562851	1.02301	0.0562886	2.9329e-05
10070	1	100	15	500	0.123316	0.0744042	0.0239894	0.0504148	0.0489118	0.927487	0.0638195	1.03198	0.0634144	3.11512e-05
10071	1	100	17	500	0.129078	0.0700659	0.0228275	0.0472384	0.0590116	0.93182	0.061326	1.01822	0.0604001	3.14308e-05
10072	1	100	15	500	0.146892	0.0680866	0.0233086	0.0447781	0.0788053	0.938392	0.0602716	1.00213	0.0550896	3.03694e-05
10073	1	100	18	500	0.13377	0.0646353	0.0182348	0.0464005	0.0691345	0.936088	0.0760204	1.00851	0.0779692	2.92453e-05
10074	1	100	17	500	0.118478	0.056733	0.0139273	0.0428057	0.0617453	0.943588	0.0769146	1.00971	0.0756476	2.75305e-05
10075	1	100	16	500	0.110558	0.0551586	0.0131019	0.0420567	0.0553999	0.947821	0.0587639	1.01566	0.0562319	2.67076e-05
10076	1	100	17	500	0.102766	0.0550818	0.0131773	0.0419044	0.0476847	0.949032	0.0550613	1.02309	0.0485228	2.74275e-05
10077	1	100	20	500	0.105957	0.053936	0.0126402	0.0412957	0.0520211	0.945231	0.0643246	1.01432	0.0605685	2.7489e-05
10078	1	100	23	500	0.0821654	0.0464016	0.00998688	0.0364147	0.0357638	0.955491	0.048625	1.02421	0.0474259	2.67042e-05
10079	1	100	20	500	0.0868384	0.047121	0.0107711	0.0363499	0.0397174	0.953239	0.0532888	1.01834	0.0557916	2.6388e-05
10080	1	100	18	500	0.0769652	0.0374564	0.0085221	0.0289343	0.0395088	0.963102	0.0447312	1.00834	0.0406259	2.32058e-05
10081	1	100	19	500	0.0904616	0.0425885	0.0117272	0.0308614	0.047873	0.959628	0.053089	1.00474	0.0426979	2.39012e-05
10082	1	100	18	500	0.0752215	0.0363639	0.00846106	0.0279029	0.0388576	0.963906	0.0437503	1.00596	0.0472899	2.08181e-05
10083	1	100	22	500	0.0918698	0.0419133	0.00982255	0.0320908	0.0499565	0.956149	0.0549336	1.00158	0.0597952	2.28011e-05
10084	1	100	18	500	0.0771104	0.0386898	0.00877637	0.0299134	0.0384207	0.966374	0.0400025	1.01254	0.0314617	1.99993e-05
10085	1	100	18	500	0.0763433	0.0399359	0.00875868	0.0311773	0.0364074	0.96249	0.0387882	1.01515	0.0359446	2.16079e-05
10086	1	100	19	500	0.075693	0.033942	0.0083534	0.0255886	0.041751	0.96449	0.04437	1.00308	0.0441816	2.3835e-05
10087	1	100	20	500	0.0737394	0.0341016	0.00985364	0.0242479	0.0396378	0.966963	0.037076	1.00485	0.0314904	2.35527e-05
10088	1	100	17	500	0.0891916	0.0358043	0.00976333	0.026041	0.0533873	0.96529	0.0373122	0.998361	0.0391605	2.25684e-05
10089	1	100	15	500	0.0793747	0.034928	0.0116419	0.0232861	0.0444467	0.96766	0.0343258	1.00294	0.0343702	2.38838e-05
10090	1	100	14	500	0.0719065	0.0295456	0.00762963	0.021916	0.0423608	0.969531	0.0451052	0.998131	0.0355851	2.0933e-05
10091	1	100	13	500	0.0633021	0.0272591	0.00799247	0.0192666	0.036043	0.975608	0.0235332	1.00461	0.0181223	2.34388e-05
10092	1	100	13	500	0.0567707	0.0254114	0.00745802	0.0179534	0.0313592	0.972572	0.0417183	1.00042	0.0369296	2.34239e-05
10093	1	100	10	500	0.052156	0.0283945	0.00885653	0.0195379	0.0237615	0.973499	0.02827	1.01132	0.0255169	2.54797e-05
10094	1	100	11	500	0.0538247	0.028699	0.00795657	0.0207424	0.0251258	0.972111	0.0284983	1.01203	0.024863	2.36413e-05
10095	1	100	9	500	0.0563383	0.0262346	0.00802387	0.0182107	0.0301037	0.975814	0.0252571	1.00609	0.0214109	2.43915e-05
10096	1	100	13	500	0.0578684	0.0263743	0.00819417	0.0181802	0.0314941	0.970741	0.0488078	0.999479	0.0527787	2.21728e-05
10097	1	100	16	500	0.065252	0.0287198	0.0089632	0.0197566	0.0365322	0.970774	0.0489636	0.999836	0.0411365	1.98197e-05
10098	1	100	17	500	0.0492667	0.0217764	0.00636827	0.0154081	0.0274903	0.974345	0.0460671	0.999531	0.0482402	2.04683e-05
10099	1	100	16	500	0.0498099	0.0218507	0.00665021	0.0152005	0.0279592	0.976423	0.0428223	0.999815	0.0426817	2.062e-05
10100	1	100	8	500	0.0523997	0.0236369	0.00975491	0.013882	0.0287628	0.977968	0.018076	1.0034	0.0200534	2.33097e-05
10101	1	100	10	500	0.0677537	0.0298261	0.013775	0.0160512	0.0379276	0.974642	0.0313541	0.997395	0.035053	2.12052e-05
