Generation	PopulationID	SampleSize	UniqueMutations	PopulationSize	totalLoad	RelzLoad	RelzLoadHomo	RelzLoadHetero	MskLoad	MeanFitness	SdFitness	MeanFitnessCached	SdFitnessCached	Heterozygosity	
10001	1	100	56	500	0.22063	0.181515	0.0731464	0.108369	0.0391153	0.830662	0.0467244	1.16156	0.050056	5.66649e-05
10002	1	100	45	500	0.240538	0.18972	0.0810416	0.108679	0.0508178	0.823187	0.0577838	1.15812	0.0507882	5.65893e-05
10003	1	100	39	500	0.231714	0.190118	0.092078	0.0980404	0.0415953	0.822194	0.0640111	1.16064	0.0530561	5.42824e-05
10004	1	100	34	500	0.23617	0.188418	0.0895262	0.0988914	0.0477522	0.823271	0.0668368	1.1497	0.051622	5.65524e-05
10005	1	100	33	500	0.255233	0.205106	0.103841	0.101265	0.0501268	0.812075	0.072093	1.16234	0.0532305	5.65188e-05
10006	1	100	36	500	0.261978	0.210432	0.11532	0.0951121	0.0515462	0.805461	0.0704625	1.16247	0.0556774	5.32468e-05
10007	1	100	31	500	0.261223	0.207814	0.131182	0.0766319	0.0534093	0.811789	0.063333	1.1646	0.0459072	5.13022e-05
10008	1	100	31	500	0.252878	0.199275	0.11967	0.0796046	0.0536027	0.819934	0.0505311	1.16434	0.0445698	5.30267e-05
10009	1	100	33	500	0.249632	0.199235	0.121213	0.0780221	0.0503968	0.816717	0.0599059	1.16138	0.0466727	5.49628e-05
10010	1	100	31	500	0.270937	0.212342	0.123701	0.0886403	0.0585948	0.809798	0.0565745	1.16749	0.0486289	5.73181e-05
10011	1	100	27	500	0.265335	0.210255	0.113632	0.0966231	0.0550798	0.809103	0.0694415	1.1634	0.0495964	5.79589e-05
10012	1	100	22	500	0.286136	0.224091	0.123227	0.100864	0.0620453	0.793981	0.0761885	1.15672	0.0611617	5.69704e-05
10013	1	100	24	500	0.278323	0.220242	0.118411	0.10183	0.0580814	0.799996	0.0738984	1.16336	0.0529796	5.88297e-05
10014	1	100	24	500	0.303977	0.245384	0.144275	0.101109	0.058593	0.773881	0.0918361	1.16164	0.0650869	5.55102e-05
10015	1	100	23	500	0.285159	0.229443	0.137376	0.0920668	0.0557166	0.78846	0.0827498	1.16678	0.0549016	5.37222e-05
10016	1	100	24	500	0.293027	0.23523	0.156458	0.0787722	0.0577973	0.785002	0.075412	1.1669	0.0586396	5.06252e-05
10017	1	100	25	500	0.286498	0.228545	0.148143	0.0804025	0.0579535	0.794627	0.0645142	1.17321	0.0502642	5.13505e-05
10018	1	100	31	500	0.285014	0.227136	0.146625	0.0805113	0.0578774	0.792674	0.0662366	1.16672	0.0564796	5.20268e-05
10019	1	100	27	500	0.259704	0.211309	0.153273	0.0580354	0.0483949	0.80474	0.0656232	1.16207	0.0526248	4.57383e-05
10020	1	100	26	500	0.247683	0.202042	0.153073	0.0489692	0.0456408	0.816774	0.0442652	1.16986	0.0420227	4.39483e-05
10021	1	100	28	500	0.251521	0.203214	0.158332	0.044882	0.0483071	0.814274	0.0437301	1.16181	0.0498051	4.24027e-05
10022	1	100	26	500	0.254498	0.204708	0.154251	0.0504571	0.0497897	0.809334	0.0657194	1.15785	0.0487539	4.42591e-05
10023	1	100	25	500	0.256481	0.210397	0.152014	0.058383	0.0460842	0.80408	0.0766133	1.16128	0.04858	4.82866e-05
10024	1	100	26	500	0.275957	0.226862	0.158154	0.0687081	0.049095	0.796584	0.0711885	1.17791	0.0472189	5.01724e-05
10025	1	100	27	500	0.278328	0.226986	0.156925	0.0700617	0.0513416	0.789356	0.0904154	1.16411	0.0528848	5.16674e-05
10026	1	100	28	500	0.284847	0.230165	0.160052	0.0701138	0.0546813	0.790033	0.0803971	1.16828	0.0513251	5.07776e-05
10027	1	100	26	500	0.272058	0.218601	0.148437	0.0701637	0.0534572	0.802687	0.0430905	1.17479	0.0539274	5.08652e-05
10028	1	100	18	500	0.233641	0.193801	0.138951	0.0548494	0.0398406	0.818232	0.0504405	1.15082	0.051653	4.58043e-05
10029	1	100	20	500	0.212064	0.181588	0.133826	0.0477623	0.0304758	0.829999	0.0429228	1.15258	0.0385916	4.4662e-05
10030	1	100	17	500	0.224344	0.190784	0.147416	0.0433685	0.0335603	0.825604	0.0390942	1.15404	0.0461631	4.17878e-05
10031	1	100	18	500	0.201059	0.175503	0.153553	0.0219495	0.0255563	0.835783	0.0306859	1.14662	0.0384527	3.97842e-05
10032	1	100	21	500	0.220617	0.187387	0.157778	0.0296086	0.0332307	0.825	0.0427613	1.1491	0.0463691	4.1477e-05
10033	1	100	23	500	0.211414	0.181766	0.154515	0.0272505	0.0296486	0.828827	0.0365345	1.14777	0.0469208	4.05967e-05
10034	1	100	24	500	0.22381	0.189356	0.16136	0.0279963	0.0344542	0.821934	0.0493403	1.14734	0.0494001	3.98532e-05
10035	1	100	22	500	0.219835	0.187393	0.157844	0.029549	0.0324419	0.82106	0.0572224	1.15127	0.0468823	4.25828e-05
10036	1	100	14	500	0.0772314	0.0410482	0.0105402	0.030508	0.0361832	0.959586	0.0612004	1.00639	0.0337128	4.08607e-05
10037	1	100	15	500	0.058537	0.0335901	0.00914868	0.0244414	0.024947	0.962947	0.0592147	1.00471	0.0344456	3.81733e-05
10038	1	100	16	500	0.0702502	0.0388515	0.0112224	0.027629	0.0313987	0.960089	0.0592994	1.00331	0.0393588	4.12408e-05
10039	1	100	13	500	0.0662816	0.0364193	0.0118752	0.0245441	0.0298623	0.965583	0.0406569	1.00298	0.0375678	4.1641e-05
10040	1	100	14	500	0.0611491	0.0328645	0.0103606	0.0225039	0.0282846	0.970186	0.0396727	1.00366	0.0354684	4.20612e-05
10041	1	100	17	500	0.0683294	0.0369936	0.0110458	0.0259478	0.0313358	0.965611	0.0430238	1.00497	0.0368899	4.28482e-05
10042	1	100	15	500	0.0758841	0.042056	0.0124773	0.0295787	0.0338281	0.958467	0.0663728	1.0033	0.0361922	4.4288e-05
10043	1	100	18	500	0.0525732	0.0280199	0.00676446	0.0212554	0.0245533	0.973618	0.0393269	1.0065	0.0304494	4.2553e-05
10044	1	100	20	500	0.0613519	0.0307507	0.00831518	0.0224355	0.0306011	0.970911	0.0404436	1.0022	0.0333311	4.47098e-05
10045	1	100	18	500	0.0627888	0.032835	0.00758985	0.0252452	0.0299537	0.969428	0.0421964	1.00771	0.0309838	4.5291e-05
10046	1	100	18	500	0.0644639	0.0334165	0.00777463	0.0256418	0.0310474	0.968165	0.0462919	1.00656	0.0281185	4.52789e-05
10047	1	100	21	500	0.0608176	0.0308317	0.00738217	0.0234496	0.0299859	0.972076	0.0349211	1.00714	0.0224669	4.53489e-05
10048	1	100	18	500	0.0776707	0.0396811	0.0100951	0.029586	0.0379896	0.964949	0.0411954	1.00938	0.0280177	4.62599e-05
10049	1	100	21	500	0.0809021	0.0432163	0.0107686	0.0324476	0.0376858	0.960233	0.052108	1.01097	0.0290868	4.76997e-05
10050	1	100	16	500	0.0714301	0.0356805	0.0087372	0.0269433	0.0357496	0.966751	0.0434883	1.00553	0.0306385	4.66666e-05
10051	1	100	15	500	0.0790097	0.039653	0.0107821	0.0288709	0.0393566	0.963219	0.0439061	1.00464	0.0300177	4.63532e-05
10052	1	100	18	500	0.0771926	0.0383206	0.0114795	0.0268411	0.038872	0.963359	0.0486215	1.00061	0.0324086	4.58046e-05
10053	1	100	15	500	0.0778567	0.0406566	0.0104269	0.0302297	0.0372001	0.960448	0.0644519	1.00475	0.0282666	4.7859e-05
10054	1	100	17	500	0.059122	0.0294585	0.00759117	0.0218673	0.0296636	0.973291	0.0352532	1.00409	0.0226715	4.67722e-05
10055	1	100	19	500	0.0827379	0.042181	0.0117279	0.0304531	0.0405569	0.956632	0.0648219	0.999538	0.0358343	4.72674e-05
10056	1	100	20	500	0.0904411	0.0467612	0.0133948	0.0333664	0.0436799	0.958958	0.0501678	1.00829	0.0277644	4.80295e-05
10057	1	100	18	500	0.0831106	0.040552	0.0128312	0.0277208	0.0425586	0.965839	0.0393772	1.00309	0.0276568	4.73483e-05
10058	1	100	15	500	0.0845334	0.04134	0.0158603	0.0254797	0.0431933	0.959444	0.0495077	0.992132	0.0376125	4.55156e-05
10059	1	100	15	500	0.0845633	0.0414314	0.0171906	0.0242408	0.0431318	0.964095	0.0427008	0.994974	0.0309766	4.41301e-05
10060	1	100	19	500	0.104624	0.0514547	0.0205355	0.0309192	0.0531689	0.950597	0.0470844	0.989835	0.0445052	4.46826e-05
10061	1	100	21	500	0.0963568	0.0485157	0.0205433	0.0279725	0.047841	0.950517	0.053054	0.987116	0.0446464	4.38052e-05
10062	1	100	18	500	0.0975162	0.0496138	0.0244519	0.0251619	0.0479024	0.952497	0.0493016	0.983575	0.0425767	4.28425e-05
10063	1	100	14	500	0.0860048	0.0419686	0.0200047	0.0219638	0.0440363	0.961743	0.0420175	0.987013	0.0364787	4.35168e-05
10064	1	100	15	500	0.100015	0.0518469	0.0294904	0.0223565	0.0481679	0.950546	0.0565362	0.978378	0.0417969	4.18126e-05
10065	1	100	17	500	0.107194	0.0553917	0.0279159	0.0274758	0.0518022	0.950251	0.05273	0.986934	0.0424515	4.17503e-05
10066	1	100	17	500	0.0985547	0.0500742	0.0213362	0.0287379	0.0484805	0.950136	0.0539078	0.989524	0.0441201	4.33788e-05
10067	1	100	15	500	0.105706	0.0606886	0.035348	0.0253406	0.0450175	0.945594	0.0572651	0.985457	0.0451266	3.97076e-05
10068	1	100	16	500	0.106921	0.0619563	0.0367464	0.0252099	0.0449649	0.94427	0.0598229	0.984122	0.0467799	3.96859e-05
10069	1	100	19	500	0.115742	0.0666778	0.0380016	0.0286762	0.0490639	0.929774	0.07108	0.974346	0.0562319	4.11296e-05
10070	1	100	21	500	0.10424	0.0555698	0.0243141	0.0312558	0.0486697	0.947151	0.0675235	0.991819	0.0447078	4.27409e-05
10071	1	100	16	500	0.112711	0.0656875	0.0372781	0.0284094	0.0470231	0.936544	0.0656893	0.98272	0.0520023	4.04778e-05
10072	1	100	19	500	0.145307	0.0840472	0.0432534	0.0407938	0.06126	0.922765	0.067551	0.987959	0.0572212	4.26488e-05
10073	1	100	18	500	0.148091	0.0848374	0.0428833	0.0419541	0.0632533	0.919103	0.0800066	0.984152	0.0582577	4.27329e-05
10074	1	100	17	500	0.17599	0.104914	0.0571305	0.0477835	0.0710759	0.903606	0.0735381	0.982609	0.0645027	4.2396e-05
10075	1	100	16	500	0.168168	0.104732	0.0600173	0.0447148	0.0634355	0.898627	0.0699847	0.977312	0.0706933	4.36642e-05
10076	1	100	15	500	0.15807	0.0986385	0.0571693	0.0414692	0.0594314	0.905832	0.069397	0.978585	0.0692033	4.36034e-05
10077	1	100	17	500	0.178307	0.121916	0.0823466	0.0395696	0.0563913	0.883413	0.0751994	0.961179	0.0737558	4.03172e-05
10078	1	100	16	500	0.155743	0.098785	0.0598907	0.0388943	0.0569579	0.900237	0.0745114	0.968741	0.070145	4.32279e-05
10079	1	100	16	500	0.16167	0.113559	0.0849408	0.0286179	0.048111	0.894286	0.07693	0.954225	0.0696945	3.80441e-05
10080	1	100	16	500	0.166679	0.120026	0.0950033	0.0250228	0.0466525	0.883547	0.0837408	0.938462	0.0732168	3.57835e-05
10081	1	100	18	500	0.158943	0.108772	0.0809429	0.0278294	0.050171	0.902654	0.0784585	0.957398	0.0682842	3.9207e-05
10082	1	100	18	500	0.161991	0.107086	0.0789441	0.0281416	0.0549055	0.893088	0.0884333	0.943964	0.0754941	4.00087e-05
10083	1	100	16	500	0.135387	0.0878031	0.0627876	0.0250155	0.0475838	0.923786	0.0727972	0.968669	0.0607899	4.14595e-05
10084	1	100	17	500	0.124455	0.0821622	0.0619683	0.0201939	0.0422928	0.918826	0.0779283	0.96113	0.0625867	4.14182e-05
10085	1	100	15	500	0.125622	0.0805504	0.0597277	0.0208227	0.0450717	0.923119	0.0767095	0.960275	0.0594464	4.14607e-05
10086	1	100	15	500	0.125291	0.0821156	0.0618011	0.0203145	0.0431757	0.91962	0.0790473	0.957342	0.0611511	4.16732e-05
10087	1	100	17	500	0.120844	0.0782844	0.0580379	0.0202465	0.0425594	0.925957	0.077479	0.962574	0.0609846	4.11979e-05
10088	1	100	14	500	0.133358	0.0884066	0.0677445	0.020662	0.0449511	0.91945	0.0763081	0.958953	0.0601656	4.04051e-05
10089	1	100	16	500	0.142714	0.0973325	0.0767174	0.0206151	0.0453816	0.907243	0.0845215	0.947874	0.0682216	3.89341e-05
10090	1	100	14	500	0.14667	0.105053	0.0855368	0.0195158	0.0416173	0.897164	0.0898245	0.938417	0.0715167	3.72549e-05
10091	1	100	13	500	0.15211	0.108738	0.0888189	0.0199191	0.043372	0.896384	0.0885839	0.937998	0.0719524	3.68777e-05
10092	1	100	12	500	0.146532	0.103247	0.0832078	0.0200391	0.0432852	0.908208	0.081838	0.94954	0.0669202	3.77418e-05
10093	1	100	13	500	0.141421	0.0950553	0.0739782	0.0210772	0.046366	0.907472	0.0852851	0.945181	0.0676202	3.87275e-05
10094	1	100	13	500	0.153955	0.109103	0.08877	0.020333	0.0448518	0.897121	0.0860785	0.938743	0.0705002	3.80046e-05
10095	1	100	14	500	0.160126	0.115936	0.0960074	0.0199284	0.0441898	0.892882	0.086348	0.935909	0.0709858	3.7127e-05
10096	1	100	15	500	0.157122	0.108522	0.0870383	0.0214834	0.0486005	0.894605	0.0838325	0.935508	0.068495	3.81683e-05
10097	1	100	13	500	0.156421	0.107936	0.0865521	0.0213837	0.0484851	0.896107	0.0857931	0.936128	0.0692494	3.84988e-05
10098	1	100	16	500	0.166636	0.11568	0.0939962	0.021684	0.0509562	0.888403	0.0851507	0.931378	0.0687454	3.79308e-05
10099	1	100	16	500	0.158336	0.108025	0.0861966	0.0218285	0.0503105	0.911022	0.0749559	0.952684	0.0622108	3.88893e-05
10100	1	100	17	500	0.160675	0.109983	0.0881117	0.0218715	0.0506915	0.894721	0.0809931	0.935606	0.0658194	3.83225e-05
10101	1	100	14	500	0.165748	0.117156	0.096159	0.020997	0.0485916	0.896219	0.081101	0.939843	0.0668659	3.77707e-05
