Generation	PopulationID	SampleSize	UniqueMutations	PopulationSize	totalLoad	RelzLoad	RelzLoadHomo	RelzLoadHetero	MskLoad	MeanFitness	SdFitness	MeanFitnessCached	SdFitnessCached	Heterozygosity	
10001	1	100	58	500	0.497694	0.467951	0.29965	0.168301	0.0297428	0.605743	0.0320902	1.48706	0.0695737	4.22219e-05
10002	1	100	34	500	0.327858	0.302454	0.130425	0.172029	0.0254041	0.727382	0.0325241	1.31022	0.0528494	4.13223e-05
10003	1	100	32	500	0.313371	0.290909	0.131527	0.159382	0.0224624	0.733995	0.0347315	1.28973	0.060476	4.02386e-05
10004	1	100	30	500	0.317503	0.296714	0.130778	0.165936	0.0207882	0.728678	0.0381981	1.30277	0.0621561	4.35372e-05
10005	1	100	29	500	0.315945	0.297585	0.130628	0.166958	0.0183595	0.729914	0.0381285	1.30797	0.0516453	4.41248e-05
10006	1	100	26	500	0.310841	0.29471	0.13113	0.16358	0.0161315	0.730929	0.0391496	1.30558	0.0547297	4.36241e-05
10007	1	100	26	500	0.315725	0.300115	0.141911	0.158204	0.0156104	0.726165	0.0390219	1.31259	0.0519009	4.2666e-05
10008	1	100	26	500	0.328803	0.306783	0.142176	0.164607	0.0220194	0.720878	0.0364472	1.31676	0.0543059	4.19773e-05
10009	1	100	26	500	0.318018	0.289628	0.136432	0.153195	0.0283908	0.73579	0.0373846	1.28952	0.0627254	4.11749e-05
10010	1	100	24	500	0.292169	0.282405	0.137873	0.144532	0.00976389	0.739252	0.0362068	1.2898	0.0624407	4.10534e-05
10011	1	100	24	500	0.30127	0.291075	0.135427	0.155648	0.0101953	0.733746	0.0389185	1.30342	0.059516	4.09783e-05
10012	1	100	18	500	0.298662	0.292359	0.138809	0.153551	0.00630236	0.734415	0.0348479	1.31022	0.0567936	4.16062e-05
10013	1	100	18	500	0.291627	0.285395	0.137344	0.148051	0.00623112	0.738078	0.039181	1.29914	0.060121	4.13594e-05
10014	1	100	17	500	0.304678	0.298549	0.141972	0.156577	0.00612916	0.727366	0.0365739	1.31619	0.0533667	4.03288e-05
10015	1	100	20	500	0.308546	0.302225	0.14862	0.153605	0.00632091	0.723543	0.0360209	1.31887	0.0541993	3.91588e-05
10016	1	100	19	500	0.31565	0.30253	0.14371	0.15882	0.0131196	0.723948	0.0394055	1.31526	0.0577324	3.95051e-05
10017	1	100	20	500	0.318192	0.308942	0.147108	0.161834	0.0092505	0.720266	0.0342393	1.32772	0.047436	3.96291e-05
10018	1	100	19	500	0.330615	0.318257	0.153264	0.164993	0.0123577	0.712042	0.0355025	1.33507	0.0465527	3.88166e-05
10019	1	100	20	500	0.347949	0.327276	0.155726	0.17155	0.0206725	0.704716	0.0375829	1.33902	0.0534075	4.00565e-05
10020	1	100	16	500	0.34803	0.32942	0.158132	0.171288	0.0186097	0.702188	0.0378868	1.33948	0.0490001	3.93595e-05
10021	1	100	20	500	0.36311	0.338325	0.17465	0.163675	0.0247855	0.695401	0.0378148	1.3472	0.0501135	3.77735e-05
10022	1	100	17	500	0.379139	0.347731	0.18708	0.160651	0.0314081	0.686705	0.0438588	1.3485	0.067396	3.75974e-05
10023	1	100	21	500	0.383043	0.34773	0.175218	0.172512	0.0353133	0.690803	0.0375012	1.34807	0.0499621	4.03772e-05
10024	1	100	19	500	0.347564	0.329038	0.172455	0.156583	0.0185259	0.700538	0.0384834	1.34157	0.0511119	3.94599e-05
10025	1	100	21	500	0.341822	0.320427	0.154675	0.165752	0.0213947	0.711913	0.0343012	1.33331	0.046679	4.13908e-05
10026	1	100	19	500	0.34999	0.335306	0.195514	0.139792	0.0146839	0.694427	0.0353297	1.35282	0.0437049	3.65503e-05
10027	1	100	20	500	0.347804	0.335679	0.207758	0.127921	0.0121255	0.693716	0.0355824	1.35544	0.0400665	3.5464e-05
10028	1	100	22	500	0.350698	0.33388	0.195193	0.138687	0.0168181	0.696768	0.0362286	1.35082	0.0412465	3.84401e-05
10029	1	100	21	500	0.365256	0.342525	0.20484	0.137685	0.0227307	0.686126	0.04008	1.34968	0.0574582	3.78135e-05
10030	1	100	22	500	0.373175	0.353529	0.251379	0.102151	0.0196454	0.6776	0.0321026	1.36884	0.0381954	3.26792e-05
10031	1	100	23	500	0.373374	0.354378	0.261403	0.0929755	0.0189958	0.675784	0.0299247	1.36935	0.0411773	3.16937e-05
10032	1	100	21	500	0.37269	0.354433	0.269422	0.0850103	0.0182575	0.675966	0.0292686	1.3704	0.0326715	3.0894e-05
10033	1	100	19	500	0.381595	0.357253	0.25397	0.103282	0.0243422	0.675382	0.0310535	1.36864	0.0400753	3.36054e-05
10034	1	100	19	500	0.377472	0.359073	0.283847	0.0752262	0.0183986	0.670745	0.0280275	1.37309	0.0397291	3.10472e-05
10035	1	100	19	500	0.36392	0.351373	0.278685	0.0726882	0.0125465	0.676853	0.0282024	1.3701	0.0307364	3.20998e-05
10036	1	100	21	500	0.359091	0.349104	0.283429	0.0656755	0.00998694	0.676994	0.0290871	1.36716	0.036755	3.10282e-05
10037	1	100	22	500	0.381926	0.357964	0.269822	0.0881419	0.0239628	0.67111	0.0368949	1.36455	0.0602755	3.40411e-05
10038	1	100	21	500	0.387828	0.357328	0.263303	0.0940253	0.0305004	0.672118	0.0348592	1.35956	0.0593855	3.38846e-05
10039	1	100	23	500	0.385379	0.3576	0.279272	0.0783275	0.0277794	0.672119	0.0245018	1.36488	0.0389106	3.21705e-05
10040	1	100	22	500	0.384259	0.357085	0.293688	0.0633968	0.0271739	0.672097	0.027497	1.3651	0.039656	3.16554e-05
10041	1	100	22	500	0.373379	0.347118	0.256566	0.0905513	0.0262616	0.678815	0.0330012	1.3493	0.0728149	3.55134e-05
10042	1	100	24	500	0.387049	0.351751	0.268638	0.0831131	0.0352981	0.678393	0.032025	1.35443	0.0422861	3.38195e-05
10043	1	100	18	500	0.396143	0.356867	0.281034	0.0758336	0.0392759	0.671344	0.0305042	1.35159	0.0692868	3.41965e-05
10044	1	100	19	500	0.388674	0.354004	0.264193	0.0898115	0.0346702	0.677562	0.0341465	1.35488	0.047472	3.6524e-05
10045	1	100	19	500	0.41746	0.353032	0.227015	0.126017	0.0644276	0.683501	0.0428124	1.33315	0.0597341	4.07333e-05
10046	1	100	21	500	0.437773	0.367482	0.271875	0.0956062	0.0702917	0.662827	0.0573487	1.32643	0.108391	3.57102e-05
10047	1	100	19	500	0.42882	0.371195	0.298236	0.0729591	0.0576249	0.660282	0.0478062	1.35004	0.0864771	3.34089e-05
10048	1	100	20	500	0.407574	0.368137	0.307311	0.0608256	0.0394371	0.663424	0.0313204	1.36713	0.0536564	3.2136e-05
10049	1	100	22	500	0.422365	0.372786	0.323504	0.0492821	0.0495785	0.657996	0.0405023	1.36041	0.0724004	3.0532e-05
10050	1	100	21	500	0.414006	0.372515	0.331842	0.0406725	0.0414913	0.659517	0.0282928	1.36984	0.0453388	2.99828e-05
10051	1	100	20	500	0.421894	0.377808	0.344751	0.0330566	0.044086	0.655253	0.0253565	1.37444	0.0456931	2.89321e-05
10052	1	100	20	500	0.446504	0.381177	0.338558	0.0426193	0.0653269	0.652822	0.0372281	1.35835	0.0704153	2.92253e-05
10053	1	100	19	500	0.474815	0.388706	0.325372	0.0633337	0.0861092	0.652233	0.0378722	1.34718	0.0763282	3.12472e-05
10054	1	100	20	500	0.425339	0.376944	0.333722	0.0432213	0.048395	0.656946	0.0260588	1.36818	0.0587312	2.97033e-05
10055	1	100	23	500	0.440955	0.379991	0.335113	0.0448781	0.0609639	0.655904	0.0310288	1.36049	0.0586837	3.0266e-05
10056	1	100	20	500	0.515971	0.406643	0.351761	0.0548816	0.109328	0.639095	0.0825899	1.32755	0.162317	3.08018e-05
10057	1	100	22	500	0.527807	0.413318	0.367735	0.0455828	0.114489	0.636877	0.0753602	1.33043	0.153386	3.049e-05
10058	1	100	23	500	0.473881	0.393705	0.355802	0.0379035	0.0801754	0.643035	0.0744067	1.34811	0.149955	3.08559e-05
10059	1	100	22	500	0.472776	0.390657	0.348497	0.0421596	0.0821193	0.650994	0.0329434	1.35313	0.0666779	3.16349e-05
10060	1	100	19	500	0.176972	0.0678739	0.0287492	0.0391246	0.109098	0.928425	0.160547	0.967523	0.160465	2.92501e-05
10061	1	100	16	500	0.140425	0.0554727	0.0210333	0.0344394	0.0849526	0.939472	0.140601	0.982936	0.141959	2.91888e-05
10062	1	100	15	500	0.115461	0.048244	0.0184914	0.0297526	0.0672166	0.957986	0.0425167	1.0046	0.044339	2.7982e-05
10063	1	100	17	500	0.0767001	0.0362074	0.0132334	0.022974	0.0404927	0.965788	0.0343588	1.01167	0.0382851	2.89521e-05
10064	1	100	17	500	0.0673745	0.0363112	0.0147368	0.0215744	0.0310633	0.950591	0.13721	1.00445	0.139843	2.69016e-05
10065	1	100	17	500	0.128701	0.0557019	0.0210192	0.0346827	0.0729995	0.952097	0.0516678	1.00792	0.0453905	2.80329e-05
10066	1	100	18	500	0.107868	0.0518804	0.0169204	0.0349601	0.0559871	0.952262	0.0420166	1.01729	0.0522607	2.92744e-05
10067	1	100	17	500	0.131591	0.0545193	0.0181266	0.0363927	0.0770716	0.95189	0.0431458	1.00586	0.0524349	3.10756e-05
10068	1	100	18	500	0.101066	0.0483712	0.0134943	0.0348769	0.0526947	0.94525	0.11507	1.0082	0.119689	3.11639e-05
10069	1	100	17	500	0.0920674	0.0469723	0.0145235	0.0324488	0.0450951	0.955223	0.0349449	1.02159	0.0410997	3.03044e-05
10070	1	100	19	500	0.114853	0.050652	0.0196707	0.0309813	0.0642014	0.943362	0.114211	1.00389	0.117913	2.78108e-05
10071	1	100	25	500	0.0628554	0.0395937	0.0169967	0.022597	0.0232617	0.960618	0.0205557	1.02695	0.0277352	2.71274e-05
10072	1	100	21	500	0.0715388	0.0396446	0.0183442	0.0213005	0.0318942	0.960048	0.0273531	1.02066	0.0305496	2.54205e-05
10073	1	100	21	500	0.105096	0.0481667	0.019659	0.0285077	0.056929	0.955123	0.0355274	1.01464	0.041526	2.76996e-05
10074	1	100	26	500	0.109765	0.0470071	0.0200119	0.0269952	0.0627575	0.957205	0.0365468	1.00944	0.0438322	2.78284e-05
10075	1	100	22	500	0.137522	0.056065	0.0233082	0.0327567	0.0814575	0.951645	0.0405381	1.00325	0.0512423	2.93708e-05
10076	1	100	22	500	0.151158	0.0614027	0.0271374	0.0342653	0.089755	0.935877	0.131446	0.9893	0.13504	2.88351e-05
10077	1	100	24	500	0.107173	0.0481161	0.0232267	0.0248893	0.0590566	0.955161	0.0339867	1.01232	0.0440714	2.60302e-05
10078	1	100	23	500	0.12197	0.0526916	0.0248256	0.027866	0.0692786	0.952878	0.0392971	1.00943	0.0460263	2.6762e-05
10079	1	100	25	500	0.177476	0.0732224	0.0332598	0.0399626	0.104254	0.926816	0.137927	0.986012	0.143531	2.95741e-05
10080	1	100	24	500	0.146936	0.062546	0.0263038	0.0362422	0.0843895	0.928203	0.150485	0.990216	0.155633	2.98028e-05
10081	1	100	23	500	0.160527	0.0649312	0.0261904	0.0387407	0.0955956	0.93609	0.124679	0.988274	0.128164	3.16837e-05
10082	1	100	24	500	0.140302	0.0575768	0.0237898	0.0337869	0.0827254	0.95156	0.0427604	1.00292	0.0514923	3.03453e-05
10083	1	100	26	500	0.119655	0.0515447	0.0201194	0.0314253	0.0681103	0.945512	0.0981692	1.0008	0.101526	3.07709e-05
10084	1	100	23	500	0.0895152	0.0417439	0.0171699	0.024574	0.0477713	0.954232	0.0460777	1.00593	0.0484177	3.01996e-05
10085	1	100	23	500	0.102648	0.0455937	0.0170863	0.0285074	0.057054	0.95802	0.0354703	1.01145	0.0401017	3.12219e-05
10086	1	100	23	500	0.134423	0.0574638	0.025069	0.0323948	0.0769596	0.933362	0.143627	0.993611	0.147698	2.90477e-05
10087	1	100	20	500	0.114308	0.0499985	0.0170559	0.0329425	0.0643097	0.952646	0.0404062	1.00887	0.0465386	3.3041e-05
10088	1	100	21	500	0.138556	0.0595516	0.0200796	0.039472	0.0790046	0.945583	0.0453318	1.00748	0.0527209	3.4835e-05
10089	1	100	21	500	0.140099	0.0592675	0.0200154	0.0392521	0.0808318	0.938393	0.114672	0.998399	0.117635	3.45334e-05
10090	1	100	21	500	0.168695	0.0677208	0.0249942	0.0427266	0.100974	0.941034	0.0763548	0.995415	0.0792643	3.38012e-05
10091	1	100	20	500	0.192626	0.0785242	0.0310982	0.047426	0.114101	0.927567	0.108259	0.986911	0.112856	3.45087e-05
10092	1	100	21	500	0.228771	0.0928909	0.041696	0.0511949	0.13588	0.914079	0.139766	0.971129	0.143959	3.42086e-05
10093	1	100	18	500	0.151226	0.0628052	0.023913	0.0388921	0.0884205	0.932528	0.125001	0.987988	0.126479	3.40136e-05
10094	1	100	18	500	0.114423	0.0505857	0.0182358	0.03235	0.0638376	0.951754	0.0384101	1.00726	0.0430565	3.33357e-05
10095	1	100	22	500	0.0933311	0.0442414	0.015603	0.0286383	0.0490897	0.957227	0.033739	1.01164	0.037133	3.36305e-05
10096	1	100	23	500	0.12456	0.055112	0.0212208	0.0338912	0.0694482	0.94714	0.0411036	1.00547	0.0438757	3.3491e-05
10097	1	100	21	500	0.126607	0.0562423	0.0209651	0.0352772	0.0703644	0.949124	0.0370492	1.00945	0.043572	3.40505e-05
10098	1	100	20	500	0.102239	0.049016	0.0167322	0.0322838	0.0532232	0.953771	0.033846	1.01396	0.0367158	3.48129e-05
10099	1	100	22	500	0.0918017	0.0492622	0.017662	0.0316002	0.0425395	0.952347	0.0337694	1.01953	0.0378625	3.50398e-05
10100	1	100	22	500	0.0708517	0.0427422	0.0152211	0.0275211	0.0281096	0.956909	0.0301703	1.02215	0.0324467	3.4786e-05
10101	1	100	21	500	0.0681824	0.0382524	0.0120103	0.0262421	0.02993	0.963503	0.0246837	1.02032	0.0257413	3.40812e-05
