Generation	PopulationID	SampleSize	UniqueMutations	PopulationSize	totalLoad	RelzLoad	RelzLoadHomo	RelzLoadHetero	MskLoad	MeanFitness	SdFitness	MeanFitnessCached	SdFitnessCached	Heterozygosity	
10001	1	100	64	500	0.177174	0.136763	0.0776954	0.0590673	0.0404117	0.868636	0.0461477	1.11841	0.0478612	4.86713e-05
10002	1	100	50	500	0.200491	0.144959	0.081642	0.063317	0.0555319	0.86417	0.0477661	1.11708	0.0562558	4.82425e-05
10003	1	100	39	500	0.201927	0.164997	0.0909912	0.0740063	0.0369298	0.847075	0.0501204	1.14649	0.0529348	4.7405e-05
10004	1	100	28	500	0.197752	0.163193	0.0897327	0.0734607	0.0345589	0.848127	0.0489518	1.14659	0.0492146	4.49669e-05
10005	1	100	27	500	0.196226	0.156361	0.0932487	0.0631122	0.039865	0.851381	0.0494334	1.13412	0.0460923	4.40438e-05
10006	1	100	32	500	0.224771	0.163854	0.094696	0.0691584	0.0609171	0.848449	0.066651	1.12146	0.0679751	4.43931e-05
10007	1	100	27	500	0.192976	0.153292	0.0899262	0.0633655	0.0396842	0.854503	0.0575155	1.1297	0.065211	4.34967e-05
10008	1	100	23	500	0.198277	0.157613	0.0936104	0.0640022	0.0406641	0.853357	0.0409684	1.13667	0.0392029	4.2269e-05
10009	1	100	24	500	0.18907	0.154153	0.0901667	0.0639858	0.0349179	0.855939	0.0401212	1.13803	0.0367664	4.20476e-05
10010	1	100	27	500	0.199813	0.159345	0.0942415	0.0651032	0.0404685	0.847481	0.073995	1.13131	0.0793562	4.10104e-05
10011	1	100	24	500	0.191657	0.156344	0.0943818	0.0619625	0.0353122	0.854366	0.043061	1.1387	0.0349503	4.08026e-05
10012	1	100	22	500	0.191412	0.151749	0.0902504	0.0614991	0.0396623	0.858663	0.0429168	1.12987	0.0340395	4.18761e-05
10013	1	100	20	500	0.157074	0.144212	0.088839	0.0553731	0.0128617	0.8629	0.0387049	1.14184	0.0421818	4.07926e-05
10014	1	100	20	500	0.158789	0.144163	0.0889505	0.0552127	0.0146255	0.862794	0.0317268	1.14074	0.032664	4.06505e-05
10015	1	100	23	500	0.148604	0.139621	0.0904132	0.0492078	0.00898276	0.866458	0.031856	1.1395	0.0309848	3.77919e-05
10016	1	100	26	500	0.147443	0.140001	0.0887819	0.0512195	0.00744214	0.865717	0.033289	1.14066	0.0390634	3.83126e-05
10017	1	100	26	500	0.142352	0.140544	0.0891535	0.051391	0.00180709	0.865609	0.0262816	1.14504	0.0328879	3.84071e-05
10018	1	100	22	500	0.145434	0.143644	0.0888783	0.0547655	0.0017906	0.862642	0.0332079	1.14792	0.0401936	3.92902e-05
10019	1	100	18	500	0.14775	0.146217	0.0903587	0.055858	0.00153333	0.860628	0.0351681	1.15104	0.0431228	3.79691e-05
10020	1	100	19	500	0.1428	0.140782	0.0891239	0.0516582	0.00201807	0.865121	0.0346881	1.1441	0.0395128	3.84286e-05
10021	1	100	16	500	0.141903	0.140096	0.0868927	0.0532034	0.00180722	0.866151	0.03387	1.14346	0.0398366	4.11344e-05
10022	1	100	18	500	0.142524	0.139936	0.089378	0.0505581	0.00258763	0.866213	0.0326324	1.14303	0.0390325	3.98399e-05
10023	1	100	18	500	0.152347	0.141874	0.0880752	0.0537991	0.0104726	0.864923	0.0352532	1.14051	0.0411239	4.13944e-05
10024	1	100	21	500	0.161964	0.152415	0.0976582	0.0547563	0.00954921	0.855427	0.0378785	1.15169	0.046906	4.15051e-05
10025	1	100	15	500	0.162368	0.160158	0.105258	0.0549002	0.00221009	0.848497	0.0351868	1.1641	0.0402271	4.13368e-05
10026	1	100	15	500	0.0932866	0.0897654	0.0341506	0.0556148	0.00352122	0.912986	0.039052	1.08648	0.0381221	4.0857e-05
10027	1	100	13	500	0.0849308	0.0771137	0.024152	0.0529617	0.00781716	0.924956	0.0401721	1.07204	0.041665	3.94564e-05
10028	1	100	14	500	0.0733849	0.0695957	0.0196031	0.0499926	0.00378924	0.932405	0.0349466	1.06715	0.035984	3.94505e-05
10029	1	100	13	500	0.0748678	0.0679529	0.0186155	0.0493375	0.00691487	0.933756	0.0382718	1.06358	0.039155	3.81669e-05
10030	1	100	13	500	0.0692166	0.0673504	0.0201661	0.0471844	0.00186618	0.9338	0.0349011	1.06602	0.0363183	3.73156e-05
10031	1	100	14	500	0.0871149	0.0735805	0.0260404	0.0475401	0.0135343	0.928144	0.0335526	1.06624	0.0374651	3.48147e-05
10032	1	100	16	500	0.0945044	0.0766193	0.0313824	0.0452369	0.0178851	0.92523	0.0320402	1.06666	0.0383571	3.35653e-05
10033	1	100	13	500	0.0901583	0.0809175	0.0354452	0.0454723	0.00924079	0.92049	0.0325337	1.0755	0.0370083	3.38903e-05
10034	1	100	14	500	0.10559	0.0947487	0.0397633	0.0549855	0.0108417	0.908163	0.0291449	1.08873	0.0376416	3.86684e-05
10035	1	100	14	500	0.102239	0.100045	0.0448419	0.0552034	0.00219351	0.902686	0.0346454	1.09721	0.0326872	3.94618e-05
10036	1	100	11	500	0.105369	0.103108	0.0469921	0.0561157	0.00226147	0.900089	0.0343949	1.10003	0.0321706	4.03975e-05
10037	1	100	14	500	0.0986701	0.0963563	0.0406383	0.055718	0.0023138	0.906611	0.0384599	1.09362	0.0370474	4.1463e-05
10038	1	100	16	500	0.102278	0.0999898	0.0439877	0.0560021	0.00228833	0.903423	0.0335356	1.09744	0.0321654	4.14687e-05
10039	1	100	15	500	0.101044	0.098653	0.0431528	0.0555003	0.00239089	0.904695	0.0359775	1.09653	0.035603	4.10663e-05
10040	1	100	14	500	0.107023	0.104739	0.0482418	0.0564975	0.00228368	0.898966	0.0402365	1.10189	0.0396559	4.1791e-05
10041	1	100	15	500	0.113947	0.111709	0.0555394	0.0561693	0.00223857	0.891925	0.0355474	1.10801	0.0336414	3.97776e-05
10042	1	100	15	500	0.108088	0.105757	0.0496157	0.0561413	0.0023311	0.897878	0.03689	1.10312	0.0359616	4.08869e-05
10043	1	100	17	500	0.106042	0.10294	0.04651	0.0564299	0.00310231	0.900077	0.0394855	1.09955	0.0387446	4.20036e-05
10044	1	100	18	500	0.106199	0.102414	0.0458711	0.0565426	0.0037853	0.901497	0.034229	1.10003	0.0357872	4.21889e-05
10045	1	100	15	500	0.111913	0.106542	0.0488708	0.0576707	0.00537107	0.897027	0.037898	1.1024	0.0384407	4.18329e-05
10046	1	100	18	500	0.114271	0.106372	0.0477724	0.0585994	0.00789963	0.895722	0.038961	1.09847	0.0462312	4.29856e-05
10047	1	100	19	500	0.129159	0.118633	0.0606783	0.0579544	0.0105266	0.886149	0.0334711	1.10983	0.02937	4.08252e-05
10048	1	100	21	500	0.135001	0.121768	0.0624072	0.0593612	0.0132322	0.882788	0.0367599	1.1109	0.0343206	4.05671e-05
10049	1	100	19	500	0.132752	0.120793	0.0629467	0.0578461	0.011959	0.884059	0.0336412	1.11069	0.0287348	4.05494e-05
10050	1	100	17	500	0.142295	0.129758	0.075033	0.0547248	0.0125372	0.876056	0.033334	1.11665	0.0282827	3.85449e-05
10051	1	100	22	500	0.137329	0.12871	0.0735881	0.0551222	0.00861897	0.875428	0.0391309	1.11675	0.0341031	3.89516e-05
10052	1	100	16	500	0.146024	0.136751	0.0864529	0.0502978	0.00927305	0.869634	0.0330201	1.12447	0.0263976	3.58073e-05
10053	1	100	19	500	0.146292	0.134263	0.0780085	0.0562543	0.0120293	0.870548	0.0418495	1.11838	0.0363415	3.97861e-05
10054	1	100	20	500	0.1592	0.147914	0.104824	0.0430894	0.0112862	0.858233	0.0363088	1.12939	0.0321573	3.1221e-05
10055	1	100	14	500	0.169949	0.159913	0.128203	0.0317103	0.0100359	0.84759	0.0288038	1.14053	0.0272034	2.34623e-05
10056	1	100	13	500	0.17992	0.163188	0.126955	0.0362327	0.0167319	0.846202	0.0327966	1.13657	0.0322664	2.66704e-05
10057	1	100	12	500	0.172861	0.159663	0.119892	0.0397716	0.0131978	0.848386	0.0331313	1.13834	0.0325338	2.92313e-05
10058	1	100	16	500	0.182783	0.166825	0.137917	0.0289077	0.0159582	0.843683	0.0231148	1.14299	0.0200895	2.26872e-05
10059	1	100	16	500	0.174338	0.163938	0.136324	0.0276146	0.0103999	0.844559	0.0243646	1.14586	0.023066	2.13369e-05
10060	1	100	17	500	0.169195	0.164388	0.13976	0.024628	0.00480616	0.843958	0.0215703	1.14936	0.0189381	1.93191e-05
10061	1	100	12	500	0.161923	0.160131	0.130085	0.0300461	0.00179216	0.847408	0.0268419	1.14761	0.0245572	2.32809e-05
10062	1	100	13	500	0.156643	0.154725	0.116405	0.03832	0.00191842	0.853038	0.0274865	1.14471	0.0231427	2.80545e-05
10063	1	100	14	500	0.157394	0.153621	0.106976	0.0466456	0.00377288	0.854189	0.0323515	1.14404	0.0290125	3.28158e-05
10064	1	100	16	500	0.166622	0.164173	0.124588	0.0395847	0.00244853	0.844375	0.0318505	1.15343	0.03027	3.02057e-05
10065	1	100	14	500	0.174269	0.170827	0.135118	0.0357089	0.00344157	0.837967	0.0306445	1.15733	0.0316032	2.70001e-05
10066	1	100	15	500	0.17744	0.175241	0.144396	0.0308452	0.00219928	0.834736	0.024467	1.16315	0.0247028	2.60112e-05
10067	1	100	15	500	0.178484	0.175325	0.140502	0.0348233	0.00315836	0.834562	0.0302578	1.1627	0.0309853	2.78155e-05
10068	1	100	19	500	0.182409	0.177575	0.140508	0.0370667	0.00483452	0.832999	0.0305954	1.16461	0.0305529	3.00916e-05
10069	1	100	19	500	0.186155	0.18129	0.147217	0.0340723	0.00486565	0.829843	0.0294021	1.16795	0.0310069	2.85438e-05
10070	1	100	18	500	0.191673	0.185932	0.150963	0.0349692	0.00574108	0.825786	0.026992	1.17199	0.0290684	2.94445e-05
10071	1	100	18	500	0.190418	0.187277	0.1513	0.0359774	0.00314078	0.824532	0.0274188	1.17608	0.0296008	3.07717e-05
10072	1	100	15	500	0.180419	0.176501	0.132476	0.0440248	0.00391818	0.83404	0.036827	1.1667	0.0390756	3.56876e-05
10073	1	100	19	500	0.189301	0.184639	0.143803	0.0408364	0.00466157	0.827058	0.0322446	1.17353	0.0340309	3.38706e-05
10074	1	100	23	500	0.194976	0.188969	0.150202	0.0387666	0.0060073	0.823027	0.031745	1.17507	0.0337916	3.30162e-05
10075	1	100	18	500	0.197144	0.191413	0.156665	0.0347483	0.00573117	0.820549	0.0326137	1.1746	0.0388281	3.14936e-05
10076	1	100	15	500	0.0512072	0.0414437	0.0172348	0.024209	0.00976344	0.958736	0.0205223	1.03114	0.0261472	2.54458e-05
10077	1	100	16	500	0.0626183	0.0490471	0.0234899	0.0255573	0.0135712	0.950342	0.0195481	1.03734	0.0268935	2.57818e-05
10078	1	100	19	500	0.0533115	0.0446061	0.0195639	0.0250422	0.00870543	0.956003	0.0194558	1.03824	0.0187799	2.63312e-05
10079	1	100	18	500	0.0551178	0.0448439	0.0188083	0.0260356	0.0102739	0.95582	0.0194247	1.03797	0.020729	2.61187e-05
10080	1	100	17	500	0.0510735	0.0404908	0.0152508	0.02524	0.0105827	0.959767	0.016774	1.03307	0.0202021	2.56137e-05
10081	1	100	16	500	0.0462448	0.0388861	0.0145479	0.0243382	0.00735876	0.96139	0.0187549	1.03376	0.0208262	2.61345e-05
10082	1	100	17	500	0.0537913	0.0398642	0.0145195	0.0253448	0.013927	0.961397	0.0190692	1.0303	0.0229564	2.58052e-05
10083	1	100	15	500	0.0495066	0.039221	0.0147422	0.0244788	0.0102857	0.960763	0.0202839	1.02978	0.0254889	2.57165e-05
10084	1	100	14	500	0.0686873	0.0424049	0.0141728	0.0282322	0.0262824	0.957798	0.0318075	1.02559	0.0362124	2.44644e-05
10085	1	100	13	500	0.0358615	0.0287094	0.010705	0.0180044	0.00715212	0.97161	0.016648	1.02334	0.0203008	1.88855e-05
10086	1	100	12	500	0.0342632	0.0285804	0.0115187	0.0170617	0.00568282	0.970926	0.0156079	1.02399	0.0201411	1.82134e-05
10087	1	100	9	500	0.0283908	0.0267566	0.0126748	0.0140819	0.00163419	0.973002	0.0142766	1.02531	0.015196	1.61413e-05
10088	1	100	10	500	0.0257681	0.0235964	0.00950564	0.0140908	0.00217166	0.976277	0.014834	1.02175	0.0155511	1.61821e-05
10089	1	100	9	500	0.0276769	0.0243559	0.00933104	0.0150249	0.00332104	0.976143	0.0167025	1.02146	0.0155626	1.57294e-05
10090	1	100	8	500	0.0240035	0.0221391	0.0100166	0.0121225	0.00186444	0.977801	0.013241	1.02059	0.0123333	1.31833e-05
10091	1	100	11	500	0.0231435	0.0216046	0.00928498	0.0123196	0.00153892	0.97846	0.0123092	1.02078	0.012064	1.36571e-05
10092	1	100	12	500	0.0302722	0.0274133	0.0105263	0.016887	0.0028589	0.972464	0.0159675	1.02527	0.0149827	1.80632e-05
10093	1	100	14	500	0.0320314	0.0297322	0.0110343	0.0186979	0.00229919	0.970357	0.0158632	1.02812	0.015178	1.80068e-05
10094	1	100	12	500	0.0351614	0.0318565	0.0107079	0.0211486	0.00330486	0.967266	0.0201435	1.0279	0.0190872	2.14911e-05
10095	1	100	13	500	0.0443297	0.0359573	0.0122211	0.0237362	0.00837233	0.964598	0.0199364	1.03091	0.019677	2.20108e-05
10096	1	100	13	500	0.0373075	0.032603	0.0107801	0.0218229	0.00470449	0.967655	0.0185882	1.02983	0.0179237	2.17506e-05
10097	1	100	13	500	0.041511	0.0362872	0.0127331	0.0235541	0.00522381	0.964133	0.0180821	1.03357	0.0190698	2.31384e-05
10098	1	100	15	500	0.0516922	0.0371749	0.0118071	0.0253678	0.0145173	0.96337	0.0208319	1.02922	0.0242366	2.2678e-05
10099	1	100	11	500	0.0429425	0.031563	0.0100542	0.0215088	0.0113795	0.967833	0.0195829	1.02408	0.0238938	1.9259e-05
10100	1	100	11	500	0.0808487	0.0402415	0.0105846	0.0296569	0.0406072	0.96083	0.0410872	1.01817	0.0486177	2.07679e-05
10101	1	100	13	500	0.0931664	0.0425593	0.010434	0.0321253	0.0506071	0.958514	0.0406159	1.01552	0.0521987	2.0837e-05
