Generation	PopulationID	SampleSize	UniqueMutations	PopulationSize	totalLoad	RelzLoad	RelzLoadHomo	RelzLoadHetero	MskLoad	MeanFitness	SdFitness	MeanFitnessCached	SdFitnessCached	Heterozygosity	
10001	1	100	44	500	0.274024	0.260285	0.173915	0.0863708	0.0137383	0.761199	0.0493685	1.27591	0.0794437	2.98288e-05
10002	1	100	32	500	0.276926	0.25993	0.166026	0.0939043	0.0169954	0.762803	0.0362528	1.27272	0.059871	2.81091e-05
10003	1	100	27	500	0.200967	0.178546	0.0865845	0.0919617	0.0224204	0.830565	0.0313474	1.17332	0.045902	2.83881e-05
10004	1	100	23	500	0.200542	0.181222	0.0958887	0.0853332	0.0193199	0.826585	0.0397414	1.17483	0.0674478	2.80873e-05
10005	1	100	25	500	0.19936	0.183123	0.0945139	0.0886094	0.0162369	0.827324	0.0461746	1.18276	0.0690184	2.7757e-05
10006	1	100	21	500	0.192906	0.177906	0.0898727	0.0880332	0.0150003	0.831441	0.0454011	1.17718	0.0611273	2.76708e-05
10007	1	100	25	500	0.206075	0.186894	0.0857146	0.10118	0.0191806	0.823875	0.0387039	1.18502	0.0593417	2.97855e-05
10008	1	100	24	500	0.197874	0.175587	0.0861934	0.0893938	0.0222869	0.833253	0.0512037	1.16765	0.0743889	2.8497e-05
10009	1	100	23	500	0.201828	0.181501	0.0907268	0.0907745	0.0203267	0.82967	0.0503485	1.17809	0.0685388	3.04047e-05
10010	1	100	27	500	0.218606	0.196347	0.104359	0.091988	0.0222591	0.817136	0.0532746	1.19364	0.0753309	3.15482e-05
10011	1	100	32	500	0.204447	0.187874	0.0948207	0.0930529	0.0165736	0.823843	0.0541694	1.18747	0.078634	3.21624e-05
10012	1	100	32	500	0.216131	0.202277	0.113041	0.0892353	0.0138546	0.811668	0.0605588	1.20666	0.0859939	3.03718e-05
10013	1	100	22	500	0.209381	0.196862	0.117436	0.0794256	0.0125191	0.815791	0.0557995	1.20118	0.0790105	2.87616e-05
10014	1	100	14	500	0.252162	0.243259	0.160089	0.0831698	0.00890332	0.777126	0.0632739	1.25806	0.0960318	2.83019e-05
10015	1	100	18	500	0.262368	0.253756	0.178076	0.0756805	0.00861136	0.767273	0.0524884	1.26988	0.0793415	2.63205e-05
10016	1	100	15	500	0.266399	0.25893	0.185882	0.0730488	0.00746868	0.763955	0.0524967	1.27821	0.0804305	2.51294e-05
10017	1	100	19	500	0.285363	0.277502	0.203942	0.0735606	0.00786035	0.749704	0.0589504	1.3014	0.0910023	2.42128e-05
10018	1	100	17	500	0.29713	0.28778	0.217844	0.0699362	0.00934963	0.740515	0.0617535	1.31029	0.0921403	2.30344e-05
10019	1	100	18	500	0.319272	0.307064	0.247144	0.0599191	0.0122086	0.726038	0.0486453	1.33377	0.075369	1.92839e-05
10020	1	100	21	500	0.325031	0.312656	0.253042	0.0596143	0.012375	0.722159	0.046394	1.34079	0.0687263	1.89341e-05
10021	1	100	20	500	0.317353	0.310166	0.2515	0.0586665	0.00718717	0.723065	0.0402793	1.33959	0.0617352	1.88105e-05
10022	1	100	18	500	0.308208	0.30108	0.234614	0.0664658	0.00712858	0.730884	0.0473424	1.32995	0.0724261	2.02687e-05
10023	1	100	17	500	0.30475	0.297475	0.227825	0.0696505	0.00727487	0.733631	0.0470853	1.32471	0.0726162	2.13929e-05
10024	1	100	17	500	0.299746	0.293665	0.221107	0.0725583	0.00608109	0.736735	0.0550581	1.3216	0.0820991	2.29e-05
10025	1	100	18	500	0.286108	0.281238	0.201929	0.0793091	0.00487011	0.74621	0.0565734	1.3072	0.086316	2.49698e-05
10026	1	100	17	500	0.313468	0.3049	0.239631	0.0652692	0.00856721	0.727386	0.0519948	1.33351	0.0786817	2.09666e-05
10027	1	100	17	500	0.328952	0.312546	0.249746	0.0628001	0.0164053	0.722396	0.0538356	1.33764	0.075801	2.04938e-05
10028	1	100	24	500	0.354286	0.327203	0.272921	0.0542822	0.0270827	0.710885	0.0354571	1.34739	0.0591919	1.7657e-05
10029	1	100	22	500	0.377711	0.336174	0.281665	0.054509	0.0415368	0.703536	0.038979	1.34259	0.0694793	1.68166e-05
10030	1	100	16	500	0.261482	0.208579	0.15225	0.0563287	0.0529031	0.808119	0.0321487	1.18078	0.0561376	1.65006e-05
10031	1	100	14	500	0.270991	0.217329	0.170259	0.0470694	0.0536623	0.800369	0.0285993	1.18933	0.0590058	1.43718e-05
10032	1	100	14	500	0.260792	0.216136	0.173874	0.0422627	0.0446551	0.795685	0.0561529	1.19034	0.10484	1.39665e-05
10033	1	100	15	500	0.236451	0.206124	0.161585	0.044539	0.030327	0.808735	0.0350704	1.19564	0.0485546	1.52679e-05
10034	1	100	13	500	0.229211	0.199647	0.147201	0.0524465	0.0295636	0.813996	0.0429181	1.18725	0.0579227	1.7165e-05
10035	1	100	14	500	0.233294	0.20265	0.152229	0.0504212	0.0306438	0.81083	0.0423276	1.18729	0.0505547	1.68954e-05
10036	1	100	14	500	0.22601	0.19732	0.143673	0.0536467	0.0286904	0.817497	0.0337957	1.18974	0.047545	1.78232e-05
10037	1	100	12	500	0.232015	0.192043	0.126305	0.0657371	0.0399724	0.821183	0.044796	1.17204	0.0558976	2.03248e-05
10038	1	100	15	500	0.219299	0.188369	0.124557	0.0638121	0.0309306	0.823989	0.0453526	1.175	0.0507667	2.02962e-05
10039	1	100	14	500	0.202498	0.173093	0.0999581	0.0731351	0.0294047	0.83665	0.0537278	1.16016	0.065423	2.21808e-05
10040	1	100	13	500	0.215248	0.179811	0.107255	0.0725559	0.0354374	0.832115	0.0413108	1.16271	0.0451293	2.22587e-05
10041	1	100	14	500	0.190529	0.164754	0.0896206	0.0751333	0.0257751	0.845923	0.048052	1.15702	0.0662079	2.28361e-05
10042	1	100	16	500	0.18139	0.160379	0.0855487	0.0748301	0.0210108	0.849168	0.047782	1.1553	0.061439	2.29678e-05
10043	1	100	13	500	0.185887	0.1717	0.104285	0.0674145	0.0141873	0.83822	0.0455194	1.17076	0.0546999	2.15778e-05
10044	1	100	12	500	0.192154	0.185389	0.13181	0.0535791	0.00676435	0.826506	0.0387371	1.19063	0.0459796	1.87296e-05
10045	1	100	11	500	0.171582	0.165666	0.0987707	0.0668953	0.00591571	0.844084	0.0473473	1.1701	0.054952	2.21714e-05
10046	1	100	10	500	0.167327	0.161367	0.0926965	0.068671	0.00595978	0.847935	0.0493988	1.16551	0.0575069	2.27591e-05
10047	1	100	13	500	0.185246	0.179278	0.1232	0.0560777	0.00596758	0.831887	0.0367347	1.18564	0.0439198	2.01168e-05
10048	1	100	14	500	0.178463	0.17383	0.113715	0.0601159	0.00463237	0.836392	0.0431881	1.17977	0.0504156	2.08051e-05
10049	1	100	11	500	0.180202	0.175001	0.114698	0.0603039	0.00520094	0.835762	0.0391339	1.18086	0.0447521	2.08665e-05
10050	1	100	11	500	0.199989	0.192112	0.145971	0.0461402	0.00787695	0.821091	0.0354853	1.19786	0.0413094	1.76798e-05
10051	1	100	11	500	0.185419	0.178695	0.119603	0.0590924	0.00672351	0.832084	0.0438802	1.18277	0.0504243	2.00711e-05
10052	1	100	11	500	0.180845	0.173659	0.110631	0.0630278	0.00718609	0.837338	0.038433	1.1781	0.0459856	2.11664e-05
10053	1	100	11	500	0.183676	0.179266	0.122324	0.0569418	0.00440955	0.832063	0.0464183	1.18735	0.0557857	1.92797e-05
10054	1	100	13	500	0.180954	0.176868	0.118528	0.05834	0.00408673	0.834153	0.0399697	1.18496	0.047486	1.99192e-05
10055	1	100	13	500	0.186493	0.182686	0.130329	0.0523571	0.00380662	0.828502	0.0414322	1.19099	0.0502163	1.90813e-05
10056	1	100	13	500	0.181978	0.17945	0.124492	0.0549583	0.00252798	0.831474	0.0451494	1.18883	0.0546339	1.92701e-05
10057	1	100	12	500	0.180872	0.177947	0.120983	0.056964	0.00292577	0.83271	0.0461034	1.18664	0.0550802	2.00383e-05
10058	1	100	13	500	0.175823	0.171528	0.107949	0.0635792	0.00429495	0.838563	0.0483379	1.17821	0.0565966	2.19974e-05
10059	1	100	14	500	0.170389	0.16635	0.100651	0.0656986	0.00403889	0.84353	0.0463995	1.17346	0.056032	2.24076e-05
10060	1	100	16	500	0.171708	0.168911	0.104996	0.0639143	0.0027978	0.840966	0.0495468	1.17682	0.0593189	2.18542e-05
10061	1	100	15	500	0.172632	0.16978	0.105353	0.0644274	0.00285206	0.840228	0.0472047	1.17798	0.0562815	2.16887e-05
10062	1	100	13	500	0.170667	0.166007	0.0989624	0.0670448	0.00465995	0.843144	0.0382056	1.17217	0.0448431	2.26758e-05
10063	1	100	14	500	0.183826	0.170353	0.0981262	0.0722271	0.0134723	0.839185	0.0542474	1.16537	0.0595029	2.49554e-05
10064	1	100	13	500	0.164246	0.156548	0.0851846	0.0713637	0.00769777	0.851696	0.0478217	1.1573	0.0508095	2.50183e-05
10065	1	100	12	500	0.163169	0.15148	0.0779704	0.07351	0.0116882	0.857745	0.0524053	1.14908	0.0570719	2.58533e-05
10066	1	100	12	500	0.161298	0.152208	0.0793818	0.0728267	0.0090897	0.857494	0.0486729	1.15303	0.0557154	2.56419e-05
10067	1	100	14	500	0.173707	0.166095	0.0980982	0.0679972	0.00761162	0.842846	0.0498139	1.16623	0.0521704	2.47932e-05
10068	1	100	13	500	0.184987	0.177643	0.117132	0.0605101	0.00734423	0.833272	0.0455678	1.18019	0.0515224	2.35541e-05
10069	1	100	13	500	0.193107	0.184914	0.130275	0.0546382	0.00819389	0.825848	0.0448799	1.18568	0.0475522	2.27158e-05
10070	1	100	12	500	0.19498	0.186891	0.134238	0.0526533	0.00808882	0.825179	0.0459339	1.19062	0.0525882	2.22763e-05
10071	1	100	15	500	0.190804	0.186061	0.134689	0.0513724	0.00474244	0.825524	0.0465499	1.19314	0.0540956	2.13621e-05
10072	1	100	16	500	0.202364	0.191188	0.140971	0.0502169	0.0111758	0.821507	0.0387664	1.19333	0.043524	2.11814e-05
10073	1	100	17	500	0.20955	0.195536	0.146768	0.0487676	0.0140136	0.817302	0.0426256	1.19377	0.0488011	2.11969e-05
10074	1	100	19	500	0.226437	0.20715	0.167996	0.0391539	0.0192868	0.808853	0.0384632	1.20343	0.0416788	1.84374e-05
10075	1	100	19	500	0.212384	0.196564	0.148621	0.0479432	0.0158201	0.816812	0.0388715	1.19419	0.0449873	2.10639e-05
10076	1	100	15	500	0.223753	0.202296	0.15733	0.0449659	0.0214571	0.813601	0.0407095	1.19644	0.0445387	2.00724e-05
10077	1	100	21	500	0.232234	0.202392	0.152306	0.0500862	0.0298412	0.812501	0.0437492	1.1897	0.0461174	2.04768e-05
10078	1	100	16	500	0.230428	0.200189	0.146104	0.0540847	0.030239	0.814159	0.0504257	1.18336	0.0534903	2.14298e-05
10079	1	100	16	500	0.218663	0.191254	0.132111	0.0591432	0.0274087	0.821749	0.0501629	1.18069	0.053756	2.24918e-05
10080	1	100	15	500	0.213845	0.193848	0.142374	0.0514734	0.0199975	0.816822	0.0469488	1.18785	0.0566215	2.1049e-05
10081	1	100	14	500	0.210081	0.195707	0.14946	0.0462472	0.0143746	0.816284	0.043711	1.19501	0.0508748	2.00826e-05
10082	1	100	15	500	0.208664	0.192563	0.14225	0.0503129	0.0161014	0.82039	0.0407208	1.19399	0.0484054	2.06206e-05
10083	1	100	19	500	0.222465	0.203296	0.164685	0.0386115	0.0191689	0.810755	0.0386804	1.20379	0.0478468	1.89058e-05
10084	1	100	15	500	0.217944	0.208351	0.182654	0.0256962	0.00959293	0.80516	0.0284149	1.21395	0.0347987	1.64549e-05
10085	1	100	12	500	0.220445	0.208904	0.182463	0.0264408	0.011541	0.80571	0.0320887	1.21415	0.0378321	1.69237e-05
10086	1	100	11	500	0.218614	0.213591	0.199109	0.0144814	0.00502294	0.800808	0.0213969	1.2221	0.0256655	1.44375e-05
10087	1	100	12	500	0.21941	0.214589	0.201961	0.0126284	0.00482144	0.80032	0.0197857	1.22465	0.0232847	1.34156e-05
10088	1	100	14	500	0.227861	0.215974	0.200503	0.0154705	0.0118868	0.798848	0.0234388	1.22079	0.0277968	1.34106e-05
10089	1	100	12	500	0.223214	0.21827	0.211597	0.00667299	0.00494417	0.797085	0.0136481	1.22776	0.0158352	1.19181e-05
10090	1	100	6	500	0.00707152	0.00238072	0.00120802	0.0011727	0.00469081	0.99769	0.00789253	0.99769	0.00789253	1.04791e-05
10091	1	100	7	500	0.0223713	0.00582876	0.00169313	0.00413563	0.0165425	0.994483	0.0219918	0.994525	0.0219939	1.01501e-05
10092	1	100	9	500	0.0301731	0.00766189	0.00203408	0.00562781	0.0225112	0.992674	0.0255276	0.992691	0.0255079	1.06772e-05
10093	1	100	9	500	0.0222334	0.00587673	0.00178755	0.00408918	0.0163567	0.993589	0.0270156	0.993589	0.0270156	1.00715e-05
10094	1	100	7	500	0.00540388	0.00245569	0.00171865	0.000737046	0.00294818	0.997473	0.00340998	0.997487	0.00341437	1.06577e-05
10095	1	100	14	500	0.0142116	0.00456057	0.00214781	0.00241276	0.00965105	0.995608	0.00795817	0.995608	0.00795818	1.11748e-05
10096	1	100	11	500	0.0204681	0.00623575	0.00267766	0.00355809	0.0142324	0.994253	0.0119366	0.994253	0.0119366	1.10265e-05
10097	1	100	8	500	0.00982931	0.00377305	0.00225898	0.00151407	0.00605626	0.9958	0.00828175	0.995986	0.00825482	1.12556e-05
10098	1	100	7	500	0.00689593	0.0031691	0.00223739	0.000931708	0.00372683	0.996924	0.00414609	0.997094	0.00424117	1.16698e-05
10099	1	100	6	500	0.00728563	0.0036307	0.00271697	0.000913732	0.00365493	0.996221	0.0043616	0.996518	0.00447453	1.16639e-05
10100	1	100	6	500	0.00787374	0.00385076	0.00284501	0.00100575	0.00402299	0.995498	0.00468635	0.995597	0.00463358	1.1313e-05
10101	1	100	8	500	0.008406	0.00396406	0.00285358	0.00111048	0.00444194	0.995873	0.00469383	0.995873	0.00469384	1.17906e-05
