Generation	PopulationID	SampleSize	UniqueMutations	PopulationSize	totalLoad	RelzLoad	RelzLoadHomo	RelzLoadHetero	MskLoad	MeanFitness	SdFitness	MeanFitnessCached	SdFitnessCached	Heterozygosity	
10001	1	100	49	500	0.131314	0.115673	0.0580116	0.0576613	0.0156415	0.88576	0.0325201	1.10757	0.0365179	3.84743e-05
10002	1	100	38	500	0.132144	0.116755	0.0695337	0.0472213	0.0153892	0.887308	0.0275785	1.11069	0.0268601	3.7047e-05
10003	1	100	31	500	0.125332	0.114643	0.0739489	0.0406944	0.0106888	0.888603	0.0265086	1.11168	0.0267794	3.59115e-05
10004	1	100	29	500	0.114247	0.111298	0.0769329	0.0343655	0.00294898	0.891279	0.0174561	1.11203	0.0195287	3.48435e-05
10005	1	100	30	500	0.129163	0.116888	0.0785978	0.0382901	0.0122749	0.884832	0.029984	1.10973	0.036124	3.49794e-05
10006	1	100	24	500	0.126213	0.115165	0.0734149	0.04175	0.0110482	0.888399	0.0198628	1.11149	0.022378	3.7366e-05
10007	1	100	23	500	0.131331	0.122309	0.0723403	0.0499689	0.00902229	0.881869	0.017271	1.12017	0.0203659	3.72353e-05
10008	1	100	21	500	0.126381	0.117902	0.080586	0.0373163	0.00847831	0.886053	0.0112732	1.11596	0.015282	3.507e-05
10009	1	100	21	500	0.129015	0.119981	0.0672952	0.0526862	0.00903367	0.883767	0.0169059	1.11789	0.0203974	3.87697e-05
10010	1	100	25	500	0.130197	0.118819	0.0737423	0.0450762	0.0113785	0.88461	0.0169901	1.11299	0.0211716	3.88943e-05
10011	1	100	21	500	0.125775	0.116779	0.0766352	0.0401434	0.00899587	0.887551	0.0126229	1.1136	0.015843	3.72768e-05
10012	1	100	18	500	0.119511	0.111021	0.0739308	0.0370906	0.00848941	0.892786	0.00987158	1.10771	0.0111839	3.76306e-05
10013	1	100	21	500	0.116199	0.108764	0.0688807	0.0398828	0.00743504	0.895145	0.0097314	1.10663	0.00901033	3.86268e-05
10014	1	100	20	500	0.116848	0.108609	0.0655658	0.0430428	0.00823966	0.894337	0.0136556	1.10427	0.0153735	3.93615e-05
10015	1	100	20	500	0.119174	0.109735	0.0666565	0.0430788	0.00943856	0.893093	0.0153431	1.10472	0.0170434	3.84419e-05
10016	1	100	17	500	0.123547	0.111173	0.0656541	0.0455185	0.0123746	0.891527	0.0205142	1.10093	0.0221137	3.88384e-05
10017	1	100	13	500	0.123606	0.112802	0.0747546	0.0380471	0.0108048	0.891902	0.0100858	1.1074	0.0111251	3.61571e-05
10018	1	100	20	500	0.125762	0.115317	0.0872087	0.0281081	0.0104447	0.888139	0.0137925	1.10922	0.0163475	3.33636e-05
10019	1	100	16	500	0.136968	0.118791	0.0833996	0.0353913	0.0181771	0.884679	0.0198447	1.10545	0.0242367	3.46989e-05
10020	1	100	14	500	0.135212	0.118619	0.0852199	0.0333995	0.016593	0.885142	0.0188759	1.10649	0.0242228	3.40356e-05
10021	1	100	15	500	0.14407	0.119592	0.0760312	0.0435611	0.0244777	0.884834	0.0222869	1.09916	0.0282633	3.6803e-05
10022	1	100	15	500	0.140142	0.120278	0.0764743	0.0438037	0.0198636	0.887344	0.0108824	1.10722	0.0154932	3.76994e-05
10023	1	100	13	500	0.147361	0.121232	0.0747362	0.0464954	0.0261296	0.885964	0.0182119	1.10017	0.0232583	3.77145e-05
10024	1	100	17	500	0.144465	0.11832	0.0722837	0.0460365	0.0261448	0.880646	0.0487843	1.09155	0.0638003	3.71462e-05
10025	1	100	13	500	0.15059	0.119484	0.0702062	0.0492774	0.0311068	0.885048	0.0209466	1.09794	0.0292735	3.74239e-05
10026	1	100	15	500	0.168616	0.121952	0.0616943	0.0602578	0.0466639	0.881547	0.0477596	1.0813	0.0638454	3.8259e-05
10027	1	100	15	500	0.150814	0.116216	0.058786	0.0574303	0.0345981	0.888408	0.0212251	1.09048	0.0283134	3.79294e-05
10028	1	100	17	500	0.147244	0.116424	0.0606752	0.0557487	0.0308197	0.883345	0.0526463	1.08652	0.0679987	3.81211e-05
10029	1	100	15	500	0.151014	0.116958	0.0603701	0.0565882	0.0340553	0.888424	0.019852	1.09192	0.0283534	3.85397e-05
10030	1	100	16	500	0.159625	0.121275	0.0705315	0.050743	0.03835	0.882601	0.0380897	1.08876	0.0503484	3.68891e-05
10031	1	100	14	500	0.151581	0.117487	0.0656548	0.0518322	0.0340938	0.888375	0.019071	1.0932	0.0258527	3.73525e-05
10032	1	100	16	500	0.15481	0.117079	0.0603865	0.0566923	0.0377316	0.884933	0.0418373	1.08445	0.0535245	3.83838e-05
10033	1	100	19	500	0.161418	0.120996	0.069013	0.0519834	0.040422	0.886778	0.019366	1.09246	0.0266987	3.68442e-05
10034	1	100	18	500	0.164261	0.121896	0.0686665	0.0532294	0.0423654	0.887308	0.0167978	1.09194	0.0243515	3.70219e-05
10035	1	100	16	500	0.154497	0.119548	0.0671693	0.0523783	0.034949	0.884828	0.0262253	1.08876	0.0304662	3.73109e-05
10036	1	100	15	500	0.176111	0.127615	0.0735043	0.0541107	0.0484956	0.881658	0.0242696	1.08618	0.029788	3.72694e-05
10037	1	100	15	500	0.177229	0.126965	0.0727447	0.0542203	0.0502639	0.876925	0.0487741	1.08093	0.0629952	3.73743e-05
10038	1	100	17	500	0.176128	0.126877	0.0719366	0.0549408	0.049251	0.882343	0.0232761	1.08694	0.0314195	3.76378e-05
10039	1	100	16	500	0.155032	0.121152	0.0746847	0.046467	0.0338803	0.882929	0.0248516	1.09261	0.0313383	3.67515e-05
10040	1	100	21	500	0.17113	0.126945	0.0820293	0.0449154	0.0441852	0.880308	0.0248658	1.09036	0.0315968	3.56688e-05
10041	1	100	18	500	0.159117	0.124784	0.0841117	0.0406722	0.034333	0.880479	0.0249211	1.09479	0.0312525	3.50522e-05
10042	1	100	20	500	0.158688	0.124861	0.0852818	0.0395797	0.0338264	0.879971	0.0252713	1.09468	0.0317094	3.4514e-05
10043	1	100	22	500	0.149282	0.123208	0.091237	0.0319715	0.0260732	0.882181	0.0244381	1.09609	0.0295253	3.26926e-05
10044	1	100	18	500	0.145388	0.124132	0.0916774	0.0324542	0.0212566	0.878661	0.0318786	1.09309	0.0364525	3.25361e-05
10045	1	100	17	500	0.144185	0.123334	0.0961383	0.0271956	0.0208514	0.880135	0.0270879	1.09686	0.0322449	3.07538e-05
10046	1	100	21	500	0.140992	0.122462	0.0930766	0.0293849	0.0185306	0.881207	0.0265627	1.09794	0.0308819	3.17479e-05
10047	1	100	17	500	0.142546	0.124264	0.101055	0.0232093	0.0182819	0.88118	0.0235949	1.10133	0.0282868	2.85843e-05
10048	1	100	17	500	0.140604	0.122892	0.096493	0.026399	0.0177125	0.88204	0.0238631	1.10052	0.0281147	3.06094e-05
10049	1	100	17	500	0.143059	0.124274	0.0910587	0.0332156	0.0187845	0.879792	0.0285951	1.09806	0.0316718	3.43239e-05
10050	1	100	16	500	0.149635	0.129649	0.0976306	0.0320189	0.019985	0.876272	0.0300548	1.09924	0.0335284	3.30674e-05
10051	1	100	15	500	0.148013	0.128427	0.0999992	0.0284281	0.0195858	0.875352	0.0312065	1.09634	0.0362894	3.20869e-05
10052	1	100	17	500	0.154928	0.133592	0.106581	0.0270109	0.0213358	0.875457	0.0313413	1.09797	0.0297098	3.14309e-05
10053	1	100	15	500	0.158231	0.136448	0.110084	0.0263643	0.0217829	0.868343	0.0383264	1.0889	0.0420814	3.05294e-05
10054	1	100	15	500	0.159758	0.138274	0.111591	0.026683	0.0214837	0.864947	0.0409333	1.09136	0.0429503	2.89963e-05
10055	1	100	16	500	0.154317	0.133032	0.101614	0.0314173	0.0212855	0.876886	0.0292051	1.09754	0.0296903	3.17221e-05
10056	1	100	20	500	0.155298	0.132526	0.104042	0.0284841	0.0227719	0.874436	0.0295584	1.09622	0.0348578	3.03053e-05
10057	1	100	16	500	0.161062	0.13765	0.109741	0.0279084	0.0234119	0.867113	0.0365913	1.09503	0.0398728	3.02539e-05
10058	1	100	18	500	0.148642	0.128765	0.101208	0.0275569	0.0198769	0.879062	0.0220455	1.10635	0.0239532	3.08182e-05
10059	1	100	16	500	0.144006	0.126703	0.0981901	0.028513	0.0173025	0.878229	0.0266938	1.10423	0.0294444	3.15892e-05
10060	1	100	15	500	0.153144	0.133668	0.104214	0.0294542	0.0194761	0.87431	0.0263474	1.10657	0.0291738	3.29254e-05
10061	1	100	20	500	0.163518	0.137301	0.103721	0.0335809	0.0262162	0.866389	0.0361972	1.09747	0.0411753	3.49199e-05
10062	1	100	19	500	0.162892	0.137141	0.111585	0.0255554	0.0257513	0.872577	0.0261815	1.10316	0.0323022	3.10829e-05
10063	1	100	22	500	0.16102	0.134017	0.113161	0.0208555	0.0270028	0.871927	0.0316152	1.09588	0.0361631	2.97526e-05
10064	1	100	17	500	0.157964	0.136489	0.120807	0.0156824	0.0214748	0.870927	0.0305569	1.09516	0.0389686	2.84665e-05
10065	1	100	17	500	0.109251	0.0886884	0.0710001	0.0176883	0.020563	0.916723	0.0287439	1.05487	0.0260393	2.97361e-05
10066	1	100	16	500	0.107348	0.0882082	0.0668661	0.0213421	0.01914	0.91382	0.0320583	1.05782	0.0298839	3.05364e-05
10067	1	100	15	500	0.111216	0.0912126	0.0704383	0.0207743	0.0200034	0.913677	0.0293597	1.05954	0.0261291	2.92263e-05
10068	1	100	17	500	0.124166	0.0969771	0.0740628	0.0229143	0.0271885	0.902572	0.0406599	1.04427	0.0420503	3.095e-05
10069	1	100	14	500	0.121334	0.0970403	0.0762343	0.020806	0.0242934	0.90318	0.0400956	1.04838	0.0399743	2.88598e-05
10070	1	100	17	500	0.131807	0.0967007	0.0787427	0.017958	0.0351066	0.906486	0.0336228	1.04899	0.0394904	2.65414e-05
10071	1	100	18	500	0.122622	0.0916242	0.0762609	0.0153633	0.0309979	0.912397	0.0300599	1.04827	0.0327034	2.743e-05
10072	1	100	20	500	0.136327	0.0965081	0.0749207	0.0215875	0.039819	0.908391	0.0346396	1.04858	0.0304642	2.88978e-05
10073	1	100	19	500	0.141288	0.0938152	0.0723181	0.0214971	0.0474725	0.909599	0.0300256	1.04416	0.0327498	2.96193e-05
10074	1	100	17	500	0.119407	0.0866285	0.0718196	0.0148089	0.032778	0.916789	0.0240536	1.04987	0.0274922	2.77566e-05
10075	1	100	18	500	0.12054	0.086959	0.0682354	0.0187236	0.0335812	0.911125	0.0389947	1.04413	0.0456957	2.99214e-05
10076	1	100	22	500	0.123888	0.0887244	0.0696053	0.0191191	0.0351631	0.913893	0.0273871	1.04728	0.0324062	3.07627e-05
10077	1	100	22	500	0.117932	0.0854826	0.0641682	0.0213145	0.0324491	0.91375	0.0287213	1.04807	0.0344963	3.21675e-05
10078	1	100	20	500	0.11595	0.084733	0.0654568	0.0192762	0.0312174	0.916855	0.0247416	1.05099	0.0291483	3.10419e-05
10079	1	100	23	500	0.108742	0.081561	0.0624213	0.0191397	0.0271813	0.918321	0.0226794	1.05305	0.0274604	3.00204e-05
10080	1	100	18	500	0.107767	0.083209	0.05816	0.0250491	0.0245585	0.915241	0.0266263	1.05236	0.0326218	3.40816e-05
10081	1	100	21	500	0.113921	0.0848292	0.0615036	0.0233256	0.0290915	0.917034	0.022604	1.05391	0.0275655	3.24288e-05
10082	1	100	19	500	0.105483	0.0806985	0.0673826	0.0133158	0.0247846	0.919468	0.0231915	1.0535	0.0268117	2.62126e-05
10083	1	100	22	500	0.114391	0.0832224	0.0733627	0.0098597	0.0311686	0.920821	0.0180302	1.05413	0.0209495	2.48852e-05
10084	1	100	20	500	0.108238	0.0802516	0.0710279	0.00922364	0.0279867	0.919514	0.0221639	1.05175	0.0255945	2.50531e-05
10085	1	100	19	500	0.119113	0.0861058	0.0733873	0.0127185	0.0330069	0.917309	0.0234328	1.05145	0.0267091	2.78537e-05
10086	1	100	18	500	0.145346	0.0953802	0.0812265	0.0141537	0.0499659	0.907487	0.0329084	1.03978	0.0388178	2.7815e-05
10087	1	100	16	500	0.0873563	0.0304681	0.016246	0.014222	0.0568882	0.978284	0.0266555	0.978284	0.0266555	2.62691e-05
10088	1	100	11	500	0.072343	0.0253258	0.0135715	0.0117543	0.0470172	0.975733	0.0320692	0.975861	0.0321085	2.62376e-05
10089	1	100	15	500	0.086197	0.0326017	0.0191425	0.0134592	0.0535953	0.969239	0.035237	0.969358	0.0352884	2.75892e-05
10090	1	100	14	500	0.103576	0.0409694	0.0252803	0.015689	0.0626067	0.963665	0.0481838	0.963769	0.0481768	2.86862e-05
10091	1	100	16	500	0.125502	0.0531446	0.0350552	0.0180894	0.0723575	0.952239	0.0467778	0.952827	0.0471576	2.85911e-05
10092	1	100	16	500	0.122194	0.0519062	0.0338544	0.0180518	0.0702879	0.947698	0.0613542	0.948667	0.0621154	2.85341e-05
10093	1	100	20	500	0.1154	0.0432561	0.024559	0.018697	0.072144	0.961948	0.0376329	0.963274	0.0384187	2.81118e-05
10094	1	100	21	500	0.128317	0.0464865	0.0259691	0.0205174	0.081831	0.96384	0.0364398	0.96396	0.0365568	2.805e-05
10095	1	100	16	500	0.163429	0.0623007	0.0370186	0.0252821	0.101128	0.941475	0.0821081	0.941475	0.0821081	2.77678e-05
10096	1	100	16	500	0.163683	0.063241	0.0381306	0.0251104	0.100442	0.934821	0.0884295	0.934821	0.0884295	2.89138e-05
10097	1	100	16	500	0.142015	0.0514769	0.028769	0.022708	0.0905376	0.953613	0.0748067	0.953776	0.0748766	2.83976e-05
10098	1	100	15	500	0.118711	0.0421464	0.0229781	0.0191683	0.0765647	0.960725	0.0537981	0.961005	0.0538818	2.81821e-05
10099	1	100	20	500	0.122529	0.0445595	0.0247723	0.0197873	0.0779693	0.949495	0.0722674	0.950039	0.0720006	2.74831e-05
10100	1	100	19	500	0.113387	0.039652	0.0209762	0.0186759	0.0737351	0.961848	0.0544241	0.962438	0.0547018	2.68095e-05
10101	1	100	14	500	0.115776	0.0395733	0.0205226	0.0190507	0.0762026	0.964895	0.0574376	0.964895	0.0574376	2.47585e-05
