Generation	PopulationID	SampleSize	UniqueMutations	PopulationSize	totalLoad	RelzLoad	RelzLoadHomo	RelzLoadHetero	MskLoad	MeanFitness	SdFitness	MeanFitnessCached	SdFitnessCached	Heterozygosity	
10001	1	100	48	500	0.243344	0.210369	0.117346	0.0930236	0.0329742	0.800695	0.0645149	1.13607	0.0713512	2.59833e-05
10002	1	100	30	500	0.281667	0.24281	0.145343	0.0974666	0.0388572	0.773921	0.0544846	1.16253	0.0581655	2.55959e-05
10003	1	100	34	500	0.272633	0.239651	0.148733	0.0909181	0.0329827	0.777047	0.0592455	1.17637	0.0686551	2.51042e-05
10004	1	100	26	500	0.259598	0.230248	0.147612	0.0826358	0.0293495	0.782946	0.0685185	1.1704	0.0753824	2.6972e-05
10005	1	100	25	500	0.258949	0.226653	0.146729	0.0799242	0.0322965	0.787971	0.0703805	1.16683	0.0767776	2.81625e-05
10006	1	100	22	500	0.262241	0.230602	0.152269	0.0783328	0.0316395	0.782957	0.0701562	1.16624	0.0812327	2.71553e-05
10007	1	100	18	500	0.261581	0.240371	0.15706	0.0833102	0.02121	0.777613	0.0751178	1.19137	0.0787254	2.61931e-05
10008	1	100	20	500	0.277862	0.252477	0.174877	0.0775998	0.0253849	0.768203	0.055079	1.19288	0.0712158	2.24611e-05
10009	1	100	15	500	0.27961	0.257294	0.180322	0.0769721	0.0223166	0.761277	0.0593598	1.19944	0.078082	2.24174e-05
10010	1	100	13	500	0.260894	0.245165	0.168902	0.076263	0.0157288	0.767266	0.0403958	1.2435	0.0722541	1.8848e-05
10011	1	100	14	500	0.267302	0.254117	0.175566	0.0785507	0.0131851	0.762294	0.0347604	1.26085	0.0587088	1.80557e-05
10012	1	100	18	500	0.260137	0.247514	0.171899	0.0756153	0.0126228	0.766763	0.03194	1.25218	0.0511783	1.79824e-05
10013	1	100	15	500	0.259476	0.248035	0.167397	0.0806378	0.011441	0.767318	0.0352087	1.25499	0.0562536	1.84863e-05
10014	1	100	15	500	0.26193	0.248259	0.180623	0.0676369	0.0136702	0.76639	0.0351021	1.25292	0.0586189	1.75006e-05
10015	1	100	15	500	0.260228	0.242493	0.166052	0.0764409	0.017735	0.770611	0.0370625	1.24106	0.0614776	1.87842e-05
10016	1	100	17	500	0.270525	0.253846	0.168162	0.0856833	0.0166798	0.760781	0.0348518	1.2529	0.055747	1.93608e-05
10017	1	100	14	500	0.266622	0.252328	0.167082	0.0852464	0.0142938	0.764231	0.0378786	1.25662	0.0601131	1.9015e-05
10018	1	100	13	500	0.274021	0.262555	0.186977	0.0755781	0.011466	0.754848	0.041633	1.2696	0.0653092	1.7281e-05
10019	1	100	11	500	0.290316	0.281229	0.213236	0.0679928	0.00908763	0.73945	0.030277	1.29497	0.0537244	1.55895e-05
10020	1	100	13	500	0.292348	0.279244	0.218623	0.0606213	0.0131043	0.741423	0.0383726	1.28849	0.064067	1.49353e-05
10021	1	100	12	500	0.282262	0.270184	0.219502	0.0506821	0.0120775	0.747059	0.0385207	1.27642	0.0687149	1.44835e-05
10022	1	100	16	500	0.293774	0.277471	0.221681	0.0557903	0.0163023	0.742979	0.0382066	1.28135	0.0552249	1.48693e-05
10023	1	100	10	500	0.117095	0.100226	0.0593155	0.04091	0.0168692	0.903355	0.0454937	1.09031	0.0511294	1.28453e-05
10024	1	100	8	500	0.117148	0.0979835	0.0574706	0.0405129	0.0191647	0.905949	0.0468611	1.08467	0.0552006	1.32111e-05
10025	1	100	10	500	0.109192	0.0938399	0.0539432	0.0398967	0.0153518	0.906938	0.0576338	1.08182	0.0625547	1.38559e-05
10026	1	100	10	500	0.130661	0.105019	0.0640693	0.0409495	0.0256421	0.896595	0.0569345	1.08365	0.0598544	1.35649e-05
10027	1	100	11	500	0.127015	0.0946018	0.0495991	0.0450026	0.0324137	0.907772	0.0512058	1.07108	0.0679987	1.44833e-05
10028	1	100	13	500	0.150274	0.112761	0.070681	0.0420803	0.0375128	0.883469	0.0853508	1.08394	0.11645	1.31012e-05
10029	1	100	16	500	0.136147	0.106118	0.0645598	0.0415581	0.0300292	0.897915	0.0409563	1.09034	0.0552428	1.34024e-05
10030	1	100	15	500	0.144494	0.10513	0.0601076	0.0450225	0.0393635	0.900673	0.0491748	1.08404	0.0633192	1.41425e-05
10031	1	100	11	500	0.157971	0.126558	0.0930875	0.0334703	0.0314131	0.876312	0.059281	1.10743	0.0797579	1.18203e-05
10032	1	100	8	500	0.147165	0.120918	0.0866113	0.034307	0.0262463	0.884369	0.0414011	1.10759	0.049404	1.20661e-05
10033	1	100	10	500	0.136765	0.117138	0.0836368	0.0335009	0.0196277	0.885534	0.047811	1.10527	0.0524544	1.21588e-05
10034	1	100	10	500	0.114003	0.110115	0.0797698	0.0303455	0.00388806	0.893528	0.0438338	1.11131	0.048331	1.21301e-05
10035	1	100	8	500	0.123416	0.119399	0.0939069	0.0254918	0.0040174	0.884533	0.0413277	1.12092	0.0444916	1.10827e-05
10036	1	100	8	500	0.124924	0.123645	0.101939	0.0217062	0.00127889	0.880435	0.0374482	1.12691	0.0410461	1.03313e-05
10037	1	100	6	500	0.128059	0.127118	0.107909	0.0192085	0.000941776	0.877044	0.0342094	1.13067	0.0380625	1.0004e-05
10038	1	100	7	500	0.118333	0.116864	0.0909737	0.0258905	0.00146827	0.88686	0.0377954	1.11975	0.0421594	1.12699e-05
10039	1	100	6	500	0.106	0.105974	0.0752738	0.0307	2.64914e-05	0.897121	0.0448233	1.10905	0.0491987	1.1797e-05
10040	1	100	4	500	0.103047	0.103005	0.0708715	0.0321336	4.20877e-05	0.900035	0.0413101	1.10601	0.045381	1.1747e-05
10041	1	100	6	500	0.101035	0.1001	0.0666486	0.0334511	0.000935109	0.903003	0.0484361	1.10266	0.0528251	1.23432e-05
10042	1	100	8	500	0.0986259	0.0985071	0.0648851	0.0336219	0.000118795	0.904373	0.0516525	1.10127	0.0558923	1.2665e-05
10043	1	100	10	500	0.0991653	0.0991037	0.0653791	0.0337246	6.16188e-05	0.90371	0.0415034	1.10187	0.0457201	1.31018e-05
10044	1	100	10	500	0.0939213	0.0930385	0.0571078	0.0359307	0.000882798	0.909702	0.0469342	1.09531	0.0513191	1.33795e-05
10045	1	100	7	500	0.0884985	0.0884846	0.0521857	0.0362989	1.38804e-05	0.913926	0.0443292	1.09087	0.0480898	1.33777e-05
10046	1	100	10	500	0.0900611	0.0894354	0.0534627	0.0359726	0.000625785	0.91324	0.0523536	1.09177	0.056418	1.3357e-05
10047	1	100	8	500	0.0881843	0.0869107	0.0502529	0.0366578	0.00127365	0.915305	0.0503628	1.08845	0.0535763	1.36785e-05
10048	1	100	8	500	0.0794194	0.0774298	0.0396716	0.0377582	0.00198961	0.924421	0.045227	1.07848	0.0483266	1.4759e-05
10049	1	100	7	500	0.0823746	0.0799168	0.0421398	0.037777	0.00245773	0.922349	0.0543197	1.08011	0.0568847	1.50679e-05
10050	1	100	7	500	0.0752617	0.073289	0.0355269	0.0377621	0.00197273	0.928404	0.0420446	1.07361	0.0450019	1.49849e-05
10051	1	100	8	500	0.0915136	0.0845507	0.045942	0.0386086	0.00696295	0.918005	0.051993	1.08313	0.0568354	1.49546e-05
10052	1	100	7	500	0.0972404	0.0869777	0.0476896	0.0392881	0.0102627	0.915737	0.0525903	1.08317	0.0620372	1.54783e-05
10053	1	100	8	500	0.0956149	0.0932334	0.0574761	0.0357573	0.00238147	0.909248	0.0481013	1.09379	0.0505126	1.58317e-05
10054	1	100	11	500	0.0955137	0.0935598	0.0580341	0.0355257	0.00195386	0.909115	0.0405673	1.09486	0.0440744	1.59034e-05
10055	1	100	13	500	0.0816048	0.0797159	0.0420372	0.0376787	0.00188897	0.922614	0.0517619	1.08083	0.0551293	1.66215e-05
10056	1	100	7	500	0.089179	0.0873687	0.0506227	0.036746	0.00181032	0.914917	0.0464828	1.0884	0.050739	1.66302e-05
10057	1	100	11	500	0.0984929	0.0936119	0.057159	0.0364529	0.00488092	0.909466	0.0524636	1.09347	0.0567755	1.67152e-05
10058	1	100	8	500	0.107961	0.0983553	0.0615234	0.0368319	0.00960612	0.902954	0.0529777	1.09201	0.0510432	1.68096e-05
10059	1	100	10	500	0.116219	0.104394	0.0686462	0.0357482	0.0118241	0.899616	0.0469221	1.09982	0.0480828	1.66202e-05
10060	1	100	11	500	0.135812	0.117385	0.0846666	0.0327186	0.0184263	0.887447	0.0464584	1.10925	0.047986	1.56591e-05
10061	1	100	13	500	0.147638	0.118802	0.0826721	0.0361303	0.0288354	0.886509	0.0380967	1.10431	0.046156	1.62308e-05
10062	1	100	10	500	0.120343	0.101793	0.0632854	0.0385078	0.0185497	0.901051	0.0459545	1.09245	0.0481779	1.81285e-05
10063	1	100	14	500	0.131558	0.104343	0.0638593	0.040484	0.0272151	0.895295	0.067872	1.08516	0.0699289	1.84962e-05
10064	1	100	11	500	0.118409	0.0971216	0.0564513	0.0406702	0.0212878	0.906368	0.0493241	1.08703	0.0521466	1.86765e-05
10065	1	100	11	500	0.121858	0.103429	0.0652421	0.0381873	0.0184285	0.90051	0.0491521	1.09545	0.0559393	1.78021e-05
10066	1	100	11	500	0.129563	0.106597	0.0678484	0.0387482	0.0229667	0.897782	0.0408154	1.09592	0.0461867	1.70997e-05
10067	1	100	10	500	0.135631	0.112468	0.0757186	0.0367494	0.023163	0.891169	0.039459	1.10047	0.0474997	1.62906e-05
10068	1	100	9	500	0.155049	0.123575	0.0885665	0.0350084	0.0314739	0.882257	0.0411975	1.10805	0.0500547	1.54948e-05
10069	1	100	11	500	0.17212	0.135599	0.105765	0.0298337	0.0365209	0.869237	0.0401828	1.1156	0.057215	1.36593e-05
10070	1	100	10	500	0.157548	0.135532	0.111918	0.0236142	0.0220158	0.869966	0.0332855	1.12482	0.0484099	1.35853e-05
10071	1	100	9	500	0.156969	0.136288	0.114316	0.0219722	0.0206808	0.869823	0.0284377	1.12782	0.0389525	1.396e-05
10072	1	100	11	500	0.148055	0.133988	0.113544	0.0204438	0.0140671	0.871372	0.0317032	1.12998	0.0340845	1.27932e-05
10073	1	100	8	500	0.150937	0.136536	0.117978	0.0185577	0.0144005	0.868892	0.0330005	1.13237	0.0344961	1.27682e-05
10074	1	100	6	500	0.14572	0.131726	0.109736	0.02199	0.0139946	0.873579	0.0350458	1.12759	0.0385761	1.42183e-05
10075	1	100	9	500	0.140853	0.128893	0.105855	0.023038	0.0119597	0.875878	0.0359379	1.1258	0.0383865	1.42244e-05
10076	1	100	6	500	0.130239	0.124429	0.101292	0.0231365	0.00581014	0.879892	0.0362489	1.12529	0.0401811	1.39384e-05
10077	1	100	8	500	0.13413	0.124508	0.0997992	0.0247089	0.00962163	0.88005	0.0417124	1.12323	0.0451846	1.42208e-05
10078	1	100	6	500	0.13665	0.126114	0.100741	0.0253723	0.0105359	0.876952	0.0491247	1.12047	0.0510054	1.42275e-05
10079	1	100	7	500	0.135697	0.125672	0.100818	0.0248538	0.0100251	0.879135	0.0376354	1.1235	0.0400566	1.37383e-05
10080	1	100	7	500	0.145333	0.132134	0.108897	0.0232372	0.0131989	0.873622	0.0329067	1.12757	0.0373438	1.37197e-05
10081	1	100	9	500	0.154084	0.137263	0.114843	0.0224198	0.016821	0.865138	0.0476881	1.12327	0.0537864	1.34041e-05
10082	1	100	6	500	0.167196	0.146226	0.127347	0.0188791	0.0209702	0.858971	0.041988	1.12945	0.0471713	1.27906e-05
10083	1	100	5	500	0.154774	0.138072	0.114917	0.0231545	0.0167023	0.866982	0.0460388	1.1275	0.0477145	1.46821e-05
10084	1	100	11	500	0.165609	0.141915	0.116627	0.0252883	0.0236937	0.862114	0.0492413	1.12268	0.0522059	1.53646e-05
10085	1	100	11	500	0.182097	0.154678	0.138734	0.0159441	0.0274193	0.850704	0.0385737	1.1355	0.0464035	1.29067e-05
10086	1	100	11	500	0.192198	0.162552	0.150127	0.0124245	0.0296463	0.84504	0.0254514	1.14691	0.0336856	1.17201e-05
10087	1	100	8	500	0.207342	0.168591	0.153997	0.0145941	0.0387507	0.838026	0.0380045	1.14049	0.0529242	1.13245e-05
10088	1	100	10	500	0.0663418	0.0227876	0.00707263	0.015715	0.0435542	0.978757	0.0381201	0.989605	0.0404127	1.10923e-05
10089	1	100	6	500	0.0704914	0.0247454	0.00858508	0.0161603	0.045746	0.973471	0.0532134	0.984788	0.0566123	1.14729e-05
10090	1	100	6	500	0.0710484	0.0241056	0.00731957	0.016786	0.0469428	0.977966	0.0375278	0.990161	0.0380612	1.1983e-05
10091	1	100	6	500	0.100316	0.0336498	0.0133548	0.020295	0.0666666	0.968745	0.0543589	0.976484	0.0497971	1.2218e-05
10092	1	100	10	500	0.111918	0.0387585	0.0165899	0.0221686	0.0731597	0.965054	0.0605221	0.973528	0.0577355	1.20523e-05
10093	1	100	7	500	0.114726	0.0406677	0.0184741	0.0221936	0.0740584	0.968452	0.0503235	0.976813	0.0480906	1.18397e-05
10094	1	100	8	500	0.10414	0.0373443	0.0186597	0.0186846	0.066796	0.960039	0.0784059	0.96408	0.0779899	1.11217e-05
10095	1	100	8	500	0.0878005	0.0294793	0.013423	0.0160564	0.0583211	0.969261	0.072243	0.972578	0.0720125	1.08694e-05
10096	1	100	9	500	0.103853	0.0380116	0.0201364	0.0178752	0.0658411	0.955024	0.0963965	0.957851	0.0963793	1.15483e-05
10097	1	100	12	500	0.106411	0.0371528	0.0187893	0.0183635	0.0692578	0.964001	0.0773356	0.966324	0.0767139	1.10747e-05
10098	1	100	12	500	0.112899	0.0386845	0.0186243	0.0200603	0.0742146	0.962039	0.0809856	0.964908	0.0789463	1.12408e-05
10099	1	100	11	500	0.105576	0.0334026	0.0132859	0.0201167	0.072173	0.967232	0.070089	0.9714	0.0682534	1.1881e-05
10100	1	100	8	500	0.12674	0.0415922	0.0175782	0.024014	0.0851473	0.955716	0.0955493	0.960974	0.0920093	1.22388e-05
10101	1	100	9	500	0.11776	0.0376876	0.0150534	0.0226342	0.0800726	0.959944	0.0908873	0.96461	0.0851235	1.19835e-05
