Generation	PopulationID	SampleSize	UniqueMutations	PopulationSize	totalLoad	RelzLoad	RelzLoadHomo	RelzLoadHetero	MskLoad	MeanFitness	SdFitness	MeanFitnessCached	SdFitnessCached	Heterozygosity	
10001	1	100	45	500	0.305875	0.293487	0.231258	0.0622293	0.0123879	0.724811	0.0477878	1.30317	0.0712872	2.98329e-05
10002	1	100	27	500	0.299243	0.292329	0.239349	0.0529799	0.00691353	0.72525	0.0432886	1.30438	0.0689377	2.92317e-05
10003	1	100	27	500	0.3107	0.306207	0.252759	0.0534486	0.00449242	0.714641	0.0408492	1.32194	0.0621737	2.92936e-05
10004	1	100	26	500	0.307232	0.303363	0.246697	0.0566658	0.00386909	0.7168	0.0395349	1.32049	0.0618159	2.8911e-05
10005	1	100	25	500	0.30123	0.292443	0.234656	0.0577875	0.0087865	0.72592	0.0415804	1.30417	0.0669727	2.82653e-05
10006	1	100	23	500	0.318231	0.299463	0.239074	0.0603893	0.0187675	0.718895	0.0492472	1.30197	0.091819	2.84957e-05
10007	1	100	22	500	0.308864	0.295873	0.238079	0.0577942	0.0129908	0.723529	0.0475912	1.30407	0.0777061	2.8352e-05
10008	1	100	19	500	0.316271	0.304296	0.250989	0.0533063	0.0119757	0.716645	0.0427933	1.31331	0.0616358	2.73962e-05
10009	1	100	21	500	0.314638	0.300514	0.239995	0.0605184	0.0141246	0.720189	0.0433304	1.30888	0.0713378	2.67367e-05
10010	1	100	21	500	0.329782	0.308203	0.240222	0.0679806	0.0215794	0.714455	0.0386228	1.31285	0.0674372	2.66195e-05
10011	1	100	19	500	0.329503	0.302581	0.223911	0.0786693	0.0269224	0.715447	0.0563736	1.29413	0.110201	2.54918e-05
10012	1	100	19	500	0.317535	0.304157	0.230216	0.0739401	0.0133789	0.718585	0.0438805	1.31471	0.0737081	2.62775e-05
10013	1	100	12	500	0.317725	0.300606	0.227574	0.0730321	0.0171191	0.720941	0.0368881	1.30718	0.0613261	2.54611e-05
10014	1	100	12	500	0.331621	0.317222	0.249084	0.0681383	0.014399	0.707458	0.0478127	1.3287	0.0897308	2.66559e-05
10015	1	100	14	500	0.33411	0.308938	0.23606	0.0728783	0.0251719	0.714333	0.0447844	1.31031	0.0883432	2.65255e-05
10016	1	100	12	500	0.323607	0.297691	0.223222	0.0744686	0.0259161	0.72352	0.0511163	1.29664	0.0936934	2.66918e-05
10017	1	100	12	500	0.311149	0.289047	0.213808	0.0752387	0.0221028	0.730716	0.0478251	1.29075	0.0827268	2.58359e-05
10018	1	100	12	500	0.308165	0.286561	0.208906	0.0776548	0.0216044	0.732667	0.0446933	1.28831	0.0809017	2.5776e-05
10019	1	100	14	500	0.310896	0.272069	0.194843	0.0772262	0.038827	0.741776	0.0510045	1.24903	0.0927254	2.47834e-05
10020	1	100	11	500	0.31294	0.270625	0.188605	0.0820203	0.0423149	0.746804	0.0411791	1.25	0.0718958	2.55228e-05
10021	1	100	11	500	0.34098	0.2849	0.211653	0.0732471	0.0560806	0.736779	0.0416589	1.25372	0.0784505	2.52301e-05
10022	1	100	13	500	0.363486	0.299984	0.236196	0.0637878	0.0635027	0.725063	0.045863	1.25986	0.0886807	2.49253e-05
10023	1	100	15	500	0.355223	0.298861	0.233963	0.0648981	0.0563617	0.724882	0.0430468	1.2699	0.0882999	2.51144e-05
10024	1	100	13	500	0.378571	0.307199	0.234565	0.0726343	0.0713721	0.716844	0.0667899	1.25716	0.133379	2.59436e-05
10025	1	100	14	500	0.364611	0.30671	0.226642	0.0800684	0.057901	0.71488	0.0627503	1.26976	0.128363	2.63145e-05
10026	1	100	19	500	0.379622	0.309974	0.22935	0.0806239	0.0696487	0.712007	0.0701956	1.25538	0.145161	2.66487e-05
10027	1	100	17	500	0.370219	0.30354	0.217639	0.0859004	0.0666794	0.720945	0.0500697	1.26131	0.108388	2.68623e-05
10028	1	100	15	500	0.366809	0.314705	0.224129	0.0905765	0.0521042	0.715243	0.0557448	1.30015	0.108297	2.72047e-05
10029	1	100	17	500	0.412987	0.340471	0.258357	0.0821137	0.0725164	0.697748	0.0462502	1.30555	0.110312	2.75626e-05
10030	1	100	16	500	0.444071	0.369905	0.28781	0.0820955	0.0741653	0.659645	0.0771829	1.30543	0.199367	2.64384e-05
10031	1	100	15	500	0.413113	0.366222	0.291043	0.0751793	0.046891	0.671421	0.0480317	1.36382	0.118433	2.39499e-05
10032	1	100	16	500	0.401669	0.370701	0.307123	0.0635778	0.030968	0.661362	0.0486907	1.3772	0.135906	2.25823e-05
10033	1	100	14	500	0.407512	0.377668	0.321961	0.0557068	0.0298439	0.662822	0.0318266	1.39688	0.0774358	2.107e-05
10034	1	100	16	500	0.415367	0.379496	0.326692	0.0528039	0.0358708	0.657603	0.0424077	1.38757	0.122887	2.14554e-05
10035	1	100	17	500	0.192479	0.161783	0.111122	0.0506606	0.030696	0.841743	0.0497505	1.14439	0.091162	2.15117e-05
10036	1	100	17	500	0.187213	0.150467	0.0982078	0.0522594	0.0367456	0.856277	0.0402763	1.13135	0.0656205	2.09959e-05
10037	1	100	14	500	0.197575	0.149082	0.0936733	0.0554089	0.0484928	0.857764	0.0418799	1.11852	0.0830533	2.17325e-05
10038	1	100	15	500	0.202685	0.152032	0.0973649	0.0546667	0.0506538	0.854445	0.0402303	1.11968	0.0786411	2.06425e-05
10039	1	100	13	500	0.209123	0.164233	0.107089	0.0571434	0.0448905	0.838234	0.0489114	1.13428	0.10258	2.15642e-05
10040	1	100	11	500	0.212337	0.163911	0.105031	0.0588802	0.0484253	0.841257	0.0455419	1.13147	0.103511	2.22713e-05
10041	1	100	10	500	0.202106	0.159689	0.107291	0.052398	0.0424169	0.847286	0.043149	1.13365	0.0873235	2.12127e-05
10042	1	100	10	500	0.206793	0.155877	0.100213	0.0556636	0.0509159	0.855615	0.0355316	1.12005	0.0774561	2.25527e-05
10043	1	100	9	500	0.206775	0.158368	0.102853	0.0555151	0.0484068	0.852758	0.0429887	1.1139	0.0927108	2.33425e-05
10044	1	100	10	500	0.207761	0.158899	0.102717	0.0561816	0.0488618	0.852484	0.0451984	1.11418	0.0945066	2.35847e-05
10045	1	100	11	500	0.19123	0.159111	0.110328	0.0487837	0.0321187	0.843965	0.0477419	1.13495	0.0982237	2.04712e-05
10046	1	100	11	500	0.192534	0.167172	0.117799	0.0493729	0.0253621	0.839153	0.0435552	1.15372	0.0741831	2.01728e-05
10047	1	100	12	500	0.201914	0.173858	0.11565	0.0582078	0.0280557	0.833022	0.0560037	1.15936	0.0972471	2.03876e-05
10048	1	100	10	500	0.2101	0.177744	0.118211	0.0595334	0.0323554	0.832314	0.0519367	1.16343	0.0857061	2.16833e-05
10049	1	100	13	500	0.199308	0.170624	0.120015	0.0506091	0.0286836	0.837647	0.0491857	1.1579	0.0805153	2.15388e-05
10050	1	100	13	500	0.202898	0.187241	0.133645	0.0535955	0.0156571	0.821326	0.0512492	1.18467	0.074623	2.07907e-05
10051	1	100	13	500	0.227586	0.198495	0.131591	0.0669038	0.0290908	0.813859	0.0626111	1.18798	0.0908853	2.22426e-05
10052	1	100	12	500	0.225829	0.209414	0.146291	0.063123	0.016415	0.803286	0.0566771	1.20937	0.0866945	2.10001e-05
10053	1	100	11	500	0.220563	0.201059	0.146131	0.0549274	0.0195037	0.811	0.0538836	1.1969	0.0854112	2.12966e-05
10054	1	100	13	500	0.221829	0.207811	0.157016	0.050795	0.0140183	0.803499	0.0479879	1.20718	0.076051	2.0021e-05
10055	1	100	11	500	0.234964	0.220063	0.156247	0.0638159	0.0149003	0.793744	0.0551017	1.22123	0.0844776	2.08721e-05
10056	1	100	9	500	0.221892	0.213707	0.156627	0.0570793	0.00818555	0.798615	0.0575089	1.21939	0.084943	2.04668e-05
10057	1	100	13	500	0.215732	0.212215	0.173064	0.0391514	0.00351704	0.799229	0.0427914	1.21909	0.0596438	1.82794e-05
10058	1	100	12	500	0.197185	0.192311	0.160253	0.0320582	0.00487392	0.816234	0.0396527	1.19561	0.0546025	1.99444e-05
10059	1	100	9	500	0.0652693	0.0633891	0.0351904	0.0281988	0.00188014	0.936741	0.0361101	1.06075	0.0349149	1.9511e-05
10060	1	100	8	500	0.0553654	0.0541241	0.0209133	0.0332108	0.00124129	0.945746	0.0438446	1.05243	0.0440622	1.97505e-05
10061	1	100	10	500	0.0450848	0.0435304	0.018463	0.0250674	0.00155438	0.956464	0.0362347	1.04167	0.0346844	1.93598e-05
10062	1	100	10	500	0.0342636	0.0328408	0.0110722	0.0217686	0.00142284	0.966843	0.0331512	1.03113	0.0317812	1.74202e-05
10063	1	100	8	500	0.040573	0.0376649	0.014501	0.0231639	0.00290815	0.962208	0.0344107	1.03469	0.0314595	1.87633e-05
10064	1	100	6	500	0.049592	0.0479576	0.0237983	0.0241593	0.00163439	0.952101	0.0305754	1.04533	0.0300401	2.00656e-05
10065	1	100	6	500	0.0456698	0.0442454	0.0202741	0.0239713	0.0014244	0.955969	0.034132	1.04224	0.0323668	2.00105e-05
10066	1	100	7	500	0.0418674	0.0406529	0.0172126	0.0234403	0.00121457	0.959299	0.0350785	1.03891	0.0334536	2.0056e-05
10067	1	100	6	500	0.0322766	0.0312852	0.010233	0.0210522	0.000991325	0.968595	0.0320221	1.02993	0.030272	1.82423e-05
10068	1	100	5	500	0.0307728	0.0295901	0.00914819	0.0204419	0.00118267	0.970495	0.0323712	1.02839	0.0308036	1.80363e-05
10069	1	100	9	500	0.0282858	0.0272278	0.00780309	0.0194247	0.00105799	0.972492	0.0349869	1.02575	0.032832	1.75257e-05
10070	1	100	4	500	0.0312584	0.0301538	0.00954847	0.0206054	0.00110458	0.969927	0.0290083	1.02878	0.0277606	1.82266e-05
10071	1	100	6	500	0.0320372	0.0307169	0.00987947	0.0208375	0.00132024	0.969301	0.0314226	1.02923	0.0298734	1.8789e-05
10072	1	100	4	500	0.0366804	0.0356567	0.0128986	0.0227581	0.00102369	0.964452	0.0308458	1.03459	0.0296598	2.03279e-05
10073	1	100	9	500	0.0356515	0.0346092	0.0122111	0.0223981	0.00104226	0.965584	0.0323873	1.03348	0.0313315	2.00338e-05
10074	1	100	3	500	0.0358429	0.0347832	0.0126476	0.0221356	0.00105967	0.965411	0.0302351	1.03358	0.0291458	2.04213e-05
10075	1	100	5	500	0.0364081	0.0353975	0.0130912	0.0223063	0.00101062	0.964574	0.0322412	1.03404	0.0305716	2.07284e-05
10076	1	100	3	500	0.0406191	0.0395146	0.0162826	0.0232319	0.00110459	0.96041	0.0288081	1.03838	0.0277023	2.15728e-05
10077	1	100	5	500	0.0406465	0.0394685	0.0162358	0.0232327	0.00117803	0.960422	0.0340524	1.03766	0.0323514	2.21776e-05
10078	1	100	7	500	0.0530399	0.0482101	0.0232082	0.0250019	0.0048298	0.952047	0.0317635	1.04434	0.0308229	2.28709e-05
10079	1	100	5	500	0.055302	0.0529533	0.0287817	0.0241716	0.00234872	0.947201	0.0328209	1.05028	0.0313438	2.25444e-05
10080	1	100	4	500	0.0544229	0.053121	0.0292453	0.0238757	0.00130186	0.946771	0.0349616	1.05051	0.0320768	2.26458e-05
10081	1	100	9	500	0.0606949	0.0567774	0.0325958	0.0241816	0.00391754	0.943409	0.0357572	1.05323	0.0331947	2.28441e-05
10082	1	100	8	500	0.0656449	0.0588103	0.0341113	0.024699	0.00683458	0.94131	0.033691	1.05304	0.0309941	2.2965e-05
10083	1	100	8	500	0.0768312	0.0592621	0.0314869	0.0277752	0.0175691	0.941137	0.0389	1.0474	0.0346545	2.32133e-05
10084	1	100	7	500	0.0621218	0.0515258	0.0251151	0.0264107	0.010596	0.948386	0.0395943	1.04434	0.0381493	2.33536e-05
10085	1	100	9	500	0.0622381	0.0477424	0.0205224	0.0272201	0.0144956	0.952613	0.0384249	1.03911	0.0335541	2.35633e-05
10086	1	100	8	500	0.0607647	0.0449032	0.0177136	0.0271896	0.0158615	0.954403	0.0421443	1.0343	0.0353216	2.33092e-05
10087	1	100	11	500	0.0439206	0.042743	0.0172335	0.0255095	0.00117761	0.955612	0.0389536	1.03921	0.0344482	2.33107e-05
10088	1	100	8	500	0.0498274	0.0408462	0.0121136	0.0287326	0.00898119	0.959374	0.0361849	1.03512	0.0340256	2.22198e-05
10089	1	100	11	500	0.0593516	0.0455774	0.0105229	0.0350545	0.0137741	0.954776	0.0435675	1.03768	0.0425634	2.1963e-05
10090	1	100	9	500	0.050981	0.0458572	0.0148928	0.0309644	0.00512382	0.954461	0.0341883	1.04241	0.0312179	2.35545e-05
10091	1	100	9	500	0.0588869	0.0469343	0.0168669	0.0300674	0.0119526	0.953135	0.0413397	1.03907	0.0369733	2.38878e-05
10092	1	100	9	500	0.0896882	0.0478667	0.0120217	0.035845	0.0418215	0.953515	0.0475041	1.02405	0.0406384	2.16495e-05
10093	1	100	13	500	0.0838907	0.0504125	0.0167017	0.0337108	0.0334782	0.950757	0.0442137	1.03097	0.0409728	2.3791e-05
10094	1	100	13	500	0.0603181	0.0447109	0.0176879	0.0270229	0.0156072	0.955647	0.0373132	1.03459	0.0346233	2.40047e-05
10095	1	100	9	500	0.0384045	0.0323191	0.0101857	0.0221334	0.00608539	0.967878	0.030928	1.02824	0.0319654	2.22339e-05
10096	1	100	12	500	0.0454043	0.0345085	0.0108035	0.023705	0.0108957	0.965625	0.033762	1.02801	0.0351895	2.21996e-05
10097	1	100	9	500	0.0318289	0.0299493	0.00925946	0.0206899	0.00187952	0.969784	0.0333245	1.02801	0.0314826	2.17241e-05
10098	1	100	8	500	0.0413024	0.0385525	0.015193	0.0233595	0.00274986	0.961364	0.0338982	1.03599	0.032018	2.45143e-05
10099	1	100	14	500	0.0434044	0.0408246	0.01709	0.0237345	0.00257982	0.959074	0.0321769	1.03809	0.0300526	2.53067e-05
10100	1	100	8	500	0.0431791	0.0407777	0.0170719	0.0237058	0.00240141	0.959467	0.0334007	1.03868	0.0326587	2.60564e-05
10101	1	100	10	500	0.0411245	0.0391525	0.0158121	0.0233404	0.00197196	0.960694	0.0302296	1.03699	0.0291077	2.57131e-05
