Generation	PopulationID	SampleSize	UniqueMutations	PopulationSize	totalLoad	RelzLoad	RelzLoadHomo	RelzLoadHetero	MskLoad	MeanFitness	SdFitness	MeanFitnessCached	SdFitnessCached	Heterozygosity	
10001	1	100	71	500	0.498603	0.479329	0.353902	0.125427	0.0192748	0.599411	0.0377741	1.5418	0.091944	5.90862e-05
10002	1	100	45	500	0.507165	0.486873	0.358813	0.12806	0.0202923	0.593409	0.0380249	1.55086	0.0913633	5.60168e-05
10003	1	100	45	500	0.518422	0.487511	0.358825	0.128686	0.0309107	0.594384	0.0374475	1.54224	0.0882009	5.70476e-05
10004	1	100	40	500	0.331835	0.289633	0.166871	0.122762	0.0422018	0.737223	0.047062	1.27034	0.100327	5.64897e-05
10005	1	100	37	500	0.349049	0.304828	0.175066	0.129762	0.0442218	0.729494	0.0401825	1.29218	0.077191	5.47881e-05
10006	1	100	38	500	0.352052	0.310586	0.204778	0.105808	0.0414657	0.72245	0.0348091	1.29751	0.0756668	4.87265e-05
10007	1	100	36	500	0.345743	0.310394	0.209036	0.101358	0.0353488	0.721373	0.0483063	1.29623	0.098097	4.52442e-05
10008	1	100	41	500	0.336713	0.302954	0.194062	0.108891	0.0337592	0.730203	0.0371211	1.29594	0.0667872	4.36586e-05
10009	1	100	39	500	0.345455	0.302911	0.184474	0.118437	0.0425445	0.726284	0.0454634	1.28125	0.0983464	4.83364e-05
10010	1	100	38	500	0.330723	0.302051	0.197915	0.104137	0.0286714	0.73044	0.0330558	1.30056	0.0610109	4.42439e-05
10011	1	100	35	500	0.319912	0.298979	0.209771	0.0892081	0.0209332	0.732843	0.0398078	1.30212	0.0638586	3.98441e-05
10012	1	100	36	500	0.341061	0.314471	0.229617	0.0848541	0.0265904	0.721152	0.0407291	1.31483	0.0738259	3.54899e-05
10013	1	100	36	500	0.354616	0.315648	0.225035	0.0906131	0.0389679	0.719959	0.041022	1.30571	0.0902647	3.96039e-05
10014	1	100	31	500	0.348772	0.32425	0.252407	0.0718427	0.0245219	0.713447	0.0377544	1.32666	0.0736664	2.9376e-05
10015	1	100	28	500	0.321255	0.307171	0.240421	0.0667502	0.0140837	0.726396	0.0386223	1.31281	0.06577	2.31517e-05
10016	1	100	29	500	0.332621	0.310868	0.239708	0.0711595	0.0217533	0.723674	0.0401203	1.31245	0.0711298	2.73002e-05
10017	1	100	27	500	0.341554	0.31741	0.251541	0.0658691	0.0241442	0.716575	0.0423779	1.31382	0.0898462	2.69524e-05
10018	1	100	29	500	0.328399	0.31741	0.255336	0.0620746	0.0109882	0.718021	0.0449655	1.32505	0.0771569	2.08726e-05
10019	1	100	28	500	0.322046	0.311938	0.246916	0.065022	0.0101081	0.72256	0.0428432	1.31646	0.0720479	2.00154e-05
10020	1	100	23	500	0.329351	0.322849	0.257638	0.0652108	0.00650212	0.713784	0.0392864	1.33211	0.0633001	2.09534e-05
10021	1	100	10	500	0.154732	0.144201	0.0943863	0.0498145	0.010531	0.860243	0.0529311	1.13442	0.0586865	1.4655e-05
10022	1	100	9	500	0.163722	0.152141	0.104511	0.0476294	0.0115817	0.853923	0.0523968	1.14156	0.0556159	1.41944e-05
10023	1	100	9	500	0.149487	0.136817	0.084418	0.0523987	0.0126706	0.86778	0.0458664	1.12645	0.0471297	1.45752e-05
10024	1	100	11	500	0.136569	0.128982	0.0763679	0.0526141	0.00758699	0.874956	0.0513149	1.11862	0.0608284	1.53541e-05
10025	1	100	10	500	0.154066	0.147534	0.100691	0.0468424	0.0065321	0.856896	0.0477059	1.13862	0.0563945	1.50863e-05
10026	1	100	11	500	0.152248	0.146112	0.0996169	0.0464947	0.0061361	0.857967	0.04556	1.13663	0.056058	1.50595e-05
10027	1	100	14	500	0.154116	0.14633	0.0979776	0.0483519	0.0077869	0.859108	0.0538861	1.13549	0.0615414	1.51242e-05
10028	1	100	14	500	0.15776	0.149319	0.10273	0.0465892	0.00844097	0.855646	0.0486895	1.13861	0.056407	1.50922e-05
10029	1	100	11	500	0.153782	0.145583	0.0997115	0.0458715	0.00819871	0.85888	0.0471825	1.1345	0.0579834	1.49912e-05
10030	1	100	11	500	0.138218	0.128849	0.0794889	0.0493599	0.00936891	0.873628	0.0545289	1.11358	0.0695117	1.44915e-05
10031	1	100	14	500	0.124425	0.116532	0.0683191	0.0482127	0.0078933	0.886473	0.0490522	1.09981	0.060976	1.32411e-05
10032	1	100	12	500	0.133385	0.119913	0.0693844	0.0505288	0.013472	0.883781	0.0506514	1.1015	0.0626305	1.40614e-05
10033	1	100	13	500	0.120424	0.113868	0.0618509	0.0520168	0.00655596	0.888862	0.0516033	1.10038	0.0650835	1.53969e-05
10034	1	100	10	500	0.123784	0.117541	0.0667861	0.0507548	0.00624354	0.88466	0.0500604	1.1042	0.0619893	1.56757e-05
10035	1	100	12	500	0.131962	0.126269	0.0790582	0.0472107	0.0056929	0.876893	0.0526404	1.115	0.0631386	1.53527e-05
10036	1	100	13	500	0.11512	0.108726	0.0575249	0.0512007	0.00639392	0.894017	0.0585808	1.09553	0.0692595	1.5559e-05
10037	1	100	14	500	0.121197	0.114584	0.0619299	0.0526538	0.00661349	0.888269	0.0512753	1.10329	0.0625022	1.65697e-05
10038	1	100	14	500	0.140824	0.134623	0.0853938	0.0492291	0.006201	0.869075	0.0473153	1.12594	0.0546823	1.65337e-05
10039	1	100	13	500	0.147745	0.141892	0.0951175	0.0467748	0.00585279	0.862036	0.0469894	1.1343	0.0555442	1.64737e-05
10040	1	100	16	500	0.152018	0.138444	0.0889093	0.0495347	0.013574	0.866128	0.0535327	1.12577	0.0611926	1.70626e-05
10041	1	100	11	500	0.173718	0.150672	0.102273	0.0483996	0.0230456	0.855041	0.0503374	1.13157	0.058836	1.70993e-05
10042	1	100	11	500	0.14858	0.132231	0.0800589	0.052172	0.0163495	0.872393	0.0554641	1.11506	0.0624953	1.7783e-05
10043	1	100	11	500	0.132297	0.123811	0.0737271	0.050084	0.00848537	0.879253	0.0555665	1.10953	0.0699401	1.70596e-05
10044	1	100	10	500	0.141017	0.131562	0.0829054	0.048657	0.00945434	0.871721	0.0459135	1.11778	0.0550799	1.75546e-05
10045	1	100	14	500	0.141749	0.133021	0.0861196	0.0469018	0.0087272	0.869173	0.0558926	1.11759	0.0661184	1.73258e-05
10046	1	100	12	500	0.127128	0.118979	0.0709497	0.0480292	0.00814888	0.883361	0.0501886	1.10381	0.057319	1.63046e-05
10047	1	100	12	500	0.127576	0.120912	0.072151	0.0487608	0.00666454	0.881322	0.0506644	1.10808	0.0554323	1.61891e-05
10048	1	100	12	500	0.142612	0.136942	0.0936646	0.0432769	0.00567068	0.866992	0.043605	1.12714	0.0502663	1.57528e-05
10049	1	100	12	500	0.144784	0.1392	0.0969114	0.0422885	0.00558386	0.864032	0.0445249	1.12873	0.0516275	1.56042e-05
10050	1	100	12	500	0.138695	0.130658	0.0876826	0.0429752	0.00803717	0.871749	0.0445864	1.11669	0.0541075	1.44104e-05
10051	1	100	12	500	0.138164	0.133058	0.0889746	0.0440833	0.00510635	0.869214	0.0467028	1.12176	0.0544808	1.57023e-05
10052	1	100	9	500	0.123067	0.117018	0.0667807	0.0502375	0.0060487	0.886161	0.0498235	1.10501	0.0631106	1.66724e-05
10053	1	100	9	500	0.110988	0.104839	0.0538706	0.0509681	0.00614952	0.896865	0.0546467	1.08858	0.070375	1.64288e-05
10054	1	100	10	500	0.121862	0.116276	0.0661154	0.0501602	0.00558616	0.886688	0.0526207	1.10449	0.0678511	1.64962e-05
10055	1	100	12	500	0.1228	0.11671	0.0643805	0.0523291	0.00608989	0.886252	0.0478915	1.10595	0.0619256	1.78695e-05
10056	1	100	13	500	0.126795	0.121073	0.0675485	0.0535246	0.00572237	0.882849	0.0515451	1.11322	0.0628503	1.82666e-05
10057	1	100	15	500	0.13273	0.12651	0.0754664	0.051044	0.00621922	0.87721	0.0507097	1.11731	0.0639901	1.79759e-05
10058	1	100	10	500	0.12453	0.118476	0.0656442	0.0528321	0.0060533	0.883875	0.0580857	1.10881	0.0766388	1.89007e-05
10059	1	100	11	500	0.13169	0.125851	0.0734343	0.0524163	0.00583948	0.877869	0.0561103	1.11979	0.0684433	1.9529e-05
10060	1	100	13	500	0.139603	0.134802	0.0857798	0.0490218	0.00480094	0.869296	0.0530527	1.13025	0.0612095	1.89026e-05
10061	1	100	10	500	0.149118	0.14447	0.0986146	0.0458551	0.00464834	0.859823	0.0496972	1.14075	0.0585918	1.81208e-05
10062	1	100	14	500	0.160862	0.154998	0.115244	0.0397537	0.00586447	0.849307	0.0429458	1.15057	0.0512545	1.69802e-05
10063	1	100	13	500	0.161804	0.156997	0.117218	0.0397799	0.00480696	0.848321	0.0463582	1.15488	0.0558377	1.70905e-05
10064	1	100	13	500	0.155714	0.151256	0.108766	0.04249	0.00445776	0.85386	0.0468764	1.14932	0.0564074	1.74111e-05
10065	1	100	14	500	0.152005	0.147851	0.102666	0.0451856	0.0041535	0.856421	0.0483697	1.14613	0.0579771	1.87217e-05
10066	1	100	14	500	0.166165	0.160863	0.121486	0.0393765	0.00530241	0.844691	0.0406005	1.16021	0.0479983	1.78327e-05
10067	1	100	15	500	0.166765	0.162622	0.124751	0.0378707	0.00414326	0.842388	0.0385763	1.16259	0.0478103	1.72256e-05
10068	1	100	17	500	0.174556	0.170484	0.136673	0.0338111	0.00407263	0.835446	0.0342531	1.17215	0.0427983	1.64287e-05
10069	1	100	15	500	0.171496	0.167295	0.131949	0.035346	0.00420066	0.838204	0.035093	1.16804	0.0417596	1.71719e-05
10070	1	100	14	500	0.16597	0.159692	0.118678	0.0410136	0.00627804	0.845489	0.0344549	1.15856	0.0399889	1.75071e-05
10071	1	100	16	500	0.178214	0.171381	0.136819	0.0345615	0.00683351	0.835108	0.0377855	1.17174	0.045922	1.7019e-05
10072	1	100	10	500	0.181756	0.174506	0.141848	0.0326587	0.0072493	0.832674	0.0382317	1.17545	0.043736	1.59895e-05
10073	1	100	12	500	0.181146	0.173645	0.140151	0.0334939	0.00750131	0.833179	0.0344914	1.1743	0.0406775	1.65125e-05
10074	1	100	15	500	0.19487	0.180739	0.145266	0.0354734	0.0141309	0.827745	0.0389389	1.1765	0.0438406	1.67106e-05
10075	1	100	15	500	0.191872	0.173218	0.134752	0.0384662	0.018654	0.83273	0.0476083	1.16266	0.0504912	1.69309e-05
10076	1	100	16	500	0.188587	0.16978	0.130049	0.0397316	0.018807	0.837692	0.0422564	1.16111	0.047248	1.70678e-05
10077	1	100	15	500	0.171273	0.153062	0.108934	0.044128	0.0182101	0.851176	0.0557124	1.13891	0.0586645	1.63642e-05
10078	1	100	16	500	0.15571	0.142833	0.0983389	0.0444945	0.0128763	0.862492	0.0481586	1.13414	0.0546892	1.55547e-05
10079	1	100	13	500	0.15818	0.145586	0.101537	0.0440497	0.0125934	0.860403	0.0410486	1.13772	0.0465289	1.61343e-05
10080	1	100	18	500	0.165995	0.14908	0.102991	0.0460891	0.0169145	0.85683	0.0459755	1.13875	0.0498843	1.63944e-05
10081	1	100	14	500	0.162439	0.144059	0.0957625	0.0482964	0.0183803	0.859	0.0612153	1.12792	0.0645292	1.66604e-05
10082	1	100	12	500	0.149273	0.139543	0.094583	0.0449601	0.00972945	0.865403	0.0486943	1.13312	0.0543768	1.61793e-05
10083	1	100	11	500	0.145073	0.1403	0.0981433	0.0421568	0.0047731	0.863809	0.0448241	1.13628	0.0521158	1.62216e-05
10084	1	100	13	500	0.160365	0.150738	0.108141	0.0425966	0.00962728	0.854683	0.0472619	1.14555	0.055101	1.66777e-05
10085	1	100	13	500	0.17307	0.157537	0.11294	0.044597	0.0155335	0.848341	0.0419001	1.14995	0.0446932	1.89959e-05
10086	1	100	12	500	0.166355	0.155039	0.111931	0.0431079	0.0113162	0.850525	0.0440748	1.15018	0.0501399	1.82425e-05
10087	1	100	14	500	0.163686	0.151531	0.106399	0.0451327	0.0121547	0.85408	0.0409143	1.14685	0.0459502	1.92669e-05
10088	1	100	12	500	0.160493	0.151174	0.108219	0.0429546	0.00931944	0.854272	0.0427467	1.14846	0.0513714	1.78466e-05
10089	1	100	12	500	0.16922	0.160016	0.11946	0.0405558	0.00920407	0.845701	0.0436779	1.15818	0.0535392	1.86763e-05
10090	1	100	12	500	0.180462	0.172181	0.137486	0.0346951	0.00828164	0.832942	0.0336972	1.17075	0.0522398	1.92315e-05
10091	1	100	10	500	0.175825	0.168227	0.131584	0.0366426	0.00759894	0.837975	0.0386123	1.16851	0.0511806	1.89834e-05
10092	1	100	10	500	0.179774	0.171777	0.137433	0.0343442	0.00799666	0.835023	0.0402532	1.17214	0.0544038	1.88198e-05
10093	1	100	11	500	0.181221	0.169986	0.134162	0.0358239	0.0112351	0.836404	0.0369007	1.16637	0.0554643	1.77713e-05
10094	1	100	11	500	0.187749	0.175098	0.140982	0.0341162	0.0126514	0.832545	0.0371745	1.17135	0.0559595	1.76144e-05
10095	1	100	13	500	0.186769	0.175939	0.144986	0.0309523	0.01083	0.830476	0.0384692	1.17255	0.061942	1.64783e-05
10096	1	100	8	500	0.127026	0.113465	0.0837591	0.0297054	0.0135612	0.88845	0.0376062	1.10261	0.0457025	1.65305e-05
10097	1	100	11	500	0.1506	0.115529	0.0773323	0.0381967	0.0350705	0.888078	0.0445582	1.08803	0.0639947	1.66106e-05
10098	1	100	6	500	0.128455	0.114921	0.0859615	0.0289591	0.0135348	0.88385	0.0401562	1.10139	0.063719	1.53925e-05
10099	1	100	6	500	0.138804	0.127537	0.105587	0.0219503	0.0112673	0.874093	0.0319255	1.11946	0.0429696	1.51843e-05
10100	1	100	7	500	0.138068	0.126935	0.10169	0.0252449	0.0111323	0.874965	0.0327364	1.119	0.0427628	1.59357e-05
10101	1	100	7	500	0.147885	0.140102	0.119134	0.0209677	0.00778314	0.860295	0.0286921	1.1347	0.0500374	1.57168e-05
