Generation	PopulationID	SampleSize	UniqueMutations	PopulationSize	totalLoad	RelzLoad	RelzLoadHomo	RelzLoadHetero	MskLoad	MeanFitness	SdFitness	MeanFitnessCached	SdFitnessCached	Heterozygosity	
10001	1	100	52	500	0.0505136	0.0372284	0.00716665	0.0300617	0.0132852	0.962672	0.0298474	1.02955	0.0308852	2.33183e-05
10002	1	100	26	500	0.0470691	0.0378707	0.00716191	0.0307088	0.00919834	0.962612	0.0339304	1.03272	0.0359439	2.39677e-05
10003	1	100	26	500	0.0457958	0.0382597	0.00752645	0.0307332	0.00753606	0.961999	0.0352339	1.03413	0.0371732	2.36715e-05
10004	1	100	20	500	0.051967	0.0453219	0.011504	0.0338179	0.00664508	0.954811	0.0304906	1.04155	0.0316579	2.32915e-05
10005	1	100	21	500	0.0565061	0.0503508	0.0145384	0.0358124	0.00615527	0.950369	0.0335586	1.04719	0.0357004	2.33586e-05
10006	1	100	16	500	0.0609145	0.0507065	0.0158477	0.0348588	0.010208	0.95029	0.0345939	1.04482	0.0373115	2.32127e-05
10007	1	100	16	500	0.0525309	0.0465517	0.0153313	0.0312204	0.00597917	0.953286	0.0338308	1.0425	0.0351608	2.19965e-05
10008	1	100	13	500	0.0321715	0.0308305	0.00676697	0.0240635	0.001341	0.969162	0.0263773	1.02983	0.0258703	2.14867e-05
10009	1	100	12	500	0.0304865	0.0292228	0.00679726	0.0224256	0.0012637	0.970853	0.0280606	1.02851	0.0279146	2.07808e-05
10010	1	100	13	500	0.0288395	0.0283412	0.00731874	0.0210225	0.000498261	0.971484	0.030223	1.02813	0.0304377	1.98584e-05
10011	1	100	10	500	0.0317788	0.0308103	0.00845588	0.0223544	0.000968544	0.969117	0.0340239	1.03022	0.0336605	1.96537e-05
10012	1	100	12	500	0.0292619	0.0280739	0.00762541	0.0204484	0.001188	0.971929	0.0274323	1.02741	0.0282033	1.92703e-05
10013	1	100	10	500	0.0256289	0.025119	0.00670323	0.0184158	0.000509942	0.974573	0.0290919	1.02451	0.0300675	1.82905e-05
10014	1	100	7	500	0.0293135	0.0290409	0.0102607	0.0187801	0.000272644	0.97089	0.0261799	1.02882	0.0263799	1.89038e-05
10015	1	100	10	500	0.0275892	0.0264787	0.00839604	0.0180826	0.00111052	0.973413	0.0262833	1.02577	0.0266692	1.8657e-05
10016	1	100	10	500	0.0283308	0.0278069	0.00936724	0.0184397	0.000523882	0.972061	0.0287787	1.02744	0.0289067	1.78734e-05
10017	1	100	9	500	0.0298732	0.0296122	0.0106717	0.0189405	0.000261036	0.970332	0.0283527	1.0294	0.0282295	1.83446e-05
10018	1	100	6	500	0.0238206	0.0236221	0.00679381	0.0168283	0.000198557	0.976082	0.0234855	1.02346	0.023379	1.8495e-05
10019	1	100	9	500	0.0267825	0.0265887	0.00859371	0.017995	0.000193771	0.973243	0.0264634	1.02632	0.0263075	1.77034e-05
10020	1	100	9	500	0.0254803	0.0253927	0.00786851	0.0175242	8.75933e-05	0.974404	0.0234597	1.02512	0.0233935	1.7971e-05
10021	1	100	8	500	0.0255191	0.0254655	0.00791885	0.0175467	5.3563e-05	0.974378	0.0285767	1.02527	0.0287143	1.83872e-05
10022	1	100	9	500	0.0269568	0.026865	0.00880666	0.0180584	9.17867e-05	0.973104	0.0243606	1.02678	0.0243642	1.75655e-05
10023	1	100	7	500	0.0210612	0.0210389	0.0054089	0.01563	2.22443e-05	0.978743	0.0233911	1.02079	0.0234381	1.71869e-05
10024	1	100	8	500	0.0259196	0.0252908	0.00772531	0.0175655	0.000628863	0.974692	0.0247338	1.02495	0.025074	1.85109e-05
10025	1	100	5	500	0.0175412	0.0170027	0.00348454	0.0135182	0.000538458	0.982949	0.0223595	1.01675	0.0223803	1.72736e-05
10026	1	100	11	500	0.0180737	0.0173706	0.00362013	0.0137505	0.000703131	0.982365	0.0252866	1.01671	0.0250313	1.73078e-05
10027	1	100	8	500	0.0139202	0.013204	0.00208344	0.0111205	0.000716191	0.986592	0.0224028	1.01271	0.0227714	1.75048e-05
10028	1	100	9	500	0.0122978	0.0111967	0.00144404	0.00975269	0.0011011	0.98865	0.0196211	1.0104	0.019693	1.70104e-05
10029	1	100	9	500	0.0132905	0.0121183	0.00173922	0.0103791	0.00117224	0.987833	0.0201392	1.0114	0.0205534	1.76217e-05
10030	1	100	7	500	0.0121267	0.0111506	0.00147129	0.00967929	0.000976094	0.988691	0.0193658	1.01044	0.0189327	1.68317e-05
10031	1	100	4	500	0.0091745	0.00917015	0.00103111	0.00813903	4.35852e-06	0.990719	0.0195499	1.00913	0.0196295	1.76643e-05
10032	1	100	12	500	0.00816137	0.00752796	0.000668182	0.00685978	0.000633404	0.992442	0.0158134	1.00717	0.0159902	1.80639e-05
10033	1	100	8	500	0.00466614	0.0045377	0.000252763	0.00428494	0.00012844	0.995276	0.0129259	1.00442	0.0130316	1.73637e-05
10034	1	100	9	500	0.00923261	0.00594067	0.000359097	0.00558157	0.00329194	0.993966	0.0143307	1.00413	0.0149908	1.71992e-05
10035	1	100	12	500	0.013505	0.00655051	0.000395191	0.00615532	0.00695453	0.993465	0.0156012	1.00283	0.016678	1.83721e-05
10036	1	100	11	500	0.0133637	0.00494144	0.000301276	0.00464017	0.00842227	0.994864	0.0127248	1.0001	0.0137206	1.74295e-05
10037	1	100	13	500	0.0255913	0.00764064	0.00170664	0.005934	0.0179507	0.993236	0.0142931	0.996182	0.0153465	1.6657e-05
10038	1	100	10	500	0.0170257	0.00417197	0.000958543	0.00321343	0.0128537	0.996486	0.00864434	0.996486	0.00864434	1.74566e-05
10039	1	100	7	500	0.0122398	0.00293833	0.000612967	0.00232537	0.00930146	0.997432	0.00754477	0.997601	0.00760022	1.71401e-05
10040	1	100	11	500	0.00774749	0.00170233	0.000191042	0.00151129	0.00604516	0.998428	0.00546207	0.998428	0.00546207	1.805e-05
10041	1	100	11	500	0.00893309	0.00195858	0.00021495	0.00174363	0.00697451	0.998044	0.00652099	0.998278	0.00658664	1.77408e-05
10042	1	100	11	500	0.00962103	0.00213791	0.000267131	0.00187078	0.00748312	0.997798	0.00808871	0.998122	0.00816986	1.82629e-05
10043	1	100	10	500	0.00676193	0.00149222	0.000174789	0.00131743	0.00526971	0.998101	0.00835958	0.998156	0.00820987	1.82227e-05
10044	1	100	8	500	0.0022578	0.00048734	4.47255e-05	0.000442615	0.00177046	0.999175	0.00435945	0.999271	0.00437653	1.84764e-05
10045	1	100	14	500	0.00523604	0.00118978	0.000128576	0.00106121	0.00404626	0.998658	0.00521471	0.998757	0.00522032	1.88663e-05
10046	1	100	12	500	0.00508386	0.00114448	0.000159635	0.000984845	0.00393938	0.998597	0.00522812	0.998597	0.00522812	1.84142e-05
10047	1	100	10	500	0.00623908	0.00138383	0.000170019	0.00121381	0.00485525	0.998714	0.0051581	0.99875	0.00516681	1.81192e-05
10048	1	100	10	500	0.00245437	0.000515021	3.0185e-05	0.000484836	0.00193935	0.999317	0.00372351	0.999379	0.00373434	1.96169e-05
10049	1	100	9	500	0.00741238	0.00177921	9.93752e-05	0.00167983	0.00563318	0.997924	0.0080812	0.998468	0.00746371	1.92805e-05
10050	1	100	10	500	0.0150087	0.00385444	0.000469956	0.00338449	0.0111543	0.993797	0.0276031	0.995084	0.0278616	2.00605e-05
10051	1	100	10	500	0.0223097	0.00528271	0.000350633	0.00493208	0.017027	0.994953	0.0201094	0.996318	0.0189877	1.91077e-05
10052	1	100	13	500	0.0116053	0.00286721	0.00010672	0.00276049	0.0087381	0.99701	0.0141141	0.998381	0.0143366	1.79593e-05
10053	1	100	8	500	0.00394564	0.000938594	6.06177e-05	0.000877976	0.00300705	0.999027	0.00441032	0.999281	0.00445887	1.73804e-05
10054	1	100	7	500	0.00680514	0.00199187	0.000172721	0.00181915	0.00481327	0.998106	0.00575093	0.999376	0.00602304	1.72354e-05
10055	1	100	6	500	0.00796373	0.00259337	0.000245556	0.00234781	0.00537036	0.997203	0.00803264	0.999403	0.00685875	1.71953e-05
10056	1	100	8	500	0.00885557	0.00273477	0.000256671	0.0024781	0.0061208	0.99734	0.00707553	0.999329	0.00751997	1.76074e-05
10057	1	100	13	500	0.00720865	0.00232553	0.000195286	0.00213024	0.00488312	0.997794	0.00585925	0.999699	0.0062541	1.7681e-05
10058	1	100	7	500	0.00185548	0.00119054	7.64044e-05	0.00111413	0.000664944	0.998342	0.00690929	1.00041	0.0070244	1.70476e-05
10059	1	100	7	500	0.00127348	0.000883949	5.21386e-05	0.00083181	0.000389532	0.99892	0.00399246	1.00044	0.003712	1.70548e-05
10060	1	100	9	500	0.00695654	0.00203867	0.000109827	0.00192885	0.00491786	0.997806	0.00635627	0.999559	0.00671872	1.6274e-05
10061	1	100	10	500	0.0101715	0.00248611	0.000211104	0.002275	0.00768543	0.997587	0.00790788	0.998306	0.00803164	1.72414e-05
10062	1	100	11	500	0.013674	0.00355168	0.000365565	0.00318611	0.0101223	0.996597	0.00823476	0.998013	0.00859585	1.75417e-05
10063	1	100	6	500	0.0032797	0.00071833	7.79877e-05	0.000640342	0.00256137	0.999152	0.00442251	0.999152	0.00442251	1.74684e-05
10064	1	100	9	500	0.00562624	0.00133517	0.000147707	0.00118747	0.00429107	0.9987	0.00529209	0.998953	0.00526124	1.78399e-05
10065	1	100	5	500	0.010072	0.00241456	0.000500208	0.00191436	0.00765742	0.997891	0.00606821	0.997891	0.00606822	1.79571e-05
10066	1	100	6	500	0.00956956	0.00223037	0.000395572	0.0018348	0.00733919	0.998005	0.00627677	0.998042	0.00628831	1.64448e-05
10067	1	100	6	500	0.00820477	0.00190613	0.000331476	0.00157466	0.00629863	0.998037	0.00689828	0.998383	0.00698747	1.76976e-05
10068	1	100	6	500	0.0114704	0.00281514	0.00065133	0.00216381	0.00865524	0.997461	0.00714308	0.997622	0.00719868	1.75088e-05
10069	1	100	7	500	0.00725927	0.0022024	0.000216269	0.00198613	0.00505687	0.997735	0.00816428	0.9993	0.00844408	1.76428e-05
10070	1	100	4	500	0.000159351	3.83545e-05	8.10533e-06	3.02492e-05	0.000120997	0.999967	0.000107592	0.999967	0.000107596	1.72198e-05
10071	1	100	6	500	0.000274714	6.24061e-05	9.32912e-06	5.30769e-05	0.000212308	0.999734	0.0025434	0.999881	0.00255446	1.67395e-05
10072	1	100	6	500	0.000387085	8.70919e-05	1.20937e-05	7.49982e-05	0.000299993	0.999735	0.00178968	0.999897	0.00180623	1.63377e-05
10073	1	100	3	500	0.000130913	3.06759e-05	5.6167e-06	2.50592e-05	0.000100237	0.999872	0.00163962	0.999907	0.00164194	1.62881e-05
10074	1	100	4	500	0.00033472	8.07488e-05	1.7256e-05	6.34929e-05	0.000253972	0.999872	0.000748505	0.999942	0.000732108	1.67066e-05
10075	1	100	5	500	0.000312933	7.55929e-05	1.6258e-05	5.9335e-05	0.00023734	0.999559	0.00308889	0.999803	0.00311371	1.6821e-05
10076	1	100	5	500	0.000299067	7.8747e-05	2.3667e-05	5.50799e-05	0.00022032	0.999762	0.00117001	0.999762	0.00117001	1.69738e-05
10077	1	100	10	500	0.00282651	0.00070344	8.36661e-05	0.000619774	0.00212307	0.999275	0.00367853	0.999472	0.00369245	1.6825e-05
10078	1	100	4	500	0.000531667	0.000163437	7.13792e-05	9.20575e-05	0.00036823	0.99951	0.0050937	0.99951	0.00509369	1.56749e-05
10079	1	100	5	500	0.000408509	0.000114007	4.03818e-05	7.36255e-05	0.000294502	0.999763	0.00123228	0.999809	0.00124007	1.56313e-05
10080	1	100	5	500	0.000685458	0.00023194	0.00011856	0.00011338	0.000453519	0.99965	0.0015176	0.999687	0.00152565	1.44387e-05
10081	1	100	6	500	0.00181023	0.000477287	0.000144052	0.000333235	0.00133294	0.999269	0.003125	0.999269	0.003125	1.55283e-05
10082	1	100	6	500	0.00201727	0.000625343	0.000277362	0.000347981	0.00139192	0.999181	0.0033982	0.999181	0.0033982	1.25618e-05
10083	1	100	7	500	0.00159284	0.000566653	0.000310106	0.000256547	0.00102619	0.999264	0.00302243	0.999264	0.00302243	1.56844e-05
10084	1	100	5	500	0.0013831	0.000411218	0.000168247	0.000242971	0.000971884	0.999506	0.00163105	0.999506	0.00163105	1.52568e-05
10085	1	100	6	500	0.00180948	0.000559076	0.000229377	0.000329698	0.0012504	0.999172	0.00480364	0.999206	0.00480653	1.48463e-05
10086	1	100	4	500	0.00161932	0.000428806	0.000131176	0.000297629	0.00119052	0.999504	0.00149752	0.999504	0.00149752	1.49832e-05
10087	1	100	7	500	0.00303495	0.000786483	0.000224366	0.000562117	0.00224847	0.999145	0.0030533	0.999241	0.00307859	1.61451e-05
10088	1	100	7	500	0.00364843	0.000941668	0.000264978	0.00067669	0.00270676	0.99795	0.0120081	0.998259	0.0120098	1.59909e-05
10089	1	100	5	500	0.00445171	0.00136346	0.000591401	0.000772063	0.00308825	0.99823	0.00540295	0.998242	0.00540589	1.42509e-05
10090	1	100	7	500	0.00630768	0.00200128	0.000924682	0.0010766	0.0043064	0.998093	0.00491216	0.998093	0.00491217	1.44064e-05
10091	1	100	7	500	0.00641257	0.00179641	0.00064237	0.00115404	0.00461616	0.997971	0.0055312	0.99799	0.0055383	1.73927e-05
10092	1	100	6	500	0.0063874	0.0019889	0.000889272	0.00109963	0.0043985	0.997104	0.00862116	0.997104	0.00862117	1.74235e-05
10093	1	100	7	500	0.00905306	0.00260546	0.000993554	0.0016119	0.00644761	0.997675	0.00479656	0.997675	0.00479657	1.83026e-05
10094	1	100	8	500	0.0158605	0.00412234	0.0011878	0.00293454	0.0117381	0.996275	0.00840675	0.996311	0.00842265	1.74774e-05
10095	1	100	8	500	0.0153208	0.00403403	0.00121232	0.0028217	0.0112868	0.996068	0.00896661	0.996394	0.00910275	1.75977e-05
10096	1	100	8	500	0.0157158	0.00458706	0.00168395	0.00290311	0.0111287	0.995612	0.00837702	0.995963	0.00847837	1.77946e-05
10097	1	100	9	500	0.0205256	0.00564593	0.00170832	0.00393761	0.0148796	0.993764	0.0174898	0.994203	0.0175793	1.69103e-05
10098	1	100	10	500	0.0107564	0.00296361	0.000997931	0.00196568	0.00779276	0.997167	0.00682983	0.99725	0.0068359	1.76791e-05
10099	1	100	7	500	0.0139602	0.00391538	0.00140418	0.0025112	0.0100448	0.995274	0.0119782	0.995311	0.0119814	1.8093e-05
10100	1	100	10	500	0.0245592	0.00552555	0.000767136	0.00475841	0.0190336	0.994793	0.0194711	0.994793	0.0194711	1.94885e-05
10101	1	100	13	500	0.0681336	0.0163197	0.00328409	0.0130356	0.0518138	0.985702	0.0349917	0.985867	0.0350587	1.86607e-05
