Generation	PopulationID	SampleSize	UniqueMutations	PopulationSize	totalLoad	RelzLoad	RelzLoadHomo	RelzLoadHetero	MskLoad	MeanFitness	SdFitness	MeanFitnessCached	SdFitnessCached	Heterozygosity	
10001	1	100	41	500	0.24922	0.23617	0.215335	0.0208359	0.0130499	0.763264	0.043335	1.22947	0.0477564	1.82038e-05
10002	1	100	32	500	0.252069	0.23717	0.219232	0.0179381	0.0148991	0.764121	0.0414603	1.22827	0.0404652	1.89947e-05
10003	1	100	19	500	0.24189	0.233011	0.214829	0.0181814	0.00887966	0.767491	0.0471891	1.22755	0.0505142	1.84259e-05
10004	1	100	21	500	0.238378	0.231664	0.213426	0.0182379	0.00671431	0.768764	0.0442151	1.22747	0.0433872	1.8171e-05
10005	1	100	13	500	0.234302	0.231005	0.213852	0.0171529	0.00329707	0.76918	0.0494275	1.22861	0.0490696	1.98323e-05
10006	1	100	14	500	0.237012	0.229842	0.20983	0.0200126	0.00716949	0.770819	0.0507403	1.22547	0.0508375	2.00459e-05
10007	1	100	11	500	0.225509	0.223439	0.200641	0.0227977	0.0020703	0.776521	0.0498229	1.22237	0.049757	2.03493e-05
10008	1	100	11	500	0.228724	0.227494	0.208261	0.0192331	0.00123021	0.772456	0.0513384	1.22635	0.0513684	1.91137e-05
10009	1	100	12	500	0.229711	0.227333	0.207484	0.0198484	0.00237872	0.77247	0.0469868	1.22486	0.0464578	1.85685e-05
10010	1	100	14	500	0.239258	0.23151	0.212398	0.0191113	0.00774801	0.769146	0.0439848	1.22612	0.0463703	1.8063e-05
10011	1	100	10	500	0.243851	0.230625	0.20786	0.0227655	0.0132263	0.770361	0.0525688	1.22071	0.0508922	1.83283e-05
10012	1	100	12	500	0.232646	0.225805	0.202411	0.0233939	0.00684039	0.775062	0.0529863	1.22123	0.0518565	1.77449e-05
10013	1	100	13	500	0.229754	0.226624	0.205364	0.0212601	0.00312978	0.773561	0.0504649	1.22329	0.0499851	1.87109e-05
10014	1	100	11	500	0.223631	0.217791	0.188149	0.0296416	0.00583997	0.782476	0.0627688	1.21128	0.06149	1.88202e-05
10015	1	100	10	500	0.224088	0.220824	0.194432	0.0263914	0.0032641	0.780282	0.0593257	1.21681	0.0585352	1.78552e-05
10016	1	100	8	500	0.219962	0.216589	0.186837	0.0297516	0.00337255	0.784105	0.0583916	1.2113	0.0570028	1.83654e-05
10017	1	100	11	500	0.219952	0.216721	0.187367	0.0293538	0.00323096	0.783731	0.0643238	1.21196	0.0627036	1.77904e-05
10018	1	100	11	500	0.234052	0.230421	0.211293	0.0191279	0.00363075	0.769966	0.0462877	1.22402	0.0448269	1.74228e-05
10019	1	100	10	500	0.235463	0.231913	0.214273	0.0176401	0.0035505	0.768658	0.0443621	1.2268	0.0434672	1.6341e-05
10020	1	100	14	500	0.246885	0.242533	0.233546	0.00898761	0.00435124	0.757968	0.031719	1.23502	0.0309418	1.42438e-05
10021	1	100	12	500	0.248271	0.243985	0.235943	0.00804242	0.00428582	0.757551	0.0295985	1.23696	0.0290159	1.50297e-05
10022	1	100	10	500	0.251191	0.246382	0.240565	0.00581663	0.00480967	0.754188	0.0248692	1.23803	0.0250719	1.38762e-05
10023	1	100	9	500	0.248897	0.244431	0.236344	0.00808731	0.00446538	0.756393	0.03012	1.2351	0.0291532	1.48324e-05
10024	1	100	8	500	0.246827	0.2425	0.233057	0.00944309	0.00432741	0.758644	0.0323426	1.23483	0.0315398	1.51783e-05
10025	1	100	11	500	0.246071	0.240999	0.230453	0.0105461	0.00507168	0.760105	0.0339623	1.23461	0.03336	1.49132e-05
10026	1	100	10	500	0.252705	0.240937	0.226682	0.0142545	0.0117685	0.760111	0.0393544	1.22872	0.0390049	1.53269e-05
10027	1	100	11	500	0.233336	0.229053	0.208467	0.0205858	0.00428353	0.771771	0.0493959	1.22319	0.0478845	1.42367e-05
10028	1	100	11	500	0.233031	0.229323	0.208689	0.020634	0.00370848	0.771894	0.0508155	1.2239	0.0497766	1.43065e-05
10029	1	100	10	500	0.243931	0.240752	0.231164	0.00958808	0.00317929	0.759938	0.0325496	1.23681	0.0318695	1.25451e-05
10030	1	100	11	500	0.240548	0.237627	0.225808	0.0118187	0.00292132	0.762672	0.0366782	1.23361	0.0363289	1.25329e-05
10031	1	100	10	500	0.239288	0.23644	0.223524	0.0129158	0.00284873	0.763807	0.0399372	1.23259	0.0394578	1.29215e-05
10032	1	100	8	500	0.226674	0.224291	0.201614	0.0226776	0.00238285	0.775658	0.0535548	1.22101	0.0525115	1.33877e-05
10033	1	100	10	500	0.230667	0.228363	0.209152	0.019211	0.00230356	0.771594	0.0462622	1.22559	0.0453813	1.28004e-05
10034	1	100	10	500	0.237418	0.235452	0.222411	0.0130402	0.00196625	0.764745	0.0381157	1.23341	0.037815	1.16827e-05
10035	1	100	8	500	0.241163	0.238955	0.229124	0.00983025	0.00220825	0.761004	0.0341551	1.23609	0.0344479	1.20355e-05
10036	1	100	9	500	0.239604	0.237161	0.225462	0.0116991	0.00244319	0.763313	0.0362233	1.23468	0.0362666	1.30653e-05
10037	1	100	8	500	0.240614	0.238042	0.227212	0.0108303	0.00257241	0.762367	0.0349606	1.23573	0.0347167	1.13097e-05
10038	1	100	8	500	0.245466	0.242488	0.235006	0.00748198	0.00297786	0.757492	0.029219	1.23785	0.0290451	1.27024e-05
10039	1	100	10	500	0.239145	0.236548	0.224139	0.0124083	0.00259721	0.763739	0.0375405	1.23353	0.0371981	1.24929e-05
10040	1	100	14	500	0.247494	0.244061	0.238113	0.00594797	0.00343377	0.755889	0.025315	1.23948	0.0257217	1.20165e-05
10041	1	100	9	500	0.248351	0.244033	0.237628	0.0064058	0.00431743	0.756255	0.0258239	1.2395	0.0260503	1.26216e-05
10042	1	100	10	500	0.245693	0.241149	0.231364	0.00978463	0.00454481	0.759112	0.032412	1.23633	0.0327814	1.32763e-05
10043	1	100	10	500	0.235737	0.23273	0.216503	0.0162268	0.00300686	0.767859	0.0425461	1.22906	0.0419841	1.45094e-05
10044	1	100	11	500	0.243799	0.23958	0.228505	0.0110748	0.00421936	0.7614	0.0347759	1.23499	0.0343022	1.4727e-05
10045	1	100	8	500	0.235025	0.232208	0.2156	0.0166072	0.0028177	0.768135	0.0432417	1.2282	0.0424217	1.56308e-05
10046	1	100	8	500	0.231808	0.22909	0.209982	0.0191075	0.00271855	0.771334	0.045905	1.22563	0.045556	1.62339e-05
10047	1	100	9	500	0.224028	0.22089	0.194477	0.0264126	0.0031384	0.7795	0.0585863	1.21566	0.0570996	1.73938e-05
10048	1	100	12	500	0.240526	0.237263	0.224119	0.0131441	0.00326275	0.763544	0.03855	1.23227	0.0377494	1.69699e-05
10049	1	100	8	500	0.245423	0.241755	0.232939	0.0088168	0.00366802	0.75882	0.0315073	1.23642	0.0309314	1.57601e-05
10050	1	100	9	500	0.244405	0.240892	0.231193	0.00969896	0.00351303	0.759695	0.0398387	1.23525	0.0392124	1.69107e-05
10051	1	100	7	500	0.24356	0.240905	0.232341	0.00856358	0.00265516	0.758299	0.037277	1.236	0.037181	1.64058e-05
10052	1	100	10	500	0.247679	0.245182	0.2409	0.0042819	0.00249697	0.754807	0.021639	1.24174	0.0215062	1.55912e-05
10053	1	100	10	500	0.245009	0.242314	0.235371	0.00694309	0.00269581	0.757978	0.0277984	1.23963	0.0273765	1.48757e-05
10054	1	100	8	500	0.00405546	0.00115126	0.000425215	0.00072605	0.0029042	0.998553	0.00385005	0.998607	0.00387009	1.37876e-05
10055	1	100	7	500	0.00347828	0.00100827	0.000390774	0.000617501	0.00247	0.998364	0.00481541	0.998364	0.00481541	1.42547e-05
10056	1	100	11	500	0.00446581	0.00116709	0.000342412	0.00082468	0.00329872	0.998921	0.0034722	0.999029	0.00350107	1.34687e-05
10057	1	100	9	500	0.00511823	0.00133085	0.000384003	0.000946846	0.00378738	0.998711	0.00316122	0.998711	0.00316122	1.38009e-05
10058	1	100	12	500	0.00425984	0.00107782	0.000282313	0.000795506	0.00318202	0.99876	0.00381663	0.99876	0.00381663	1.31264e-05
10059	1	100	10	500	0.00330025	0.00092978	0.000328407	0.000601373	0.00237047	0.9986	0.00492687	0.998617	0.00486286	1.42453e-05
10060	1	100	11	500	0.00547565	0.00156773	0.000590754	0.00097698	0.00390792	0.998314	0.00414958	0.998314	0.00414958	1.50589e-05
10061	1	100	9	500	0.00458463	0.00132048	0.000504436	0.00081604	0.00326416	0.998481	0.00397594	0.998488	0.00397832	1.5686e-05
10062	1	100	9	500	0.00634829	0.00181952	0.000687328	0.00113219	0.00452877	0.998176	0.00500317	0.998199	0.00501154	1.69029e-05
10063	1	100	8	500	0.00451491	0.00172608	0.00102888	0.000697207	0.00278883	0.997974	0.00530127	0.998016	0.00531642	1.82599e-05
10064	1	100	9	500	0.00403158	0.00146211	0.000819742	0.000642368	0.00256947	0.998109	0.00481819	0.998109	0.00481819	1.73754e-05
10065	1	100	16	500	0.00447308	0.00155874	0.000809285	0.000749454	0.00291434	0.998044	0.0075677	0.998086	0.00757834	1.76733e-05
10066	1	100	9	500	0.0231625	0.00551213	0.00101571	0.00449641	0.0176503	0.994635	0.0220908	0.99493	0.0221602	1.69297e-05
10067	1	100	10	500	0.0176216	0.00414119	0.000771087	0.0033701	0.0134804	0.995546	0.0197916	0.995581	0.019796	1.66187e-05
10068	1	100	9	500	0.00396625	0.00146331	0.000775834	0.000687481	0.00250293	0.99828	0.00590782	0.998453	0.00595441	1.72851e-05
10069	1	100	7	500	0.00643528	0.00297921	0.00211519	0.000864019	0.00345608	0.99644	0.00675392	0.996786	0.00620082	1.95106e-05
10070	1	100	5	500	0.00449181	0.00175517	0.00107101	0.00068416	0.00273664	0.998323	0.00359458	0.998323	0.00359458	1.77868e-05
10071	1	100	9	500	0.00492151	0.00198474	0.00123241	0.000752331	0.00293677	0.998491	0.00317445	0.998567	0.00318497	1.8459e-05
10072	1	100	7	500	0.00498393	0.00204073	0.00130493	0.000735801	0.0029432	0.9977	0.00511699	0.9977	0.00511698	1.81698e-05
10073	1	100	9	500	0.0144138	0.0039741	0.00136416	0.00260993	0.0104397	0.995694	0.0124293	0.995775	0.012451	1.66566e-05
10074	1	100	10	500	0.00535898	0.00241634	0.00168068	0.000735659	0.00294264	0.997455	0.00582412	0.997704	0.00549036	1.78384e-05
10075	1	100	7	500	0.00619536	0.00302618	0.00223389	0.000792294	0.00316918	0.997196	0.00517326	0.997196	0.00517325	1.77065e-05
10076	1	100	7	500	0.00632366	0.00310885	0.00230463	0.000804219	0.00321481	0.996708	0.00490916	0.996709	0.00490794	1.83909e-05
10077	1	100	12	500	0.00959559	0.00350722	0.00198513	0.00152209	0.00608837	0.996155	0.00736121	0.996353	0.00744924	1.79352e-05
10078	1	100	8	500	0.006796	0.00264313	0.00160491	0.00103822	0.00415287	0.997482	0.00470688	0.997482	0.00470688	1.65377e-05
10079	1	100	12	500	0.00971183	0.00358424	0.00205235	0.0015319	0.00612759	0.996158	0.00850629	0.996158	0.00850629	1.6812e-05
10080	1	100	15	500	0.00997315	0.003242	0.00155922	0.00168279	0.00673114	0.996952	0.00583743	0.996952	0.00583742	1.65057e-05
10081	1	100	12	500	0.0141142	0.00432298	0.00187517	0.00244782	0.00979126	0.996172	0.00608425	0.996172	0.00608425	1.75697e-05
10082	1	100	14	500	0.0135668	0.00399467	0.00160164	0.00239303	0.00957213	0.996044	0.00682805	0.996044	0.00682804	1.77306e-05
10083	1	100	14	500	0.0133981	0.00392098	0.00155169	0.00236929	0.00947714	0.995689	0.00745866	0.995839	0.00714234	1.7089e-05
10084	1	100	10	500	0.0164291	0.00495972	0.00209237	0.00286735	0.0114694	0.994871	0.00750729	0.994992	0.00758714	1.76804e-05
10085	1	100	13	500	0.0203661	0.00613677	0.00257943	0.00355734	0.0142294	0.993924	0.00898415	0.993973	0.00899997	1.69637e-05
10086	1	100	15	500	0.0210837	0.0062647	0.00255995	0.00370475	0.014819	0.994285	0.0109821	0.994412	0.0110471	1.70657e-05
10087	1	100	12	500	0.0206398	0.00679823	0.00333784	0.00346039	0.0138416	0.993181	0.00775944	0.993181	0.00775944	1.70763e-05
10088	1	100	10	500	0.0232143	0.00758049	0.00367203	0.00390846	0.0156338	0.991332	0.0213086	0.991332	0.0213086	1.62018e-05
10089	1	100	13	500	0.0315482	0.0107123	0.00550331	0.00520898	0.0208359	0.992373	0.00712354	0.992373	0.00712355	1.7523e-05
10090	1	100	16	500	0.0481275	0.0175118	0.00985782	0.00765394	0.0306157	0.983253	0.032645	0.983262	0.0326485	1.51866e-05
10091	1	100	17	500	0.0491809	0.0167482	0.00863998	0.00810818	0.0324327	0.982415	0.0310611	0.982545	0.0310971	1.76297e-05
10092	1	100	14	500	0.0603732	0.0211715	0.0113711	0.00980043	0.0392017	0.979892	0.0357314	0.979953	0.0357357	1.64756e-05
10093	1	100	16	500	0.0603339	0.0205178	0.0105638	0.00995402	0.0398161	0.980189	0.0340893	0.980296	0.0341018	1.64401e-05
10094	1	100	14	500	0.0516782	0.0163586	0.00748751	0.00887111	0.0353196	0.987747	0.0180274	0.987828	0.017983	1.49594e-05
10095	1	100	14	500	0.0480277	0.0146845	0.00634873	0.00833579	0.0333432	0.987018	0.020621	0.987018	0.020621	1.50626e-05
10096	1	100	13	500	0.0456806	0.0133983	0.00532767	0.00807059	0.0322824	0.986792	0.027047	0.986792	0.027047	1.15548e-05
10097	1	100	12	500	0.0685144	0.0239748	0.0128399	0.0111349	0.0445396	0.976441	0.0411936	0.976441	0.0411936	1.39454e-05
10098	1	100	14	500	0.0711383	0.0248854	0.0133046	0.0115808	0.0462529	0.984299	0.0164192	0.984617	0.0166014	1.34503e-05
10099	1	100	12	500	0.0712823	0.0248969	0.0133006	0.0115963	0.0463854	0.973116	0.0465847	0.973116	0.0465847	1.43869e-05
10100	1	100	13	500	0.0667693	0.0225296	0.0113859	0.0111437	0.0442397	0.973062	0.0493109	0.973227	0.0493402	1.3664e-05
10101	1	100	11	500	0.0753068	0.0304015	0.0191752	0.0112263	0.0449053	0.963427	0.0571427	0.963427	0.0571427	1.21219e-05
