Generation	PopulationID	SampleSize	UniqueMutations	PopulationSize	totalLoad	RelzLoad	RelzLoadHomo	RelzLoadHetero	MskLoad	MeanFitness	SdFitness	MeanFitnessCached	SdFitnessCached	Heterozygosity	
10001	1	100	51	500	0.422379	0.415288	0.349358	0.0659294	0.00709099	0.641484	0.0205368	1.47619	0.041976	3.04346e-05
10002	1	100	29	500	0.157698	0.147642	0.0808047	0.0668373	0.010056	0.858725	0.0231108	1.14785	0.0323385	3.2533e-05
10003	1	100	24	500	0.16355	0.153383	0.0749432	0.0784402	0.0101664	0.853941	0.0190143	1.15387	0.0248228	3.64874e-05
10004	1	100	28	500	0.16599	0.152736	0.0741181	0.0786177	0.0132546	0.855016	0.0187714	1.15149	0.0248346	3.67798e-05
10005	1	100	26	500	0.163685	0.152919	0.0732974	0.0796213	0.010766	0.855446	0.0231578	1.15301	0.0286803	3.79233e-05
10006	1	100	21	500	0.160902	0.149777	0.0675844	0.0821929	0.0111242	0.857547	0.0221384	1.14958	0.0322155	3.83181e-05
10007	1	100	19	500	0.15373	0.144779	0.0645072	0.0802717	0.00895095	0.8612	0.0212864	1.14374	0.0419168	3.83932e-05
10008	1	100	17	500	0.154121	0.144932	0.0654186	0.0795136	0.00918845	0.862269	0.0224428	1.1449	0.032335	3.83008e-05
10009	1	100	19	500	0.151098	0.142359	0.0648634	0.0774958	0.00873897	0.863548	0.0254397	1.14231	0.0406946	3.86731e-05
10010	1	100	21	500	0.147551	0.139894	0.0661263	0.0737678	0.00765644	0.866266	0.0248324	1.1408	0.0320777	3.83036e-05
10011	1	100	22	500	0.141183	0.130696	0.0572363	0.0734596	0.0104873	0.873161	0.0350468	1.1262	0.0499105	3.84271e-05
10012	1	100	22	500	0.146388	0.140491	0.0662952	0.0741959	0.00589694	0.865596	0.0224915	1.14272	0.0292029	3.79353e-05
10013	1	100	20	500	0.154295	0.148235	0.0691899	0.0790455	0.00605967	0.8591	0.0166781	1.15176	0.0244421	3.94556e-05
10014	1	100	18	500	0.152607	0.146433	0.068675	0.0777581	0.0061744	0.860103	0.0191511	1.1489	0.0265797	3.86877e-05
10015	1	100	15	500	0.153139	0.146152	0.0683597	0.0777922	0.00698722	0.860643	0.0181827	1.14873	0.0254183	3.84364e-05
10016	1	100	16	500	0.1579	0.14886	0.0702774	0.0785822	0.00904031	0.858555	0.0160863	1.14984	0.0244749	3.88504e-05
10017	1	100	17	500	0.156891	0.149483	0.0718342	0.0776492	0.00740805	0.856716	0.0177722	1.15094	0.02228	3.80557e-05
10018	1	100	16	500	0.162818	0.150189	0.0701631	0.0800258	0.0126296	0.857535	0.0180827	1.14907	0.0248354	3.92227e-05
10019	1	100	17	500	0.166603	0.152258	0.0714113	0.0808465	0.0143452	0.855477	0.0190326	1.14963	0.0221243	3.9774e-05
10020	1	100	17	500	0.164618	0.152743	0.0755093	0.0772341	0.0118746	0.853956	0.0207755	1.14959	0.0249916	3.96473e-05
10021	1	100	19	500	0.163617	0.153845	0.0771547	0.0766898	0.00977277	0.854356	0.0154413	1.15374	0.0191301	3.9836e-05
10022	1	100	17	500	0.167024	0.157433	0.0795054	0.0779275	0.0095909	0.848754	0.0173471	1.1554	0.024124	3.97787e-05
10023	1	100	15	500	0.165914	0.158508	0.079856	0.0786525	0.00740567	0.848956	0.00842057	1.15984	0.0115979	3.99839e-05
10024	1	100	18	500	0.165368	0.158298	0.0786363	0.0796619	0.00706965	0.849613	0.00395652	1.16081	0.00547292	3.98739e-05
10025	1	100	15	500	0.168413	0.159423	0.0795438	0.0798793	0.00899027	0.849344	0.00626414	1.16031	0.00842641	3.93715e-05
10026	1	100	11	500	0.166519	0.158711	0.0845228	0.0741881	0.0078082	0.849004	0.00860633	1.15936	0.011646	3.56054e-05
10027	1	100	12	500	0.173551	0.161856	0.090497	0.0713595	0.0116945	0.848486	0.00499562	1.1587	0.00659683	3.48401e-05
10028	1	100	11	500	0.174284	0.161395	0.0951006	0.0662948	0.0128886	0.846647	0.018863	1.15221	0.024669	3.09035e-05
10029	1	100	10	500	0.16769	0.159336	0.0907742	0.0685616	0.00835461	0.848263	0.0105457	1.15891	0.0144253	3.21357e-05
10030	1	100	11	500	0.168599	0.159366	0.0844025	0.0749638	0.00923286	0.848068	0.0123175	1.15843	0.0169021	3.32021e-05
10031	1	100	12	500	0.186113	0.163057	0.0942607	0.068796	0.0230566	0.846324	0.0203225	1.1558	0.0277365	3.03635e-05
10032	1	100	10	500	0.16723	0.15912	0.0884544	0.0706652	0.0081104	0.848472	0.00988769	1.15919	0.0137268	3.28445e-05
10033	1	100	12	500	0.165167	0.15866	0.0866454	0.0720142	0.00650737	0.849273	0.0062641	1.16154	0.00782764	3.1326e-05
10034	1	100	10	500	0.165897	0.15861	0.087171	0.071439	0.00728711	0.849582	0.00388586	1.16056	0.00556855	3.26806e-05
10035	1	100	11	500	0.165812	0.158387	0.0869909	0.0713961	0.00742506	0.848872	0.00929581	1.15948	0.0128006	3.22606e-05
10036	1	100	10	500	0.161867	0.157257	0.079581	0.0776763	0.00460936	0.85003	0.00289656	1.16147	0.00394823	3.50556e-05
10037	1	100	10	500	0.159251	0.156577	0.0781045	0.0784721	0.00267397	0.850806	0.0054845	1.16234	0.00755178	3.48504e-05
10038	1	100	8	500	0.159847	0.156737	0.0790492	0.0776879	0.00310987	0.849125	0.0122698	1.16022	0.0160226	3.43297e-05
10039	1	100	12	500	0.162404	0.157238	0.079816	0.0774221	0.00516592	0.850041	0.00412502	1.16154	0.00583496	3.20059e-05
10040	1	100	9	500	0.161113	0.15704	0.0828845	0.0741559	0.00407266	0.850443	0.00444465	1.16212	0.00607994	3.16168e-05
10041	1	100	17	500	0.166283	0.159374	0.0842727	0.0751011	0.00690906	0.848357	0.00998833	1.16278	0.0139888	3.27847e-05
10042	1	100	11	500	0.171386	0.160189	0.0824095	0.0777794	0.0111969	0.848086	0.00859346	1.16109	0.0121403	3.30647e-05
10043	1	100	11	500	0.168231	0.15935	0.0822041	0.0771457	0.00888165	0.848612	0.00728454	1.16159	0.0101938	3.45599e-05
10044	1	100	15	500	0.173717	0.162405	0.0836853	0.0787197	0.0113118	0.844549	0.016541	1.1602	0.0227284	3.40021e-05
10045	1	100	11	500	0.172798	0.160863	0.0810726	0.0797909	0.0119342	0.847604	0.00792346	1.16068	0.0115387	3.16845e-05
10046	1	100	13	500	0.171897	0.160973	0.0805571	0.0804155	0.0109248	0.847655	0.00961916	1.16195	0.0136747	3.28011e-05
10047	1	100	10	500	0.160504	0.156953	0.0781489	0.0788046	0.0035504	0.85006	0.00414008	1.16153	0.0052623	3.17521e-05
10048	1	100	13	500	0.166354	0.158028	0.0783294	0.0796986	0.00832642	0.849591	0.00826834	1.161	0.0110971	3.21937e-05
10049	1	100	13	500	0.170354	0.159358	0.0790247	0.0803329	0.0109966	0.847575	0.0112488	1.15806	0.0151783	3.41787e-05
10050	1	100	16	500	0.172079	0.159877	0.082843	0.0770341	0.012202	0.848886	0.00531335	1.15978	0.0073363	3.42927e-05
10051	1	100	13	500	0.170029	0.159242	0.0891936	0.0700481	0.0107868	0.848857	0.00754151	1.15927	0.0101523	3.05175e-05
10052	1	100	14	500	0.174335	0.161308	0.0801406	0.0811672	0.0130277	0.846463	0.0132429	1.15662	0.0178274	3.48113e-05
10053	1	100	14	500	0.185325	0.163555	0.0802091	0.0833458	0.0217703	0.844817	0.0138126	1.15432	0.0186395	3.43405e-05
10054	1	100	13	500	0.19271	0.167031	0.083019	0.0840119	0.0256795	0.844466	0.0104896	1.15422	0.0141828	3.60245e-05
10055	1	100	12	500	0.19921	0.169018	0.0843388	0.0846788	0.0301928	0.836879	0.0315534	1.1436	0.0430686	3.5158e-05
10056	1	100	14	500	0.190359	0.165868	0.0848825	0.0809855	0.0244912	0.842358	0.0169297	1.15152	0.0229756	3.36498e-05
10057	1	100	13	500	0.179081	0.161944	0.0798465	0.0820973	0.0171367	0.847005	0.00686451	1.1578	0.00927187	3.30057e-05
10058	1	100	14	500	0.175564	0.160913	0.0793343	0.0815782	0.0146514	0.847663	0.0104853	1.15812	0.0139722	3.40963e-05
10059	1	100	10	500	0.167306	0.158629	0.0803372	0.078292	0.00867683	0.848963	0.00874481	1.1598	0.011872	3.25245e-05
10060	1	100	10	500	0.163326	0.157631	0.0818788	0.0757517	0.00569533	0.850189	0.00392931	1.16144	0.00463902	3.24451e-05
10061	1	100	10	500	0.161911	0.157433	0.0800413	0.0773916	0.00447764	0.85013	0.00432338	1.16197	0.00594941	3.11277e-05
10062	1	100	12	500	0.160797	0.157093	0.0783805	0.0787126	0.00370384	0.849791	0.00567029	1.16209	0.00723229	3.13125e-05
10063	1	100	10	500	0.158772	0.15654	0.0780591	0.0784806	0.00223267	0.850184	0.00356847	1.16189	0.00476116	3.12304e-05
10064	1	100	10	500	0.159875	0.156736	0.078284	0.0784517	0.00313892	0.850925	0.00370049	1.16245	0.00465008	3.14879e-05
10065	1	100	9	500	0.160388	0.157064	0.0784745	0.0785893	0.00332399	0.850144	0.00289029	1.16187	0.00316014	3.08521e-05
10066	1	100	10	500	0.16066	0.15715	0.0783517	0.0787987	0.00350996	0.849989	0.00301207	1.16157	0.00371931	3.07157e-05
10067	1	100	11	500	0.159314	0.156749	0.0787945	0.077954	0.00256577	0.850221	0.00556755	1.16259	0.00738209	3.05646e-05
10068	1	100	9	500	0.159259	0.156825	0.078294	0.0785308	0.00243405	0.850839	0.00352315	1.16306	0.00455929	3.15706e-05
10069	1	100	12	500	0.160079	0.156784	0.0791343	0.0776496	0.00329542	0.850385	0.0047797	1.16158	0.00608149	3.07165e-05
10070	1	100	12	500	0.163983	0.157791	0.0864872	0.0713041	0.00619161	0.849843	0.00613851	1.16079	0.00841153	3.06587e-05
10071	1	100	13	500	0.158965	0.15663	0.0877511	0.0688784	0.00233584	0.850773	0.00312388	1.16187	0.0038347	3.05966e-05
10072	1	100	13	500	0.159375	0.156698	0.0876912	0.0690066	0.00267736	0.850393	0.0106927	1.16173	0.0145017	3.10661e-05
10073	1	100	9	500	0.160334	0.156529	0.0903179	0.0662108	0.00380526	0.850906	0.00364746	1.16095	0.00410602	3.02235e-05
10074	1	100	10	500	0.158353	0.156181	0.0975444	0.0586371	0.00217155	0.850771	0.00285123	1.16134	0.0035395	2.97964e-05
10075	1	100	8	500	0.156209	0.154941	0.111477	0.0434639	0.0012679	0.851482	0.00425031	1.1601	0.00443168	2.69275e-05
10076	1	100	8	500	0.157346	0.15491	0.103178	0.0517316	0.00243583	0.851931	0.00485347	1.16008	0.00568928	2.72336e-05
10077	1	100	10	500	0.157378	0.155647	0.106314	0.0493333	0.00173088	0.850845	0.00636681	1.16096	0.00859939	2.49627e-05
10078	1	100	11	500	0.157563	0.155864	0.117538	0.0383252	0.00169903	0.850733	0.00362797	1.1614	0.00498557	2.26093e-05
10079	1	100	8	500	0.155987	0.155673	0.117322	0.0383513	0.000313807	0.850833	0.00332153	1.16242	0.00469372	2.15288e-05
10080	1	100	8	500	0.155709	0.155544	0.109611	0.0459322	0.000165757	0.850966	0.00579764	1.16196	0.00795305	2.39828e-05
10081	1	100	7	500	0.155885	0.1556	0.10652	0.0490796	0.000284649	0.851207	0.00326374	1.16238	0.00411851	2.52723e-05
10082	1	100	10	500	0.15729	0.156986	0.119027	0.037959	0.000303846	0.849754	0.0074585	1.1636	0.0100586	2.23138e-05
10083	1	100	8	500	0.157199	0.156903	0.124314	0.0325884	0.000296732	0.849701	0.00752627	1.16334	0.0102127	2.0859e-05
10084	1	100	7	500	0.157396	0.156985	0.115564	0.0414211	0.000410478	0.849939	0.00788048	1.16373	0.0102921	2.34874e-05
10085	1	100	8	500	0.15605	0.155582	0.130965	0.0246174	0.000468408	0.850815	0.00174517	1.16166	0.00250279	1.99265e-05
10086	1	100	10	500	0.156268	0.155711	0.133595	0.022116	0.000556463	0.850428	0.00331235	1.16147	0.00466868	2.00264e-05
10087	1	100	11	500	0.157021	0.15582	0.128615	0.0272051	0.00120155	0.85038	0.00692641	1.16116	0.00948677	2.19761e-05
10088	1	100	8	500	0.156523	0.155731	0.132065	0.0236668	0.000791645	0.850657	0.00168088	1.16145	0.0024109	2.21125e-05
10089	1	100	8	500	0.156771	0.155836	0.127906	0.0279302	0.000934438	0.850391	0.00275019	1.16127	0.00385041	2.31811e-05
10090	1	100	11	500	0.156744	0.155883	0.136029	0.0198548	0.000860959	0.850266	0.00493778	1.16133	0.00699408	2.28073e-05
10091	1	100	10	500	0.156799	0.155879	0.139633	0.0162457	0.000919842	0.850577	0.00219222	1.16153	0.00306625	2.04049e-05
10092	1	100	8	500	0.154782	0.15369	0.151424	0.00226598	0.00109127	0.850226	0.00330035	1.16095	0.00454191	1.59974e-05
10093	1	100	5	500	0.00305847	0.000859104	0.000309263	0.000549841	0.00219937	0.998824	0.00696041	0.998824	0.00696041	1.60836e-05
10094	1	100	6	500	0.00246979	0.000621145	0.000158985	0.00046216	0.00184864	0.998861	0.00654496	0.998861	0.00654496	1.38203e-05
10095	1	100	6	500	0.0186987	0.00405838	0.000398299	0.00366008	0.0146403	0.995968	0.0198723	0.995968	0.0198723	1.60009e-05
10096	1	100	4	500	0.00437201	0.00110755	0.000291438	0.000816115	0.00326446	0.998902	0.00252275	0.998902	0.00252275	1.51582e-05
10097	1	100	7	500	0.00389342	0.000936738	0.000197568	0.00073917	0.00295668	0.999097	0.00258964	0.999097	0.00258963	1.50258e-05
10098	1	100	6	500	0.00255301	0.000656575	0.000182466	0.000474109	0.00189643	0.999118	0.00406556	0.999383	0.00408664	1.57995e-05
10099	1	100	10	500	0.0111512	0.00365251	0.00033619	0.00331632	0.00749866	0.996333	0.0121913	0.999279	0.0126672	1.67867e-05
10100	1	100	8	500	0.0137569	0.0066646	0.000395186	0.00626941	0.00709233	0.99303	0.0189472	1.00278	0.0198733	1.47619e-05
10101	1	100	7	500	0.00924186	0.00361373	0.000248755	0.00336497	0.00562814	0.996096	0.0126951	1.00044	0.0131007	1.52421e-05
