Generation	PopulationID	SampleSize	UniqueMutations	PopulationSize	totalLoad	RelzLoad	RelzLoadHomo	RelzLoadHetero	MskLoad	MeanFitness	SdFitness	MeanFitnessCached	SdFitnessCached	Heterozygosity	
10001	1	100	43	500	0.178849	0.152001	0.0834492	0.0685517	0.0268477	0.852099	0.0396754	1.13508	0.0468471	3.14066e-05
10002	1	100	24	500	0.173356	0.145972	0.0768502	0.0691221	0.027384	0.860597	0.0361839	1.13038	0.045429	3.07107e-05
10003	1	100	21	500	0.171755	0.148143	0.0799277	0.0682152	0.0236124	0.855938	0.036589	1.13146	0.0500908	2.9391e-05
10004	1	100	14	500	0.16172	0.141332	0.0739264	0.0674054	0.0203884	0.863831	0.0313135	1.12688	0.0428792	2.88031e-05
10005	1	100	14	500	0.170953	0.15074	0.085061	0.0656786	0.0202138	0.852648	0.0408727	1.13412	0.0591946	2.85738e-05
10006	1	100	13	500	0.162495	0.144448	0.0792721	0.0651757	0.0180476	0.861021	0.0406486	1.13295	0.0518255	2.88326e-05
10007	1	100	14	500	0.164695	0.148943	0.0853352	0.0636073	0.0157526	0.856824	0.035238	1.13934	0.0418023	2.74161e-05
10008	1	100	16	500	0.166187	0.149086	0.0868736	0.0622128	0.0171004	0.853165	0.0409321	1.13311	0.0570253	2.76614e-05
10009	1	100	14	500	0.171186	0.157543	0.0970126	0.0605309	0.0136427	0.84923	0.041669	1.15048	0.0529373	2.80264e-05
10010	1	100	14	500	0.172227	0.16271	0.105182	0.0575285	0.00951619	0.843874	0.0433812	1.15972	0.0546696	2.83815e-05
10011	1	100	11	500	0.177019	0.163218	0.103293	0.0599252	0.0138011	0.841138	0.0419722	1.15366	0.0628827	2.9577e-05
10012	1	100	11	500	0.175708	0.160979	0.100074	0.0609047	0.0147291	0.846039	0.0403195	1.15342	0.0517657	3.03911e-05
10013	1	100	15	500	0.175247	0.160192	0.0989418	0.0612506	0.015055	0.847004	0.039948	1.15303	0.0517667	3.0975e-05
10014	1	100	13	500	0.186867	0.165237	0.108327	0.0569097	0.0216306	0.838379	0.0444327	1.14485	0.073316	2.9048e-05
10015	1	100	12	500	0.185506	0.163762	0.105013	0.0587491	0.0217442	0.841788	0.0445741	1.14677	0.0677159	2.89797e-05
10016	1	100	12	500	0.193008	0.169384	0.109623	0.0597613	0.0236242	0.83762	0.0441072	1.14969	0.0676668	2.9286e-05
10017	1	100	11	500	0.194232	0.169073	0.110772	0.0583006	0.0251589	0.840339	0.0407257	1.14759	0.0617791	2.93003e-05
10018	1	100	12	500	0.205718	0.177431	0.116539	0.0608915	0.0282872	0.830548	0.0424775	1.14399	0.0758329	2.91226e-05
10019	1	100	13	500	0.195947	0.177126	0.119797	0.0573294	0.0188207	0.82769	0.04373	1.16129	0.0718574	2.92623e-05
10020	1	100	12	500	0.187016	0.171579	0.113812	0.0577677	0.0154363	0.836663	0.0386735	1.16493	0.0505455	3.0193e-05
10021	1	100	10	500	0.179317	0.165516	0.106852	0.0586639	0.0138011	0.836554	0.041963	1.15311	0.0608549	3.1656e-05
10022	1	100	11	500	0.181331	0.167158	0.108701	0.0584575	0.0141726	0.838958	0.0371932	1.15964	0.0513782	3.18137e-05
10023	1	100	14	500	0.186582	0.173543	0.117959	0.0555837	0.0130387	0.83362	0.0402368	1.16938	0.0494859	3.12931e-05
10024	1	100	18	500	0.178079	0.166387	0.110002	0.0563855	0.011692	0.840361	0.0379129	1.16359	0.0466519	3.22524e-05
10025	1	100	16	500	0.194018	0.186098	0.137561	0.0485368	0.00791952	0.822259	0.040362	1.18704	0.0473147	3.00367e-05
10026	1	100	16	500	0.184383	0.176618	0.123816	0.0528022	0.00776551	0.830637	0.040926	1.17648	0.0470791	3.18967e-05
10027	1	100	14	500	0.188726	0.177174	0.123425	0.0537482	0.0115521	0.830628	0.0387762	1.17486	0.043393	3.148e-05
10028	1	100	13	500	0.206144	0.19163	0.142892	0.0487373	0.0145139	0.817955	0.0431346	1.18793	0.0477151	3.04407e-05
10029	1	100	14	500	0.200991	0.185184	0.133777	0.0514074	0.0158073	0.823251	0.0375527	1.17934	0.0450836	3.12975e-05
10030	1	100	19	500	0.19347	0.184169	0.135654	0.0485151	0.00930046	0.82359	0.0407998	1.18291	0.0491959	3.097e-05
10031	1	100	15	500	0.195365	0.186041	0.140535	0.0455063	0.00932351	0.821516	0.032638	1.18411	0.0431399	2.94992e-05
10032	1	100	15	500	0.197605	0.190371	0.148056	0.0423157	0.00723332	0.817071	0.0378294	1.18884	0.044582	2.88095e-05
10033	1	100	12	500	0.212778	0.199632	0.157856	0.0417759	0.0131464	0.810423	0.0377787	1.1973	0.0476214	2.81762e-05
10034	1	100	12	500	0.231156	0.203226	0.157679	0.0455464	0.0279304	0.807994	0.0392024	1.19013	0.0520257	2.77269e-05
10035	1	100	14	500	0.230627	0.200181	0.157438	0.0427433	0.0304463	0.80554	0.0510249	1.17762	0.0767979	2.63448e-05
10036	1	100	12	500	0.228555	0.2064	0.167257	0.0391428	0.022155	0.803903	0.0350291	1.19501	0.0465611	2.62629e-05
10037	1	100	15	500	0.221322	0.203588	0.165568	0.0380207	0.0177338	0.806936	0.0308807	1.19648	0.040641	2.63726e-05
10038	1	100	15	500	0.239172	0.206659	0.162197	0.0444613	0.0325135	0.803762	0.039983	1.18674	0.0505589	2.79909e-05
10039	1	100	16	500	0.239527	0.203516	0.154048	0.0494675	0.0360111	0.806002	0.0419696	1.17874	0.0492673	2.946e-05
10040	1	100	18	500	0.227906	0.207304	0.164602	0.0427015	0.0206025	0.804726	0.0389674	1.19884	0.0479042	2.78281e-05
10041	1	100	18	500	0.24249	0.218919	0.180376	0.0385425	0.0235713	0.793562	0.0360336	1.20179	0.0448968	2.63831e-05
10042	1	100	15	500	0.247273	0.229207	0.202098	0.0271088	0.0180665	0.783653	0.033576	1.22012	0.0411422	2.13564e-05
10043	1	100	17	500	0.25519	0.232993	0.205603	0.0273904	0.0221968	0.782789	0.0325984	1.22156	0.0395557	1.93354e-05
10044	1	100	17	500	0.261859	0.23785	0.211854	0.0259967	0.0240086	0.779083	0.0334316	1.22115	0.03765	1.80274e-05
10045	1	100	15	500	0.265605	0.242202	0.219247	0.0229551	0.0234031	0.773985	0.0334998	1.22188	0.0419811	1.73215e-05
10046	1	100	12	500	0.254869	0.237586	0.212821	0.0247644	0.0172828	0.776749	0.0370029	1.21541	0.0390481	1.70644e-05
10047	1	100	11	500	0.252283	0.234959	0.208419	0.0265392	0.0173245	0.780143	0.0421395	1.21371	0.0439169	1.63875e-05
10048	1	100	15	500	0.254103	0.234771	0.20625	0.0285203	0.0193322	0.778177	0.0462576	1.20513	0.04482	1.78046e-05
10049	1	100	16	500	0.247932	0.233532	0.209102	0.0244308	0.0144001	0.780486	0.0393545	1.21585	0.0418778	1.62592e-05
10050	1	100	14	500	0.258122	0.238117	0.212783	0.0253334	0.0200053	0.776381	0.0433807	1.21356	0.0461857	1.7184e-05
10051	1	100	15	500	0.259428	0.239226	0.213147	0.0260795	0.0202013	0.77772	0.0389279	1.2136	0.0399275	1.73925e-05
10052	1	100	14	500	0.271669	0.249913	0.228696	0.021217	0.0217563	0.767424	0.0355979	1.21463	0.0388591	1.70657e-05
10053	1	100	16	500	0.270007	0.252856	0.238158	0.0146979	0.0171514	0.763334	0.0322243	1.22347	0.037961	1.55339e-05
10054	1	100	14	500	0.274558	0.259683	0.25371	0.0059733	0.0148751	0.756699	0.022154	1.23465	0.033451	1.32715e-05
10055	1	100	15	500	0.141874	0.123402	0.117468	0.00593348	0.0184728	0.879524	0.0240624	1.07973	0.0292542	1.29046e-05
10056	1	100	12	500	0.148023	0.126059	0.118941	0.00711787	0.021964	0.878173	0.025993	1.07699	0.030652	1.2896e-05
10057	1	100	13	500	0.14771	0.126871	0.119438	0.00743293	0.0208384	0.875383	0.0286721	1.07219	0.0337787	1.31114e-05
10058	1	100	11	500	0.149372	0.129324	0.120535	0.00878949	0.0200481	0.876093	0.0252658	1.07006	0.0424052	1.30622e-05
10059	1	100	7	500	0.0512993	0.0316454	0.026732	0.00491346	0.0196538	0.969542	0.031955	0.969803	0.0319876	1.01213e-05
10060	1	100	7	500	0.05371	0.0293137	0.0232146	0.0060991	0.0243964	0.969959	0.0411233	0.970077	0.0411578	1.08771e-05
10061	1	100	8	500	0.0489882	0.0310704	0.026591	0.00447946	0.0179178	0.971181	0.0317538	0.97121	0.031718	1.07043e-05
10062	1	100	13	500	0.0530108	0.0320421	0.0265569	0.00548517	0.0209687	0.964338	0.0326862	0.964798	0.0322204	1.10805e-05
10063	1	100	7	500	0.0657248	0.0304851	0.0213431	0.00914203	0.0352398	0.969046	0.035782	0.969702	0.0354261	1.1965e-05
10064	1	100	11	500	0.100238	0.0440477	0.0295584	0.0144893	0.0561903	0.959661	0.0406393	0.960546	0.0402475	1.21718e-05
10065	1	100	11	500	0.104286	0.0428933	0.027475	0.0154183	0.0613927	0.948309	0.111285	0.948641	0.111253	1.29211e-05
10066	1	100	13	500	0.0648684	0.0266676	0.0171174	0.00955021	0.0382008	0.96753	0.0809391	0.96753	0.0809391	1.33804e-05
10067	1	100	9	500	0.0474075	0.0221683	0.0158585	0.0063098	0.0252392	0.979599	0.0296579	0.979599	0.0296578	1.34918e-05
10068	1	100	13	500	0.0482805	0.0201703	0.0131427	0.00702756	0.0281102	0.980149	0.0294754	0.98019	0.0294947	1.32385e-05
10069	1	100	14	500	0.0454133	0.0178638	0.0105496	0.00731424	0.0275494	0.98597	0.0206102	0.986821	0.0208325	1.33653e-05
10070	1	100	14	500	0.0415514	0.0154319	0.00847851	0.00695343	0.0261195	0.984162	0.0272893	0.985012	0.0275589	1.39151e-05
10071	1	100	12	500	0.0463518	0.0163871	0.00869169	0.00769545	0.0299647	0.984701	0.0262576	0.985157	0.0264067	1.42889e-05
10072	1	100	9	500	0.0243762	0.0108944	0.00752401	0.00337044	0.0134817	0.987886	0.019392	0.988378	0.0195261	1.41451e-05
10073	1	100	10	500	0.0220225	0.00776127	0.00409331	0.00366796	0.0142612	0.992613	0.0131306	0.992818	0.01315	1.39909e-05
10074	1	100	13	500	0.0563581	0.014729	0.00432168	0.0104073	0.0416291	0.984972	0.0362014	0.985071	0.0362128	1.37667e-05
10075	1	100	9	500	0.018447	0.006279	0.00323699	0.00304201	0.012168	0.99429	0.00619945	0.994536	0.00639446	1.48517e-05
10076	1	100	9	500	0.0241193	0.00752445	0.00337574	0.0041487	0.0165948	0.993729	0.00558487	0.993729	0.00558488	1.61139e-05
10077	1	100	12	500	0.0182092	0.00574747	0.00261564	0.00313184	0.0124617	0.994255	0.00979704	0.994352	0.00976145	1.60476e-05
10078	1	100	9	500	0.0212097	0.00705532	0.00332199	0.00373333	0.0141544	0.992814	0.0108382	0.993202	0.0105547	1.58613e-05
10079	1	100	9	500	0.0218028	0.00738667	0.00378263	0.00360404	0.0144162	0.993464	0.0141874	0.993464	0.0141874	1.5881e-05
10080	1	100	7	500	0.0176467	0.00613867	0.00326166	0.00287701	0.011508	0.994225	0.00775846	0.994225	0.00775846	1.5722e-05
10081	1	100	9	500	0.0250378	0.00750603	0.0031231	0.00438294	0.0175317	0.992564	0.0127422	0.992641	0.0127509	1.63645e-05
10082	1	100	10	500	0.034061	0.00999461	0.00397801	0.00601659	0.0240664	0.990429	0.014679	0.990429	0.014679	1.61769e-05
10083	1	100	10	500	0.0265913	0.00831486	0.00349326	0.0048216	0.0182764	0.991244	0.0159151	0.991723	0.0145149	1.66097e-05
10084	1	100	9	500	0.0255195	0.00730168	0.00274722	0.00455446	0.0182178	0.992697	0.014248	0.992738	0.0142669	1.56211e-05
10085	1	100	5	500	0.00984261	0.00426168	0.00286645	0.00139523	0.00558093	0.9958	0.00545765	0.996171	0.00529628	1.59714e-05
10086	1	100	8	500	0.00972923	0.00365388	0.00213504	0.00151884	0.00607535	0.995012	0.0118229	0.995012	0.0118229	1.68697e-05
10087	1	100	11	500	0.00805747	0.00393097	0.00289935	0.00103162	0.0041265	0.995854	0.0055637	0.995854	0.00556369	1.51649e-05
10088	1	100	6	500	0.00800215	0.00399786	0.00299679	0.00100107	0.00400429	0.996013	0.00388277	0.996013	0.00388276	1.50869e-05
10089	1	100	5	500	0.00586055	0.00326744	0.00260045	0.000666988	0.00259311	0.996426	0.00961512	0.996463	0.00960559	1.4714e-05
10090	1	100	5	500	0.00748842	0.00344812	0.00243804	0.00101008	0.0040403	0.996827	0.00600573	0.997057	0.006098	1.53296e-05
10091	1	100	7	500	0.00467986	0.00328195	0.00293247	0.000349478	0.00139791	0.996705	0.00295315	0.996705	0.00295314	1.51426e-05
10092	1	100	6	500	0.00510563	0.00410989	0.00386096	0.000248933	0.000995733	0.995595	0.00458613	0.995695	0.00457017	1.37775e-05
10093	1	100	5	500	0.0106391	0.0055282	0.00425047	0.00127773	0.00511091	0.994204	0.00873014	0.994204	0.00873014	1.3326e-05
10094	1	100	5	500	0.00949065	0.00562737	0.00466155	0.000965821	0.00386329	0.994314	0.00665611	0.994314	0.0066561	1.24062e-05
10095	1	100	4	500	0.00727562	0.00500264	0.0044344	0.000568243	0.00227297	0.995002	0.00388017	0.995002	0.00388115	1.3172e-05
10096	1	100	4	500	0.00481963	0.0039536	0.00373709	0.000216507	0.000866029	0.9957	0.00498942	0.995825	0.00494527	1.46523e-05
10097	1	100	4	500	0.0155718	0.00630502	0.00398833	0.0023167	0.00926678	0.993593	0.0135594	0.99374	0.0136217	1.43885e-05
10098	1	100	7	500	0.0398709	0.011415	0.00428757	0.00712741	0.028456	0.989542	0.0240337	0.989825	0.0241503	1.6532e-05
10099	1	100	8	500	0.0455573	0.0133756	0.00533016	0.00804543	0.0321817	0.987961	0.0253012	0.987961	0.0253012	1.5636e-05
10100	1	100	5	500	0.0345055	0.0104948	0.00449209	0.00600269	0.0240108	0.989873	0.0221212	0.989873	0.0221212	1.62876e-05
10101	1	100	7	500	0.0387821	0.0116249	0.00483562	0.0067893	0.0271572	0.98932	0.0235504	0.98936	0.0235578	1.6088e-05
