Generation	PopulationID	SampleSize	UniqueMutations	PopulationSize	totalLoad	RelzLoad	RelzLoadHomo	RelzLoadHetero	MskLoad	MeanFitness	SdFitness	MeanFitnessCached	SdFitnessCached	Heterozygosity	
10001	1	100	56	500	0.25602	0.225681	0.139713	0.0859678	0.0303396	0.791452	0.0586536	1.20477	0.0703709	4.86997e-05
10002	1	100	34	500	0.262302	0.233985	0.144135	0.0898496	0.0283174	0.78324	0.0606348	1.20629	0.0550061	4.97406e-05
10003	1	100	31	500	0.272315	0.232131	0.146871	0.0852608	0.0401838	0.786664	0.0609587	1.20131	0.0676052	4.72495e-05
10004	1	100	31	500	0.276648	0.248672	0.155345	0.0933271	0.0279767	0.773038	0.0527292	1.22571	0.061796	4.58967e-05
10005	1	100	30	500	0.157829	0.133355	0.0524128	0.080942	0.0244739	0.873511	0.0579263	1.10174	0.050025	4.06805e-05
10006	1	100	21	500	0.16621	0.140323	0.0568387	0.0834838	0.025888	0.866435	0.0565648	1.10571	0.0526397	4.0348e-05
10007	1	100	19	500	0.158943	0.132493	0.0538939	0.0785993	0.02645	0.8739	0.0453674	1.10022	0.0513053	3.88358e-05
10008	1	100	18	500	0.141146	0.123527	0.0607723	0.0627547	0.0176192	0.880673	0.0412717	1.09205	0.0414109	3.42035e-05
10009	1	100	16	500	0.137195	0.117237	0.051877	0.0653601	0.019958	0.886428	0.0379922	1.08685	0.0405795	3.59963e-05
10010	1	100	21	500	0.136182	0.116723	0.0514696	0.0652534	0.0194586	0.887414	0.0445371	1.08589	0.0434624	3.73007e-05
10011	1	100	14	500	0.146846	0.124133	0.0531938	0.0709396	0.0227129	0.881169	0.0449547	1.09159	0.0452575	3.88798e-05
10012	1	100	16	500	0.148214	0.121602	0.0472252	0.0743763	0.0266125	0.88251	0.0440537	1.08734	0.0493407	4.07488e-05
10013	1	100	16	500	0.166551	0.132783	0.0487184	0.0840642	0.0337685	0.875332	0.0484628	1.09435	0.0450467	4.28359e-05
10014	1	100	20	500	0.17231	0.136465	0.048934	0.087531	0.0358447	0.869872	0.0579941	1.09336	0.0494073	4.4532e-05
10015	1	100	15	500	0.193407	0.157401	0.0595304	0.0978707	0.0360058	0.8502	0.0662951	1.10557	0.0471517	4.68469e-05
10016	1	100	16	500	0.187009	0.150463	0.0546133	0.0958493	0.0365467	0.851467	0.0844921	1.09584	0.0562025	4.69639e-05
10017	1	100	15	500	0.189664	0.154955	0.056335	0.0986204	0.0347091	0.852341	0.0704557	1.10676	0.0497525	4.6274e-05
10018	1	100	19	500	0.197212	0.165097	0.061898	0.103199	0.0321148	0.846102	0.0647638	1.12013	0.0416595	4.70062e-05
10019	1	100	17	500	0.191451	0.154768	0.0558454	0.0989224	0.0366832	0.855383	0.0534749	1.11169	0.0539234	4.606e-05
10020	1	100	16	500	0.179955	0.153	0.0600944	0.0929059	0.0269547	0.847249	0.077763	1.09929	0.0475408	4.45943e-05
10021	1	100	17	500	0.211561	0.177997	0.0750255	0.102971	0.0335646	0.835582	0.0599514	1.1237	0.0416162	4.66405e-05
10022	1	100	14	500	0.207208	0.176945	0.0745077	0.102437	0.0302637	0.835525	0.070192	1.12202	0.043385	4.68244e-05
10023	1	100	15	500	0.206346	0.177398	0.0777904	0.0996076	0.0289483	0.836426	0.0667683	1.1241	0.0428876	4.56771e-05
10024	1	100	16	500	0.216793	0.187008	0.0865175	0.100491	0.0297845	0.819569	0.0842649	1.114	0.0449905	4.55152e-05
10025	1	100	16	500	0.207085	0.177666	0.0774053	0.10026	0.029419	0.834698	0.0663178	1.12201	0.0410601	4.62809e-05
10026	1	100	13	500	0.207912	0.177954	0.077398	0.100556	0.0299582	0.828719	0.0810742	1.11312	0.0446696	4.66532e-05
10027	1	100	11	500	0.216115	0.185609	0.0860718	0.0995368	0.030506	0.829302	0.0747422	1.12317	0.040385	4.6758e-05
10028	1	100	12	500	0.20529	0.175117	0.0768897	0.0982276	0.0301728	0.834077	0.0785591	1.11366	0.0421901	4.69652e-05
10029	1	100	12	500	0.197515	0.166586	0.0731974	0.0933888	0.030929	0.842799	0.0675055	1.11152	0.04238	4.46859e-05
10030	1	100	19	500	0.196729	0.166025	0.0702049	0.0958197	0.0307047	0.841274	0.0784615	1.10744	0.0421478	4.67305e-05
10031	1	100	16	500	0.205793	0.174021	0.0755943	0.0984265	0.031772	0.833359	0.0768824	1.10884	0.0426056	4.72829e-05
10032	1	100	15	500	0.198254	0.167104	0.071963	0.0951408	0.0311502	0.837226	0.0833891	1.102	0.0404094	4.66989e-05
10033	1	100	15	500	0.224652	0.191788	0.0918285	0.0999595	0.0328639	0.820773	0.0743811	1.11574	0.0460379	4.79508e-05
10034	1	100	16	500	0.230144	0.195509	0.0951971	0.100312	0.0346348	0.813445	0.0920523	1.1107	0.0408775	4.81583e-05
10035	1	100	17	500	0.223613	0.189251	0.0880148	0.101236	0.034362	0.82585	0.077943	1.12118	0.0404593	4.84451e-05
10036	1	100	17	500	0.228535	0.19664	0.0966527	0.0999873	0.0318946	0.81642	0.0853182	1.11899	0.0412736	4.83579e-05
10037	1	100	17	500	0.237181	0.206396	0.108311	0.0980849	0.0307859	0.806736	0.0905573	1.11865	0.0363054	4.74317e-05
10038	1	100	13	500	0.236615	0.206228	0.109506	0.0967222	0.0303871	0.807533	0.0906589	1.11876	0.0410133	4.73837e-05
10039	1	100	18	500	0.229994	0.198525	0.0985557	0.0999697	0.0314682	0.816442	0.082828	1.12227	0.0379978	4.84979e-05
10040	1	100	19	500	0.234323	0.202993	0.104097	0.0988959	0.0313294	0.807494	0.0905255	1.11528	0.0408228	4.84727e-05
10041	1	100	17	500	0.2104	0.178822	0.0792235	0.0995981	0.031578	0.828091	0.0915263	1.10722	0.0395925	5.03402e-05
10042	1	100	18	500	0.208298	0.174972	0.07503	0.0999418	0.0333259	0.833079	0.0865394	1.10846	0.0413979	5.03632e-05
10043	1	100	17	500	0.229635	0.194111	0.0930237	0.101088	0.0355237	0.819755	0.0793104	1.11858	0.0397038	4.96055e-05
10044	1	100	20	500	0.255913	0.216277	0.116558	0.0997192	0.0396356	0.795342	0.0941449	1.11245	0.03991	4.75187e-05
10045	1	100	19	500	0.26858	0.230381	0.13363	0.0967504	0.0381999	0.788053	0.0809808	1.12685	0.0400171	4.61804e-05
10046	1	100	19	500	0.289122	0.245091	0.151183	0.0939081	0.0440316	0.77142	0.0932074	1.11377	0.0378789	4.3533e-05
10047	1	100	22	500	0.290406	0.248736	0.157408	0.0913282	0.04167	0.770833	0.0856347	1.11958	0.0329005	4.25081e-05
10048	1	100	19	500	0.309647	0.275259	0.197919	0.0773404	0.0343875	0.743448	0.0911566	1.11363	0.0348286	3.63887e-05
10049	1	100	19	500	0.311721	0.277456	0.202721	0.0747352	0.0342646	0.742691	0.0914398	1.11378	0.0332794	3.63565e-05
10050	1	100	19	500	0.309044	0.270053	0.190548	0.0795048	0.0389908	0.750544	0.0919076	1.11318	0.0310627	3.83479e-05
10051	1	100	17	500	0.313496	0.282041	0.210566	0.0714747	0.0314551	0.738599	0.0876357	1.11335	0.0316329	3.46354e-05
10052	1	100	20	500	0.31284	0.281375	0.209056	0.0723193	0.0314648	0.742996	0.0834881	1.12037	0.0321907	3.49632e-05
10053	1	100	16	500	0.314916	0.288847	0.22152	0.0673266	0.0260688	0.731906	0.0828227	1.11148	0.0382586	3.28462e-05
10054	1	100	19	500	0.317057	0.277799	0.200805	0.0769934	0.0392583	0.744071	0.0891011	1.11324	0.0331236	3.74443e-05
10055	1	100	18	500	0.327198	0.295133	0.228521	0.0666129	0.0320648	0.725248	0.0841846	1.10984	0.0313662	3.21419e-05
10056	1	100	21	500	0.335542	0.294889	0.223825	0.0710632	0.040653	0.726022	0.0834255	1.10947	0.0355657	3.36928e-05
10057	1	100	18	500	0.326278	0.292199	0.223159	0.0690398	0.0340787	0.725922	0.0873017	1.10701	0.0341343	3.41618e-05
10058	1	100	19	500	0.34186	0.297812	0.229119	0.0686925	0.0440482	0.729191	0.0783823	1.1136	0.0306228	3.33289e-05
10059	1	100	17	500	0.34137	0.291983	0.217669	0.0743145	0.049387	0.733331	0.0805879	1.11008	0.034134	3.526e-05
10060	1	100	17	500	0.343757	0.294887	0.223017	0.0718697	0.04887	0.72874	0.0825253	1.10754	0.0350579	3.45542e-05
10061	1	100	19	500	0.344892	0.294475	0.221129	0.0733465	0.0504169	0.730125	0.083044	1.1084	0.0401839	3.46659e-05
10062	1	100	14	500	0.364969	0.317436	0.258472	0.0589646	0.0475325	0.711408	0.0724058	1.10727	0.0318499	2.8199e-05
10063	1	100	17	500	0.374547	0.329051	0.277753	0.0512977	0.0454961	0.699147	0.0699293	1.10003	0.0308885	2.48742e-05
10064	1	100	15	500	0.397022	0.346682	0.30371	0.0429714	0.0503406	0.68526	0.0644978	1.09273	0.0338143	2.02516e-05
10065	1	100	16	500	0.401018	0.339127	0.281654	0.0574724	0.0618914	0.693744	0.0831654	1.09348	0.0766279	2.66221e-05
10066	1	100	12	500	0.405606	0.344929	0.288341	0.0565876	0.0606768	0.687096	0.0909605	1.08544	0.0901215	2.51968e-05
10067	1	100	16	500	0.387413	0.325173	0.257209	0.067964	0.0622404	0.701416	0.0909775	1.09126	0.0762519	2.98198e-05
10068	1	100	18	500	0.394181	0.324768	0.254947	0.0698204	0.0694133	0.697237	0.101058	1.08175	0.0963567	3.0368e-05
10069	1	100	14	500	0.378591	0.313256	0.240196	0.0730603	0.0653351	0.711233	0.0831804	1.09568	0.0419597	3.27571e-05
10070	1	100	14	500	0.374979	0.307238	0.229641	0.0775969	0.0677412	0.725849	0.0824723	1.1125	0.0561075	3.49394e-05
10071	1	100	14	500	0.361195	0.28371	0.189935	0.0937743	0.0774855	0.742574	0.0909446	1.10461	0.0593024	4.1127e-05
10072	1	100	19	500	0.341887	0.277873	0.187358	0.0905156	0.0640134	0.745974	0.0845454	1.11851	0.0560233	4.21482e-05
10073	1	100	15	500	0.336861	0.271087	0.176794	0.0942929	0.0657744	0.750233	0.0819412	1.12817	0.0685157	4.44336e-05
10074	1	100	14	500	0.337885	0.265896	0.167429	0.0984667	0.0719892	0.757753	0.0862996	1.11966	0.058498	4.51305e-05
10075	1	100	17	500	0.325148	0.256959	0.157355	0.0996044	0.0681891	0.762889	0.0850755	1.12141	0.0650056	4.55545e-05
10076	1	100	17	500	0.301006	0.249942	0.154064	0.0958772	0.0510641	0.767285	0.078651	1.13386	0.0634947	4.63724e-05
10077	1	100	16	500	0.285115	0.240504	0.144832	0.0956718	0.0446102	0.777253	0.0808322	1.1294	0.0648418	4.59887e-05
10078	1	100	14	500	0.330878	0.271839	0.180713	0.0911262	0.0590386	0.750714	0.0826469	1.12671	0.0631604	4.36281e-05
10079	1	100	16	500	0.325302	0.27988	0.196535	0.0833449	0.0454228	0.744956	0.0793784	1.14227	0.068173	4.28128e-05
10080	1	100	15	500	0.342245	0.284081	0.198474	0.0856066	0.0581641	0.738825	0.0812253	1.1367	0.073557	4.34765e-05
10081	1	100	13	500	0.363017	0.294958	0.210221	0.0847366	0.0680589	0.731055	0.0751283	1.1492	0.0811318	4.39818e-05
10082	1	100	14	500	0.392955	0.308442	0.222954	0.0854881	0.0845127	0.719102	0.0784437	1.13977	0.0920001	4.39584e-05
10083	1	100	12	500	0.381504	0.305996	0.223785	0.0822113	0.0755074	0.72116	0.0798226	1.14817	0.0889793	4.38758e-05
10084	1	100	13	500	0.365576	0.296819	0.212382	0.0844375	0.0687574	0.724609	0.0734535	1.15309	0.0884459	4.52927e-05
10085	1	100	13	500	0.346505	0.286815	0.20017	0.0866446	0.0596899	0.733848	0.0734852	1.18123	0.0896167	4.4953e-05
10086	1	100	11	500	0.366041	0.298088	0.21344	0.0846483	0.0679525	0.725981	0.0714075	1.19173	0.0964484	4.42862e-05
10087	1	100	13	500	0.333673	0.301516	0.233899	0.0676175	0.0321573	0.718807	0.0616342	1.22608	0.0838411	4.00064e-05
10088	1	100	13	500	0.354895	0.319552	0.264127	0.0554248	0.0353434	0.707318	0.0544985	1.24238	0.0808121	4.25712e-05
10089	1	100	11	500	0.374311	0.327236	0.271507	0.0557285	0.047075	0.699088	0.0440441	1.24035	0.0752449	4.19661e-05
10090	1	100	11	500	0.365724	0.329255	0.281225	0.0480297	0.0364696	0.694417	0.0472226	1.24736	0.0845279	4.13127e-05
10091	1	100	12	500	0.375238	0.333545	0.288855	0.04469	0.0416924	0.689945	0.0408489	1.22001	0.0910084	4.3611e-05
10092	1	100	15	500	0.372679	0.324011	0.267311	0.0567004	0.0486677	0.700701	0.0487975	1.21346	0.0874885	4.48445e-05
10093	1	100	12	500	0.374199	0.327025	0.27326	0.0537659	0.047174	0.698381	0.0481799	1.21681	0.0873492	4.51119e-05
10094	1	100	15	500	0.393075	0.338029	0.289248	0.0487804	0.0550461	0.686113	0.0397315	1.21364	0.0882945	4.49731e-05
10095	1	100	16	500	0.384026	0.326106	0.264795	0.0613106	0.0579207	0.70602	0.055564	1.22514	0.076792	4.57578e-05
10096	1	100	14	500	0.398824	0.327583	0.257871	0.0697117	0.0712417	0.701561	0.0590688	1.20243	0.0832714	4.62394e-05
10097	1	100	16	500	0.405697	0.334848	0.270893	0.0639552	0.0708483	0.693024	0.070189	1.21562	0.099333	4.48493e-05
10098	1	100	15	500	0.379103	0.324888	0.263919	0.0609681	0.0542155	0.7049	0.0502486	1.23799	0.0750701	4.3959e-05
10099	1	100	14	500	0.371324	0.321086	0.261095	0.0599906	0.0502383	0.705866	0.0566451	1.21407	0.0854365	4.50865e-05
10100	1	100	12	500	0.38509	0.329738	0.274696	0.0550422	0.0553521	0.695469	0.0495989	1.22082	0.0914592	4.48943e-05
10101	1	100	15	500	0.388367	0.334828	0.283216	0.0516115	0.0535393	0.694379	0.0441559	1.23845	0.0825915	4.45049e-05
