Generation	PopulationID	SampleSize	UniqueMutations	PopulationSize	totalLoad	RelzLoad	RelzLoadHomo	RelzLoadHetero	MskLoad	MeanFitness	SdFitness	MeanFitnessCached	SdFitnessCached	Heterozygosity	
10001	1	100	45	500	0.258611	0.225151	0.169446	0.0557048	0.0334606	0.786703	0.0377821	1.21023	0.0545776	3.35217e-05
10002	1	100	31	500	0.246081	0.218656	0.171546	0.0471096	0.027425	0.793232	0.0334894	1.20917	0.04664	3.19961e-05
10003	1	100	29	500	0.245658	0.224784	0.176071	0.0487135	0.0208734	0.787467	0.0372575	1.2208	0.0527351	3.18729e-05
10004	1	100	27	500	0.227562	0.214452	0.171694	0.0427581	0.01311	0.796331	0.0365823	1.21428	0.0546826	2.98588e-05
10005	1	100	25	500	0.226558	0.21907	0.173645	0.0454256	0.00748728	0.792324	0.0387614	1.2231	0.0583418	2.99519e-05
10006	1	100	23	500	0.233516	0.222182	0.178697	0.0434849	0.0113345	0.789693	0.0359238	1.22301	0.0475646	2.97901e-05
10007	1	100	18	500	0.0872379	0.0775016	0.0320145	0.0454871	0.00973634	0.924257	0.0443128	1.07062	0.048062	2.95326e-05
10008	1	100	18	500	0.0841029	0.0764924	0.0300969	0.0463954	0.00761057	0.924693	0.0490058	1.07047	0.0542203	2.86487e-05
10009	1	100	18	500	0.0797329	0.070721	0.0252919	0.0454291	0.0090119	0.93068	0.046069	1.06389	0.0479825	2.92121e-05
10010	1	100	15	500	0.0818015	0.0707771	0.0265294	0.0442477	0.0110244	0.930255	0.0471642	1.06149	0.0453424	2.98513e-05
10011	1	100	15	500	0.0849655	0.0708686	0.0248503	0.0460183	0.0140968	0.931303	0.0403801	1.06011	0.0398519	2.93556e-05
10012	1	100	17	500	0.10356	0.0834848	0.0331462	0.0503387	0.020075	0.919352	0.059805	1.06492	0.0498879	2.97346e-05
10013	1	100	16	500	0.102178	0.0803798	0.0308528	0.0495269	0.0217986	0.923927	0.061319	1.05789	0.0463658	2.94341e-05
10014	1	100	17	500	0.0990861	0.0747688	0.0261856	0.0485832	0.0243173	0.929346	0.0615908	1.05477	0.053077	3.01115e-05
10015	1	100	18	500	0.108396	0.080354	0.0303169	0.0500371	0.0280418	0.920489	0.0674706	1.05381	0.0451849	3.07943e-05
10016	1	100	20	500	0.0848485	0.060953	0.0191662	0.0417868	0.0238955	0.941126	0.0477596	1.04372	0.0437254	2.92595e-05
10017	1	100	20	500	0.0970674	0.06455	0.0202938	0.0442562	0.0325175	0.938363	0.0525784	1.04328	0.049315	2.86877e-05
10018	1	100	19	500	0.0811247	0.0574793	0.0162235	0.0412558	0.0236454	0.944556	0.0538683	1.0407	0.0537003	2.78486e-05
10019	1	100	22	500	0.08555	0.0653484	0.0208935	0.0444549	0.0202017	0.935952	0.049145	1.05052	0.0487678	2.91562e-05
10020	1	100	23	500	0.0860761	0.061293	0.0186594	0.0426336	0.0247831	0.94013	0.0499278	1.04421	0.0494375	2.92985e-05
10021	1	100	20	500	0.0757738	0.0548946	0.0148475	0.0400472	0.0208792	0.946945	0.0486621	1.04067	0.0484977	2.8067e-05
10022	1	100	20	500	0.0629409	0.0469019	0.0118189	0.0350829	0.016039	0.953316	0.045399	1.0339	0.0479979	2.69946e-05
10023	1	100	20	500	0.0821741	0.0610423	0.0188435	0.0421989	0.0211318	0.942081	0.0552876	1.04506	0.0524249	2.87392e-05
10024	1	100	21	500	0.0789042	0.0566257	0.0167139	0.0399118	0.0222785	0.945467	0.052204	1.03888	0.0453685	2.89418e-05
10025	1	100	19	500	0.0931158	0.0688953	0.0236177	0.0452776	0.0242205	0.933903	0.0515544	1.05084	0.0476768	3.07457e-05
10026	1	100	24	500	0.0958082	0.0676579	0.0223109	0.045347	0.0281504	0.936285	0.0485342	1.04737	0.0477034	3.12241e-05
10027	1	100	24	500	0.100197	0.0675684	0.0214183	0.0461501	0.0326285	0.936751	0.0529014	1.04055	0.0553263	2.98239e-05
10028	1	100	19	500	0.104887	0.0733006	0.0246285	0.0486721	0.0315859	0.929103	0.067406	1.04355	0.047807	3.11692e-05
10029	1	100	18	500	0.0700722	0.0467684	0.0112406	0.0355278	0.0233037	0.954313	0.0474229	1.02748	0.0487784	2.80464e-05
10030	1	100	18	500	0.0796549	0.0553068	0.0152883	0.0400185	0.0243481	0.947931	0.0501292	1.0368	0.0470441	2.90637e-05
10031	1	100	17	500	0.078637	0.0589102	0.0183527	0.0405575	0.0197268	0.943897	0.047802	1.04404	0.0456657	2.9512e-05
10032	1	100	19	500	0.071893	0.0531811	0.0147783	0.0384029	0.0187119	0.949227	0.0486736	1.03724	0.0403766	2.72178e-05
10033	1	100	22	500	0.0722341	0.0528989	0.0143592	0.0385397	0.0193352	0.948245	0.062908	1.03314	0.0466026	2.45669e-05
10034	1	100	23	500	0.0825272	0.0617108	0.0185453	0.0431654	0.0208164	0.941273	0.0563588	1.04334	0.04624	2.5808e-05
10035	1	100	22	500	0.0743355	0.0566662	0.0159879	0.0406783	0.0176693	0.945883	0.0552297	1.04253	0.0530559	2.31509e-05
10036	1	100	21	500	0.0995821	0.0762225	0.0280649	0.0481576	0.0233596	0.926287	0.0580836	1.05647	0.0471123	2.68482e-05
10037	1	100	23	500	0.115019	0.0858924	0.0339504	0.051942	0.0291265	0.917683	0.0606252	1.06058	0.0498511	2.88889e-05
10038	1	100	22	500	0.128146	0.0958402	0.0425121	0.0533281	0.0323054	0.906283	0.0690403	1.0626	0.0490455	2.92913e-05
10039	1	100	19	500	0.122322	0.0985089	0.0464603	0.0520485	0.0238136	0.903222	0.064573	1.07088	0.05205	2.89036e-05
10040	1	100	20	500	0.140151	0.112492	0.0587121	0.0537802	0.027659	0.892439	0.0762528	1.07775	0.0573252	3.02988e-05
10041	1	100	17	500	0.156027	0.125856	0.0716471	0.0542089	0.0301712	0.880588	0.0765885	1.08335	0.0563983	3.04948e-05
10042	1	100	21	500	0.153572	0.122417	0.0657105	0.0567068	0.0311552	0.883823	0.0769829	1.08349	0.0557899	3.07815e-05
10043	1	100	20	500	0.137849	0.108055	0.0490978	0.0589569	0.0297939	0.89951	0.0637448	1.07862	0.053575	3.03694e-05
10044	1	100	17	500	0.148105	0.115438	0.0543513	0.0610865	0.0326667	0.889481	0.0785779	1.07619	0.0560051	3.18025e-05
10045	1	100	18	500	0.147853	0.114318	0.0550024	0.0593154	0.0335349	0.892941	0.0731297	1.07687	0.0547672	3.20933e-05
10046	1	100	15	500	0.13035	0.100417	0.0430737	0.0573432	0.0299327	0.904502	0.0571509	1.0732	0.0510314	3.28689e-05
10047	1	100	13	500	0.124719	0.0962007	0.0405437	0.055657	0.0285179	0.908132	0.0692567	1.06511	0.0523555	3.16154e-05
10048	1	100	13	500	0.137427	0.105439	0.0497952	0.0556435	0.031988	0.902738	0.0656473	1.07323	0.0542708	3.35736e-05
10049	1	100	13	500	0.139917	0.10766	0.0514247	0.0562356	0.0322566	0.897068	0.0675528	1.07129	0.0522383	3.37078e-05
10050	1	100	14	500	0.168914	0.1314	0.0780463	0.0533541	0.0375134	0.874123	0.0786216	1.07444	0.0437792	3.41764e-05
10051	1	100	13	500	0.179163	0.141543	0.0908846	0.0506587	0.0376192	0.868765	0.0707188	1.08806	0.0458597	3.41205e-05
10052	1	100	12	500	0.200712	0.156139	0.104683	0.0514561	0.0445727	0.855705	0.0773811	1.08739	0.0489257	3.4867e-05
10053	1	100	13	500	0.207608	0.157612	0.104056	0.0535553	0.0499961	0.851673	0.0868716	1.07808	0.0530273	3.44389e-05
10054	1	100	13	500	0.210238	0.160266	0.107391	0.0528751	0.0499719	0.851739	0.0760547	1.09077	0.0543035	3.40091e-05
10055	1	100	14	500	0.218831	0.169348	0.119955	0.0493933	0.0494833	0.842919	0.0754068	1.10228	0.058615	3.39505e-05
10056	1	100	15	500	0.191282	0.149144	0.0984936	0.0506505	0.0421376	0.860614	0.0664554	1.10275	0.0529859	3.54941e-05
10057	1	100	12	500	0.189061	0.146874	0.0962049	0.0506692	0.0421869	0.85988	0.0627749	1.10052	0.0507294	3.60297e-05
10058	1	100	14	500	0.212232	0.167184	0.119848	0.0473362	0.0450482	0.841696	0.0702205	1.10916	0.0504422	3.48136e-05
10059	1	100	12	500	0.218917	0.174394	0.130621	0.0437729	0.0445229	0.837755	0.0596907	1.1196	0.053725	3.51537e-05
10060	1	100	17	500	0.20929	0.164595	0.116254	0.0483413	0.0446952	0.844527	0.0629515	1.11476	0.0529792	3.45932e-05
10061	1	100	14	500	0.205537	0.165853	0.119423	0.0464302	0.0396834	0.844312	0.0558101	1.11946	0.0416924	3.3679e-05
10062	1	100	16	500	0.219553	0.178303	0.136212	0.0420911	0.0412495	0.834504	0.0526163	1.12827	0.0476298	3.30043e-05
10063	1	100	15	500	0.222358	0.183395	0.142837	0.0405585	0.0389624	0.831489	0.0545517	1.13114	0.044826	2.99463e-05
10064	1	100	14	500	0.253996	0.210935	0.181349	0.0295867	0.0430606	0.806034	0.0557305	1.13434	0.0510877	2.83639e-05
10065	1	100	13	500	0.256155	0.212033	0.183144	0.0288888	0.044122	0.800891	0.0567459	1.12819	0.0505797	2.88241e-05
10066	1	100	17	500	0.262539	0.218444	0.189845	0.0285998	0.0440951	0.799628	0.0578061	1.12797	0.0532508	2.85833e-05
10067	1	100	16	500	0.253833	0.211064	0.180032	0.0310322	0.042769	0.806918	0.055202	1.13166	0.0510954	2.83878e-05
10068	1	100	17	500	0.255316	0.212248	0.181056	0.0311919	0.0430684	0.805354	0.0586791	1.12831	0.0520783	2.77766e-05
10069	1	100	14	500	0.258214	0.216074	0.187072	0.0290023	0.0421399	0.796925	0.0614338	1.123	0.0544839	2.68143e-05
10070	1	100	18	500	0.255966	0.210911	0.1774	0.0335118	0.0450546	0.801214	0.0684414	1.1168	0.0562853	2.97751e-05
10071	1	100	16	500	0.261837	0.214082	0.182285	0.0317966	0.0477552	0.802645	0.0569759	1.1258	0.0500218	3.02608e-05
10072	1	100	17	500	0.26775	0.218222	0.188069	0.0301533	0.0495284	0.798472	0.0520496	1.12601	0.0545726	2.95506e-05
10073	1	100	16	500	0.269244	0.220692	0.188164	0.0325281	0.0485515	0.795003	0.0682662	1.11291	0.0612346	3.01213e-05
10074	1	100	16	500	0.281568	0.238875	0.211508	0.0273673	0.0426925	0.784041	0.0647178	1.10959	0.0638958	2.64397e-05
10075	1	100	19	500	0.269493	0.227069	0.196279	0.0307899	0.0424239	0.790978	0.0726324	1.10967	0.0642099	2.79241e-05
10076	1	100	15	500	0.267037	0.221565	0.188769	0.0327955	0.0454725	0.79802	0.0678192	1.11589	0.0598763	2.85017e-05
10077	1	100	15	500	0.275015	0.228596	0.201425	0.0271718	0.0464182	0.791667	0.0581944	1.12398	0.0565651	2.7754e-05
10078	1	100	17	500	0.281121	0.23413	0.207714	0.0264156	0.0469906	0.784224	0.0612247	1.11641	0.0610368	2.64879e-05
10079	1	100	17	500	0.288797	0.23338	0.205393	0.0279868	0.0554176	0.78622	0.0561499	1.11947	0.0593158	2.90161e-05
10080	1	100	19	500	0.29508	0.238626	0.212412	0.0262148	0.0564534	0.786018	0.0521643	1.1247	0.0564261	2.91469e-05
10081	1	100	13	500	0.180808	0.123656	0.0986655	0.0249909	0.0571515	0.884795	0.0525831	1.01212	0.0527008	3.01111e-05
10082	1	100	17	500	0.176353	0.119335	0.0935233	0.0258114	0.0570188	0.882937	0.0524037	1.00767	0.0568765	3.12618e-05
10083	1	100	18	500	0.199311	0.140323	0.116524	0.0237996	0.0589879	0.870166	0.0584105	0.999687	0.0548196	2.7839e-05
10084	1	100	13	500	0.187008	0.139409	0.116806	0.0226028	0.0475993	0.863837	0.0648733	0.98749	0.0578012	2.83432e-05
10085	1	100	12	500	0.177471	0.127126	0.104168	0.0229588	0.0503447	0.875849	0.0595425	1.00292	0.0552051	3.03516e-05
10086	1	100	11	500	0.184536	0.13651	0.114411	0.0220993	0.0480259	0.874402	0.0577067	1.0027	0.0626801	2.87004e-05
10087	1	100	11	500	0.180259	0.12968	0.106607	0.0230728	0.050579	0.877194	0.06002	1.00384	0.0559203	2.94586e-05
10088	1	100	13	500	0.180743	0.131448	0.110131	0.0213171	0.0492949	0.874946	0.0592684	1.00528	0.0548478	2.85324e-05
10089	1	100	10	500	0.183786	0.136582	0.11561	0.020972	0.0472048	0.863579	0.0596837	0.992297	0.0620096	2.80277e-05
10090	1	100	10	500	0.181312	0.135027	0.115248	0.0197791	0.0462854	0.877094	0.0576235	1.00998	0.0549365	2.74782e-05
10091	1	100	13	500	0.175955	0.121952	0.0968432	0.0251086	0.0540028	0.880097	0.0598092	1.00368	0.056603	3.13243e-05
10092	1	100	11	500	0.172872	0.122453	0.098292	0.0241607	0.050419	0.875287	0.0598519	0.998228	0.0543548	3.15799e-05
10093	1	100	12	500	0.171625	0.120041	0.0950129	0.0250282	0.0515839	0.88076	0.0590476	1.00284	0.055131	3.14353e-05
10094	1	100	11	500	0.165553	0.114837	0.0897407	0.0250963	0.050716	0.888937	0.0547662	1.01135	0.0527693	3.20901e-05
10095	1	100	10	500	0.165618	0.117329	0.0951644	0.022165	0.0482886	0.885655	0.051935	1.01491	0.0520396	3.0463e-05
10096	1	100	14	500	0.176472	0.128938	0.107247	0.0216911	0.0475333	0.878681	0.0593639	1.00782	0.0542507	2.9233e-05
10097	1	100	11	500	0.168759	0.117818	0.0924702	0.0253482	0.0509402	0.884443	0.0562986	1.00571	0.0569198	3.27202e-05
10098	1	100	15	500	0.173055	0.121262	0.0970204	0.024242	0.0517926	0.883766	0.0590411	1.00856	0.0505521	3.24174e-05
10099	1	100	16	500	0.180127	0.129441	0.107836	0.0216053	0.0506858	0.872649	0.0585285	1.00313	0.0584052	3.05514e-05
10100	1	100	18	500	0.194508	0.139251	0.116793	0.0224584	0.0552572	0.865806	0.0576121	0.996568	0.0616872	2.8877e-05
10101	1	100	16	500	0.203243	0.151144	0.131006	0.0201382	0.0520984	0.856143	0.0633398	0.988559	0.0589099	2.70858e-05
