Generation	PopulationID	SampleSize	UniqueMutations	PopulationSize	totalLoad	RelzLoad	RelzLoadHomo	RelzLoadHetero	MskLoad	MeanFitness	SdFitness	MeanFitnessCached	SdFitnessCached	Heterozygosity	
10001	1	100	51	500	0.224852	0.193551	0.0810717	0.112479	0.031301	0.818791	0.0627579	1.18339	0.0717636	2.95252e-05
10002	1	100	42	500	0.230124	0.201066	0.0756452	0.125421	0.0290581	0.814044	0.0541111	1.19369	0.0742195	3.20879e-05
10003	1	100	42	500	0.241249	0.210239	0.0834529	0.126787	0.0310094	0.802586	0.0734719	1.19033	0.0762193	3.22952e-05
10004	1	100	30	500	0.236943	0.207683	0.0801353	0.127548	0.0292599	0.805868	0.0588615	1.19442	0.0634745	3.26243e-05
10005	1	100	29	500	0.238033	0.21471	0.0923957	0.122314	0.0233232	0.800193	0.0658998	1.20571	0.0741974	3.19416e-05
10006	1	100	29	500	0.271885	0.238177	0.10821	0.129968	0.033708	0.784158	0.0658659	1.22327	0.0850666	3.27122e-05
10007	1	100	24	500	0.241497	0.208164	0.0849797	0.123184	0.0333329	0.808444	0.0642732	1.19477	0.0822045	3.3157e-05
10008	1	100	21	500	0.248119	0.220496	0.0935901	0.126906	0.0276231	0.800095	0.0751439	1.20038	0.0886098	3.52693e-05
10009	1	100	20	500	0.242632	0.218727	0.0936289	0.125098	0.0239047	0.796803	0.0771297	1.20538	0.0963222	3.49618e-05
10010	1	100	23	500	0.241758	0.2169	0.0844889	0.132411	0.0248583	0.800644	0.078697	1.20098	0.0866144	3.63444e-05
10011	1	100	21	500	0.26073	0.237396	0.102853	0.134544	0.0233336	0.78102	0.0688936	1.22567	0.0804791	3.3531e-05
10012	1	100	22	500	0.244229	0.220291	0.0929478	0.127343	0.0239383	0.799108	0.0658599	1.21088	0.0785202	3.4575e-05
10013	1	100	18	500	0.233399	0.212157	0.0838917	0.128266	0.0212416	0.804832	0.069887	1.20539	0.0849679	3.57601e-05
10014	1	100	21	500	0.219682	0.199776	0.0805157	0.11926	0.0199058	0.815414	0.0564875	1.19452	0.0762117	3.47437e-05
10015	1	100	20	500	0.229832	0.21352	0.0950602	0.118459	0.0163128	0.802035	0.0739548	1.21221	0.0950824	3.32196e-05
10016	1	100	18	500	0.214678	0.199372	0.0812784	0.118093	0.0153061	0.814727	0.0681401	1.19836	0.0897257	3.52048e-05
10017	1	100	22	500	0.22804	0.211882	0.0882852	0.123597	0.0161574	0.803082	0.0695503	1.21002	0.08522	3.50158e-05
10018	1	100	21	500	0.227697	0.215237	0.091509	0.123728	0.01246	0.802002	0.0722773	1.2208	0.100002	3.42961e-05
10019	1	100	19	500	0.240101	0.228532	0.104608	0.123924	0.0115692	0.789182	0.067057	1.23453	0.0954407	3.30848e-05
10020	1	100	13	500	0.226162	0.218085	0.0992653	0.11882	0.0080771	0.799245	0.0658503	1.2264	0.0942793	3.27207e-05
10021	1	100	17	500	0.230876	0.220369	0.101793	0.118576	0.010507	0.797648	0.0725767	1.22631	0.101819	3.18558e-05
10022	1	100	16	500	0.205865	0.194985	0.0835531	0.111431	0.0108807	0.819527	0.0673114	1.19495	0.090596	3.40143e-05
10023	1	100	15	500	0.221967	0.209808	0.104556	0.105252	0.0121588	0.805387	0.06294	1.20799	0.0868743	3.0678e-05
10024	1	100	20	500	0.226042	0.209971	0.0980164	0.111954	0.016071	0.805803	0.0699044	1.2086	0.103857	3.22811e-05
10025	1	100	17	500	0.213336	0.200187	0.0925863	0.1076	0.0131494	0.814927	0.0746534	1.19875	0.0961495	3.28134e-05
10026	1	100	17	500	0.232507	0.21609	0.114693	0.101398	0.016417	0.801467	0.0661684	1.21248	0.086631	2.95738e-05
10027	1	100	20	500	0.23401	0.212363	0.114851	0.0975119	0.0216467	0.804044	0.0742127	1.20349	0.0899971	2.84374e-05
10028	1	100	18	500	0.229455	0.217632	0.131742	0.0858899	0.011823	0.800321	0.0674468	1.21709	0.0868009	2.45026e-05
10029	1	100	17	500	0.220295	0.208751	0.123936	0.0848147	0.0115438	0.807839	0.0623926	1.20663	0.0781841	2.60742e-05
10030	1	100	18	500	0.22969	0.214885	0.126604	0.088281	0.0148053	0.802615	0.0753279	1.21038	0.0947265	2.6698e-05
10031	1	100	15	500	0.231886	0.21892	0.120474	0.0984467	0.0129657	0.797574	0.0713399	1.21711	0.0966823	2.75518e-05
10032	1	100	18	500	0.259149	0.243037	0.14481	0.0982274	0.0161122	0.779848	0.0695378	1.2455	0.0948975	2.57601e-05
10033	1	100	20	500	0.25422	0.237493	0.145109	0.0923845	0.0167269	0.783136	0.0655955	1.23567	0.0925653	2.54694e-05
10034	1	100	17	500	0.239713	0.23041	0.150776	0.079634	0.0093035	0.787624	0.0585735	1.22628	0.0778472	2.52623e-05
10035	1	100	16	500	0.23813	0.22925	0.157802	0.0714475	0.00888029	0.789796	0.0611263	1.22487	0.0788147	2.39444e-05
10036	1	100	16	500	0.252907	0.242756	0.165655	0.0771005	0.010151	0.779271	0.0636384	1.24198	0.0850368	2.28346e-05
10037	1	100	20	500	0.258234	0.245091	0.159899	0.0851916	0.0131438	0.776002	0.0604486	1.24145	0.0827148	2.45038e-05
10038	1	100	18	500	0.27328	0.255293	0.171728	0.0835649	0.0179869	0.769727	0.0610229	1.25025	0.0818481	2.37087e-05
10039	1	100	12	500	0.220712	0.199712	0.11228	0.0874329	0.0209996	0.813655	0.0744309	1.17695	0.0830995	2.46674e-05
10040	1	100	15	500	0.218121	0.1977	0.111351	0.0863493	0.0204204	0.814934	0.0752124	1.17331	0.091742	2.4878e-05
10041	1	100	14	500	0.236679	0.214595	0.139554	0.0750413	0.0220837	0.800876	0.0620237	1.19214	0.0674113	2.12139e-05
10042	1	100	15	500	0.233624	0.205296	0.130564	0.074732	0.0283275	0.808875	0.0685208	1.17474	0.0769213	2.29137e-05
10043	1	100	12	500	0.248524	0.212813	0.145295	0.0675177	0.0357112	0.800168	0.0676816	1.16628	0.078947	2.0619e-05
10044	1	100	18	500	0.279121	0.234615	0.182546	0.0520695	0.0445059	0.780232	0.0759094	1.16111	0.0908713	1.61624e-05
10045	1	100	13	500	0.268866	0.227934	0.17316	0.0547738	0.0409317	0.787099	0.0739508	1.16429	0.0925917	1.75148e-05
10046	1	100	14	500	0.272382	0.230769	0.179015	0.0517541	0.0416123	0.788853	0.062477	1.17096	0.0738176	1.68882e-05
10047	1	100	17	500	0.25674	0.220134	0.16878	0.0513545	0.0366057	0.79527	0.0629371	1.17065	0.0751724	1.7638e-05
10048	1	100	16	500	0.284876	0.241904	0.194737	0.0471664	0.0429721	0.779805	0.0623075	1.17683	0.0778334	1.53161e-05
10049	1	100	13	500	0.300488	0.253064	0.215072	0.0379924	0.0474237	0.76532	0.0729397	1.15873	0.0978839	1.3717e-05
10050	1	100	11	500	0.296116	0.248851	0.216184	0.0326663	0.0472653	0.776034	0.064393	1.161	0.0813035	1.32527e-05
10051	1	100	11	500	0.292427	0.246209	0.213557	0.0326514	0.0462185	0.776108	0.0658948	1.16126	0.0822974	1.37008e-05
10052	1	100	10	500	0.275336	0.234362	0.193285	0.041077	0.0409739	0.785715	0.0597824	1.17363	0.0723887	1.614e-05
10053	1	100	13	500	0.271851	0.234615	0.193542	0.041073	0.0372355	0.783257	0.0571704	1.18052	0.0723915	1.57079e-05
10054	1	100	17	500	0.289522	0.24456	0.200238	0.0443223	0.0449614	0.775127	0.0623859	1.17702	0.0804121	1.7027e-05
10055	1	100	13	500	0.277839	0.237355	0.190662	0.0466928	0.0404836	0.783559	0.0526951	1.18134	0.06628	1.77547e-05
10056	1	100	13	500	0.275943	0.232491	0.173525	0.0589662	0.0434517	0.781225	0.0820223	1.16297	0.103088	2.03205e-05
10057	1	100	15	500	0.256638	0.219153	0.152983	0.0661692	0.0374856	0.799198	0.0758413	1.1757	0.100427	2.20244e-05
10058	1	100	17	500	0.261	0.227603	0.172292	0.0553107	0.033397	0.790234	0.0602926	1.18759	0.0753862	1.93698e-05
10059	1	100	13	500	0.260159	0.225848	0.17985	0.0459985	0.0343107	0.789034	0.0576603	1.17912	0.0742054	1.82127e-05
10060	1	100	15	500	0.256987	0.231457	0.192055	0.0394018	0.0255298	0.785825	0.0431594	1.19641	0.054028	1.58546e-05
10061	1	100	15	500	0.243054	0.214627	0.167353	0.0472742	0.0284264	0.801887	0.0588504	1.18013	0.0629214	2.02292e-05
10062	1	100	18	500	0.249735	0.221481	0.174578	0.0469027	0.028254	0.794873	0.0572654	1.1854	0.0652154	1.91674e-05
10063	1	100	17	500	0.259361	0.227918	0.175726	0.0521926	0.0314424	0.79047	0.067082	1.19089	0.0853988	2.04538e-05
10064	1	100	13	500	0.244537	0.217594	0.168851	0.0487425	0.0269434	0.797726	0.0654437	1.17873	0.0736999	2.115e-05
10065	1	100	13	500	0.237366	0.210535	0.148895	0.0616397	0.0268314	0.806493	0.0737647	1.17854	0.0828618	2.3989e-05
10066	1	100	16	500	0.255001	0.220311	0.155931	0.0643802	0.0346895	0.799224	0.0781668	1.17945	0.0949168	2.4361e-05
10067	1	100	13	500	0.243194	0.205078	0.13772	0.0673579	0.038116	0.808565	0.0904532	1.15143	0.106558	2.59694e-05
10068	1	100	16	500	0.293255	0.251772	0.189412	0.0623602	0.0414835	0.768557	0.0836519	1.19113	0.111452	2.14168e-05
10069	1	100	17	500	0.291865	0.239899	0.182044	0.0578552	0.0519657	0.78498	0.0733384	1.17736	0.0904017	2.18467e-05
10070	1	100	14	500	0.329548	0.26928	0.204465	0.064815	0.0602673	0.747843	0.098906	1.18118	0.151256	1.9981e-05
10071	1	100	15	500	0.329549	0.268356	0.200252	0.0681044	0.0611926	0.763094	0.0747731	1.20869	0.10095	2.1091e-05
10072	1	100	16	500	0.373074	0.310033	0.235266	0.0747678	0.0630409	0.722915	0.0793367	1.24788	0.135728	1.87942e-05
10073	1	100	15	500	0.414611	0.337354	0.260795	0.0765587	0.0772571	0.705793	0.0658066	1.26622	0.12656	1.7685e-05
10074	1	100	14	500	0.401913	0.343318	0.274043	0.069275	0.0585951	0.700222	0.0622465	1.29174	0.107798	1.79395e-05
10075	1	100	16	500	0.409577	0.349682	0.2755	0.074182	0.0598947	0.696449	0.0687424	1.30287	0.11471	1.97506e-05
10076	1	100	18	500	0.444138	0.354224	0.270245	0.083979	0.0899141	0.682674	0.116454	1.26516	0.202635	1.97447e-05
10077	1	100	18	500	0.435873	0.371482	0.303473	0.068009	0.0643902	0.67785	0.0658785	1.32539	0.118508	1.75548e-05
10078	1	100	15	500	0.43606	0.37065	0.302412	0.0682379	0.06541	0.665621	0.120217	1.30918	0.216987	1.81619e-05
10079	1	100	18	500	0.40728	0.376148	0.326343	0.0498046	0.0311322	0.67265	0.0561616	1.35943	0.0816714	1.54296e-05
10080	1	100	16	500	0.412202	0.372249	0.315742	0.0565068	0.0399535	0.67453	0.0605834	1.34517	0.0954776	1.71525e-05
10081	1	100	16	500	0.436744	0.384385	0.329714	0.0546706	0.0523589	0.666291	0.0492604	1.34757	0.0924019	1.51634e-05
10082	1	100	9	500	0.212793	0.151755	0.0953312	0.056424	0.0610381	0.853394	0.0653054	1.1079	0.0790759	1.54172e-05
10083	1	100	9	500	0.193823	0.141381	0.0851117	0.0562694	0.0524422	0.863297	0.0559746	1.10733	0.0738967	1.45932e-05
10084	1	100	6	500	0.216242	0.1469	0.0859085	0.0609913	0.0693422	0.845365	0.126388	1.08398	0.15155	1.51997e-05
10085	1	100	7	500	0.198723	0.144556	0.0888144	0.0557414	0.0541668	0.854639	0.0923507	1.10545	0.117685	1.29541e-05
10086	1	100	8	500	0.177394	0.12511	0.0654887	0.0596211	0.0522837	0.878446	0.0757943	1.09203	0.0836694	1.41865e-05
10087	1	100	12	500	0.168536	0.110871	0.049104	0.0617675	0.0576642	0.893484	0.0731904	1.07392	0.0902324	1.51605e-05
10088	1	100	10	500	0.122618	0.101706	0.0490502	0.0526553	0.0209125	0.898444	0.0635123	1.08816	0.0734642	1.26138e-05
10089	1	100	8	500	0.140169	0.115886	0.0633173	0.0525685	0.0242831	0.885404	0.0720905	1.10004	0.0725885	1.19742e-05
10090	1	100	11	500	0.168603	0.122413	0.0641723	0.0582412	0.0461896	0.880548	0.0636013	1.09311	0.0773747	1.30848e-05
10091	1	100	8	500	0.172919	0.120875	0.0608035	0.0600712	0.0520447	0.883146	0.06828	1.08744	0.082499	1.27985e-05
10092	1	100	9	500	0.1999	0.124336	0.0580241	0.0663117	0.0755646	0.858817	0.171094	1.04971	0.20143	1.2871e-05
10093	1	100	9	500	0.162302	0.122537	0.0663224	0.0562143	0.0397648	0.879267	0.0625803	1.09769	0.0820957	1.10126e-05
10094	1	100	8	500	0.158456	0.12659	0.0736189	0.0529713	0.0318653	0.874954	0.0773453	1.10553	0.0816889	1.06797e-05
10095	1	100	11	500	0.133899	0.104128	0.0492582	0.0548694	0.0297712	0.896983	0.0590041	1.08547	0.0763455	1.15849e-05
10096	1	100	10	500	0.08906	0.0725175	0.0249983	0.0475191	0.0165425	0.927897	0.065978	1.0617	0.0688088	1.36646e-05
10097	1	100	10	500	0.121332	0.0915359	0.0375367	0.0539992	0.0297963	0.909286	0.0756783	1.07094	0.0694512	1.51462e-05
10098	1	100	12	500	0.117602	0.0893048	0.0359574	0.0533474	0.028297	0.912285	0.060433	1.07111	0.0616273	1.64309e-05
10099	1	100	11	500	0.1195	0.0935569	0.0401371	0.0534197	0.0259434	0.906681	0.0713743	1.07597	0.0701196	1.40229e-05
10100	1	100	12	500	0.141023	0.103128	0.0463032	0.0568251	0.0378946	0.885441	0.136889	1.06651	0.151905	1.5582e-05
10101	1	100	12	500	0.140692	0.10441	0.0479352	0.0564749	0.0362821	0.897321	0.0700527	1.0821	0.0849624	1.592e-05
