Generation	PopulationID	SampleSize	UniqueMutations	PopulationSize	totalLoad	RelzLoad	RelzLoadHomo	RelzLoadHetero	MskLoad	MeanFitness	SdFitness	MeanFitnessCached	SdFitnessCached	Heterozygosity	
10001	1	100	46	500	0.0288799	0.0181062	0.001377	0.0167292	0.0107737	0.979772	0.0315874	1.01337	0.031971	3.73728e-05
10002	1	100	34	500	0.0268686	0.0177931	0.00163433	0.0161588	0.00907545	0.981659	0.0314414	1.01221	0.0331908	3.8141e-05
10003	1	100	28	500	0.0396816	0.0278008	0.00422187	0.0235789	0.0118809	0.971895	0.0393742	1.02037	0.0406164	3.98218e-05
10004	1	100	26	500	0.0509212	0.0383728	0.00836012	0.0300126	0.0125485	0.961786	0.0476504	1.03119	0.0504692	3.99974e-05
10005	1	100	19	500	0.0593526	0.0480665	0.0137834	0.0342831	0.0112861	0.952112	0.0516347	1.04192	0.055553	3.72702e-05
10006	1	100	16	500	0.0478863	0.0409713	0.0103729	0.0305984	0.00691505	0.959136	0.0471762	1.03673	0.0478296	3.61819e-05
10007	1	100	18	500	0.0444178	0.0385129	0.00923236	0.0292806	0.00590485	0.961801	0.0450848	1.03508	0.0458838	3.58207e-05
10008	1	100	10	500	0.0432006	0.0357068	0.00790807	0.0277987	0.00749379	0.964633	0.0399597	1.03093	0.0412218	3.63842e-05
10009	1	100	12	500	0.0621087	0.0491708	0.0141604	0.0350104	0.012938	0.951405	0.0511619	1.04151	0.0538446	3.57567e-05
10010	1	100	10	500	0.0734914	0.05109	0.0139657	0.0371242	0.0224015	0.949504	0.044383	1.03841	0.0451597	3.54671e-05
10011	1	100	12	500	0.062315	0.0540118	0.0180694	0.0359424	0.00830317	0.946523	0.0524197	1.04857	0.0548812	3.49546e-05
10012	1	100	7	500	0.0695286	0.0639597	0.0259015	0.0380583	0.00556885	0.936064	0.0535335	1.06028	0.0554827	3.35212e-05
10013	1	100	11	500	0.0751087	0.0730508	0.0347227	0.0383281	0.00205792	0.926731	0.0493329	1.07148	0.0496095	3.21164e-05
10014	1	100	8	500	0.0740952	0.0732737	0.0352293	0.0380445	0.000821495	0.926372	0.0520341	1.07267	0.0518545	3.228e-05
10015	1	100	9	500	0.0697684	0.0688476	0.0308687	0.037979	0.000920797	0.930907	0.052411	1.06771	0.0528331	3.32627e-05
10016	1	100	10	500	0.088485	0.0749709	0.0337525	0.0412184	0.0135141	0.925795	0.0611911	1.06717	0.0548932	3.28202e-05
10017	1	100	9	500	0.0900664	0.0808817	0.0407355	0.0401462	0.00918475	0.91943	0.0464641	1.07572	0.0460745	3.10578e-05
10018	1	100	8	500	0.0915681	0.0782192	0.0369979	0.0412213	0.0133489	0.922364	0.0583117	1.07051	0.0519312	3.15473e-05
10019	1	100	9	500	0.110445	0.0842396	0.0397848	0.0444548	0.0262057	0.916896	0.0626273	1.06901	0.0613797	3.18619e-05
10020	1	100	9	500	0.0942668	0.0809614	0.039561	0.0414004	0.0133054	0.919553	0.0588413	1.07352	0.0568546	3.1809e-05
10021	1	100	8	500	0.0944557	0.0826765	0.0419326	0.0407439	0.0117792	0.917319	0.0521544	1.0762	0.0524421	3.17641e-05
10022	1	100	11	500	0.10356	0.0849354	0.0422293	0.0427061	0.018625	0.915741	0.0583806	1.07472	0.0548312	3.14464e-05
10023	1	100	11	500	0.105209	0.0867669	0.0438444	0.0429225	0.0184424	0.914272	0.060485	1.07631	0.0524766	3.1912e-05
10024	1	100	11	500	0.0797428	0.0779516	0.0386614	0.0392902	0.0017912	0.922263	0.0522032	1.07701	0.0523554	3.23193e-05
10025	1	100	9	500	0.0887123	0.0855767	0.0462114	0.0393653	0.00313562	0.91486	0.0556064	1.0837	0.0545893	3.00246e-05
10026	1	100	9	500	0.0870798	0.0833295	0.0434132	0.0399163	0.00375033	0.917136	0.0532989	1.08104	0.052508	2.94747e-05
10027	1	100	13	500	0.0941028	0.0873071	0.0463159	0.0409912	0.00679564	0.912963	0.0575775	1.08141	0.0544123	2.99753e-05
10028	1	100	11	500	0.118029	0.109008	0.069392	0.0396157	0.00902109	0.892463	0.053687	1.09793	0.0496646	2.65704e-05
10029	1	100	12	500	0.11631	0.107687	0.0658261	0.0418608	0.0086228	0.89321	0.0555465	1.09755	0.0485129	2.66543e-05
10030	1	100	13	500	0.103231	0.0974675	0.0579835	0.039484	0.00576386	0.902046	0.0547998	1.09318	0.0522453	2.74888e-05
10031	1	100	11	500	0.0990859	0.0936294	0.0520172	0.0416122	0.00545653	0.906733	0.0541236	1.08895	0.0515603	2.80628e-05
10032	1	100	10	500	0.0929699	0.0863946	0.0437986	0.0425959	0.00657531	0.914493	0.0619411	1.0812	0.0606706	2.83831e-05
10033	1	100	9	500	0.0880903	0.0820158	0.0402066	0.0418091	0.00607447	0.918889	0.0627853	1.07719	0.0600292	2.86024e-05
10034	1	100	10	500	0.111804	0.103821	0.065626	0.0381951	0.007983	0.897837	0.0517852	1.09591	0.0494779	2.61968e-05
10035	1	100	10	500	0.116991	0.107709	0.0697336	0.0379752	0.00928185	0.892553	0.0569211	1.09469	0.0489563	2.5768e-05
10036	1	100	12	500	0.0995146	0.0915043	0.049896	0.0416083	0.00801032	0.90967	0.0511444	1.08441	0.0483872	2.80709e-05
10037	1	100	8	500	0.0959565	0.0890106	0.0469821	0.0420285	0.00694592	0.912792	0.0552357	1.0835	0.0532115	2.82479e-05
10038	1	100	8	500	0.101612	0.0946727	0.0535901	0.0410827	0.0069395	0.906917	0.0550959	1.0895	0.0530788	2.80829e-05
10039	1	100	11	500	0.104579	0.0971023	0.0561695	0.0409328	0.00747721	0.904516	0.0593711	1.09121	0.0584038	2.82892e-05
10040	1	100	7	500	0.11401	0.106268	0.067254	0.0390145	0.00774199	0.893529	0.0582061	1.09616	0.0525842	2.7128e-05
10041	1	100	11	500	0.098304	0.092554	0.0518737	0.0406803	0.00574996	0.90831	0.0494086	1.08788	0.0485045	2.86303e-05
10042	1	100	12	500	0.102788	0.0953466	0.0548092	0.0405374	0.007441	0.905787	0.0545371	1.08778	0.0503417	2.91879e-05
10043	1	100	14	500	0.106041	0.0991939	0.0598531	0.0393408	0.00684742	0.902293	0.0488918	1.09412	0.0487228	2.89316e-05
10044	1	100	16	500	0.102585	0.0941625	0.0525565	0.041606	0.00842267	0.906983	0.0569132	1.08582	0.054212	3.00313e-05
10045	1	100	12	500	0.114736	0.104923	0.065426	0.0394974	0.00981221	0.895381	0.0554927	1.09188	0.0488273	2.9027e-05
10046	1	100	12	500	0.122867	0.110378	0.0717853	0.0385928	0.012489	0.890409	0.0572385	1.10026	0.0540966	2.77348e-05
10047	1	100	12	500	0.12264	0.116419	0.0827393	0.0336795	0.00622092	0.884811	0.0507101	1.11191	0.0501416	2.5387e-05
10048	1	100	15	500	0.131588	0.122924	0.0886071	0.0343167	0.00866436	0.878276	0.050089	1.11548	0.047363	2.41648e-05
10049	1	100	14	500	0.14112	0.131807	0.103383	0.0284245	0.00931264	0.868334	0.0431325	1.11899	0.039648	2.12896e-05
10050	1	100	12	500	0.140126	0.131151	0.104026	0.0271245	0.0089751	0.87037	0.0413159	1.12179	0.0400993	2.12322e-05
10051	1	100	12	500	0.148506	0.132734	0.10328	0.0294541	0.015772	0.868298	0.0476719	1.11577	0.0470605	2.16199e-05
10052	1	100	14	500	0.151941	0.139	0.115062	0.0239383	0.0129413	0.862386	0.0400167	1.12556	0.0401492	1.99249e-05
10053	1	100	18	500	0.164616	0.150238	0.132439	0.0177997	0.0143781	0.85232	0.0342573	1.13276	0.0334854	1.63085e-05
10054	1	100	14	500	0.160395	0.150856	0.13677	0.0140862	0.00953881	0.850133	0.0298758	1.13821	0.0300846	1.47623e-05
10055	1	100	10	500	0.164	0.155181	0.14661	0.00857065	0.00881987	0.846578	0.0205614	1.14452	0.0217282	1.20366e-05
10056	1	100	14	500	0.17106	0.159323	0.153568	0.00575519	0.0117368	0.842721	0.0156516	1.14441	0.0191035	1.02167e-05
10057	1	100	12	500	0.172718	0.160756	0.155036	0.00571989	0.0119612	0.840566	0.0193636	1.14045	0.0242958	1.06664e-05
10058	1	100	10	500	0.175961	0.161535	0.154899	0.00663684	0.0144258	0.841223	0.0197476	1.13913	0.0234954	1.24812e-05
10059	1	100	13	500	0.168906	0.154362	0.14055	0.0138121	0.0145444	0.848783	0.0315862	1.13125	0.0295498	1.6773e-05
10060	1	100	13	500	0.186704	0.162982	0.1512	0.0117828	0.0237216	0.839121	0.0290819	1.1297	0.0312629	1.35836e-05
10061	1	100	13	500	0.19589	0.168227	0.157586	0.0106408	0.0276634	0.834686	0.0265966	1.1299	0.0333861	1.25311e-05
10062	1	100	13	500	0.200544	0.166817	0.153119	0.0136989	0.0337263	0.834704	0.0328486	1.12592	0.0377933	1.2372e-05
10063	1	100	11	500	0.176651	0.164104	0.157007	0.00709729	0.0125466	0.839616	0.0234505	1.13497	0.0278262	1.19189e-05
10064	1	100	11	500	0.176029	0.163877	0.158625	0.0052515	0.0121525	0.838862	0.0205596	1.1369	0.025952	1.19491e-05
10065	1	100	10	500	0.175973	0.164024	0.159497	0.00452732	0.0119489	0.837599	0.0212055	1.13483	0.0268349	1.04252e-05
10066	1	100	10	500	0.0281528	0.0145468	0.0108081	0.00373871	0.013606	0.984633	0.0245133	0.985332	0.0248259	9.93985e-06
10067	1	100	7	500	0.0252584	0.00990173	0.0058993	0.00400243	0.0153567	0.989778	0.0190576	0.990108	0.0192159	1.02795e-05
10068	1	100	9	500	0.0246528	0.00802078	0.00328655	0.00473423	0.016632	0.99165	0.0163236	0.992846	0.0166571	9.03817e-06
10069	1	100	7	500	0.0233064	0.00865542	0.00434781	0.00430761	0.0146509	0.992256	0.01419	0.993604	0.0146765	1.04006e-05
10070	1	100	9	500	0.0252658	0.0109491	0.00665713	0.00429195	0.0143167	0.988639	0.0187219	0.990136	0.019348	1.04159e-05
10071	1	100	6	500	0.0338906	0.0120255	0.00616503	0.0058605	0.0218651	0.989295	0.0175656	0.990139	0.0178209	9.39241e-06
10072	1	100	8	500	0.0273702	0.0116312	0.0073307	0.00430052	0.015739	0.989875	0.0172837	0.990624	0.0176198	1.0211e-05
10073	1	100	7	500	0.0276781	0.0119021	0.00750736	0.00439475	0.0157759	0.98663	0.0216339	0.987554	0.0218988	1.0409e-05
10074	1	100	7	500	0.0210553	0.010154	0.00710575	0.0030482	0.0109013	0.990126	0.017571	0.990785	0.0178933	1.05809e-05
10075	1	100	8	500	0.0185261	0.00843762	0.00536694	0.00307067	0.0100885	0.992141	0.0147977	0.993276	0.0150088	1.04179e-05
10076	1	100	10	500	0.0190847	0.00879631	0.00575561	0.0030407	0.0102884	0.990871	0.0168532	0.991867	0.0170894	1.042e-05
10077	1	100	9	500	0.0280789	0.0120376	0.00716665	0.0048709	0.0160414	0.988831	0.0180616	0.990772	0.0188626	1.08334e-05
10078	1	100	7	500	0.0250589	0.0114386	0.00713458	0.00430401	0.0136204	0.988062	0.0190801	0.989976	0.0197941	1.11677e-05
10079	1	100	9	500	0.018402	0.00839842	0.00519827	0.00320014	0.0100035	0.990888	0.0166855	0.992352	0.0170402	1.08867e-05
10080	1	100	11	500	0.0173293	0.00769523	0.00482515	0.00287008	0.00963409	0.994501	0.0105093	0.99545	0.0108265	1.03726e-05
10081	1	100	9	500	0.0166813	0.00712269	0.00429638	0.00282631	0.00955856	0.992102	0.0155416	0.993244	0.0159199	1.02081e-05
10082	1	100	7	500	0.0174288	0.0073125	0.00383373	0.00347877	0.0101163	0.993159	0.0142177	0.995736	0.0146992	1.01383e-05
10083	1	100	6	500	0.0189414	0.00867001	0.00583691	0.0028331	0.0102714	0.992267	0.014643	0.992806	0.0148414	1.10201e-05
10084	1	100	9	500	0.0248254	0.012533	0.00945985	0.00307311	0.0122924	0.986945	0.0214324	0.986945	0.0214324	1.27229e-05
10085	1	100	6	500	0.0250658	0.0131779	0.0102059	0.00297197	0.0118879	0.988465	0.0191316	0.988623	0.0192184	1.25178e-05
10086	1	100	6	500	0.0277609	0.0156197	0.0125844	0.0030353	0.0121412	0.983175	0.0237197	0.983176	0.0237202	1.32491e-05
10087	1	100	11	500	0.0264889	0.0138967	0.0107487	0.00314805	0.0125922	0.983834	0.0236827	0.983908	0.0237306	1.29188e-05
10088	1	100	6	500	0.0243498	0.0127067	0.00946358	0.00324313	0.0116431	0.985437	0.0229363	0.986106	0.0232559	1.26968e-05
10089	1	100	12	500	0.0240337	0.01232	0.00927514	0.00304489	0.0117137	0.986574	0.0215093	0.986806	0.0215964	1.30366e-05
10090	1	100	10	500	0.0285322	0.0157243	0.0125224	0.00320197	0.0128079	0.984939	0.0219617	0.984939	0.0219616	1.39075e-05
10091	1	100	10	500	0.036874	0.0223647	0.0187374	0.00362732	0.0145093	0.977328	0.0257734	0.977328	0.0257734	1.41443e-05
10092	1	100	9	500	0.0367939	0.0231965	0.0197726	0.0034239	0.0135974	0.975955	0.0263982	0.976003	0.0264314	1.42649e-05
10093	1	100	7	500	0.0342307	0.0221603	0.0191427	0.0030176	0.0120704	0.97616	0.0271636	0.976518	0.0273939	1.44266e-05
10094	1	100	6	500	0.0311344	0.0188934	0.0158331	0.00306026	0.012241	0.983196	0.0229086	0.983196	0.0229086	1.41892e-05
10095	1	100	6	500	0.0308404	0.0185951	0.0155337	0.00306135	0.0122454	0.98276	0.0233673	0.98276	0.0233673	1.46451e-05
10096	1	100	9	500	0.0258915	0.0138109	0.0107907	0.00302017	0.0120807	0.98744	0.0201387	0.98744	0.0201387	1.46169e-05
10097	1	100	7	500	0.0211642	0.0101213	0.0073606	0.00276072	0.0110429	0.990539	0.0171681	0.990539	0.0171681	1.40984e-05
10098	1	100	9	500	0.0211722	0.00934939	0.00639369	0.00295569	0.0118228	0.992307	0.0141009	0.992307	0.0141009	1.40441e-05
10099	1	100	9	500	0.0194944	0.008598	0.00587391	0.00272409	0.0108964	0.990914	0.0172734	0.991098	0.0173585	1.37888e-05
10100	1	100	7	500	0.0251796	0.013083	0.0100589	0.00302414	0.0120966	0.988416	0.0196504	0.989061	0.0181023	1.49536e-05
10101	1	100	7	500	0.0302062	0.0153954	0.0116816	0.00371373	0.0148109	0.984396	0.0223641	0.984418	0.0223786	1.53353e-05
