Generation	PopulationID	SampleSize	UniqueMutations	PopulationSize	totalLoad	RelzLoad	RelzLoadHomo	RelzLoadHetero	MskLoad	MeanFitness	SdFitness	MeanFitnessCached	SdFitnessCached	Heterozygosity	
10001	1	100	56	500	0.303977	0.282672	0.249853	0.0328187	0.0213049	0.723621	0.0236492	1.27415	0.0356767	4.74321e-05
10002	1	100	47	500	0.310145	0.284996	0.255538	0.0294585	0.0251493	0.72338	0.0191842	1.27441	0.0323228	4.75086e-05
10003	1	100	40	500	0.310186	0.286073	0.253802	0.0322706	0.0241127	0.723248	0.0151907	1.27448	0.0229485	4.71299e-05
10004	1	100	38	500	0.305228	0.285919	0.257097	0.0288222	0.0193084	0.722224	0.0177101	1.27614	0.0253465	4.68322e-05
10005	1	100	37	500	0.322516	0.295388	0.247002	0.0483863	0.0271276	0.717296	0.0245164	1.28091	0.036435	4.83028e-05
10006	1	100	39	500	0.316423	0.293139	0.258733	0.0344069	0.0232833	0.717064	0.0259863	1.28281	0.0366092	4.6203e-05
10007	1	100	34	500	0.303099	0.286318	0.258333	0.0279854	0.0167808	0.721991	0.0196774	1.28034	0.0321907	4.4556e-05
10008	1	100	29	500	0.0458651	0.0274519	0.00475254	0.0226993	0.0184133	0.973906	0.0225322	1.01522	0.0225736	4.40941e-05
10009	1	100	32	500	0.0495761	0.0297569	0.00550791	0.024249	0.0198192	0.971072	0.0279047	1.01473	0.0294337	4.25504e-05
10010	1	100	28	500	0.0423286	0.027649	0.0043647	0.0232843	0.0146796	0.973197	0.0264551	1.01764	0.0259253	4.05856e-05
10011	1	100	29	500	0.0472476	0.030338	0.0053204	0.0250176	0.0169095	0.96915	0.0292659	1.01678	0.0317172	4.03678e-05
10012	1	100	22	500	0.0568249	0.0401876	0.008694	0.0314936	0.0166373	0.959242	0.0345804	1.02592	0.0370718	4.26381e-05
10013	1	100	23	500	0.0576157	0.0395307	0.0085584	0.0309723	0.0180849	0.960489	0.0332791	1.02453	0.0358748	4.15684e-05
10014	1	100	20	500	0.052332	0.0385543	0.00840505	0.0301493	0.0137776	0.962653	0.0275477	1.02839	0.0294097	4.21734e-05
10015	1	100	24	500	0.050643	0.0322031	0.00640482	0.0257983	0.0184399	0.968589	0.0243093	1.01945	0.0291128	4.21674e-05
10016	1	100	25	500	0.0519323	0.02963	0.00650531	0.0231246	0.0223024	0.971432	0.0225249	1.01401	0.0240042	4.11252e-05
10017	1	100	23	500	0.0547401	0.029529	0.00705517	0.0224738	0.0252111	0.970917	0.0238296	1.01024	0.0307231	3.95035e-05
10018	1	100	27	500	0.0572518	0.0276588	0.0077409	0.0199179	0.029593	0.968747	0.0382895	0.99922	0.044476	3.86893e-05
10019	1	100	21	500	0.052017	0.0265336	0.0071609	0.0193727	0.0254834	0.97522	0.0210167	1.00752	0.0224843	3.9288e-05
10020	1	100	22	500	0.0455264	0.025413	0.00624289	0.0191701	0.0201135	0.975808	0.0207296	1.01096	0.0205483	3.91929e-05
10021	1	100	24	500	0.0392358	0.0211112	0.00547022	0.015641	0.0181246	0.98027	0.0180761	1.00877	0.0174002	3.83571e-05
10022	1	100	23	500	0.0279882	0.0172809	0.00487872	0.0124022	0.0107073	0.982993	0.0140442	1.00843	0.0164851	3.79008e-05
10023	1	100	25	500	0.0290114	0.0149668	0.00377326	0.0111935	0.0140446	0.985928	0.0147383	1.00412	0.015836	3.32681e-05
10024	1	100	24	500	0.0347923	0.0168357	0.00388058	0.0129551	0.0179566	0.984075	0.017563	1.0028	0.02016	3.20267e-05
10025	1	100	27	500	0.0456783	0.0203436	0.0042909	0.0160527	0.0253348	0.981637	0.0208377	1.00321	0.0231096	3.38624e-05
10026	1	100	27	500	0.0489785	0.0199027	0.00523324	0.0146695	0.0290758	0.981927	0.0207997	0.998879	0.0249872	3.21745e-05
10027	1	100	22	500	0.0387284	0.0169946	0.00489026	0.0121043	0.0217338	0.982246	0.0235916	0.997261	0.0262422	3.02161e-05
10028	1	100	21	500	0.0495805	0.0207734	0.00476535	0.0160081	0.028807	0.974228	0.0357125	0.993404	0.0414733	2.8578e-05
10029	1	100	22	500	0.0376011	0.0154216	0.00366706	0.0117546	0.0221795	0.986258	0.0168524	1.00051	0.0155741	2.74711e-05
10030	1	100	18	500	0.0411185	0.0149033	0.00437294	0.0105303	0.0262153	0.984993	0.0231767	0.994149	0.0250436	2.65986e-05
10031	1	100	21	500	0.042296	0.0148987	0.00385983	0.0110389	0.0273973	0.984881	0.0229379	0.994515	0.0234924	2.73133e-05
10032	1	100	18	500	0.040026	0.0137212	0.00326097	0.0104602	0.0263048	0.985982	0.0212341	0.994695	0.021688	2.43036e-05
10033	1	100	20	500	0.0395649	0.0135811	0.00307794	0.0105031	0.0259838	0.983363	0.0403348	0.992341	0.041374	2.50374e-05
10034	1	100	20	500	0.0334207	0.0109366	0.00206624	0.00887031	0.0224842	0.989437	0.0168429	0.996509	0.0157638	2.35698e-05
10035	1	100	18	500	0.0385533	0.0145994	0.00319817	0.0114012	0.0239539	0.986259	0.0177619	0.999203	0.0150879	2.7891e-05
10036	1	100	17	500	0.0408345	0.0164341	0.00420365	0.0122304	0.0244004	0.98424	0.0197895	0.999193	0.0159449	3.15318e-05
10037	1	100	21	500	0.0308738	0.0124014	0.00266951	0.00973187	0.0184724	0.988545	0.0138909	1.00057	0.0130663	2.77602e-05
10038	1	100	17	500	0.0279312	0.0113234	0.00248075	0.0088426	0.0166078	0.987725	0.0215934	0.998529	0.0135752	2.49369e-05
10039	1	100	18	500	0.027831	0.0121082	0.00289944	0.00920873	0.0157229	0.98921	0.0154479	1.00164	0.0122963	2.62807e-05
10040	1	100	16	500	0.0171686	0.00937959	0.0025173	0.00686229	0.00778899	0.990516	0.0171047	1.00184	0.0092025	2.56045e-05
10041	1	100	14	500	0.0105415	0.00599337	0.00163964	0.00435374	0.00454817	0.993388	0.00989831	1.00056	0.00840382	2.3355e-05
10042	1	100	13	500	0.0137572	0.00717633	0.00192879	0.00524754	0.00658088	0.992132	0.0184054	0.999976	0.00904215	2.53744e-05
10043	1	100	16	500	0.0103128	0.00564252	0.00138934	0.00425319	0.0046703	0.994017	0.010726	1.00085	0.00761699	2.319e-05
10044	1	100	18	500	0.0111378	0.00571082	0.00128007	0.00443075	0.00542695	0.993748	0.0146654	1.00028	0.0085047	2.04332e-05
10045	1	100	15	500	0.0217955	0.0124583	0.00362874	0.00882952	0.00933723	0.988699	0.0130962	1.00451	0.00847476	2.87327e-05
10046	1	100	18	500	0.0191312	0.0103347	0.00260981	0.00772494	0.00879643	0.988794	0.0202516	1.00129	0.0115074	2.72807e-05
10047	1	100	16	500	0.0262702	0.0146886	0.00503176	0.00965683	0.0115816	0.985216	0.0229939	1.00205	0.0114734	3.28589e-05
10048	1	100	16	500	0.0248729	0.0135169	0.00430458	0.00921228	0.011356	0.987937	0.0143148	1.00359	0.0085049	3.11657e-05
10049	1	100	16	500	0.0157981	0.00848296	0.00216709	0.00631588	0.00731517	0.992056	0.0117893	1.00242	0.00718431	2.45668e-05
10050	1	100	17	500	0.0180156	0.00977752	0.00263188	0.00714564	0.0082381	0.991062	0.0118688	1.00296	0.00706006	2.51407e-05
10051	1	100	16	500	0.0185573	0.010267	0.00280846	0.00745851	0.00829032	0.98985	0.0167836	1.00279	0.00961198	2.58034e-05
10052	1	100	18	500	0.0202204	0.0116483	0.00302758	0.00862071	0.00857212	0.988066	0.0214654	1.00283	0.0115021	2.50269e-05
10053	1	100	14	500	0.0229924	0.0129489	0.00413807	0.00881087	0.0100435	0.988639	0.0139844	1.00462	0.00819894	2.81984e-05
10054	1	100	15	500	0.0281086	0.0163845	0.00605454	0.01033	0.0117241	0.983407	0.0260199	1.00277	0.0133989	3.11618e-05
10055	1	100	16	500	0.0194782	0.0108481	0.00313359	0.00771449	0.0086301	0.989298	0.018462	1.00239	0.0101775	2.62642e-05
10056	1	100	19	500	0.0231135	0.0129822	0.00428814	0.00869404	0.0101313	0.987494	0.0199577	1.00248	0.00996306	2.743e-05
10057	1	100	17	500	0.026079	0.0145378	0.00530476	0.00923306	0.0115411	0.985044	0.0267025	1.0005	0.0125892	2.81479e-05
10058	1	100	17	500	0.026064	0.014913	0.00549749	0.00941547	0.011151	0.986064	0.0212345	1.00261	0.0105622	2.89932e-05
10059	1	100	15	500	0.0187505	0.010167	0.00304643	0.00712059	0.00858352	0.990072	0.0179673	1.00156	0.00888815	2.45327e-05
10060	1	100	19	500	0.0127576	0.00636991	0.00162168	0.00474823	0.00638766	0.993138	0.0164981	1.00042	0.00823518	1.91891e-05
10061	1	100	14	500	0.0138691	0.00727808	0.00196486	0.00531322	0.00659097	0.991568	0.0214047	0.999502	0.00906012	1.98757e-05
10062	1	100	15	500	0.0205484	0.0107464	0.00329323	0.00745317	0.00980195	0.990705	0.0132609	1.00234	0.00659447	2.52308e-05
10063	1	100	15	500	0.0227291	0.0118688	0.00382156	0.00804721	0.0108603	0.98747	0.0237697	1.00001	0.0112916	2.49609e-05
10064	1	100	15	500	0.0281259	0.0160035	0.00617808	0.00982545	0.0121224	0.981163	0.0345514	0.997643	0.0151898	2.87349e-05
10065	1	100	15	500	0.0316432	0.0185977	0.00797755	0.0106202	0.0130455	0.980835	0.0310838	0.999754	0.0146558	3.12763e-05
10066	1	100	12	500	0.0309583	0.0183144	0.00777443	0.0105399	0.012644	0.981938	0.0285586	1.00103	0.0135585	3.10679e-05
10067	1	100	16	500	0.0320335	0.0185713	0.00788738	0.0106839	0.0134622	0.984545	0.0183705	1.0037	0.00962109	3.1741e-05
10068	1	100	13	500	0.0335632	0.0195791	0.00852669	0.0110524	0.0139841	0.981864	0.02719	1.00177	0.0141217	3.30614e-05
10069	1	100	14	500	0.0340256	0.0205025	0.0093572	0.0111453	0.0135231	0.979748	0.0307492	1.00032	0.0146508	3.35823e-05
10070	1	100	14	500	0.0324135	0.019317	0.00850582	0.0108111	0.0130966	0.980306	0.0313543	1.00012	0.0148263	3.26839e-05
10071	1	100	13	500	0.0295954	0.0173265	0.00712716	0.0101993	0.0122689	0.983898	0.0245957	1.00204	0.0115565	3.14369e-05
10072	1	100	14	500	0.0332451	0.0198817	0.00888859	0.0109931	0.0133635	0.978422	0.0346664	0.998378	0.0162689	3.3145e-05
10073	1	100	13	500	0.0334147	0.0196827	0.00867395	0.0110087	0.013732	0.981313	0.0277136	1.00129	0.0136431	3.35712e-05
10074	1	100	14	500	0.0298162	0.0175059	0.00702317	0.0104827	0.0123103	0.982042	0.0294354	1.0005	0.0144221	3.24004e-05
10075	1	100	13	500	0.0301933	0.0178463	0.00707896	0.0107674	0.012347	0.98251	0.0269914	1.00175	0.013116	3.27111e-05
10076	1	100	16	500	0.0350858	0.0216154	0.00830563	0.0133098	0.0134703	0.979051	0.0283499	1.00363	0.0157598	3.44885e-05
10077	1	100	14	500	0.0418114	0.0271277	0.0120674	0.0150604	0.0146837	0.970844	0.0378777	1.00044	0.0210243	3.73542e-05
10078	1	100	18	500	0.0419682	0.027309	0.0116249	0.0156841	0.0146592	0.972957	0.0324039	1.00447	0.0193387	3.7452e-05
10079	1	100	18	500	0.0353341	0.0222709	0.00837511	0.0138958	0.0130632	0.9801	0.0227016	1.00635	0.0132472	3.5181e-05
10080	1	100	15	500	0.0316281	0.0194724	0.0069693	0.0125031	0.0121557	0.980055	0.0287075	1.00331	0.01615	3.39287e-05
10081	1	100	18	500	0.0407875	0.0215424	0.00772579	0.0138166	0.0192451	0.978395	0.0345859	1.00034	0.0206464	3.4639e-05
10082	1	100	16	500	0.0599434	0.0309431	0.0129547	0.0179884	0.0290003	0.973656	0.0285721	1.00259	0.0190911	3.80476e-05
10083	1	100	17	500	0.0499299	0.0268501	0.0112085	0.0156416	0.0230798	0.97406	0.0335207	0.999849	0.0189535	3.66408e-05
10084	1	100	16	500	0.04453	0.0259717	0.0116474	0.0143243	0.0185583	0.975772	0.0308207	1.00162	0.0167216	3.687e-05
10085	1	100	19	500	0.0466393	0.0264552	0.0121971	0.0142581	0.0201841	0.975213	0.0347218	1.00037	0.0192969	3.74276e-05
10086	1	100	21	500	0.0580543	0.0357751	0.0200035	0.0157717	0.0222792	0.967842	0.0365091	0.999879	0.0204347	4.05687e-05
10087	1	100	18	500	0.0670713	0.0377547	0.0207616	0.0169931	0.0293166	0.961853	0.0454233	0.992406	0.0253095	4.07796e-05
10088	1	100	18	500	0.0682253	0.0377604	0.0206385	0.0171219	0.0304649	0.962176	0.0447783	0.992254	0.0248045	4.10184e-05
10089	1	100	19	500	0.0772588	0.0365793	0.0173601	0.0192193	0.0406795	0.958197	0.0709882	0.984216	0.0588204	3.96588e-05
10090	1	100	18	500	0.0567298	0.0317491	0.0164196	0.0153294	0.0249808	0.970139	0.0352018	0.997445	0.0190498	3.93484e-05
10091	1	100	18	500	0.0529391	0.0284619	0.0136531	0.0148088	0.0244772	0.972207	0.0389255	0.996958	0.0229761	3.7658e-05
10092	1	100	14	500	0.0454896	0.027919	0.014675	0.013244	0.0175705	0.974762	0.0311015	1.00077	0.0162892	3.8177e-05
10093	1	100	15	500	0.0438956	0.0252407	0.0121827	0.013058	0.0186549	0.975986	0.0310148	0.999457	0.0178938	3.73559e-05
10094	1	100	21	500	0.0434519	0.0254032	0.0124351	0.0129681	0.0180487	0.975487	0.0338164	0.999142	0.0168419	3.73352e-05
10095	1	100	21	500	0.0389191	0.020195	0.00817539	0.0120196	0.0187241	0.980819	0.0271203	0.999997	0.0136963	3.38087e-05
10096	1	100	19	500	0.0500314	0.0241121	0.00892747	0.0151846	0.0259193	0.974662	0.0348676	0.996367	0.0203418	3.35253e-05
10097	1	100	19	500	0.0759138	0.0349015	0.0127222	0.0221793	0.0410123	0.963903	0.0386813	0.993493	0.0277155	3.63953e-05
10098	1	100	20	500	0.0828222	0.0367751	0.0126942	0.024081	0.0460471	0.962962	0.0427769	0.994155	0.0436137	3.59543e-05
10099	1	100	22	500	0.0737158	0.0310103	0.00863368	0.0223767	0.0427055	0.971428	0.0309741	0.998393	0.0269136	3.18862e-05
10100	1	100	21	500	0.0711037	0.0283723	0.0103105	0.0180618	0.0427314	0.973297	0.0313934	0.992271	0.0217488	3.41848e-05
10101	1	100	23	500	0.0561115	0.0272179	0.0118761	0.0153418	0.0288936	0.974046	0.0326091	0.99606	0.0174678	3.68411e-05
