Generation	PopulationID	SampleSize	UniqueMutations	PopulationSize	totalLoad	RelzLoad	RelzLoadHomo	RelzLoadHetero	MskLoad	MeanFitness	SdFitness	MeanFitnessCached	SdFitnessCached	Heterozygosity	
10001	1	100	46	500	0.429009	0.397103	0.307584	0.0895189	0.0319064	0.651521	0.0482043	1.40607	0.0813918	3.00952e-05
10002	1	100	26	500	0.457166	0.415463	0.324334	0.0911296	0.0417025	0.639941	0.0454405	1.41788	0.0756848	2.96996e-05
10003	1	100	24	500	0.236745	0.208196	0.121082	0.0871141	0.0285494	0.806087	0.0530913	1.18089	0.0658028	2.8569e-05
10004	1	100	20	500	0.228223	0.196097	0.105389	0.090708	0.0321263	0.820488	0.0533049	1.17578	0.0673011	2.93222e-05
10005	1	100	20	500	0.239888	0.202328	0.111143	0.0911853	0.0375602	0.809087	0.0519486	1.16555	0.0808079	2.96849e-05
10006	1	100	19	500	0.242742	0.215422	0.140786	0.0746356	0.0273204	0.79827	0.0438287	1.19947	0.0689492	2.59221e-05
10007	1	100	20	500	0.259132	0.226536	0.149197	0.0773384	0.0325962	0.784838	0.0281867	1.19801	0.0676365	2.57642e-05
10008	1	100	19	500	0.25999	0.22732	0.151442	0.0758779	0.0326698	0.786407	0.028987	1.2023	0.0659136	2.50034e-05
10009	1	100	18	500	0.264926	0.232754	0.166869	0.0658856	0.0321721	0.778793	0.0322473	1.20855	0.0833831	2.32249e-05
10010	1	100	21	500	0.257418	0.229314	0.168099	0.0612147	0.0281037	0.787529	0.0219866	1.21862	0.04167	2.08609e-05
10011	1	100	18	500	0.258396	0.230838	0.173192	0.0576456	0.0275582	0.784558	0.0183108	1.21885	0.0461723	2.09348e-05
10012	1	100	19	500	0.255909	0.232693	0.184429	0.0482639	0.0232163	0.78374	0.0177351	1.22656	0.0360677	1.89401e-05
10013	1	100	18	500	0.263786	0.23247	0.173739	0.0587311	0.031316	0.78408	0.0192376	1.21829	0.0443376	2.11842e-05
10014	1	100	16	500	0.266128	0.234986	0.180445	0.0545405	0.0311425	0.7794	0.0239232	1.21691	0.0626796	2.03686e-05
10015	1	100	17	500	0.253801	0.235229	0.186751	0.0484782	0.0185721	0.780015	0.0175493	1.22884	0.0353057	2.03346e-05
10016	1	100	17	500	0.253199	0.233329	0.182358	0.0509706	0.01987	0.782538	0.0183439	1.22704	0.0345461	2.05331e-05
10017	1	100	16	500	0.24921	0.228262	0.166462	0.0618003	0.0209477	0.786995	0.0238716	1.22028	0.0410667	2.1219e-05
10018	1	100	13	500	0.249576	0.23272	0.178305	0.0544153	0.0168554	0.78156	0.0169031	1.22727	0.0436859	2.01776e-05
10019	1	100	13	500	0.251706	0.238594	0.194837	0.0437572	0.013112	0.777922	0.011225	1.23699	0.0204289	1.93651e-05
10020	1	100	16	500	0.250996	0.23916	0.201736	0.0374241	0.0118359	0.777098	0.010715	1.23875	0.018359	1.73986e-05
10021	1	100	14	500	0.254107	0.23668	0.187076	0.0496045	0.0174268	0.778837	0.0173329	1.23049	0.0284282	1.97779e-05
10022	1	100	17	500	0.256742	0.239039	0.202055	0.0369847	0.0177021	0.777245	0.0143979	1.2356	0.0220715	1.66712e-05
10023	1	100	15	500	0.251386	0.239567	0.209753	0.0298133	0.0118192	0.77516	0.0112681	1.239	0.0208245	1.62358e-05
10024	1	100	16	500	0.253753	0.240617	0.202357	0.0382604	0.0131353	0.774835	0.0108189	1.23697	0.0234596	1.77238e-05
10025	1	100	10	500	0.15309	0.142281	0.109283	0.0329974	0.0108091	0.859766	0.00910046	1.13156	0.0137878	1.67288e-05
10026	1	100	12	500	0.156228	0.142007	0.104904	0.0371028	0.0142213	0.860422	0.0119527	1.12951	0.019256	1.81028e-05
10027	1	100	8	500	0.152401	0.14273	0.11965	0.0230801	0.00967081	0.858894	0.00788426	1.13412	0.00977567	1.56436e-05
10028	1	100	13	500	0.154238	0.143349	0.119339	0.0240097	0.0108897	0.858148	0.00753469	1.133	0.0120061	1.59737e-05
10029	1	100	12	500	0.15689	0.144502	0.119914	0.0245885	0.0123876	0.857401	0.00802729	1.13202	0.0087562	1.51297e-05
10030	1	100	13	500	0.155661	0.144089	0.121059	0.02303	0.0115724	0.858066	0.00711354	1.1335	0.00898199	1.52719e-05
10031	1	100	13	500	0.149745	0.142078	0.119586	0.0224918	0.00766762	0.85897	0.00753268	1.13403	0.0130315	1.61096e-05
10032	1	100	12	500	0.149602	0.141902	0.121571	0.0203316	0.0076996	0.858295	0.0071692	1.1344	0.0175365	1.63314e-05
10033	1	100	11	500	0.150971	0.14261	0.123232	0.019378	0.00836098	0.858076	0.00991745	1.13415	0.0123923	1.52994e-05
10034	1	100	9	500	0.14839	0.142558	0.128212	0.014346	0.00583245	0.858353	0.0052946	1.13595	0.00652035	1.32306e-05
10035	1	100	10	500	0.150148	0.143058	0.1252	0.0178577	0.00708981	0.858417	0.00635208	1.13531	0.00775993	1.32356e-05
10036	1	100	15	500	0.14895	0.142727	0.130559	0.012168	0.00622278	0.856725	0.00916495	1.1352	0.0151969	1.21704e-05
10037	1	100	15	500	0.150639	0.143268	0.13197	0.0112981	0.00737034	0.857637	0.00524681	1.13616	0.00653975	1.24423e-05
10038	1	100	9	500	0.00695847	0.00223224	0.00105068	0.00118156	0.00472624	0.997501	0.00440275	0.997735	0.00452744	1.14916e-05
10039	1	100	7	500	0.00875186	0.00266451	0.00114267	0.00152184	0.00608735	0.997902	0.00349374	0.997908	0.00349715	1.26409e-05
10040	1	100	11	500	0.00672556	0.00202321	0.000847623	0.00117559	0.00470235	0.997209	0.00897143	0.997522	0.00903037	1.3277e-05
10041	1	100	7	500	0.00626673	0.00200251	0.00093646	0.00106605	0.00426422	0.997143	0.0064594	0.997143	0.0064594	1.34433e-05
10042	1	100	7	500	0.00686832	0.00187266	0.000623749	0.00124891	0.00499565	0.997941	0.00464179	0.997971	0.00465518	1.34569e-05
10043	1	100	9	500	0.011605	0.002756	0.000506042	0.00224996	0.00884904	0.997206	0.0109591	0.997281	0.0109777	1.37246e-05
10044	1	100	8	500	0.00991381	0.0024801	0.000621675	0.00185843	0.00743371	0.99725	0.010315	0.99725	0.010315	1.33439e-05
10045	1	100	7	500	0.00429314	0.00147241	0.000767222	0.000705184	0.00282074	0.997692	0.00593337	0.99801	0.00552852	1.33662e-05
10046	1	100	5	500	0.00312263	0.00133781	0.000891611	0.000446204	0.00178482	0.998418	0.00580922	0.998418	0.00580921	1.14029e-05
10047	1	100	6	500	0.00516227	0.00211723	0.00135596	0.00076126	0.00304504	0.997627	0.00472793	0.997627	0.00472793	1.08304e-05
10048	1	100	11	500	0.0105191	0.00344872	0.00168112	0.0017676	0.00707041	0.996922	0.00494459	0.996922	0.00494459	1.09113e-05
10049	1	100	8	500	0.00803695	0.00281386	0.00150809	0.00130577	0.00522308	0.996773	0.00513389	0.996773	0.00513389	1.12737e-05
10050	1	100	7	500	0.00630363	0.00228883	0.00128513	0.0010037	0.0040148	0.997978	0.00368185	0.997978	0.00368185	1.26943e-05
10051	1	100	8	500	0.00883112	0.00286132	0.00136886	0.00149245	0.00596981	0.997501	0.004871	0.997501	0.004871	1.30094e-05
10052	1	100	8	500	0.00546419	0.00182431	0.000914345	0.000909969	0.00363987	0.998057	0.00674501	0.998087	0.006751	1.2976e-05
10053	1	100	8	500	0.00459764	0.00143299	0.000641826	0.000791163	0.00316465	0.998672	0.0045227	0.998672	0.00452269	1.19465e-05
10054	1	100	6	500	0.00235913	0.000909962	0.00054767	0.000362292	0.00144917	0.998283	0.00806326	0.998971	0.00757528	1.16721e-05
10055	1	100	6	500	0.00276866	0.00110851	0.000693471	0.000415038	0.00166015	0.999049	0.00201332	0.999121	0.002044	1.17104e-05
10056	1	100	10	500	0.00299702	0.00133713	0.000563158	0.000773971	0.00165989	0.998464	0.00469421	0.999189	0.00478487	1.02617e-05
10057	1	100	16	500	0.0190019	0.00490034	0.000804025	0.00409631	0.0141016	0.995241	0.0126732	0.996401	0.0130136	1.09386e-05
10058	1	100	6	500	0.00798203	0.0020954	0.000623744	0.00147166	0.00588663	0.997343	0.0125915	0.99748	0.0125154	9.90479e-06
10059	1	100	7	500	0.0251803	0.00617247	0.00141577	0.00475671	0.0190078	0.991369	0.0288629	0.991378	0.0288459	1.09404e-05
10060	1	100	6	500	0.0466382	0.0122835	0.00369486	0.00858867	0.0343547	0.989072	0.0354428	0.989072	0.0354428	1.12221e-05
10061	1	100	9	500	0.0780459	0.0234698	0.00971205	0.0137578	0.054576	0.98387	0.0268222	0.984097	0.0269499	1.18898e-05
10062	1	100	5	500	0.0918531	0.0289759	0.0132567	0.0157193	0.0628771	0.970022	0.0943078	0.970083	0.0943266	1.08872e-05
10063	1	100	6	500	0.0972797	0.0313386	0.0148533	0.0164853	0.0659411	0.969091	0.0943881	0.969091	0.0943881	1.04958e-05
10064	1	100	10	500	0.100603	0.0305967	0.0130951	0.0175015	0.0700061	0.965162	0.105169	0.965162	0.105169	1.13581e-05
10065	1	100	11	500	0.0419838	0.0108135	0.00299371	0.00781976	0.0311703	0.990036	0.022184	0.99009	0.0222061	1.14733e-05
10066	1	100	10	500	0.028613	0.00738912	0.00194583	0.00544329	0.0212239	0.993162	0.0173196	0.993486	0.0174424	1.2597e-05
10067	1	100	13	500	0.0142615	0.00385387	0.00125195	0.00260192	0.0104077	0.995906	0.0123002	0.996139	0.0123562	1.25794e-05
10068	1	100	6	500	0.00439523	0.00220248	0.00165429	0.000548189	0.00219276	0.997851	0.00391768	0.997851	0.00391767	1.33775e-05
10069	1	100	6	500	0.00448589	0.00205335	0.00144521	0.000608135	0.00243254	0.997566	0.00930749	0.997713	0.00932973	1.38414e-05
10070	1	100	7	500	0.0341524	0.00810348	0.00148995	0.00661353	0.0260489	0.992384	0.0342528	0.992589	0.0342929	1.33106e-05
10071	1	100	9	500	0.0607464	0.0142739	0.00265578	0.0116181	0.0464725	0.986795	0.0462734	0.986795	0.0462734	1.3044e-05
10072	1	100	5	500	0.0124955	0.00310847	0.000761721	0.00234675	0.009387	0.996713	0.0140326	0.996989	0.0140807	1.18964e-05
10073	1	100	5	500	0.0132901	0.00327788	0.000774832	0.00250305	0.0100122	0.996342	0.015942	0.996543	0.0159796	1.16199e-05
10074	1	100	7	500	0.0164449	0.00414673	0.000954149	0.00319258	0.0122982	0.99566	0.0159825	0.9959	0.016036	1.26399e-05
10075	1	100	8	500	0.0477803	0.0120108	0.00298271	0.00902805	0.0357695	0.989502	0.0275167	0.989766	0.0273023	1.3587e-05
10076	1	100	8	500	0.0258299	0.00629458	0.0013381	0.00495648	0.0195353	0.993994	0.020426	0.994141	0.0204619	1.30214e-05
10077	1	100	12	500	0.00285079	0.00118347	0.000700529	0.000482939	0.00166733	0.998992	0.00161138	0.999125	0.00164095	1.26106e-05
10078	1	100	9	500	0.00184215	0.000873602	0.000605879	0.000267724	0.000968547	0.999007	0.00249661	0.999067	0.00250168	1.15005e-05
10079	1	100	5	500	0.00159033	0.000778803	0.000575922	0.000202881	0.000811524	0.998786	0.00238931	0.999008	0.00243638	1.06853e-05
10080	1	100	7	500	0.00243643	0.00106026	0.000716219	0.000344041	0.00137617	0.998685	0.00278435	0.998711	0.00279102	1.20334e-05
10081	1	100	7	500	0.00227653	0.00101804	0.000622912	0.000395132	0.00125849	0.998774	0.00259156	0.998935	0.00262641	1.07504e-05
10082	1	100	8	500	0.00194389	0.000868932	0.000577964	0.000290968	0.00107496	0.999046	0.00277512	0.999091	0.00277397	1.00504e-05
10083	1	100	6	500	0.00201681	0.000922266	0.00064863	0.000273636	0.00109455	0.998901	0.004136	0.998901	0.004136	1.15072e-05
10084	1	100	8	500	0.0020257	0.00087854	0.00059175	0.00028679	0.00114716	0.999059	0.00350433	0.999059	0.00350433	1.10965e-05
10085	1	100	11	500	0.00368797	0.00127569	0.000672622	0.00060307	0.00241228	0.998795	0.00413558	0.998795	0.00413558	1.24513e-05
10086	1	100	6	500	0.00200947	0.000934088	0.000619686	0.000314402	0.00107538	0.998818	0.00311732	0.998909	0.00313352	1.1645e-05
10087	1	100	8	500	0.00437631	0.00151222	0.000757733	0.000754487	0.00286409	0.998056	0.00547226	0.998356	0.00553847	1.26997e-05
10088	1	100	7	500	0.00226884	0.0010278	0.000717535	0.000310262	0.00124105	0.998554	0.00256975	0.998644	0.00256185	1.25532e-05
10089	1	100	6	500	0.00264119	0.00130008	0.000733857	0.000566228	0.0013411	0.998568	0.00566964	0.99903	0.00568582	1.32508e-05
10090	1	100	6	500	0.00270287	0.00109886	0.000697861	0.000401002	0.00160401	0.998589	0.00235827	0.998589	0.00235826	1.31024e-05
10091	1	100	7	500	0.00197368	0.000901829	0.000633866	0.000267962	0.00107185	0.998866	0.00299437	0.998889	0.00299844	1.33753e-05
10092	1	100	6	500	0.00376723	0.00125527	0.000627277	0.000627991	0.00251197	0.998833	0.00228885	0.998865	0.00229354	1.29261e-05
10093	1	100	7	500	0.00260079	0.000994246	0.000592609	0.000401637	0.00160655	0.998785	0.00673659	0.998785	0.00673659	1.25012e-05
10094	1	100	8	500	0.0240748	0.00553532	0.000900454	0.00463486	0.0185395	0.994494	0.02449	0.994566	0.0245043	1.24234e-05
10095	1	100	8	500	0.00551349	0.00170322	0.000750648	0.000952567	0.00381027	0.997774	0.00640492	0.998017	0.00646243	1.4142e-05
10096	1	100	10	500	0.00592904	0.00196913	0.000979146	0.000989979	0.00395992	0.998125	0.00438296	0.998125	0.00438296	1.54578e-05
10097	1	100	6	500	0.00625267	0.00227033	0.00127474	0.000995586	0.00398234	0.997643	0.00398844	0.997708	0.00401692	1.65448e-05
10098	1	100	7	500	0.00850345	0.00280944	0.00138594	0.0014235	0.00569401	0.997174	0.00551227	0.997367	0.00558716	1.66843e-05
10099	1	100	6	500	0.00772064	0.00241895	0.00109353	0.00132542	0.00530169	0.997865	0.00413726	0.997865	0.00413726	1.55202e-05
10100	1	100	11	500	0.012527	0.00378965	0.00160531	0.00218434	0.00873737	0.995392	0.0178711	0.995399	0.0178039	1.66788e-05
10101	1	100	7	500	0.016557	0.0050735	0.00211904	0.00295446	0.0114835	0.992405	0.0251737	0.992613	0.0251786	1.66525e-05
