Generation	PopulationID	SampleSize	UniqueMutations	PopulationSize	totalLoad	RelzLoad	RelzLoadHomo	RelzLoadHetero	MskLoad	MeanFitness	SdFitness	MeanFitnessCached	SdFitnessCached	Heterozygosity	
10001	1	100	51	500	0.250192	0.222155	0.180101	0.0420536	0.028037	0.792624	0.0412842	1.19003	0.0445595	3.0203e-05
10002	1	100	30	500	0.256023	0.233408	0.196696	0.0367118	0.0226151	0.784446	0.0388351	1.20219	0.0369369	2.77866e-05
10003	1	100	24	500	0.146172	0.12844	0.102093	0.0263463	0.0177323	0.877154	0.0359444	1.09604	0.0383065	2.63601e-05
10004	1	100	22	500	0.138828	0.123221	0.0996189	0.0236024	0.0156065	0.881636	0.0396699	1.09119	0.0267303	2.50202e-05
10005	1	100	23	500	0.0621267	0.0452763	0.0202834	0.0249929	0.0168504	0.953582	0.0451432	1.0026	0.0297835	2.41515e-05
10006	1	100	19	500	0.0688241	0.0458814	0.0204855	0.0253959	0.0229426	0.953674	0.0430249	1.00082	0.0287102	2.58317e-05
10007	1	100	19	500	0.0664949	0.0428644	0.019198	0.0236665	0.0236305	0.960046	0.0372333	1.00203	0.0282004	2.69782e-05
10008	1	100	17	500	0.0619784	0.0401493	0.0190006	0.0211487	0.0218291	0.96197	0.0363429	0.997595	0.0280215	2.67802e-05
10009	1	100	15	500	0.051846	0.0303346	0.0140063	0.0163283	0.0215115	0.969406	0.0341079	0.993491	0.0265444	2.62456e-05
10010	1	100	14	500	0.0433871	0.0256589	0.0130991	0.0125598	0.0177282	0.976337	0.0288287	0.993593	0.0208393	2.58408e-05
10011	1	100	14	500	0.0492992	0.0291379	0.014744	0.014394	0.0201613	0.972112	0.0291726	0.992302	0.0237666	2.54195e-05
10012	1	100	15	500	0.0534842	0.0323964	0.0146543	0.0177421	0.0210878	0.969865	0.031434	0.998061	0.0240776	2.70725e-05
10013	1	100	13	500	0.061346	0.0386767	0.018154	0.0205227	0.0226693	0.96401	0.0344803	0.998779	0.0275684	2.66773e-05
10014	1	100	13	500	0.0624944	0.0385621	0.0190385	0.0195236	0.0239323	0.96072	0.0370222	0.991483	0.0287216	2.50144e-05
10015	1	100	23	500	0.0630757	0.0310573	0.0144322	0.0166251	0.0320185	0.96814	0.0300834	0.986583	0.0295165	2.74188e-05
10016	1	100	19	500	0.0562834	0.0271769	0.0124012	0.0147757	0.0291065	0.972803	0.0304173	0.988485	0.022032	2.89021e-05
10017	1	100	15	500	0.0602952	0.0323406	0.0147313	0.0176093	0.0279546	0.964703	0.0344159	0.98784	0.0280901	2.88325e-05
10018	1	100	14	500	0.0539583	0.0263955	0.0140497	0.0123458	0.0275628	0.973967	0.0305685	0.984966	0.0192969	2.84008e-05
10019	1	100	12	500	0.0512455	0.0247579	0.0128718	0.0118861	0.0264876	0.977697	0.0206679	0.988736	0.0230514	2.89109e-05
10020	1	100	13	500	0.0531041	0.0269043	0.011784	0.0151203	0.0261998	0.973028	0.0322581	0.991285	0.025814	2.94857e-05
10021	1	100	12	500	0.0591425	0.027415	0.0126233	0.0147918	0.0317274	0.976004	0.0271621	0.990379	0.0223105	2.93059e-05
10022	1	100	12	500	0.0550634	0.0256047	0.0120297	0.013575	0.0294586	0.976022	0.0262087	0.988994	0.0249561	2.7595e-05
10023	1	100	17	500	0.0642852	0.0328317	0.0143476	0.0184841	0.0314536	0.965111	0.0328172	0.988531	0.0304141	2.68091e-05
10024	1	100	16	500	0.0774351	0.0329365	0.0140421	0.0188944	0.0444986	0.969389	0.0298406	0.986239	0.0345217	2.66186e-05
10025	1	100	16	500	0.0616247	0.0288917	0.0119626	0.0169291	0.032733	0.971136	0.0341125	0.990133	0.0335206	2.704e-05
10026	1	100	17	500	0.0492303	0.0260822	0.0121655	0.0139168	0.0231481	0.975062	0.0252797	0.99248	0.0244451	2.65644e-05
10027	1	100	17	500	0.0473533	0.022113	0.0114992	0.0106139	0.0252403	0.975662	0.0236096	0.984498	0.0256384	2.81335e-05
10028	1	100	15	500	0.0447383	0.0200607	0.0108843	0.00917642	0.0246776	0.980713	0.0197407	0.986831	0.0209247	2.8997e-05
10029	1	100	16	500	0.0462402	0.0197368	0.0117407	0.00799605	0.0265034	0.979695	0.0202018	0.982493	0.0214786	3.07032e-05
10030	1	100	17	500	0.0591604	0.025176	0.0110529	0.0141231	0.0339844	0.974885	0.0298021	0.986509	0.0254513	3.06823e-05
10031	1	100	21	500	0.0519565	0.0257946	0.0110876	0.014707	0.0261618	0.973316	0.0323706	0.989901	0.0203943	2.96897e-05
10032	1	100	18	500	0.05264	0.0258326	0.012963	0.0128697	0.0268074	0.975486	0.0248066	0.98793	0.0226836	2.89942e-05
10033	1	100	17	500	0.0486822	0.0222126	0.01238	0.00983267	0.0264696	0.979085	0.0199455	0.985528	0.021083	2.96644e-05
10034	1	100	17	500	0.0535698	0.0248758	0.0137946	0.0110812	0.028694	0.973948	0.0208481	0.982028	0.0241084	2.9103e-05
10035	1	100	17	500	0.0573724	0.0268455	0.0133369	0.0135087	0.0305269	0.972859	0.0218421	0.985119	0.0273314	2.94026e-05
10036	1	100	15	500	0.0530665	0.0265489	0.0121129	0.014436	0.0265176	0.97572	0.0170306	0.99288	0.0253772	2.85654e-05
10037	1	100	14	500	0.0525326	0.0271231	0.0115879	0.0155351	0.0254095	0.969421	0.0233705	0.990125	0.0357676	2.88464e-05
10038	1	100	17	500	0.0534864	0.0320619	0.0113423	0.0207195	0.0214245	0.967652	0.0266482	1.00526	0.0398149	2.83184e-05
10039	1	100	14	500	0.0508182	0.0289416	0.00973703	0.0192046	0.0218766	0.968735	0.0298808	1.00126	0.0395067	2.82337e-05
10040	1	100	15	500	0.0547112	0.0264885	0.00948465	0.0170039	0.0282227	0.974861	0.0239735	0.996905	0.0327797	2.62601e-05
10041	1	100	15	500	0.054757	0.0333687	0.0125778	0.0207909	0.0213882	0.964659	0.0262052	1.00083	0.0405771	2.66602e-05
10042	1	100	19	500	0.0525621	0.0294053	0.0107065	0.0186988	0.0231568	0.969404	0.028167	0.998294	0.039967	2.63594e-05
10043	1	100	17	500	0.0513431	0.0292955	0.00935465	0.0199409	0.0220476	0.968407	0.0282649	1.00162	0.0404571	2.62837e-05
10044	1	100	16	500	0.055389	0.0276257	0.00879497	0.0188307	0.0277633	0.971339	0.0303907	0.997517	0.0409383	2.73e-05
10045	1	100	20	500	0.0647581	0.0326337	0.0121472	0.0204864	0.0321245	0.969411	0.0262254	0.996853	0.0358159	2.76236e-05
10046	1	100	17	500	0.0715102	0.0378721	0.0135567	0.0243155	0.0336381	0.963604	0.0377815	0.999732	0.048229	2.81027e-05
10047	1	100	17	500	0.0717053	0.0392417	0.0148462	0.0243955	0.0324636	0.961886	0.0262872	0.999788	0.0432105	2.81519e-05
10048	1	100	18	500	0.0794797	0.0413974	0.0151653	0.0262321	0.0380823	0.961368	0.0342391	0.999649	0.0476356	2.85005e-05
10049	1	100	20	500	0.0764107	0.039189	0.014341	0.0248479	0.0372217	0.960531	0.025983	0.995743	0.0405887	2.93379e-05
10050	1	100	17	500	0.0677815	0.031662	0.0113903	0.0202717	0.0361195	0.965876	0.0313348	0.990606	0.0415926	2.904e-05
10051	1	100	18	500	0.0782813	0.03641	0.0135433	0.0228667	0.0418713	0.96661	0.0337583	0.994799	0.0429915	2.79523e-05
10052	1	100	19	500	0.0779591	0.0338881	0.0140131	0.019875	0.0440709	0.970086	0.0275293	0.989714	0.0347866	2.77052e-05
10053	1	100	18	500	0.0915516	0.0419358	0.0192452	0.0226906	0.0496159	0.963079	0.0354115	0.985874	0.045304	2.78488e-05
10054	1	100	20	500	0.093885	0.0416295	0.0193458	0.0222838	0.0522555	0.95839	0.0511568	0.978865	0.0590764	2.77778e-05
10055	1	100	21	500	0.112031	0.0515222	0.0275909	0.0239312	0.0605092	0.95394	0.0578299	0.973193	0.0651462	2.96694e-05
10056	1	100	21	500	0.125567	0.0611687	0.0394438	0.0217249	0.0643987	0.942041	0.0648078	0.953639	0.0724477	3.00929e-05
10057	1	100	18	500	0.100932	0.0467804	0.0241024	0.0226781	0.0541512	0.953004	0.0553924	0.973606	0.065253	2.99634e-05
10058	1	100	18	500	0.101594	0.0450412	0.0248991	0.0201421	0.0565526	0.953422	0.0527451	0.965911	0.0597825	3.02469e-05
10059	1	100	22	500	0.112398	0.052692	0.0353276	0.0173644	0.0597057	0.959597	0.0459124	0.964777	0.0487764	2.90821e-05
10060	1	100	16	500	0.117513	0.057828	0.0429069	0.0149212	0.0596847	0.941704	0.0648057	0.941943	0.0647322	2.85333e-05
10061	1	100	18	500	0.123569	0.0639112	0.0489559	0.0149553	0.0596583	0.938947	0.0696046	0.939026	0.0696406	2.84573e-05
10062	1	100	16	500	0.120613	0.0602513	0.0451608	0.0150904	0.0603617	0.940746	0.0683409	0.941011	0.0682612	2.95605e-05
10063	1	100	16	500	0.123455	0.0619006	0.046506	0.0153946	0.0615542	0.949068	0.05794	0.94908	0.0579444	2.99894e-05
10064	1	100	17	500	0.135426	0.0712203	0.055169	0.0160513	0.0642052	0.92906	0.0794502	0.92906	0.0794502	3.02078e-05
10065	1	100	16	500	0.13569	0.0719431	0.0559827	0.0159604	0.0637464	0.939036	0.0684404	0.939082	0.0684616	2.99424e-05
10066	1	100	17	500	0.134968	0.0708428	0.0548116	0.0160312	0.0641248	0.936705	0.0743612	0.936705	0.0743612	3.04225e-05
10067	1	100	16	500	0.121635	0.062972	0.0483063	0.0146657	0.0586627	0.943003	0.0662611	0.943003	0.0662611	2.83898e-05
10068	1	100	18	500	0.108248	0.0520304	0.037976	0.0140544	0.0562177	0.948583	0.0702206	0.948583	0.0702206	2.86041e-05
10069	1	100	19	500	0.108892	0.0530577	0.0390992	0.0139586	0.0558343	0.958713	0.0395661	0.958713	0.0395661	2.8523e-05
10070	1	100	20	500	0.101201	0.0475673	0.0341096	0.0134578	0.0536337	0.956037	0.04977	0.956387	0.0498982	2.90774e-05
10071	1	100	18	500	0.0815875	0.0340674	0.0221163	0.0119511	0.0475201	0.969123	0.0322887	0.969257	0.0321873	3.01988e-05
10072	1	100	17	500	0.0658717	0.0300408	0.0210831	0.00895772	0.0358309	0.972608	0.0229807	0.972689	0.0230581	2.99675e-05
10073	1	100	16	500	0.0688595	0.0316242	0.0223153	0.00930884	0.0372354	0.969425	0.0355347	0.969425	0.0355347	3.02785e-05
10074	1	100	17	500	0.0977646	0.0383226	0.0234622	0.0148605	0.0594419	0.961831	0.0360217	0.961831	0.0360217	3.04324e-05
10075	1	100	17	500	0.0844239	0.0330546	0.0202123	0.0128423	0.0513693	0.966853	0.032494	0.966897	0.032531	3.14794e-05
10076	1	100	15	500	0.103393	0.0397432	0.0238309	0.0159123	0.0636493	0.961866	0.0401324	0.961951	0.0401615	3.08078e-05
10077	1	100	17	500	0.0994628	0.0403179	0.0255316	0.0147862	0.059145	0.958454	0.0423187	0.958757	0.0425265	2.98748e-05
10078	1	100	16	500	0.102535	0.0433005	0.0284917	0.0148087	0.0592349	0.957784	0.0429342	0.957784	0.0429342	2.90813e-05
10079	1	100	14	500	0.116247	0.053813	0.0382045	0.0156085	0.0624339	0.94497	0.0460573	0.94497	0.0460573	2.48433e-05
10080	1	100	12	500	0.132049	0.0627484	0.0454234	0.0173251	0.0693003	0.939784	0.0535161	0.939784	0.0535161	2.31315e-05
10081	1	100	13	500	0.101975	0.0583276	0.0474156	0.0109119	0.0436477	0.943123	0.0498741	0.943275	0.0498472	2.19904e-05
10082	1	100	12	500	0.0928853	0.0450463	0.0330865	0.0119598	0.0478391	0.959757	0.0391629	0.959763	0.039168	2.87535e-05
10083	1	100	13	500	0.0957602	0.0463338	0.0339086	0.0124251	0.0494264	0.956323	0.04624	0.956459	0.046331	3.00525e-05
10084	1	100	15	500	0.0957734	0.0487446	0.0369874	0.0117572	0.0470287	0.947982	0.0547731	0.947982	0.0547731	2.54224e-05
10085	1	100	14	500	0.106818	0.0554467	0.0426039	0.0128428	0.0513714	0.942544	0.0700175	0.942544	0.0700175	2.51306e-05
10086	1	100	16	500	0.127031	0.0741253	0.0608989	0.0132264	0.0529058	0.934894	0.0717755	0.934894	0.0717755	2.31987e-05
10087	1	100	11	500	0.124537	0.0715024	0.0581931	0.0133093	0.0530349	0.921744	0.079333	0.921844	0.0794161	2.28387e-05
10088	1	100	10	500	0.113565	0.0661248	0.0542649	0.0118599	0.0474397	0.934563	0.0689832	0.934612	0.0688686	2.17844e-05
10089	1	100	10	500	0.116248	0.0711976	0.0599351	0.0112625	0.04505	0.926911	0.0668852	0.927024	0.0668977	1.91912e-05
10090	1	100	8	500	0.108793	0.0636292	0.0523382	0.011291	0.0451642	0.939713	0.0630422	0.939893	0.0630266	2.071e-05
10091	1	100	9	500	0.10705	0.0628986	0.0518608	0.0110379	0.0441515	0.941877	0.0539397	0.941877	0.0539397	1.98368e-05
10092	1	100	11	500	0.12675	0.074468	0.0613976	0.0130704	0.0522817	0.927868	0.0725965	0.928021	0.0726628	1.90069e-05
10093	1	100	16	500	0.11829	0.0654761	0.0522504	0.0132257	0.0528143	0.940043	0.0653156	0.940086	0.0653393	1.91783e-05
10094	1	100	14	500	0.115455	0.0681207	0.0562871	0.0118336	0.0473345	0.939961	0.0729013	0.939961	0.0729013	1.93728e-05
10095	1	100	13	500	0.114666	0.0619652	0.0487901	0.0131751	0.0527003	0.941067	0.0738458	0.941098	0.0738605	2.24533e-05
10096	1	100	16	500	0.103103	0.0544163	0.0422446	0.0121718	0.0486871	0.950159	0.0628682	0.950359	0.0630024	2.40845e-05
10097	1	100	19	500	0.0951299	0.0468019	0.0346648	0.0121372	0.048328	0.95556	0.0620667	0.955736	0.062141	2.59342e-05
10098	1	100	15	500	0.0880979	0.0368724	0.024066	0.0128064	0.0512255	0.96302	0.0568064	0.96302	0.0568064	2.59887e-05
10099	1	100	13	500	0.086677	0.0336497	0.0203929	0.0132568	0.0530273	0.973046	0.0278377	0.973046	0.0278377	2.5575e-05
10100	1	100	13	500	0.099641	0.0441353	0.0302589	0.0138764	0.0555057	0.958498	0.0561186	0.958498	0.0561186	2.869e-05
10101	1	100	17	500	0.126739	0.0601922	0.0434359	0.0167563	0.0665465	0.94426	0.062175	0.944789	0.0623348	3.00693e-05
