Generation	PopulationID	SampleSize	UniqueMutations	PopulationSize	totalLoad	RelzLoad	RelzLoadHomo	RelzLoadHetero	MskLoad	MeanFitness	SdFitness	MeanFitnessCached	SdFitnessCached	Heterozygosity	
10001	1	100	36	500	0.854713	0.842301	0.745032	0.0972695	0.0124118	0.371906	0.0513259	1.75315	0.113464	2.10173e-05
10002	1	100	20	500	0.771381	0.760567	0.672698	0.0878687	0.0108137	0.401836	0.0416806	1.60935	0.0841034	2.05423e-05
10003	1	100	15	500	0.76888	0.761952	0.683585	0.0783666	0.00692837	0.400565	0.0448376	1.62595	0.0934712	2.0146e-05
10004	1	100	15	500	0.774376	0.764412	0.660451	0.103961	0.00996415	0.400012	0.0451748	1.6356	0.0953549	2.44442e-05
10005	1	100	14	500	0.769491	0.76117	0.650165	0.111005	0.00832057	0.402646	0.0486899	1.61563	0.106966	2.38265e-05
10006	1	100	13	500	0.75012	0.743294	0.622288	0.121006	0.00682648	0.412579	0.0532449	1.60804	0.111255	2.46314e-05
10007	1	100	15	500	0.742543	0.734616	0.618442	0.116175	0.00792698	0.416807	0.0654939	1.60288	0.113993	2.40746e-05
10008	1	100	15	500	0.747002	0.740513	0.621541	0.118972	0.00648911	0.414734	0.0573752	1.60924	0.129069	2.42743e-05
10009	1	100	14	500	0.740954	0.731346	0.624315	0.107031	0.00960792	0.417691	0.0636242	1.61791	0.151736	2.37035e-05
10010	1	100	17	500	0.733915	0.72562	0.636389	0.0892315	0.00829438	0.418345	0.0565694	1.60798	0.143716	2.07182e-05
10011	1	100	8	500	0.198215	0.189879	0.114045	0.0758339	0.00833592	0.822309	0.0980897	1.05674	0.0920226	1.91805e-05
10012	1	100	5	500	0.210666	0.20272	0.121544	0.0811757	0.00794641	0.810136	0.101942	1.06745	0.0937363	1.99337e-05
10013	1	100	6	500	0.184585	0.177502	0.0995564	0.0779453	0.00708381	0.832028	0.094786	1.03721	0.0883098	2.10192e-05
10014	1	100	7	500	0.233974	0.231772	0.138005	0.093767	0.00220245	0.784971	0.0855603	1.06135	0.102825	2.33184e-05
10015	1	100	6	500	0.271794	0.269178	0.173243	0.0959348	0.00261644	0.754057	0.10085	1.10043	0.117383	2.19584e-05
10016	1	100	4	500	0.195654	0.19306	0.098082	0.0949784	0.00259346	0.816911	0.110151	1.20156	0.139739	2.10533e-05
10017	1	100	6	500	0.165219	0.161797	0.0737653	0.0880313	0.00342196	0.844153	0.104271	1.16569	0.122536	2.0119e-05
10018	1	100	11	500	0.159619	0.157749	0.0741475	0.0836017	0.0018694	0.848969	0.108854	1.16322	0.127734	1.73736e-05
10019	1	100	8	500	0.180591	0.178324	0.0966614	0.0816623	0.00226696	0.828409	0.101437	1.18346	0.118792	1.76623e-05
10020	1	100	12	500	0.197782	0.192041	0.109495	0.0825462	0.00574101	0.815461	0.0973836	1.19543	0.117163	1.82732e-05
10021	1	100	8	500	0.213741	0.201513	0.113083	0.0884306	0.0122273	0.80895	0.10955	1.20324	0.133279	1.93136e-05
10022	1	100	9	500	0.244373	0.226053	0.13228	0.0937731	0.0183203	0.788366	0.118518	1.22717	0.147672	1.94784e-05
10023	1	100	9	500	0.272675	0.262013	0.167752	0.094261	0.0106624	0.755532	0.103449	1.27203	0.135855	2.12828e-05
10024	1	100	12	500	0.280615	0.273865	0.184931	0.0889334	0.00675054	0.743891	0.0935541	1.28678	0.12948	2.14403e-05
10025	1	100	10	500	0.318797	0.306819	0.215279	0.0915399	0.0119776	0.717752	0.109314	1.3208	0.143999	2.12921e-05
10026	1	100	10	500	0.325841	0.310206	0.217601	0.0926058	0.015635	0.715739	0.0977384	1.32375	0.130933	2.07006e-05
10027	1	100	10	500	0.29755	0.285742	0.190154	0.0955886	0.0118077	0.735311	0.116838	1.29307	0.145647	2.17034e-05
10028	1	100	10	500	0.33285	0.319266	0.230723	0.0885424	0.013584	0.708233	0.0935671	1.33354	0.128156	2.12461e-05
10029	1	100	8	500	0.33184	0.316394	0.226318	0.0900752	0.015446	0.711251	0.0995781	1.32847	0.135138	2.18649e-05
10030	1	100	8	500	0.329708	0.320576	0.231525	0.0890515	0.00913179	0.706274	0.0977894	1.33975	0.135342	2.19447e-05
10031	1	100	12	500	0.338084	0.324064	0.23588	0.088184	0.0140204	0.703679	0.0938707	1.33687	0.124648	2.2629e-05
10032	1	100	12	500	0.344517	0.330167	0.240226	0.0899408	0.0143499	0.699718	0.104833	1.34344	0.134302	2.19647e-05
10033	1	100	13	500	0.324797	0.316427	0.222472	0.0939549	0.00837035	0.710509	0.0935519	1.33651	0.127947	2.25287e-05
10034	1	100	13	500	0.29876	0.287339	0.197691	0.0896477	0.0114213	0.734711	0.102429	1.2988	0.1371	2.23753e-05
10035	1	100	8	500	0.326554	0.318603	0.241098	0.077505	0.00795125	0.706245	0.0883776	1.33705	0.125504	2.0609e-05
10036	1	100	13	500	0.335084	0.325708	0.24958	0.0761282	0.00937598	0.700514	0.0794469	1.3435	0.115325	2.0041e-05
10037	1	100	10	500	0.314422	0.308089	0.234941	0.0731486	0.00633233	0.714531	0.0832768	1.32572	0.119089	2.03317e-05
10038	1	100	10	500	0.307368	0.302787	0.234611	0.0681762	0.00458133	0.718039	0.077318	1.32018	0.113076	1.9204e-05
10039	1	100	8	500	0.130753	0.121546	0.0540898	0.0674558	0.00920707	0.877609	0.0928857	1.11249	0.084673	1.97698e-05
10040	1	100	9	500	0.155906	0.146435	0.0788388	0.0675962	0.00947084	0.853699	0.0966377	1.13786	0.0894604	2.02029e-05
10041	1	100	8	500	0.152091	0.139084	0.0700296	0.0690541	0.0130073	0.861904	0.0928962	1.12814	0.0887879	2.09123e-05
10042	1	100	13	500	0.165097	0.151921	0.0838459	0.0680751	0.0131761	0.848797	0.091426	1.14064	0.0874744	2.05126e-05
10043	1	100	12	500	0.155474	0.142605	0.0743651	0.0682401	0.0128684	0.858447	0.0963982	1.13217	0.0923671	2.04337e-05
10044	1	100	9	500	0.158789	0.143908	0.0752084	0.0686996	0.0148812	0.857705	0.0926333	1.12942	0.0849151	2.07013e-05
10045	1	100	11	500	0.184322	0.167608	0.10182	0.0657884	0.0167138	0.833149	0.0981456	1.14824	0.0879533	2.01236e-05
10046	1	100	11	500	0.202042	0.179888	0.115288	0.0645998	0.0221547	0.82253	0.089436	1.15662	0.0834522	1.98515e-05
10047	1	100	9	500	0.200974	0.181439	0.118199	0.0632394	0.0195351	0.822567	0.0848445	1.16301	0.081542	1.99291e-05
10048	1	100	12	500	0.21086	0.19094	0.129732	0.0612077	0.0199205	0.812063	0.0895315	1.17236	0.0866035	1.98889e-05
10049	1	100	11	500	0.204583	0.183753	0.117472	0.0662813	0.0208302	0.819902	0.0848856	1.16187	0.0813297	2.12832e-05
10050	1	100	12	500	0.206321	0.188572	0.125496	0.0630765	0.0177487	0.813524	0.083975	1.16973	0.081133	2.10338e-05
10051	1	100	10	500	0.211883	0.1938	0.134487	0.0593128	0.0180837	0.810732	0.0850592	1.17891	0.0839065	2.04429e-05
10052	1	100	11	500	0.196593	0.175052	0.10874	0.0663119	0.0215414	0.826663	0.089687	1.14562	0.0754352	2.21448e-05
10053	1	100	9	500	0.194402	0.172777	0.105761	0.0670161	0.0216247	0.832024	0.091629	1.14671	0.0804391	2.26097e-05
10054	1	100	8	500	0.211225	0.188583	0.124987	0.063596	0.0226426	0.813343	0.106117	1.1513	0.0896353	2.14568e-05
10055	1	100	12	500	0.229897	0.207833	0.152932	0.0549007	0.0220643	0.792939	0.0875354	1.17224	0.0808245	1.93888e-05
10056	1	100	14	500	0.245764	0.222292	0.175051	0.0472415	0.0234717	0.781557	0.0801206	1.19241	0.0765072	1.76585e-05
10057	1	100	11	500	0.239489	0.223219	0.181392	0.0418275	0.0162695	0.777142	0.0685729	1.20344	0.0665316	1.72211e-05
10058	1	100	14	500	0.259235	0.235308	0.1981	0.0372081	0.0239272	0.767953	0.0706013	1.21201	0.0694655	1.58915e-05
10059	1	100	12	500	0.286359	0.259096	0.232952	0.0261444	0.0272626	0.743213	0.0628186	1.21259	0.0694006	1.27221e-05
10060	1	100	9	500	0.279341	0.255464	0.231379	0.0240856	0.023877	0.751179	0.050924	1.22833	0.0520255	1.34568e-05
10061	1	100	9	500	0.26018	0.245094	0.218274	0.0268204	0.0150859	0.754903	0.0584544	1.22671	0.0627088	1.45351e-05
10062	1	100	11	500	0.280798	0.258181	0.234688	0.0234933	0.0226169	0.746823	0.0495134	1.23642	0.0544318	1.223e-05
10063	1	100	10	500	0.285338	0.259988	0.24289	0.0170976	0.02535	0.743322	0.0413553	1.23571	0.0470351	1.07656e-05
10064	1	100	8	500	0.26822	0.256684	0.246725	0.00995906	0.0115367	0.744058	0.0309496	1.24721	0.0324984	1.10556e-05
10065	1	100	8	500	0.286501	0.265731	0.258989	0.00674265	0.0207692	0.737332	0.0171179	1.25112	0.0201702	9.50533e-06
10066	1	100	8	500	0.266376	0.259789	0.255823	0.00396542	0.0065876	0.740732	0.0182465	1.25492	0.0190433	9.74662e-06
10067	1	100	12	500	0.269128	0.256992	0.247548	0.00944462	0.0121354	0.744115	0.0302926	1.24966	0.031454	1.05343e-05
10068	1	100	8	500	0.271738	0.257587	0.24796	0.00962673	0.0141504	0.743264	0.0309176	1.24857	0.0337162	1.13193e-05
10069	1	100	9	500	0.273079	0.255922	0.243094	0.0128273	0.0171578	0.745246	0.0364884	1.24494	0.0399202	1.16561e-05
10070	1	100	5	500	0.287294	0.253046	0.227784	0.0252611	0.0342479	0.751015	0.0511186	1.23018	0.0518242	1.3447e-05
10071	1	100	8	500	0.297798	0.250959	0.216479	0.0344794	0.0468392	0.755628	0.056175	1.21909	0.06193	1.41913e-05
10072	1	100	7	500	0.326242	0.262811	0.228039	0.0347717	0.0634312	0.734556	0.114616	1.19576	0.173387	1.3261e-05
10073	1	100	7	500	0.301545	0.250867	0.213769	0.0370986	0.0506779	0.756211	0.066968	1.21406	0.0660978	1.511e-05
10074	1	100	6	500	0.332794	0.264942	0.231056	0.0338859	0.0678518	0.744391	0.0508059	1.21922	0.0614014	1.36766e-05
10075	1	100	6	500	0.348732	0.280399	0.260233	0.0201653	0.0683331	0.725283	0.0634979	1.22645	0.102099	1.02684e-05
10076	1	100	5	500	0.334687	0.27686	0.260853	0.016007	0.0578266	0.730192	0.0248085	1.23917	0.041073	1.02414e-05
10077	1	100	7	500	0.0860647	0.0213562	0.00514571	0.0162105	0.0647085	0.97107	0.0968365	0.971137	0.0968565	1.00454e-05
10078	1	100	6	500	0.092406	0.0234809	0.00624963	0.0172313	0.0689251	0.972715	0.0901624	0.972715	0.0901624	1.05551e-05
10079	1	100	7	500	0.0721316	0.0180117	0.00448171	0.01353	0.0541199	0.985308	0.0292889	0.98545	0.0293599	1.077e-05
10080	1	100	7	500	0.0446921	0.0120014	0.00326503	0.00873639	0.0326907	0.990581	0.0213323	0.991717	0.021799	1.1506e-05
10081	1	100	3	500	0.0270125	0.00701532	0.00117387	0.00584145	0.0199972	0.993403	0.0183018	0.995413	0.0189059	1.12722e-05
10082	1	100	2	500	7.54296e-05	3.04509e-05	1.92063e-05	1.12447e-05	4.49787e-05	0.998302	0.00959217	0.998302	0.00959217	1.13109e-05
10083	1	100	5	500	0.015378	0.00328219	0.000258246	0.00302395	0.0120958	0.996845	0.0121491	0.996845	0.0121491	1.02397e-05
10084	1	100	6	500	0.000381343	8.06679e-05	5.4991e-06	7.51688e-05	0.000300675	0.998864	0.00772497	0.998928	0.00773394	1.04693e-05
10085	1	100	4	500	0.00481657	0.000995584	4.03367e-05	0.000955247	0.00382099	0.998745	0.00859327	0.999095	0.00863713	1.01872e-05
10086	1	100	3	500	1.43696e-05	3.65982e-06	9.82381e-07	2.67744e-06	1.07098e-05	0.999897	0.00141605	0.999897	0.00141605	1.09756e-05
10087	1	100	4	500	0.000172044	3.51928e-05	9.79905e-07	3.42129e-05	0.000136852	0.999945	0.000762321	0.999945	0.000762321	1.04768e-05
10088	1	100	3	500	4.57983e-05	3.39503e-05	6.14392e-07	3.33359e-05	1.1848e-05	0.999778	0.00281751	0.999838	0.00282166	1.13511e-05
10089	1	100	2	500	6.80562e-05	1.39499e-05	4.23324e-07	1.35266e-05	5.41063e-05	0.999643	0.00233771	1.00019	0.00235723	1.17731e-05
10090	1	100	4	500	0.000994325	0.000896342	2.398e-05	0.000872362	9.79831e-05	0.998976	0.00390097	1.00089	0.0039267	1.10909e-05
10091	1	100	8	500	0.00298432	0.001775	7.62516e-05	0.00169875	0.00120932	0.998107	0.00571712	1.00108	0.00497534	9.2553e-06
10092	1	100	7	500	0.00330138	0.00113027	5.006e-05	0.00108021	0.00217112	0.998774	0.00435796	1.00001	0.00451963	9.67641e-06
10093	1	100	5	500	0.00676111	0.00237957	0.000200845	0.00217872	0.00438154	0.997683	0.00795358	0.999933	0.0082845	9.06474e-06
10094	1	100	3	500	0.00755306	0.00257322	0.000386461	0.00218676	0.00497984	0.997421	0.0071956	0.999487	0.00762746	9.18407e-06
10095	1	100	8	500	0.0157748	0.00523914	0.00180648	0.00343266	0.0105356	0.994386	0.0162238	0.996357	0.0166462	9.01076e-06
10096	1	100	6	500	0.0210236	0.00765403	0.0031711	0.00448293	0.0133696	0.992745	0.0178039	0.995117	0.0185346	9.38505e-06
10097	1	100	5	500	0.0184301	0.00716924	0.00203991	0.00512933	0.0112609	0.992334	0.0175533	0.997381	0.0189772	1.06709e-05
10098	1	100	6	500	0.012556	0.00473837	0.000909736	0.00382864	0.00781758	0.994297	0.0144147	0.998309	0.0152849	1.22096e-05
10099	1	100	4	500	0.0127329	0.00442729	0.000961529	0.00346576	0.00830562	0.995704	0.00653451	0.998699	0.00770194	1.29242e-05
10100	1	100	6	500	0.00777136	0.00303329	0.000337624	0.00269567	0.00473807	0.996997	0.00629785	1.00053	0.00654899	1.35204e-05
10101	1	100	6	500	0.00847985	0.0035895	0.000376044	0.00321346	0.00489034	0.996504	0.00847034	1.00079	0.0090425	1.41294e-05
