Generation	PopulationID	SampleSize	UniqueMutations	PopulationSize	totalLoad	RelzLoad	RelzLoadHomo	RelzLoadHetero	MskLoad	MeanFitness	SdFitness	MeanFitnessCached	SdFitnessCached	
10001	1	100	50	500	0.355118	0.337731	0.280303	0.0574282	0.0173872	0.698371	0.0373488	1.36191	0.0569444
10002	1	100	37	500	0.343197	0.326614	0.258623	0.0679904	0.0165835	0.708323	0.0309963	1.35115	0.0552914
10003	1	100	30	500	0.28386	0.268638	0.194345	0.0742937	0.0152212	0.751832	0.0343358	1.27871	0.054563
10004	1	100	30	500	0.280121	0.264202	0.199291	0.064911	0.0159197	0.755372	0.035777	1.2727	0.0535477
10005	1	100	34	500	0.283948	0.267899	0.192533	0.0753659	0.0160489	0.750876	0.0353618	1.27476	0.0642455
10006	1	100	26	500	0.281383	0.272292	0.1966	0.075692	0.00909087	0.748537	0.0347461	1.28741	0.051807
10007	1	100	22	500	0.282227	0.275669	0.203966	0.071702	0.00655834	0.745158	0.0332666	1.29241	0.0506194
10008	1	100	23	500	0.281436	0.270161	0.194946	0.0752157	0.0112746	0.75076	0.0328233	1.28359	0.0520764
10009	1	100	18	500	0.284275	0.273228	0.203012	0.0702163	0.0110467	0.747961	0.0297611	1.28704	0.0485503
10010	1	100	20	500	0.283432	0.274645	0.20548	0.0691651	0.00878682	0.746052	0.0342989	1.28936	0.0499744
10011	1	100	25	500	0.286547	0.278345	0.21558	0.0627651	0.00820198	0.74341	0.0299318	1.29536	0.044792
10012	1	100	20	500	0.281998	0.27542	0.213236	0.062184	0.00657782	0.745742	0.0317582	1.29269	0.0467073
10013	1	100	22	500	0.287372	0.279701	0.214044	0.0656569	0.00767078	0.742367	0.0284384	1.2971	0.0430109
10014	1	100	20	500	0.275308	0.268259	0.194731	0.0735277	0.00704933	0.751803	0.0357629	1.28409	0.0537562
10015	1	100	23	500	0.284058	0.276349	0.205839	0.0705096	0.00770927	0.744799	0.0341196	1.2932	0.052433
10016	1	100	17	500	0.269054	0.265932	0.18593	0.0800018	0.00312156	0.75334	0.0348873	1.28341	0.0493399
10017	1	100	16	500	0.282137	0.272648	0.199174	0.073474	0.00948927	0.747505	0.0330896	1.28596	0.0463113
10018	1	100	15	500	0.293834	0.286979	0.226596	0.0603828	0.0068547	0.736341	0.0274559	1.30608	0.0412835
10019	1	100	17	500	0.286236	0.276879	0.199106	0.0777729	0.00935628	0.745179	0.0338989	1.29295	0.049422
10020	1	100	17	500	0.281019	0.269257	0.182939	0.0863179	0.011762	0.752023	0.0350958	1.28283	0.0514942
10021	1	100	17	500	0.267211	0.263942	0.170469	0.0934725	0.00326886	0.756077	0.0301619	1.28257	0.0434551
10022	1	100	14	500	0.267405	0.265923	0.169881	0.0960423	0.00148171	0.754391	0.0329903	1.28615	0.0456582
10023	1	100	14	500	0.266539	0.265344	0.167664	0.0976798	0.00119531	0.755178	0.0275743	1.28611	0.0393864
10024	1	100	14	500	0.26303	0.262094	0.171988	0.0901062	0.000935735	0.757082	0.0335599	1.28169	0.0471852
10025	1	100	15	500	0.263298	0.2621	0.189019	0.0730814	0.00119748	0.75671	0.0369947	1.28088	0.0526316
10026	1	100	16	500	0.267163	0.264774	0.192372	0.0724025	0.00238878	0.754442	0.0343823	1.28299	0.0490889
10027	1	100	17	500	0.270897	0.268424	0.198211	0.0702131	0.00247344	0.750921	0.035812	1.28607	0.0501628
10028	1	100	16	500	0.262109	0.259155	0.181482	0.0776734	0.00295321	0.759453	0.0352547	1.27606	0.0495274
10029	1	100	13	500	0.253769	0.251242	0.17351	0.0777315	0.00252753	0.765778	0.0367993	1.26633	0.0494504
10030	1	100	14	500	0.261623	0.259468	0.18543	0.0740372	0.00215551	0.758933	0.0316107	1.27662	0.0433796
10031	1	100	14	500	0.269204	0.266659	0.18702	0.0796387	0.00254551	0.753054	0.0358013	1.28469	0.0495363
10032	1	100	16	500	0.271449	0.26941	0.193484	0.0759254	0.00203996	0.750907	0.032882	1.28884	0.0462971
10033	1	100	16	500	0.269103	0.267804	0.190542	0.0772618	0.00129856	0.751994	0.0344382	1.28734	0.0490324
10034	1	100	16	500	0.258349	0.2574	0.178435	0.0789647	0.00094916	0.760642	0.0365636	1.27539	0.0518646
10035	1	100	15	500	0.264424	0.26299	0.190097	0.0728938	0.00143386	0.755962	0.0340087	1.28163	0.0483018
10036	1	100	16	500	0.257003	0.256416	0.174955	0.0814609	0.000586693	0.761179	0.0292944	1.27441	0.0411284
10037	1	100	19	500	0.261482	0.259428	0.177406	0.0820222	0.00205362	0.759206	0.0338596	1.27737	0.0470155
10038	1	100	18	500	0.25827	0.257396	0.167863	0.0895327	0.000873705	0.761314	0.0332641	1.2762	0.0465941
10039	1	100	14	500	0.262986	0.258255	0.18809	0.0701649	0.0047304	0.759968	0.0389156	1.27388	0.0526345
10040	1	100	15	500	0.257985	0.252279	0.187346	0.0649325	0.00570628	0.764077	0.0385862	1.26519	0.0560203
10041	1	100	15	500	0.266305	0.261983	0.191196	0.070787	0.00432169	0.756465	0.0379153	1.278	0.0542404
10042	1	100	17	500	0.265127	0.264425	0.192266	0.0721598	0.000701562	0.754606	0.0337007	1.28373	0.0479639
10043	1	100	15	500	0.25473	0.253071	0.18139	0.0716813	0.00165854	0.764072	0.0363116	1.26962	0.0504256
10044	1	100	16	500	0.250546	0.248785	0.180612	0.0681737	0.00176075	0.767562	0.0397377	1.26442	0.0545934
10045	1	100	15	500	0.250957	0.24776	0.177355	0.0704045	0.00319741	0.768918	0.0467421	1.2626	0.0626378
10046	1	100	14	500	0.250419	0.244768	0.173587	0.0711806	0.00565092	0.77011	0.0539877	1.25382	0.0668632
10047	1	100	16	500	0.259124	0.250612	0.178367	0.0722456	0.0085114	0.768379	0.0610918	1.26181	0.0762157
10048	1	100	17	500	0.255746	0.245481	0.177211	0.0682699	0.0102656	0.77001	0.0600408	1.24731	0.0665206
10049	1	100	12	500	0.260497	0.252151	0.186449	0.0657016	0.00834687	0.765444	0.0495594	1.26143	0.0622299
10050	1	100	12	500	0.263504	0.254829	0.183184	0.0716443	0.00867523	0.762637	0.0483675	1.26277	0.0583193
10051	1	100	13	500	0.248213	0.239969	0.169199	0.0707697	0.0082441	0.775666	0.0403548	1.24783	0.0511627
10052	1	100	15	500	0.262592	0.249087	0.166935	0.0821518	0.0135052	0.76914	0.0485338	1.25544	0.061957
10053	1	100	13	500	0.260516	0.251609	0.162529	0.0890804	0.00890686	0.765894	0.0441107	1.26013	0.0515059
10054	1	100	14	500	0.264387	0.255296	0.178647	0.076649	0.00909113	0.763218	0.0511899	1.26443	0.0620694
10055	1	100	18	500	0.257427	0.248801	0.158923	0.0898785	0.00862585	0.769608	0.0537467	1.25936	0.0666353
10056	1	100	15	500	0.251375	0.242428	0.145234	0.0971938	0.00894712	0.774603	0.0469668	1.25043	0.056191
10057	1	100	16	500	0.270169	0.257726	0.158988	0.0987373	0.0124435	0.760892	0.0515535	1.2582	0.054822
10058	1	100	15	500	0.257594	0.248166	0.150858	0.0973082	0.00942786	0.7705	0.04578	1.25721	0.0561426
10059	1	100	20	500	0.256812	0.24913	0.155274	0.0938564	0.0076822	0.768898	0.0432657	1.26126	0.0588987
10060	1	100	19	500	0.262028	0.252896	0.151544	0.101352	0.00913191	0.765441	0.0493234	1.26377	0.0618806
10061	1	100	17	500	0.262221	0.249904	0.147065	0.102839	0.0123161	0.770101	0.0555316	1.25655	0.0658602
10062	1	100	19	500	0.269894	0.25701	0.158981	0.0980292	0.012884	0.762887	0.0506064	1.26124	0.0605445
10063	1	100	20	500	0.277744	0.265602	0.164937	0.100665	0.0121423	0.753748	0.0425554	1.27135	0.0475445
10064	1	100	19	500	0.290214	0.274314	0.169043	0.105271	0.0159006	0.749279	0.0384396	1.27903	0.0450753
10065	1	100	22	500	0.290035	0.275402	0.165949	0.109453	0.014633	0.748531	0.0354961	1.28189	0.0422176
10066	1	100	17	500	0.291202	0.273582	0.167649	0.105934	0.0176197	0.74881	0.0437948	1.26929	0.0450199
10067	1	100	19	500	0.294752	0.275275	0.164773	0.110502	0.0194771	0.744923	0.0492619	1.26232	0.0442436
10068	1	100	17	500	0.311025	0.284812	0.186376	0.0984365	0.0262131	0.744645	0.0407549	1.26568	0.0418241
10069	1	100	21	500	0.315519	0.289123	0.186554	0.102569	0.0263966	0.739655	0.043576	1.26528	0.0447092
10070	1	100	21	500	0.322334	0.295742	0.198368	0.0973738	0.0265915	0.734404	0.0453421	1.26751	0.0434081
10071	1	100	19	500	0.30776	0.282115	0.174467	0.107648	0.0256446	0.743465	0.045083	1.26324	0.0453661
10072	1	100	21	500	0.307391	0.283046	0.175609	0.107437	0.0243446	0.740248	0.0496391	1.25724	0.0492624
10073	1	100	22	500	0.307071	0.279992	0.182562	0.0974296	0.0270792	0.747737	0.0424873	1.25908	0.0380822
10074	1	100	22	500	0.320435	0.293686	0.183218	0.110468	0.0267491	0.735849	0.0450639	1.26483	0.0407439
10075	1	100	25	500	0.319581	0.291404	0.175475	0.115929	0.0281771	0.736162	0.0454527	1.26265	0.0434595
10076	1	100	23	500	0.317982	0.297289	0.174257	0.123032	0.0206927	0.731387	0.0413221	1.27423	0.0399855
10077	1	100	20	500	0.318641	0.298157	0.171134	0.127023	0.0204843	0.728965	0.0422851	1.2779	0.0454699
10078	1	100	20	500	0.320193	0.300371	0.172107	0.128264	0.0198219	0.729114	0.0401279	1.28547	0.0439927
10079	1	100	18	500	0.31987	0.303354	0.167895	0.135459	0.0165161	0.7236	0.0361788	1.29475	0.0428309
10080	1	100	14	500	0.317254	0.302319	0.165496	0.136823	0.0149351	0.727492	0.0318463	1.3065	0.0383836
10081	1	100	15	500	0.303265	0.290729	0.154652	0.136077	0.0125363	0.7373	0.026726	1.30246	0.0308429
10082	1	100	16	500	0.296694	0.285949	0.149151	0.136798	0.0107448	0.740669	0.024622	1.30071	0.0307799
10083	1	100	16	500	0.307766	0.293571	0.157007	0.136564	0.0141952	0.733972	0.0254918	1.30402	0.0313095
10084	1	100	17	500	0.295438	0.285423	0.154691	0.130733	0.0100146	0.740586	0.0183122	1.30395	0.0267955
10085	1	100	16	500	0.293227	0.283983	0.158542	0.125441	0.00924429	0.741299	0.0225368	1.30192	0.0290303
10086	1	100	17	500	0.294151	0.283741	0.166539	0.117202	0.0104097	0.740458	0.0248604	1.29557	0.0277153
10087	1	100	17	500	0.30277	0.288031	0.165158	0.122873	0.0147385	0.737963	0.0293214	1.29273	0.0283453
10088	1	100	18	500	0.314037	0.290463	0.164249	0.126214	0.0235742	0.737179	0.0210162	1.2967	0.0290617
10089	1	100	18	500	0.322162	0.292637	0.166557	0.12608	0.0295246	0.734726	0.0256907	1.29468	0.0409977
10090	1	100	22	500	0.339693	0.295555	0.157886	0.137669	0.0441378	0.732969	0.0313884	1.2852	0.0515881
10091	1	100	22	500	0.336438	0.297175	0.171835	0.12534	0.0392627	0.73235	0.026065	1.29328	0.0396025
10092	1	100	18	500	0.31324	0.292873	0.163717	0.129156	0.020367	0.730485	0.0300904	1.29225	0.0448297
10093	1	100	18	500	0.331501	0.298829	0.163986	0.134842	0.0326726	0.727815	0.0325198	1.28864	0.0415182
10094	1	100	18	500	0.332792	0.303143	0.166675	0.136468	0.029649	0.724209	0.0361141	1.28456	0.04432
10095	1	100	18	500	0.325228	0.296987	0.155924	0.141063	0.0282409	0.729707	0.0319118	1.28947	0.0495245
10096	1	100	17	500	0.329282	0.29747	0.158187	0.139283	0.0318124	0.733542	0.0259203	1.29152	0.0258474
10097	1	100	18	500	0.32509	0.296841	0.16484	0.132001	0.0282489	0.733505	0.0241743	1.29547	0.0255233
10098	1	100	21	500	0.323883	0.296074	0.172399	0.123675	0.027809	0.733022	0.0264407	1.2936	0.0297635
10099	1	100	22	500	0.330356	0.301361	0.174434	0.126927	0.0289942	0.726828	0.0327631	1.29033	0.0421166
10100	1	100	23	500	0.334504	0.307806	0.177634	0.130172	0.0266979	0.721024	0.0353502	1.29077	0.0375685
10101	1	100	26	500	0.341234	0.314112	0.184551	0.129562	0.0271217	0.718228	0.0350437	1.29251	0.0390476
