Generation	PopulationID	SampleSize	UniqueMutations	PopulationSize	totalLoad	RelzLoad	RelzLoadHomo	RelzLoadHetero	MskLoad	MeanFitness	SdFitness	MeanFitnessCached	SdFitnessCached	Heterozygosity	
10001	1	100	53	500	0.138776	0.12171	0.0707033	0.0510063	0.0170659	0.880463	0.0410001	1.06403	0.0423724	2.81654e-05
10002	1	100	23	500	0.127571	0.108337	0.0611142	0.0472228	0.0192337	0.893229	0.0318869	1.09256	0.0296224	2.70648e-05
10003	1	100	22	500	0.124578	0.10858	0.0659283	0.0426522	0.0159975	0.892507	0.033243	1.09391	0.033221	2.71411e-05
10004	1	100	25	500	0.139008	0.113739	0.0684008	0.0453384	0.0252688	0.888345	0.0329566	1.09502	0.0310127	2.65803e-05
10005	1	100	25	500	0.138506	0.114905	0.0678065	0.0470982	0.0236014	0.887825	0.0293598	1.09854	0.0272548	2.72565e-05
10006	1	100	25	500	0.152618	0.119898	0.0705184	0.0493793	0.0327205	0.882922	0.0317251	1.09679	0.0283665	2.70711e-05
10007	1	100	21	500	0.173456	0.131132	0.0785903	0.0525418	0.0423239	0.872015	0.0381271	1.09652	0.0317996	2.62559e-05
10008	1	100	20	500	0.187126	0.130387	0.073254	0.0571327	0.0567397	0.873897	0.043855	1.08639	0.0498381	2.76156e-05
10009	1	100	18	500	0.180616	0.127561	0.0715889	0.055972	0.0530553	0.873592	0.0515998	1.08139	0.0578697	2.79722e-05
10010	1	100	21	500	0.175348	0.126838	0.0793799	0.0474579	0.0485098	0.871464	0.0616301	1.07948	0.0665229	2.63405e-05
10011	1	100	25	500	0.168927	0.126143	0.0891339	0.0370095	0.0427835	0.875917	0.0519555	1.08131	0.0582635	2.42295e-05
10012	1	100	20	500	0.164336	0.119438	0.0769706	0.0424676	0.0448982	0.885913	0.0324588	1.07996	0.0356689	2.63108e-05
10013	1	100	18	500	0.152952	0.110263	0.0625877	0.0476753	0.0426886	0.894491	0.0350517	1.07878	0.0355113	2.78149e-05
10014	1	100	19	500	0.165592	0.118016	0.0769078	0.0411078	0.0475767	0.880293	0.0504463	1.0694	0.0663054	2.62657e-05
10015	1	100	18	500	0.1701	0.117995	0.0720761	0.0459192	0.0521051	0.883002	0.0329144	1.06682	0.0640571	2.71969e-05
10016	1	100	18	500	0.185751	0.122863	0.0755225	0.0473403	0.0628881	0.883364	0.0387743	1.07233	0.0522292	2.77787e-05
10017	1	100	18	500	0.187501	0.126286	0.0793551	0.0469307	0.0612148	0.873826	0.0403955	1.07142	0.0628404	2.65762e-05
10018	1	100	17	500	0.221216	0.134733	0.0832491	0.0514844	0.0864824	0.874261	0.0524547	1.07352	0.0535415	2.55602e-05
10019	1	100	21	500	0.236702	0.138202	0.0829578	0.055244	0.0985006	0.872944	0.050506	1.06682	0.0563406	2.53622e-05
10020	1	100	16	500	0.188545	0.124387	0.0743694	0.0500179	0.0641582	0.874516	0.116286	1.07424	0.0940153	2.53529e-05
10021	1	100	14	500	0.149336	0.116009	0.0758246	0.040184	0.0333273	0.886581	0.0378653	1.08949	0.0373976	2.50222e-05
10022	1	100	13	500	0.151225	0.119662	0.086628	0.0330338	0.031563	0.882323	0.0378111	1.09154	0.0393194	2.31114e-05
10023	1	100	15	500	0.176528	0.131747	0.104671	0.027077	0.044781	0.87139	0.038988	1.09428	0.0426867	1.96799e-05
10024	1	100	14	500	0.156986	0.130341	0.111618	0.0187229	0.0266454	0.871699	0.0309411	1.10045	0.0345514	1.70899e-05
10025	1	100	13	500	0.128583	0.124511	0.111858	0.0126527	0.00407158	0.876668	0.0174912	1.1068	0.0176236	1.63054e-05
10026	1	100	11	500	0.130633	0.12619	0.118484	0.00770593	0.00444318	0.874921	0.0153496	1.1065	0.0200553	1.44042e-05
10027	1	100	13	500	0.133436	0.126183	0.118558	0.00762554	0.00725289	0.875021	0.016787	1.10586	0.02248	1.56352e-05
10028	1	100	12	500	0.130211	0.121425	0.108708	0.0127168	0.00878594	0.87998	0.0209291	1.0996	0.0305633	1.83367e-05
10029	1	100	11	500	0.128449	0.119039	0.104422	0.0146171	0.00940937	0.882532	0.0228368	1.09785	0.0298097	1.94346e-05
10030	1	100	10	500	0.128295	0.118607	0.103732	0.0148754	0.00968716	0.883442	0.0221201	1.09825	0.0302638	1.9907e-05
10031	1	100	16	500	0.130339	0.124166	0.116481	0.00768497	0.00617347	0.876728	0.0167295	1.10671	0.0226248	1.83123e-05
10032	1	100	15	500	0.128431	0.121889	0.112078	0.00981132	0.00654164	0.879377	0.0179567	1.10487	0.0260561	1.90452e-05
10033	1	100	18	500	0.132748	0.121455	0.10851	0.0129453	0.0112936	0.879259	0.0184512	1.0999	0.0360415	1.96925e-05
10034	1	100	15	500	0.131545	0.12145	0.109005	0.012445	0.0100951	0.878913	0.0188531	1.10006	0.0360416	1.88898e-05
10035	1	100	15	500	0.134288	0.11992	0.104159	0.0157617	0.0143672	0.879262	0.0178746	1.09496	0.0490067	2.13529e-05
10036	1	100	16	500	0.13743	0.125191	0.114908	0.010283	0.0122388	0.875318	0.0124506	1.10268	0.0363303	1.77705e-05
10037	1	100	15	500	0.133513	0.124416	0.115456	0.00895978	0.00909706	0.876642	0.0172195	1.10525	0.0251244	1.88743e-05
10038	1	100	18	500	0.129963	0.124815	0.118047	0.00676789	0.00514823	0.875281	0.0149121	1.10678	0.0287348	1.83278e-05
10039	1	100	14	500	0.130672	0.125702	0.119987	0.00571568	0.00497007	0.87495	0.0151534	1.10854	0.0197251	1.80558e-05
10040	1	100	14	500	0.130244	0.125696	0.119748	0.00594826	0.00454802	0.875262	0.0148477	1.1081	0.0206025	1.76084e-05
10041	1	100	11	500	0.130169	0.127231	0.12363	0.0036009	0.00293853	0.873553	0.011942	1.11055	0.015376	1.62125e-05
10042	1	100	15	500	0.130565	0.127808	0.124253	0.0035555	0.00275692	0.872854	0.0124183	1.10993	0.0166213	1.55089e-05
10043	1	100	9	500	0.130307	0.127036	0.122428	0.00460807	0.00327082	0.873947	0.0131025	1.10905	0.0178653	1.5622e-05
10044	1	100	10	500	0.00928848	0.00824016	0.00797808	0.00026208	0.00104832	0.991747	0.0032133	0.991747	0.00321331	1.39507e-05
10045	1	100	7	500	0.00931536	0.00825161	0.00798567	0.000265937	0.00106375	0.991622	0.00435343	0.991874	0.00429125	1.43619e-05
10046	1	100	10	500	0.010022	0.00815562	0.00768902	0.0004666	0.0018664	0.991686	0.00513482	0.991699	0.0051323	1.4772e-05
10047	1	100	7	500	0.00933593	0.00817953	0.00789043	0.000289101	0.0011564	0.991695	0.00368751	0.991783	0.00385616	1.38272e-05
10048	1	100	7	500	0.00935872	0.00843407	0.0082029	0.000231163	0.000924651	0.991554	0.00317215	0.991674	0.00310184	1.35958e-05
10049	1	100	6	500	0.00916096	0.0078926	0.00757551	0.00031709	0.00126836	0.991944	0.00353256	0.992107	0.00381692	1.47787e-05
10050	1	100	10	500	0.00864659	0.0068214	0.00636511	0.000456296	0.00182518	0.993374	0.004076	0.993374	0.00407602	1.67801e-05
10051	1	100	7	500	0.008811	0.00703528	0.00659135	0.000443931	0.00177572	0.992783	0.00427915	0.992783	0.00427917	1.63131e-05
10052	1	100	8	500	0.00842035	0.00672503	0.0063012	0.00042383	0.00169532	0.993314	0.00441581	0.993365	0.00438501	1.66982e-05
10053	1	100	7	500	0.0102003	0.00746392	0.00677983	0.000684086	0.00273634	0.992375	0.00571478	0.992375	0.00571479	1.55788e-05
10054	1	100	9	500	0.0174818	0.00878142	0.00660633	0.00217508	0.00870034	0.991183	0.0120525	0.991221	0.0120505	1.60494e-05
10055	1	100	14	500	0.0335419	0.0128679	0.00743305	0.00543488	0.0206739	0.987315	0.0230308	0.987909	0.0230967	1.67093e-05
10056	1	100	8	500	0.0397889	0.0141044	0.00768327	0.00642114	0.0256845	0.985857	0.02488	0.98678	0.0239256	1.73377e-05
10057	1	100	11	500	0.0407131	0.0151332	0.0085379	0.00659528	0.0255799	0.985582	0.0258353	0.985984	0.0259098	1.64875e-05
10058	1	100	9	500	0.0268653	0.0122761	0.00832112	0.00395498	0.0145891	0.988049	0.0193737	0.988748	0.0194529	1.56447e-05
10059	1	100	9	500	0.00941248	0.00860372	0.00800536	0.000598361	0.000808757	0.99139	0.00383806	0.992192	0.00357468	1.55593e-05
10060	1	100	6	500	0.00977381	0.00928608	0.0085594	0.000726685	0.000487726	0.990415	0.00437961	0.991914	0.00472206	1.52178e-05
10061	1	100	10	500	0.009341	0.00869929	0.00827643	0.000422852	0.000641711	0.990944	0.00448096	0.99177	0.00443041	1.56438e-05
10062	1	100	9	500	0.0127679	0.00954568	0.00846808	0.0010776	0.00322221	0.990305	0.00645271	0.991073	0.00643868	1.55166e-05
10063	1	100	7	500	0.0105678	0.00918294	0.00883673	0.00034621	0.00138484	0.99063	0.00306117	0.991032	0.00302764	1.48122e-05
10064	1	100	8	500	0.000820497	0.000503651	1.06833e-05	0.000492968	0.000316846	0.999421	0.00256851	1.00027	0.00258417	1.40259e-05
10065	1	100	9	500	0.000755225	0.000549356	1.15149e-05	0.000537841	0.000205869	0.999351	0.00300997	1.00042	0.00279127	1.44647e-05
10066	1	100	6	500	0.00097746	0.000882422	1.43871e-05	0.000868035	9.5038e-05	0.999067	0.00366755	1.00085	0.00367413	1.41989e-05
10067	1	100	6	500	0.000762418	0.000738438	1.06651e-05	0.000727773	2.39804e-05	0.999125	0.00366341	1.00068	0.00369451	1.4265e-05
10068	1	100	2	500	0.00116866	0.00116865	3.85656e-05	0.00113009	5.41228e-09	0.99859	0.00702579	1.00093	0.00710589	1.41288e-05
10069	1	100	5	500	0.00155731	0.00104857	2.45763e-05	0.001024	0.000508731	0.998899	0.00561395	1.00074	0.00567284	1.40704e-05
10070	1	100	4	500	0.000202161	4.06025e-05	2.12846e-07	4.03897e-05	0.000161559	0.999481	0.00297552	1.0004	0.00299361	1.41712e-05
10071	1	100	3	500	0.000569084	0.000162519	3.12553e-06	0.000159394	0.000406564	0.999387	0.00596158	0.999513	0.00597319	1.37377e-05
10072	1	100	3	500	0.00473673	0.00101165	8.038e-05	0.00093127	0.00372508	0.999	0.00508937	0.999057	0.00510035	1.36296e-05
10073	1	100	4	500	0.0109286	0.00254312	0.000423073	0.00212004	0.00838548	0.997639	0.00777758	0.997737	0.00780656	1.29177e-05
10074	1	100	3	500	0.00971077	0.00218486	0.000303384	0.00188148	0.00752591	0.99788	0.00778371	0.99788	0.00778371	1.37766e-05
10075	1	100	8	500	0.00895894	0.0019546	0.000203518	0.00175108	0.00700434	0.997918	0.00727105	0.998365	0.0073845	1.39517e-05
10076	1	100	3	500	0.00815966	0.00181911	0.000233977	0.00158514	0.00634055	0.998038	0.00779929	0.998038	0.00779928	1.39656e-05
10077	1	100	5	500	0.0116692	0.00269402	0.000450224	0.0022438	0.0089752	0.997621	0.00768001	0.997665	0.00769328	1.26634e-05
10078	1	100	5	500	0.028334	0.00764835	0.00247693	0.00517142	0.0206857	0.994331	0.0112827	0.994331	0.0112827	1.24877e-05
10079	1	100	7	500	0.01314	0.00313382	0.000605462	0.00252836	0.0100062	0.99711	0.00848943	0.997211	0.00851999	1.33279e-05
10080	1	100	4	500	0.0132239	0.00317957	0.0006014	0.00257817	0.0100444	0.997208	0.00850865	0.997427	0.00796999	1.47516e-05
10081	1	100	3	500	0.0100459	0.00229311	0.000354909	0.00193821	0.00775282	0.997901	0.00715838	0.997901	0.00715837	1.40246e-05
10082	1	100	5	500	0.0196236	0.00473401	0.00101162	0.00372239	0.0148896	0.995932	0.00957593	0.995932	0.00957593	1.45078e-05
10083	1	100	10	500	0.019266	0.00443652	0.000712228	0.00372429	0.0148295	0.99586	0.00925102	0.995925	0.00922148	1.45536e-05
10084	1	100	5	500	0.00930454	0.00207668	0.000269719	0.00180696	0.00722786	0.997982	0.00674555	0.998205	0.0068086	1.3633e-05
10085	1	100	5	500	0.00347634	0.000735845	5.07223e-05	0.000685123	0.00274049	0.998991	0.00665372	0.999014	0.00665722	1.50618e-05
10086	1	100	2	500	0.00035054	8.63728e-05	2.03311e-05	6.60418e-05	0.000264167	0.999894	0.000791208	0.999963	0.000797389	1.57758e-05
10087	1	100	4	500	0.000517739	0.00013848	4.36653e-05	9.48148e-05	0.000379259	0.999347	0.00535171	0.999622	0.00537818	1.60313e-05
10088	1	100	8	500	0.0129832	0.00374117	0.000169478	0.00357169	0.00924203	0.996258	0.0161859	0.998819	0.0165715	1.6404e-05
10089	1	100	3	500	0.000207395	4.70815e-05	7.00316e-06	4.00784e-05	0.000160314	0.99989	0.000835548	0.99989	0.000835549	1.65705e-05
10090	1	100	2	500	0.000221715	9.01403e-05	4.79027e-06	8.53501e-05	0.000131574	0.999646	0.00214045	0.999801	0.00216049	1.59953e-05
10091	1	100	1	500	0.000120861	2.6106e-05	2.41723e-06	2.36888e-05	9.47553e-05	0.999886	0.00119912	0.999982	0.00120445	1.54758e-05
10092	1	100	3	500	0.00106268	0.000222377	1.23023e-05	0.000210075	0.000840298	0.999691	0.00176356	0.999758	0.00177403	1.67225e-05
10093	1	100	5	500	0.00314375	0.000719199	0.00011306	0.000606138	0.00242455	0.998495	0.0096657	0.998495	0.00966571	1.72173e-05
10094	1	100	2	500	0.000791554	0.000163969	7.0725e-06	0.000156896	0.000627586	0.999824	0.00118152	0.999824	0.00118152	1.74501e-05
10095	1	100	4	500	0.00238058	0.000527012	6.36198e-05	0.000463393	0.00185357	0.999465	0.00208418	0.999535	0.0021009	1.70712e-05
10096	1	100	1	500	0.00558307	0.00140247	0.000357316	0.00104515	0.0041806	0.997398	0.0124434	0.997398	0.0124435	1.78576e-05
10097	1	100	2	500	0.004014	0.000950473	0.000184591	0.000765882	0.00306353	0.999007	0.00401494	0.999007	0.00401494	1.77556e-05
10098	1	100	5	500	0.00820586	0.00180411	0.000203674	0.00160044	0.00640175	0.997961	0.00723364	0.998101	0.00727169	1.82501e-05
10099	1	100	7	500	0.00433543	0.000960536	0.000116812	0.000843724	0.0033749	0.998952	0.00352947	0.998968	0.00353406	1.75609e-05
10100	1	100	8	500	0.00225482	0.00058021	4.63552e-05	0.000533855	0.00167461	0.999255	0.00311448	0.999622	0.00317985	1.75682e-05
10101	1	100	4	500	0.00384683	0.000846999	9.70409e-05	0.000749958	0.00299983	0.999192	0.00266641	0.999192	0.00266641	1.80515e-05
