Generation	PopulationID	SampleSize	UniqueMutations	PopulationSize	totalLoad	RelzLoad	RelzLoadHomo	RelzLoadHetero	MskLoad	MeanFitness	SdFitness	MeanFitnessCached	SdFitnessCached	Heterozygosity	
10001	1	100	44	500	0.444263	0.425448	0.368529	0.0569188	0.0188145	0.614402	0.0266312	1.45165	0.0398035	2.00326e-05
10002	1	100	31	500	0.433348	0.416171	0.362071	0.0541005	0.0171764	0.622359	0.0441289	1.44157	0.0584516	2.05321e-05
10003	1	100	23	500	0.426453	0.414045	0.357158	0.0568867	0.0124085	0.624943	0.0486736	1.44363	0.0649512	2.1373e-05
10004	1	100	20	500	0.427005	0.421487	0.377954	0.0435333	0.00551814	0.617452	0.0241324	1.45699	0.0345576	1.85511e-05
10005	1	100	16	500	0.425545	0.421486	0.366899	0.0545867	0.00405875	0.617901	0.0286715	1.45818	0.0404225	1.83485e-05
10006	1	100	9	500	0.131165	0.128353	0.0822693	0.0460835	0.00281214	0.873466	0.00854359	1.12828	0.0120135	1.75583e-05
10007	1	100	11	500	0.143972	0.132796	0.0773142	0.0554814	0.0111767	0.868707	0.0163275	1.12699	0.0190103	1.94279e-05
10008	1	100	11	500	0.151265	0.135017	0.0775571	0.0574595	0.0162481	0.867785	0.0166565	1.12652	0.0199598	2.00579e-05
10009	1	100	15	500	0.147376	0.134119	0.0755758	0.0585428	0.0132579	0.867464	0.017891	1.12634	0.019521	1.92688e-05
10010	1	100	10	500	0.163293	0.14112	0.0709642	0.070156	0.0221732	0.863221	0.0189155	1.12876	0.0243031	1.89158e-05
10011	1	100	13	500	0.154528	0.138541	0.070203	0.0683381	0.0159871	0.864206	0.0187691	1.12927	0.0226469	1.91848e-05
10012	1	100	13	500	0.166593	0.145162	0.0707018	0.0744602	0.0214306	0.858339	0.0209399	1.13078	0.0243491	1.91457e-05
10013	1	100	13	500	0.177323	0.149553	0.0715091	0.0780442	0.0277699	0.855136	0.02507	1.13134	0.0265732	1.95628e-05
10014	1	100	11	500	0.174945	0.149917	0.0748242	0.0750933	0.0250277	0.854668	0.0213805	1.13051	0.0242616	1.89534e-05
10015	1	100	14	500	0.18064	0.150088	0.0733541	0.076734	0.0305521	0.855464	0.0216403	1.13006	0.0273009	1.96755e-05
10016	1	100	12	500	0.190642	0.154124	0.077223	0.0769007	0.0365181	0.850252	0.0238119	1.12763	0.0308548	1.98976e-05
10017	1	100	14	500	0.190647	0.157217	0.0853025	0.0719141	0.0334306	0.847074	0.021034	1.12984	0.0296033	1.87427e-05
10018	1	100	13	500	0.198473	0.162174	0.0906352	0.0715385	0.0362992	0.84139	0.0246249	1.12321	0.0287879	1.71686e-05
10019	1	100	14	500	0.201056	0.16719	0.101886	0.0653035	0.0338667	0.837339	0.027057	1.12225	0.0279994	1.55572e-05
10020	1	100	12	500	0.200246	0.166827	0.103436	0.0633907	0.0334198	0.839729	0.0238127	1.12681	0.0262836	1.60268e-05
10021	1	100	12	500	0.209094	0.17056	0.105878	0.0646819	0.0385345	0.830995	0.0635899	1.11691	0.0843714	1.59109e-05
10022	1	100	13	500	0.182435	0.163383	0.107279	0.0561041	0.0190517	0.841099	0.0223983	1.13102	0.0213101	1.59836e-05
10023	1	100	13	500	0.184318	0.161257	0.0991599	0.0620971	0.0230613	0.843179	0.0199354	1.13097	0.0246736	1.72049e-05
10024	1	100	13	500	0.186074	0.163266	0.101772	0.0614939	0.0228083	0.841747	0.0223637	1.12947	0.0215064	1.60849e-05
10025	1	100	10	500	0.194444	0.165619	0.104777	0.0608422	0.0288252	0.839951	0.0217204	1.12811	0.0257878	1.61236e-05
10026	1	100	9	500	0.200838	0.169207	0.108189	0.061018	0.0316308	0.837078	0.02205	1.12457	0.0256407	1.42852e-05
10027	1	100	8	500	0.175024	0.163678	0.1095	0.0541776	0.0113458	0.839894	0.0196559	1.1294	0.0182505	1.47196e-05
10028	1	100	10	500	0.171137	0.163761	0.111424	0.0523372	0.00737602	0.839545	0.019736	1.12941	0.0183213	1.40805e-05
10029	1	100	10	500	0.169044	0.163224	0.102403	0.0608207	0.00582002	0.841562	0.0208186	1.12592	0.0139695	1.3027e-05
10030	1	100	9	500	0.169517	0.164907	0.105913	0.0589941	0.0046099	0.839344	0.0208239	1.12472	0.0149904	1.29407e-05
10031	1	100	7	500	0.17216	0.1676	0.113217	0.0543827	0.00456061	0.837336	0.0202997	1.1246	0.0122433	1.17459e-05
10032	1	100	8	500	0.173648	0.169389	0.116704	0.0526842	0.00425918	0.835619	0.0209142	1.12332	0.0108938	1.03677e-05
10033	1	100	9	500	0.174538	0.170639	0.126164	0.0444745	0.00389915	0.833366	0.0205191	1.1254	0.0128991	1.0528e-05
10034	1	100	8	500	0.169522	0.164211	0.105717	0.0584944	0.00531124	0.839954	0.0238083	1.12889	0.0159183	1.41765e-05
10035	1	100	7	500	0.167661	0.161855	0.103814	0.0580403	0.00580614	0.842031	0.0229929	1.13072	0.0142804	1.574e-05
10036	1	100	7	500	0.167951	0.162132	0.105703	0.0564289	0.00581822	0.842152	0.0223503	1.13329	0.0155532	1.57946e-05
10037	1	100	8	500	0.167097	0.160788	0.101562	0.0592255	0.00630978	0.842374	0.0239573	1.1336	0.0147873	1.63337e-05
10038	1	100	11	500	0.169751	0.162055	0.103395	0.0586593	0.00769602	0.842987	0.0232382	1.13634	0.0155023	1.60608e-05
10039	1	100	8	500	0.170356	0.163738	0.111311	0.0524265	0.00661774	0.840151	0.0231224	1.13517	0.0151382	1.60734e-05
10040	1	100	13	500	0.165601	0.157658	0.092129	0.0655286	0.00794342	0.846433	0.0238645	1.1371	0.0180344	1.85003e-05
10041	1	100	8	500	0.173229	0.159967	0.0990499	0.0609174	0.013262	0.844768	0.022645	1.13726	0.0161646	1.84064e-05
10042	1	100	9	500	0.187136	0.164123	0.103519	0.0606038	0.0230137	0.841271	0.025911	1.13554	0.0189766	1.87591e-05
10043	1	100	14	500	0.176226	0.161782	0.103074	0.0587073	0.0144446	0.840769	0.0437259	1.13334	0.0524248	1.79527e-05
10044	1	100	8	500	0.167463	0.157966	0.0880937	0.0698724	0.00949727	0.845375	0.0268015	1.13926	0.0202993	1.88773e-05
10045	1	100	10	500	0.172266	0.158962	0.088087	0.0708754	0.0133034	0.847731	0.0216175	1.1424	0.0239702	1.8608e-05
10046	1	100	8	500	0.183696	0.1633	0.0927199	0.0705797	0.0203966	0.843267	0.0266469	1.1393	0.0226406	1.90112e-05
10047	1	100	8	500	0.182201	0.156998	0.0804366	0.0765611	0.0252035	0.847692	0.0271396	1.1317	0.0243276	2.06391e-05
10048	1	100	9	500	0.168651	0.147855	0.0723656	0.0754898	0.020796	0.857301	0.0220179	1.13115	0.022013	1.98491e-05
10049	1	100	12	500	0.168638	0.151169	0.0749132	0.0762556	0.0174689	0.853302	0.0229206	1.13411	0.0208151	1.9806e-05
10050	1	100	10	500	0.179472	0.15304	0.0767858	0.0762537	0.0264328	0.852394	0.0233102	1.13025	0.0209086	2.09116e-05
10051	1	100	8	500	0.167027	0.147563	0.0736878	0.0738751	0.0194639	0.85563	0.0213781	1.12862	0.0187991	2.00197e-05
10052	1	100	9	500	0.158879	0.142886	0.0715571	0.0713291	0.0159932	0.859931	0.0216042	1.12847	0.0175489	1.76316e-05
10053	1	100	6	500	0.151007	0.14206	0.0715026	0.0705571	0.00894753	0.861347	0.0178201	1.13196	0.0149519	1.77866e-05
10054	1	100	7	500	0.148883	0.143289	0.0730023	0.070287	0.00559383	0.858409	0.0206203	1.13062	0.0146877	1.84342e-05
10055	1	100	11	500	0.150715	0.143871	0.0731636	0.0707076	0.00684349	0.859979	0.017001	1.13396	0.0150626	1.8424e-05
10056	1	100	9	500	0.14724	0.141329	0.0714003	0.069929	0.00591091	0.862335	0.0141707	1.13405	0.0153769	1.82337e-05
10057	1	100	10	500	0.151783	0.145779	0.0757917	0.0699872	0.0060038	0.857107	0.0171718	1.13488	0.0169892	1.88904e-05
10058	1	100	8	500	0.151461	0.145209	0.0754402	0.0697685	0.0062525	0.856547	0.0166213	1.13468	0.0186253	1.83772e-05
10059	1	100	13	500	0.152178	0.145211	0.076139	0.0690725	0.00696658	0.858327	0.0151957	1.13904	0.0138903	1.79832e-05
10060	1	100	9	500	0.154352	0.147533	0.0807264	0.0668061	0.0068194	0.854438	0.0165669	1.13741	0.0163039	1.79983e-05
10061	1	100	9	500	0.15905	0.149302	0.0804157	0.0688861	0.00974844	0.854428	0.0171396	1.13578	0.0166472	1.78505e-05
10062	1	100	7	500	0.159836	0.14966	0.0811497	0.0685107	0.0101751	0.854479	0.0160063	1.13646	0.0173734	1.77697e-05
10063	1	100	10	500	0.160126	0.148072	0.0765824	0.0714894	0.0120542	0.855483	0.0155795	1.13248	0.0185467	1.76797e-05
10064	1	100	11	500	0.164534	0.149653	0.0778842	0.0717687	0.0148808	0.854514	0.0163336	1.13294	0.01776	1.81945e-05
10065	1	100	8	500	0.163452	0.147927	0.0744013	0.0735254	0.0155249	0.853528	0.0213494	1.12827	0.0241675	1.81084e-05
10066	1	100	11	500	0.164953	0.14774	0.0743795	0.0733602	0.0172135	0.857304	0.015657	1.13108	0.0171499	1.85927e-05
10067	1	100	16	500	0.168736	0.149644	0.0758936	0.0737499	0.0190922	0.853837	0.0178658	1.12555	0.0180207	1.91919e-05
10068	1	100	12	500	0.175025	0.153732	0.0802686	0.0734633	0.0212936	0.848859	0.0245887	1.12536	0.0309206	1.96554e-05
10069	1	100	19	500	0.214418	0.160598	0.0783042	0.0822942	0.0538198	0.846174	0.0280081	1.11911	0.0326677	1.96177e-05
10070	1	100	14	500	0.20424	0.15765	0.0771551	0.0804947	0.0465907	0.848907	0.0247814	1.11738	0.0313762	1.92074e-05
10071	1	100	14	500	0.223574	0.163155	0.0792411	0.0839138	0.0604192	0.844515	0.035012	1.11246	0.0436454	1.88801e-05
10072	1	100	14	500	0.196188	0.155542	0.0787582	0.0767842	0.0406457	0.848185	0.0324185	1.11162	0.0442907	1.84426e-05
10073	1	100	12	500	0.17894	0.15328	0.0781635	0.0751167	0.0256603	0.851812	0.0216262	1.12167	0.0300151	1.8762e-05
10074	1	100	14	500	0.191945	0.156347	0.0790464	0.0773002	0.0355988	0.850322	0.0194355	1.11832	0.0247244	1.92344e-05
10075	1	100	15	500	0.200485	0.166625	0.0929279	0.0736967	0.0338605	0.840382	0.0191836	1.11858	0.0203506	1.9394e-05
10076	1	100	14	500	0.211529	0.173173	0.101291	0.0718815	0.0383559	0.832866	0.0416394	1.11191	0.0558302	1.9022e-05
10077	1	100	20	500	0.212799	0.175718	0.110798	0.0649201	0.037081	0.832796	0.0202393	1.11695	0.0209833	1.80437e-05
10078	1	100	18	500	0.204578	0.173317	0.108735	0.0645816	0.0312618	0.833885	0.0205289	1.11789	0.0177575	1.75418e-05
10079	1	100	13	500	0.198624	0.170958	0.105752	0.0652061	0.0276658	0.834776	0.0263226	1.1181	0.0270789	1.75453e-05
10080	1	100	14	500	0.21156	0.174677	0.108846	0.0658308	0.0368836	0.834544	0.0213731	1.11887	0.0196742	1.79001e-05
10081	1	100	14	500	0.19497	0.173661	0.118031	0.0556293	0.0213097	0.833162	0.0215774	1.12104	0.0141057	1.60528e-05
10082	1	100	14	500	0.20035	0.17633	0.122591	0.0537386	0.0240205	0.830036	0.0196339	1.1183	0.015937	1.52363e-05
10083	1	100	16	500	0.21034	0.179707	0.12808	0.0516268	0.0306332	0.82629	0.0195309	1.11561	0.0163643	1.43946e-05
10084	1	100	15	500	0.223591	0.179767	0.118965	0.0608015	0.0438242	0.821494	0.054882	1.10674	0.0753949	1.54355e-05
10085	1	100	15	500	0.213415	0.177368	0.119877	0.0574915	0.0360464	0.827582	0.0388807	1.11511	0.0491114	1.43849e-05
10086	1	100	15	500	0.214413	0.174146	0.107339	0.0668072	0.0402665	0.833062	0.0291083	1.11686	0.0278519	1.60837e-05
10087	1	100	16	500	0.19884	0.177359	0.131593	0.0457664	0.0214807	0.828999	0.0278136	1.12137	0.0233829	1.24808e-05
10088	1	100	12	500	0.202159	0.183241	0.158181	0.0250599	0.0189175	0.824191	0.0186198	1.12256	0.0141001	8.6191e-06
10089	1	100	13	500	0.213382	0.186103	0.155105	0.0309983	0.0272784	0.820797	0.0313128	1.11641	0.0342576	9.48626e-06
10090	1	100	9	500	0.229978	0.196806	0.170069	0.0267375	0.0331721	0.810484	0.037488	1.10506	0.0448423	7.8865e-06
10091	1	100	11	500	0.227338	0.192653	0.162505	0.0301481	0.034685	0.81496	0.0322452	1.11012	0.0391157	8.42099e-06
10092	1	100	10	500	0.231603	0.198383	0.174825	0.0235581	0.0332201	0.809999	0.0384809	1.10669	0.0471395	6.93183e-06
10093	1	100	11	500	0.251045	0.208246	0.191207	0.0170386	0.0427991	0.804519	0.0334465	1.10232	0.0429454	5.27627e-06
10094	1	100	11	500	0.243678	0.203942	0.178031	0.025912	0.0397357	0.804955	0.0429711	1.10095	0.0508187	7.13976e-06
10095	1	100	9	500	0.222673	0.19572	0.164292	0.0314281	0.0269522	0.811431	0.0394094	1.10763	0.044644	9.21082e-06
10096	1	100	12	500	0.244875	0.21409	0.197201	0.016889	0.0307857	0.80325	0.0339379	1.10248	0.0398145	5.77644e-06
10097	1	100	8	500	0.245125	0.211904	0.189909	0.021995	0.0332207	0.799889	0.0440478	1.09665	0.0511903	7.19659e-06
10098	1	100	7	500	0.241814	0.212081	0.194671	0.0174098	0.029733	0.798348	0.0429126	1.09654	0.0531116	6.55108e-06
10099	1	100	9	500	0.257637	0.225274	0.211428	0.0138465	0.0323632	0.782857	0.0551239	1.07713	0.0697688	5.93121e-06
10100	1	100	12	500	0.251415	0.218146	0.200511	0.017635	0.0332687	0.795877	0.0437162	1.09454	0.0540758	7.28738e-06
10101	1	100	9	500	0.246248	0.21373	0.197427	0.0163028	0.032518	0.794796	0.0454082	1.09502	0.0555165	7.31593e-06
