Generation	PopulationID	SampleSize	UniqueMutations	PopulationSize	totalLoad	RelzLoad	RelzLoadHomo	RelzLoadHetero	MskLoad	MeanFitness	SdFitness	MeanFitnessCached	SdFitnessCached	Heterozygosity	
10001	1	100	45	500	0.422479	0.411733	0.393842	0.0178915	0.0107454	0.642417	0.0276195	1.46165	0.044788	1.66758e-05
10002	1	100	22	500	0.170872	0.157176	0.137238	0.0199374	0.013696	0.845266	0.0339936	1.14934	0.0324791	1.64379e-05
10003	1	100	24	500	0.155838	0.148216	0.129548	0.0186677	0.00762243	0.853152	0.0348862	1.14386	0.0341086	1.64202e-05
10004	1	100	18	500	0.161944	0.154371	0.138263	0.0161081	0.00757303	0.846941	0.0318245	1.14905	0.0313456	1.59149e-05
10005	1	100	15	500	0.167973	0.160983	0.150417	0.0105658	0.00699057	0.840647	0.0227595	1.15616	0.0220637	1.50922e-05
10006	1	100	13	500	0.0132945	0.00672844	0.00214525	0.00458319	0.00656601	0.992774	0.00880305	1.0009	0.00571814	1.56914e-05
10007	1	100	13	500	0.0134676	0.00635567	0.00187117	0.00448451	0.0071119	0.993168	0.00668729	1.00052	0.00703332	1.58534e-05
10008	1	100	12	500	0.016369	0.00700663	0.00205058	0.00495606	0.00936232	0.993309	0.00857787	1.0001	0.006529	1.61245e-05
10009	1	100	13	500	0.0174245	0.00691635	0.00190262	0.00501373	0.0105082	0.993432	0.00950706	0.999461	0.00652057	1.57582e-05
10010	1	100	12	500	0.0137153	0.00612212	0.00172806	0.00439406	0.00759322	0.99363	0.00870059	0.999985	0.0067616	1.61395e-05
10011	1	100	13	500	0.0137562	0.00657496	0.00211054	0.00446442	0.00718126	0.99352	0.00749679	1.00053	0.00663712	1.59781e-05
10012	1	100	9	500	0.0132947	0.0080779	0.00331873	0.00475916	0.00521684	0.991578	0.00819951	1.00277	0.00621068	1.63941e-05
10013	1	100	14	500	0.0175225	0.00864969	0.00303779	0.00561189	0.00887284	0.991679	0.00685801	1.00241	0.00706992	1.72648e-05
10014	1	100	14	500	0.016361	0.00865217	0.00315849	0.00549367	0.00770879	0.991336	0.00798878	1.00264	0.00619367	1.68125e-05
10015	1	100	9	500	0.012198	0.00690265	0.00233296	0.00456969	0.0052954	0.993281	0.0057428	1.00306	0.00572239	1.59661e-05
10016	1	100	9	500	0.00958556	0.00590493	0.0018636	0.00404133	0.00368063	0.993969	0.00485178	1.00301	0.00608485	1.52258e-05
10017	1	100	13	500	0.00844074	0.00551175	0.00169786	0.00381389	0.00292899	0.994045	0.00590392	1.00292	0.00742742	1.37598e-05
10018	1	100	9	500	0.00860551	0.00554892	0.00169169	0.00385723	0.00305659	0.994609	0.00547353	1.00369	0.00646658	1.39426e-05
10019	1	100	10	500	0.00977903	0.00575439	0.00186095	0.00389343	0.00402464	0.994273	0.00692944	1.00201	0.00788819	1.5268e-05
10020	1	100	8	500	0.0100226	0.00550095	0.00161284	0.00388811	0.00452164	0.994309	0.00647921	1.00169	0.0076703	1.54297e-05
10021	1	100	9	500	0.010271	0.00594312	0.00178526	0.00415786	0.00432792	0.993889	0.00611518	1.0027	0.00731162	1.52094e-05
10022	1	100	9	500	0.00851044	0.00540276	0.00162755	0.00377521	0.00310768	0.994418	0.00569522	1.00288	0.00681581	1.5575e-05
10023	1	100	10	500	0.00960341	0.00537826	0.00150057	0.00387769	0.00422515	0.994623	0.00638182	1.00226	0.00702469	1.50281e-05
10024	1	100	7	500	0.0104855	0.00633352	0.00208432	0.0042492	0.00415194	0.993906	0.0052052	1.00345	0.0067495	1.54789e-05
10025	1	100	9	500	0.0095073	0.00627464	0.00217821	0.00409642	0.00323266	0.993733	0.00527895	1.00374	0.00626858	1.5585e-05
10026	1	100	10	500	0.0126056	0.00706507	0.0023388	0.00472627	0.00554051	0.992939	0.00655701	1.00342	0.00791954	1.51252e-05
10027	1	100	13	500	0.0119292	0.00731145	0.00266997	0.00464149	0.00461772	0.992714	0.00567123	1.00436	0.00608244	1.49919e-05
10028	1	100	10	500	0.013288	0.00752517	0.00262092	0.00490425	0.00576282	0.99284	0.00521603	1.00363	0.00695237	1.51742e-05
10029	1	100	7	500	0.0161396	0.00837444	0.00305509	0.00531934	0.0077652	0.992052	0.00689599	1.0029	0.00790422	1.56247e-05
10030	1	100	8	500	0.0245683	0.0120091	0.00434667	0.00766242	0.0125592	0.988178	0.0190863	0.999419	0.0201179	1.68332e-05
10031	1	100	9	500	0.019057	0.00944849	0.00267503	0.00677346	0.00960852	0.99036	0.0178496	1.0009	0.0170172	1.75482e-05
10032	1	100	6	500	0.0199792	0.00902555	0.00341112	0.00561443	0.0109536	0.987469	0.0240977	0.995365	0.0265631	1.7666e-05
10033	1	100	6	500	0.024486	0.0115484	0.00510281	0.0064456	0.0129375	0.989936	0.0123109	0.999472	0.0143881	1.73635e-05
10034	1	100	8	500	0.02706	0.0122107	0.00512832	0.00708237	0.0148493	0.989525	0.0102848	1.00013	0.0123186	1.75331e-05
10035	1	100	9	500	0.0268184	0.0124034	0.00545848	0.00694489	0.014415	0.987164	0.0188504	0.997498	0.0214928	1.77548e-05
10036	1	100	10	500	0.0328133	0.0151139	0.00736069	0.00775317	0.0176994	0.985711	0.0203316	0.995961	0.0226746	1.82097e-05
10037	1	100	13	500	0.0429736	0.0191133	0.00954003	0.00957332	0.0238603	0.980584	0.0263181	0.992347	0.0300413	1.67497e-05
10038	1	100	7	500	0.0337366	0.0169299	0.00939993	0.00752998	0.0168067	0.98268	0.0252651	0.992933	0.0291399	1.7154e-05
10039	1	100	8	500	0.0364935	0.0181506	0.0105421	0.00760842	0.0183429	0.982202	0.0267459	0.990726	0.0298947	1.81736e-05
10040	1	100	8	500	0.0400313	0.0198053	0.0117383	0.00806704	0.020226	0.98041	0.0279457	0.988956	0.0309073	1.77732e-05
10041	1	100	9	500	0.029008	0.0142095	0.00709736	0.00711219	0.0147984	0.984772	0.0227921	0.99567	0.026187	1.68245e-05
10042	1	100	6	500	0.0237974	0.0118572	0.0053424	0.00651478	0.0119402	0.988996	0.0123403	1.00117	0.0152094	1.53244e-05
10043	1	100	8	500	0.0275435	0.0135871	0.00659026	0.00699688	0.0139564	0.986001	0.0195212	0.997728	0.0228449	1.54996e-05
10044	1	100	9	500	0.0239951	0.0119538	0.0053985	0.00655531	0.0120413	0.989195	0.0110131	1.00131	0.0133745	1.51649e-05
10045	1	100	11	500	0.0188888	0.00963351	0.00381768	0.00581583	0.00925527	0.989459	0.0144258	1.00125	0.016577	1.4284e-05
10046	1	100	8	500	0.0194626	0.00912501	0.00345323	0.00567178	0.0103376	0.989385	0.0177411	0.998249	0.0202163	1.39643e-05
10047	1	100	10	500	0.0198821	0.00878814	0.00315888	0.00562926	0.011094	0.989966	0.017316	0.997764	0.0188907	1.40713e-05
10048	1	100	11	500	0.0260381	0.0104028	0.00384762	0.00655514	0.0156354	0.989857	0.0136521	0.996905	0.0144541	1.5845e-05
10049	1	100	15	500	0.0227561	0.00829461	0.00244263	0.00585198	0.0144615	0.992509	0.00742471	0.998005	0.00828517	1.52937e-05
10050	1	100	14	500	0.0260293	0.00994358	0.00301294	0.00693064	0.0160857	0.990239	0.0124127	0.998217	0.0123548	1.55213e-05
10051	1	100	11	500	0.0242966	0.00918138	0.00250653	0.00667485	0.0151153	0.989753	0.0155311	0.997784	0.0160136	1.56757e-05
10052	1	100	12	500	0.0267256	0.0101293	0.0029277	0.00720161	0.0165963	0.990528	0.0103677	0.999446	0.00803634	1.44533e-05
10053	1	100	12	500	0.0221203	0.0104037	0.00244638	0.00795732	0.0117166	0.988034	0.020305	0.999983	0.0222596	1.39165e-05
10054	1	100	12	500	0.0237153	0.00926799	0.00277007	0.00649792	0.0144473	0.989734	0.0141574	1.00077	0.0141395	1.3409e-05
10055	1	100	11	500	0.0318085	0.0142865	0.00424252	0.0100439	0.017522	0.985285	0.0245765	0.999836	0.0249125	1.39432e-05
10056	1	100	10	500	0.0242342	0.01057	0.00381711	0.00675293	0.0136641	0.987477	0.0154733	1.00286	0.016869	1.42225e-05
10057	1	100	13	500	0.0196007	0.00914504	0.00275325	0.00639179	0.0104557	0.990381	0.0140163	0.999389	0.0156186	1.53908e-05
10058	1	100	11	500	0.0119724	0.00834687	0.00275929	0.00558757	0.00362549	0.991702	0.0128657	1.00284	0.0148002	1.43216e-05
10059	1	100	10	500	0.0190055	0.0149968	0.00343461	0.0115621	0.00400876	0.985162	0.0247167	1.00943	0.0272339	1.39052e-05
10060	1	100	13	500	0.0211189	0.0148817	0.00330225	0.0115794	0.00623722	0.984931	0.0237885	1.00835	0.0271959	1.44203e-05
10061	1	100	10	500	0.020154	0.0118264	0.00319638	0.00863001	0.00832766	0.98835	0.0183911	1.00277	0.0201668	1.40051e-05
10062	1	100	18	500	0.0301924	0.0122025	0.00316778	0.00903475	0.0179898	0.988091	0.0170087	0.998674	0.019799	1.43063e-05
10063	1	100	17	500	0.0145874	0.00769826	0.00277355	0.00492471	0.00688918	0.992291	0.00707512	1.00077	0.00990319	1.50377e-05
10064	1	100	13	500	0.0224101	0.00907805	0.00281566	0.0062624	0.0133321	0.991028	0.0102398	0.998585	0.0119966	1.59316e-05
10065	1	100	13	500	0.0210221	0.00837936	0.00236137	0.00601799	0.0126428	0.99177	0.0102024	0.998525	0.0116141	1.58952e-05
10066	1	100	16	500	0.0280168	0.00970327	0.00244176	0.0072615	0.0183135	0.990171	0.0124743	0.996709	0.0139263	1.66184e-05
10067	1	100	9	500	0.0194283	0.0076304	0.00243525	0.00519515	0.0117979	0.992328	0.0091719	0.997845	0.00914747	1.63832e-05
10068	1	100	9	500	0.0152336	0.0069924	0.00234792	0.00464449	0.00824117	0.992835	0.00965447	0.999535	0.0102426	1.67715e-05
10069	1	100	7	500	0.0129389	0.0066538	0.00244388	0.00420991	0.00628511	0.991984	0.0107189	0.998877	0.0114289	1.59274e-05
10070	1	100	8	500	0.0270123	0.00970204	0.00268282	0.00701921	0.0173103	0.990919	0.0144499	0.998005	0.0148174	1.62961e-05
10071	1	100	11	500	0.0366577	0.011955	0.00318729	0.00876773	0.0247027	0.988999	0.0185926	0.995802	0.020457	1.71186e-05
10072	1	100	9	500	0.049242	0.0153933	0.00474952	0.0106438	0.0338487	0.981837	0.0632357	0.987426	0.0645314	1.72553e-05
10073	1	100	10	500	0.0322451	0.0125218	0.00296867	0.00955318	0.0197233	0.987849	0.0195283	0.998227	0.021276	1.72935e-05
10074	1	100	8	500	0.0226143	0.0124634	0.00302123	0.00944212	0.010151	0.987383	0.0207807	1.00199	0.0214881	1.64841e-05
10075	1	100	10	500	0.0313583	0.0184874	0.00465096	0.0138364	0.0128709	0.981786	0.0284544	1.0049	0.0288531	1.46939e-05
10076	1	100	12	500	0.0320088	0.0172435	0.00386181	0.0133817	0.0147654	0.982715	0.0259032	1.0035	0.0274612	1.54933e-05
10077	1	100	14	500	0.041724	0.0184898	0.00435332	0.0141364	0.0232342	0.982022	0.0264146	0.999904	0.027665	1.53883e-05
10078	1	100	16	500	0.0510129	0.0239658	0.00520428	0.0187615	0.0270471	0.977047	0.0305848	1.00406	0.0344654	1.57299e-05
10079	1	100	13	500	0.0477626	0.0202139	0.00435504	0.0158588	0.0275488	0.981559	0.0283594	1.00099	0.0261485	1.6126e-05
10080	1	100	13	500	0.0365414	0.0169926	0.00373136	0.0132613	0.0195488	0.98364	0.0236952	1.00186	0.0260696	1.49046e-05
10081	1	100	12	500	0.0302004	0.015001	0.00333063	0.0116704	0.0151994	0.985464	0.0244588	1.00232	0.0218442	1.48521e-05
10082	1	100	15	500	0.0350205	0.019797	0.00393462	0.0158624	0.0152234	0.980473	0.0273988	1.00675	0.0256931	1.58532e-05
10083	1	100	18	500	0.0533876	0.0249693	0.00530331	0.019666	0.0284183	0.976246	0.027956	1.00381	0.0326145	1.46648e-05
10084	1	100	14	500	0.0439543	0.0245292	0.00453542	0.0199938	0.0194251	0.975123	0.0321192	1.00891	0.0333254	1.63122e-05
10085	1	100	12	500	0.0642795	0.0301102	0.00609365	0.0240166	0.0341693	0.972142	0.0329538	1.00614	0.0333192	1.6394e-05
10086	1	100	13	500	0.0325626	0.0157187	0.0031443	0.0125744	0.016844	0.985106	0.019625	1.00315	0.0226202	1.76765e-05
10087	1	100	17	500	0.0390755	0.0180009	0.00317844	0.0148225	0.0210746	0.97788	0.0638347	0.998926	0.0667301	1.83376e-05
10088	1	100	14	500	0.0378486	0.0194742	0.00423288	0.0152413	0.0183744	0.981615	0.0236595	1.00577	0.0221788	1.81864e-05
10089	1	100	11	500	0.035726	0.020968	0.00468889	0.0162791	0.014758	0.980376	0.0243664	1.00847	0.0219603	1.81222e-05
10090	1	100	9	500	0.0337479	0.0214419	0.00466312	0.0167788	0.012306	0.978842	0.0241542	1.01119	0.0251131	1.82035e-05
10091	1	100	8	500	0.0412778	0.0253777	0.00676686	0.0186108	0.0159001	0.974739	0.0303838	1.01041	0.0307359	1.75783e-05
10092	1	100	7	500	0.0386949	0.0269208	0.00726097	0.0196599	0.0117741	0.972808	0.0296104	1.01604	0.0318259	1.65769e-05
10093	1	100	9	500	0.035369	0.025148	0.00756382	0.0175842	0.010221	0.975677	0.0265975	1.01757	0.0260051	1.58085e-05
10094	1	100	9	500	0.0297304	0.020986	0.00782471	0.0131613	0.00874436	0.979293	0.0221968	1.01445	0.0224918	1.51859e-05
10095	1	100	10	500	0.0327135	0.0244483	0.00761947	0.0168288	0.00826521	0.975842	0.0263809	1.01781	0.0262302	1.62662e-05
10096	1	100	9	500	0.0361526	0.0249157	0.00772521	0.0171905	0.0112369	0.975755	0.0263423	1.01637	0.0263814	1.65979e-05
10097	1	100	8	500	0.0357481	0.0249635	0.00830838	0.0166551	0.0107846	0.972941	0.0323481	1.01396	0.0364187	1.58609e-05
10098	1	100	8	500	0.0358663	0.0219936	0.00776386	0.0142297	0.0138727	0.975776	0.0330744	1.00826	0.0376015	1.69988e-05
10099	1	100	11	500	0.0405739	0.0245866	0.00780019	0.0167864	0.0159873	0.973868	0.0326829	1.00942	0.0360324	1.67039e-05
10100	1	100	10	500	0.0298641	0.0188608	0.00640595	0.0124548	0.0110033	0.981744	0.0196539	1.01048	0.0209856	1.65808e-05
10101	1	100	8	500	0.0375681	0.0242465	0.00852795	0.0157185	0.0133216	0.976879	0.0220325	1.01419	0.023569	1.66747e-05
