Generation	PopulationID	SampleSize	UniqueMutations	PopulationSize	totalLoad	RelzLoad	RelzLoadHomo	RelzLoadHetero	MskLoad	MeanFitness	SdFitness	MeanFitnessCached	SdFitnessCached	Heterozygosity	
10001	1	100	56	500	0.211484	0.171712	0.0860054	0.0857065	0.0397719	0.840558	0.0761685	1.13238	0.049317	4.02456e-05
10002	1	100	41	500	0.18327	0.152926	0.0824997	0.0704267	0.0303436	0.859107	0.061723	1.1282	0.045856	3.97798e-05
10003	1	100	37	500	0.185259	0.154704	0.0868097	0.0678943	0.0305551	0.857132	0.0673205	1.12543	0.0472224	3.81911e-05
10004	1	100	34	500	0.190967	0.161898	0.0912127	0.0706855	0.029069	0.851646	0.0643668	1.13313	0.0440202	3.76839e-05
10005	1	100	34	500	0.166631	0.141116	0.0805783	0.060538	0.0255142	0.866977	0.0608254	1.11799	0.0378772	3.7337e-05
10006	1	100	33	500	0.157065	0.129635	0.0738311	0.0558036	0.02743	0.877806	0.0525	1.10933	0.0332986	4.06931e-05
10007	1	100	22	500	0.0977954	0.0720447	0.0218893	0.0501554	0.0257506	0.932448	0.0417202	1.05398	0.0312594	4.21639e-05
10008	1	100	22	500	0.0985531	0.0746478	0.0245966	0.0500512	0.0239052	0.929198	0.0458831	1.05649	0.0316132	4.11058e-05
10009	1	100	20	500	0.106099	0.0798166	0.0273393	0.0524773	0.0262823	0.922441	0.0500415	1.05545	0.0327434	4.0968e-05
10010	1	100	18	500	0.1139	0.0854754	0.0328191	0.0526563	0.0284249	0.921061	0.0438661	1.06311	0.0323833	3.88774e-05
10011	1	100	21	500	0.107129	0.0820445	0.0327612	0.0492833	0.0250844	0.921619	0.0518836	1.06056	0.0304425	3.74611e-05
10012	1	100	21	500	0.124038	0.0931182	0.0394498	0.0536684	0.0309196	0.912287	0.0631611	1.06315	0.0328835	3.72371e-05
10013	1	100	19	500	0.129005	0.0983606	0.0426906	0.0556701	0.0306445	0.905339	0.0708283	1.06499	0.0336272	3.51948e-05
10014	1	100	19	500	0.112378	0.0869404	0.038679	0.0482614	0.0254371	0.917798	0.0487962	1.0662	0.030272	3.50386e-05
10015	1	100	22	500	0.104239	0.0801334	0.0304876	0.0496458	0.0241059	0.921193	0.0548244	1.05663	0.0301632	3.9607e-05
10016	1	100	20	500	0.0933045	0.0718708	0.0257023	0.0461685	0.0214337	0.931622	0.0383087	1.05443	0.0319761	4.21366e-05
10017	1	100	19	500	0.106309	0.078335	0.0284897	0.0498453	0.027974	0.926401	0.040652	1.05647	0.0315216	4.1458e-05
10018	1	100	19	500	0.107419	0.0784568	0.0278895	0.0505673	0.0289623	0.924092	0.0420949	1.05149	0.0377158	4.1877e-05
10019	1	100	26	500	0.103499	0.0738857	0.0271876	0.0466981	0.0296136	0.929539	0.0401959	1.04979	0.0343027	4.11321e-05
10020	1	100	21	500	0.0962646	0.0714911	0.0276	0.0438911	0.0247735	0.931246	0.0474551	1.05235	0.0292901	3.97845e-05
10021	1	100	19	500	0.110605	0.0807563	0.0337382	0.0470181	0.0298485	0.921236	0.0520353	1.05542	0.0309392	3.67704e-05
10022	1	100	21	500	0.115025	0.0814213	0.0317607	0.0496605	0.0336034	0.924192	0.0436257	1.056	0.0330515	3.83329e-05
10023	1	100	17	500	0.105752	0.0793114	0.0358835	0.0434278	0.0264408	0.924076	0.0529355	1.05659	0.0328817	3.61416e-05
10024	1	100	19	500	0.0843619	0.0660176	0.031825	0.0341926	0.0183443	0.936335	0.0360338	1.05215	0.0253649	3.56668e-05
10025	1	100	23	500	0.100643	0.0649961	0.0291227	0.0358735	0.0356466	0.937469	0.0437019	1.04455	0.0400503	3.44037e-05
10026	1	100	20	500	0.0850261	0.0672973	0.037309	0.0299884	0.0177288	0.934689	0.0335921	1.05658	0.0241136	3.00896e-05
10027	1	100	18	500	0.0824172	0.064653	0.0333958	0.0312571	0.0177642	0.937249	0.0373108	1.05311	0.0247169	3.09033e-05
10028	1	100	19	500	0.092962	0.0700638	0.0344504	0.0356134	0.0228982	0.933496	0.0423778	1.05515	0.0264198	3.16476e-05
10029	1	100	19	500	0.0901838	0.0675282	0.0376949	0.0298333	0.0226556	0.931739	0.0610679	1.04863	0.0351779	2.92111e-05
10030	1	100	17	500	0.0956955	0.072079	0.0428453	0.0292337	0.0236164	0.928947	0.0534323	1.05462	0.0313188	2.59255e-05
10031	1	100	16	500	0.120636	0.0897367	0.0510159	0.0387208	0.0308989	0.911932	0.0769426	1.05813	0.0399834	2.65287e-05
10032	1	100	19	500	0.0974479	0.0749077	0.0423981	0.0325097	0.0225401	0.928941	0.0412972	1.06052	0.0262809	2.83483e-05
10033	1	100	18	500	0.109237	0.0807009	0.0421181	0.0385829	0.0285356	0.922135	0.0600709	1.05666	0.0357781	2.95588e-05
10034	1	100	17	500	0.123527	0.0897648	0.0476661	0.0420987	0.0337626	0.911811	0.0714217	1.05604	0.0419319	2.84945e-05
10035	1	100	17	500	0.136583	0.0954469	0.0549646	0.0404823	0.0411363	0.908193	0.072101	1.05967	0.042275	2.52082e-05
10036	1	100	18	500	0.145857	0.093976	0.0515471	0.0424289	0.0518814	0.911904	0.0588673	1.05778	0.0410199	2.57476e-05
10037	1	100	19	500	0.150725	0.0960364	0.0553485	0.0406879	0.0546882	0.90506	0.0795956	1.05536	0.0864052	2.3032e-05
10038	1	100	17	500	0.186406	0.113982	0.0599126	0.0540696	0.0724236	0.895783	0.0676155	1.06165	0.0503342	2.45079e-05
10039	1	100	17	500	0.141866	0.0936507	0.054294	0.0393567	0.048215	0.912141	0.0463156	1.06433	0.0374896	2.27327e-05
10040	1	100	19	500	0.137076	0.0938546	0.0546727	0.0391819	0.0432216	0.912348	0.0465542	1.06706	0.0354175	2.19013e-05
10041	1	100	12	500	0.113679	0.0584423	0.0146292	0.0438131	0.0552371	0.948218	0.0532207	1.02085	0.0385405	2.04241e-05
10042	1	100	14	500	0.107284	0.0527664	0.0109786	0.0417878	0.0545177	0.952566	0.0442412	1.01748	0.0380242	2.08098e-05
10043	1	100	13	500	0.108048	0.0466442	0.0112331	0.0354111	0.0614033	0.945723	0.108129	0.992344	0.11106	2.10342e-05
10044	1	100	12	500	0.0973771	0.0427909	0.0100261	0.0327648	0.0545862	0.955279	0.0848991	0.999575	0.0885147	2.09088e-05
10045	1	100	14	500	0.079395	0.0366407	0.00828483	0.0283559	0.0427542	0.958304	0.0870234	1.00084	0.0928647	1.98656e-05
10046	1	100	11	500	0.0852227	0.0403115	0.010482	0.0298295	0.0449112	0.963548	0.0364728	1.01205	0.0445302	2.0359e-05
10047	1	100	11	500	0.0769959	0.0376433	0.00871997	0.0289233	0.0393526	0.958217	0.0761351	1.00781	0.0836669	2.01106e-05
10048	1	100	10	500	0.0689602	0.0403692	0.0112475	0.0291216	0.028591	0.961223	0.0384702	1.02358	0.0433825	2.09268e-05
10049	1	100	15	500	0.0477141	0.0322449	0.0093848	0.0228601	0.0154692	0.968289	0.0321487	1.02316	0.0308595	2.00233e-05
10050	1	100	12	500	0.0289201	0.0261449	0.00815181	0.0179931	0.00277518	0.97371	0.0300756	1.02358	0.0320247	1.97278e-05
10051	1	100	11	500	0.0529586	0.0389655	0.0108987	0.0280668	0.0139931	0.961721	0.0432422	1.03129	0.0480973	2.09256e-05
10052	1	100	12	500	0.0742294	0.0546749	0.019301	0.0353739	0.0195545	0.946342	0.0448958	1.04376	0.048532	2.16119e-05
10053	1	100	13	500	0.0979301	0.0615085	0.0214696	0.0400388	0.0364216	0.940542	0.043759	1.0414	0.0574943	2.09547e-05
10054	1	100	9	500	0.0900025	0.0676782	0.0287834	0.0388947	0.0223244	0.933774	0.0499664	1.05528	0.0591381	1.95407e-05
10055	1	100	11	500	0.100195	0.0702475	0.029906	0.0403415	0.029947	0.931741	0.044411	1.05354	0.0611121	2.01455e-05
10056	1	100	10	500	0.0875539	0.0602212	0.023165	0.0370562	0.0273326	0.941525	0.0470844	1.04474	0.0552742	1.9641e-05
10057	1	100	9	500	0.0875881	0.0603088	0.0231451	0.0371637	0.0272792	0.941178	0.0447544	1.0452	0.0492747	2.00422e-05
10058	1	100	9	500	0.0962185	0.0592002	0.0208693	0.0383309	0.0370183	0.943332	0.0458296	1.03773	0.0575923	2.04104e-05
10059	1	100	10	500	0.0962707	0.0595801	0.0207008	0.0388792	0.0366906	0.942899	0.0508963	1.03855	0.0598543	2.04512e-05
10060	1	100	9	500	0.0841772	0.052934	0.0172963	0.0356377	0.0312432	0.938313	0.121499	1.02581	0.122984	1.96307e-05
10061	1	100	16	500	0.0686645	0.0499728	0.0163014	0.0336714	0.0186917	0.950964	0.043951	1.04	0.0534616	1.92366e-05
10062	1	100	10	500	0.0521912	0.0401434	0.0116562	0.0284873	0.0120478	0.960411	0.0369108	1.0334	0.0425334	1.9693e-05
10063	1	100	10	500	0.0467585	0.0327359	0.00937792	0.0233579	0.0140226	0.967758	0.032941	1.02474	0.0365847	2.01579e-05
10064	1	100	10	500	0.0426351	0.0330517	0.0108966	0.0221552	0.0095834	0.967013	0.0369132	1.02717	0.0417588	1.92699e-05
10065	1	100	10	500	0.031058	0.0269777	0.00877002	0.0182077	0.00408026	0.973037	0.0296897	1.02479	0.030933	1.93019e-05
10066	1	100	10	500	0.0359478	0.0322551	0.0124089	0.0198462	0.00369269	0.967926	0.0277408	1.03043	0.0294864	1.94699e-05
10067	1	100	7	500	0.0296014	0.0256203	0.00917466	0.0164456	0.00398113	0.974637	0.0252203	1.02345	0.0265823	2.004e-05
10068	1	100	7	500	0.0386364	0.0292524	0.0117918	0.0174606	0.00938395	0.971299	0.0266794	1.02385	0.0267458	2.05096e-05
10069	1	100	9	500	0.0322286	0.0261011	0.0125576	0.0135435	0.00612746	0.974054	0.0209657	1.02249	0.0223985	1.95789e-05
10070	1	100	8	500	0.0368849	0.0283736	0.0132648	0.0151089	0.00851131	0.971939	0.0224361	1.02368	0.0238446	1.94577e-05
10071	1	100	11	500	0.0401124	0.0306947	0.0156166	0.0150781	0.00941774	0.969507	0.0237375	1.02537	0.0256857	1.95637e-05
10072	1	100	9	500	0.0578683	0.0342748	0.0167777	0.0174972	0.0235934	0.966866	0.0270722	1.01994	0.0249785	2.00653e-05
10073	1	100	10	500	0.0573769	0.0314652	0.0152349	0.0162302	0.0259118	0.965087	0.0524267	1.01096	0.0535606	2.06021e-05
10074	1	100	9	500	0.0495908	0.0269107	0.0134359	0.0134748	0.0226801	0.971962	0.0341857	1.01049	0.0336413	2.12584e-05
10075	1	100	8	500	0.0585823	0.0279436	0.0142895	0.0136542	0.0306386	0.974203	0.0201812	1.0091	0.017093	2.13725e-05
10076	1	100	12	500	0.0858592	0.037498	0.0194479	0.0180502	0.0483611	0.958915	0.0670008	0.993601	0.0651739	2.15968e-05
10077	1	100	11	500	0.0863929	0.0387881	0.0218383	0.0169498	0.0476048	0.958011	0.0654045	0.99697	0.0650809	2.08915e-05
10078	1	100	12	500	0.105131	0.0478952	0.0281146	0.0197805	0.0572353	0.94804	0.0793811	0.990576	0.0814969	2.03255e-05
10079	1	100	13	500	0.113786	0.0505301	0.0295404	0.0209897	0.0632559	0.951385	0.069683	0.98972	0.0695768	2.1054e-05
10080	1	100	10	500	0.138477	0.0639031	0.0414576	0.0224455	0.0745738	0.943244	0.0729646	0.98593	0.0743243	1.92864e-05
10081	1	100	11	500	0.109352	0.0504561	0.0308319	0.0196242	0.058896	0.955888	0.056889	0.995191	0.0560982	2.02522e-05
10082	1	100	14	500	0.141724	0.0676181	0.0437184	0.0238997	0.0741057	0.932767	0.100097	0.969909	0.100818	2.08299e-05
10083	1	100	11	500	0.146856	0.0715232	0.0480025	0.0235206	0.0753326	0.943528	0.0720566	0.983028	0.0719093	2.00979e-05
10084	1	100	13	500	0.143874	0.0696004	0.0466941	0.0229062	0.0742735	0.937293	0.0871474	0.977819	0.0880244	2.03067e-05
10085	1	100	12	500	0.151501	0.0735431	0.0496063	0.0239368	0.0779583	0.931373	0.0970172	0.971137	0.0988182	2.05101e-05
10086	1	100	10	500	0.164255	0.0821936	0.0570942	0.0250995	0.0820617	0.923298	0.105683	0.96222	0.106591	2.1407e-05
10087	1	100	13	500	0.14407	0.071242	0.0484064	0.0228356	0.0728277	0.937887	0.0871828	0.977308	0.088054	2.083e-05
10088	1	100	8	500	0.147633	0.0737642	0.0503286	0.0234356	0.0738687	0.929805	0.102962	0.967494	0.103802	2.13656e-05
10089	1	100	10	500	0.186878	0.103087	0.077266	0.0258205	0.0837918	0.907485	0.123854	0.944359	0.12471	2.11125e-05
10090	1	100	11	500	0.180342	0.0925652	0.0650982	0.027467	0.0877773	0.914547	0.117843	0.949043	0.117807	2.1156e-05
10091	1	100	13	500	0.180717	0.0998074	0.0739384	0.025869	0.0809095	0.897373	0.140903	0.930298	0.14063	2.11709e-05
10092	1	100	15	500	0.180786	0.0994681	0.0735939	0.0258742	0.0813176	0.919645	0.110119	0.954313	0.109891	2.12848e-05
10093	1	100	9	500	0.151719	0.0758155	0.0510755	0.02474	0.0759036	0.922039	0.118297	0.955676	0.117725	2.20015e-05
10094	1	100	9	500	0.163665	0.0868394	0.0629896	0.0238498	0.0768255	0.915356	0.120546	0.953463	0.121789	2.12018e-05
10095	1	100	9	500	0.164445	0.0855221	0.062111	0.0234111	0.0789224	0.921874	0.107146	0.963589	0.109335	2.10377e-05
10096	1	100	12	500	0.181794	0.0943371	0.0698369	0.0245002	0.0874565	0.904083	0.123315	0.947721	0.127287	2.10873e-05
10097	1	100	11	500	0.129294	0.0608304	0.0414666	0.0193638	0.0684632	0.938684	0.085185	0.985563	0.0885057	1.95612e-05
10098	1	100	11	500	0.1468	0.0689795	0.0469263	0.0220531	0.07782	0.931392	0.0931568	0.976925	0.0967174	2.0553e-05
10099	1	100	13	500	0.153744	0.0706019	0.0458136	0.0247882	0.0831418	0.937976	0.075678	0.979905	0.0760817	2.24023e-05
10100	1	100	11	500	0.171225	0.0848526	0.0593259	0.0255267	0.0863723	0.917646	0.108837	0.960233	0.111805	2.21108e-05
10101	1	100	11	500	0.144302	0.0698715	0.0466067	0.0232648	0.0744309	0.928518	0.100808	0.973253	0.103831	2.21037e-05
