Generation	PopulationID	SampleSize	UniqueMutations	PopulationSize	totalLoad	RelzLoad	RelzLoadHomo	RelzLoadHetero	MskLoad	MeanFitness	SdFitness	MeanFitnessCached	SdFitnessCached	Heterozygosity	
10001	1	100	32	500	0.549891	0.547573	0.531115	0.0164578	0.00231852	0.550789	0.0320925	1.66079	0.0656924	8.4965e-06
10002	1	100	14	500	0.436496	0.433207	0.415363	0.0178439	0.00328899	0.62295	0.0365278	1.49155	0.0579778	8.42487e-06
10003	1	100	13	500	0.439929	0.433372	0.416006	0.0173669	0.00655681	0.622524	0.0368451	1.48981	0.0574234	8.69652e-06
10004	1	100	11	500	0.223387	0.212826	0.201377	0.0114482	0.0105611	0.787927	0.0337277	1.20617	0.0364714	7.83118e-06
10005	1	100	7	500	0.219317	0.211469	0.200299	0.0111698	0.00784789	0.789025	0.0309079	1.20671	0.0328164	8.11239e-06
10006	1	100	6	500	0.218317	0.211382	0.20064	0.0107419	0.00693568	0.788875	0.0292995	1.2072	0.0342004	8.46248e-06
10007	1	100	5	500	0.236604	0.217786	0.206918	0.0108684	0.0188174	0.783468	0.0264997	1.20677	0.0365904	8.22375e-06
10008	1	100	6	500	0.261158	0.217051	0.19121	0.0258401	0.0441074	0.787444	0.0393428	1.18899	0.0560125	8.49774e-06
10009	1	100	6	500	0.241579	0.21517	0.197777	0.0173931	0.0264087	0.777698	0.0978025	1.18485	0.146162	8.82304e-06
10010	1	100	5	500	0.23335	0.201937	0.169814	0.0321229	0.0314125	0.801767	0.0455275	1.18118	0.0578045	9.16206e-06
10011	1	100	7	500	0.225808	0.208386	0.189217	0.0191687	0.017422	0.79134	0.0324453	1.19584	0.0608495	8.41464e-06
10012	1	100	5	500	0.217691	0.196633	0.164386	0.032247	0.0210577	0.806723	0.0424153	1.17979	0.0595701	8.52621e-06
10013	1	100	6	500	0.214897	0.192342	0.155529	0.0368136	0.0225544	0.805265	0.0400109	1.16655	0.0970749	8.77506e-06
10014	1	100	7	500	0.218061	0.19705	0.165127	0.0319229	0.0210115	0.801818	0.0396868	1.17594	0.0833213	8.31502e-06
10015	1	100	9	500	0.231746	0.204355	0.176078	0.028278	0.0273903	0.79654	0.0391266	1.18384	0.067909	8.23808e-06
10016	1	100	9	500	0.237498	0.211284	0.190104	0.0211796	0.0262142	0.790322	0.035282	1.19396	0.0500573	7.76822e-06
10017	1	100	6	500	0.222804	0.205082	0.182544	0.0225378	0.0177222	0.795107	0.0347425	1.19182	0.0628555	8.09329e-06
10018	1	100	9	500	0.221796	0.203044	0.177838	0.0252059	0.0187523	0.799285	0.0387614	1.19059	0.0526649	8.02609e-06
10019	1	100	9	500	0.23405	0.216718	0.205003	0.0117148	0.0173316	0.784673	0.0252236	1.20637	0.0339867	7.24782e-06
10020	1	100	10	500	0.221346	0.212481	0.200878	0.0116027	0.00886539	0.788032	0.0259267	1.20709	0.0377288	7.40676e-06
10021	1	100	14	500	0.231605	0.216595	0.205404	0.0111908	0.0150103	0.78472	0.0242633	1.20755	0.0326871	8.16153e-06
10022	1	100	10	500	0.23047	0.214273	0.200038	0.0142356	0.0161964	0.786983	0.0287336	1.20434	0.0390225	9.04812e-06
10023	1	100	11	500	0.230451	0.218727	0.211492	0.00723541	0.0117234	0.781848	0.0189585	1.21187	0.0258582	8.20833e-06
10024	1	100	9	500	0.0140059	0.00376728	0.000516225	0.00325106	0.0102386	0.995392	0.0131053	0.996821	0.0133788	7.85072e-06
10025	1	100	8	500	0.0119924	0.00309613	0.00032491	0.00277122	0.00889627	0.997079	0.0070749	0.998227	0.00734596	8.40323e-06
10026	1	100	13	500	0.0141613	0.00346708	0.000577606	0.00288947	0.0106942	0.995654	0.0128122	0.996092	0.0128294	8.29125e-06
10027	1	100	10	500	0.00971286	0.00235604	0.000516838	0.00183921	0.00735682	0.997924	0.00532945	0.997924	0.00532944	8.362e-06
10028	1	100	10	500	0.0153817	0.00383783	0.000951874	0.00288596	0.0115438	0.996069	0.0112087	0.996069	0.0112087	8.29883e-06
10029	1	100	7	500	0.00737884	0.00197391	0.0006008	0.00137311	0.00540493	0.998503	0.00313576	0.998547	0.00315618	8.40308e-06
10030	1	100	6	500	0.00787452	0.0021404	0.000706865	0.00143353	0.00573412	0.996227	0.0145054	0.996574	0.0145915	8.26825e-06
10031	1	100	6	500	0.00709905	0.00189313	0.000591655	0.00130148	0.00520592	0.996729	0.013563	0.996811	0.0135302	8.04326e-06
10032	1	100	8	500	0.00611351	0.00153195	0.000255792	0.00127616	0.00458155	0.998552	0.00714902	0.998814	0.00719718	8.13123e-06
10033	1	100	11	500	0.00559715	0.00240229	0.000179479	0.00222282	0.00319485	0.997666	0.00996699	1.00055	0.0102225	8.22536e-06
10034	1	100	10	500	0.00556698	0.00254696	0.000112329	0.00243463	0.00302002	0.99708	0.0125819	1.00048	0.0129078	8.84418e-06
10035	1	100	8	500	0.0128141	0.00756012	0.000795651	0.00676447	0.00525399	0.992814	0.0186913	1.00418	0.0186669	8.89221e-06
10036	1	100	8	500	0.00811663	0.00333756	0.000449958	0.0028876	0.00477907	0.996294	0.0134412	0.999715	0.0137719	8.90526e-06
10037	1	100	5	500	0.00732839	0.00329872	0.000357199	0.00294152	0.00402967	0.996933	0.0113307	1.00086	0.0116951	8.94754e-06
10038	1	100	4	500	0.00284053	0.000639767	8.95766e-05	0.000550191	0.00220076	0.997936	0.0115757	0.998042	0.0115902	9.07287e-06
10039	1	100	6	500	0.0030793	0.000693586	8.42397e-05	0.000609346	0.00238571	0.998816	0.00763313	0.998842	0.00763706	8.72344e-06
10040	1	100	10	500	0.00436118	0.00109718	0.000122475	0.000974701	0.00326401	0.998528	0.00726811	0.999178	0.00711037	8.46271e-06
10041	1	100	3	500	0.00237926	0.000531553	6.96254e-05	0.000461928	0.00184771	0.999135	0.00383637	0.999273	0.00386446	8.62734e-06
10042	1	100	7	500	0.00460507	0.000997541	9.56589e-05	0.000901882	0.00360753	0.998794	0.00775453	0.998794	0.00775452	8.42528e-06
10043	1	100	9	500	0.00410985	0.00092517	0.000129	0.00079617	0.00318468	0.99874	0.00545638	0.998777	0.0054243	7.96313e-06
10044	1	100	4	500	0.00402244	0.000959653	0.000193956	0.000765697	0.00306279	0.999007	0.00375861	0.999007	0.0037586	8.67505e-06
10045	1	100	7	500	0.00341635	0.00073086	5.94876e-05	0.000671372	0.00268549	0.999018	0.00555076	0.999126	0.00556881	8.6789e-06
10046	1	100	5	500	0.00423852	0.00161506	5.71546e-05	0.00155791	0.00262346	0.998086	0.00810537	0.999912	0.00720296	7.44999e-06
10047	1	100	6	500	0.0034112	0.00203332	6.73811e-05	0.00196594	0.00137788	0.997715	0.00747391	1.00106	0.00774196	7.57322e-06
10048	1	100	4	500	0.00873269	0.00281197	0.000118827	0.00269314	0.00592072	0.997067	0.0109552	0.99955	0.0113322	7.27251e-06
10049	1	100	8	500	0.0233034	0.00613844	0.000634236	0.0055042	0.017165	0.994272	0.0158325	0.996849	0.0164999	7.1041e-06
10050	1	100	5	500	0.0217022	0.00589164	0.000674596	0.00521705	0.0158106	0.994492	0.0161023	0.997158	0.0166556	7.1769e-06
10051	1	100	7	500	0.0109736	0.00321429	0.000164723	0.00304957	0.00775928	0.99674	0.0120452	0.999024	0.0124411	6.28997e-06
10052	1	100	6	500	0.0156245	0.00444882	0.000339177	0.00410965	0.0111756	0.995532	0.0153285	0.998197	0.0137268	6.51433e-06
10053	1	100	6	500	0.0113961	0.00352983	0.000196293	0.00333354	0.00786631	0.996555	0.0122928	0.999362	0.0127514	6.96359e-06
10054	1	100	7	500	0.00444803	0.000917904	3.53725e-05	0.000882532	0.00353013	0.998961	0.00775114	0.999212	0.00778077	7.46426e-06
10055	1	100	5	500	0.000204437	5.30672e-05	1.52247e-05	3.78424e-05	0.00015137	0.999731	0.00343971	0.999735	0.00344004	6.92418e-06
10056	1	100	7	500	0.000227443	5.84174e-05	1.61611e-05	4.22564e-05	0.000169025	0.999887	0.000776532	0.999887	0.00077653	6.90039e-06
10057	1	100	6	500	0.000452188	9.4844e-05	5.50803e-06	8.9336e-05	0.000357344	0.999642	0.00381757	0.999861	0.00383178	7.42174e-06
10058	1	100	6	500	8.8252e-05	1.83785e-05	9.10066e-07	1.74684e-05	6.98736e-05	0.999911	0.000859984	0.999911	0.000859984	7.27169e-06
10059	1	100	5	500	8.54419e-05	1.8072e-05	1.22957e-06	1.68425e-05	6.73698e-05	0.99993	0.000774412	0.99993	0.000774412	7.57893e-06
10060	1	100	9	500	0.00154962	0.00031251	3.23298e-06	0.000309277	0.00123711	0.999625	0.00328072	0.999625	0.00328072	7.43648e-06
10061	1	100	5	500	0.00398172	0.000825054	3.58861e-05	0.000789168	0.00315667	0.999094	0.00534951	0.999094	0.00534951	7.22228e-06
10062	1	100	7	500	0.00800114	0.00172296	0.000153411	0.00156955	0.00627818	0.998391	0.00694356	0.998391	0.00694356	7.06356e-06
10063	1	100	5	500	0.00956948	0.00210342	0.000236901	0.00186652	0.00746606	0.997591	0.00882686	0.997591	0.00882686	6.94424e-06
10064	1	100	6	500	0.0151548	0.00347027	0.000549148	0.00292112	0.0116845	0.996049	0.0109079	0.996178	0.0109541	7.8153e-06
10065	1	100	10	500	0.0113144	0.00249951	0.000295778	0.00220373	0.00881492	0.996958	0.0113015	0.996978	0.0113068	8.33357e-06
10066	1	100	8	500	0.0261617	0.00563967	0.000394529	0.00524514	0.020522	0.993882	0.0247455	0.994218	0.0248265	8.47768e-06
10067	1	100	6	500	0.00675409	0.00144871	0.000122365	0.00132635	0.00530538	0.998488	0.0064218	0.998488	0.0064218	8.93838e-06
10068	1	100	6	500	0.00124335	0.000271958	2.911e-05	0.000242848	0.000971393	0.999405	0.00352037	0.999836	0.00356662	9.16099e-06
10069	1	100	2	500	0.00169555	0.000401506	7.79956e-05	0.000323511	0.00129404	0.999475	0.00297757	0.999475	0.00297757	9.0275e-06
10070	1	100	4	500	0.00381799	0.000851862	0.00011033	0.000741533	0.00296613	0.998991	0.00583395	0.998991	0.00583394	9.19601e-06
10071	1	100	4	500	0.00346918	0.000851598	0.000197204	0.000654394	0.00261758	0.998709	0.0056875	0.998709	0.00568749	9.20473e-06
10072	1	100	12	500	0.00578366	0.00171942	0.000532146	0.00118727	0.00406425	0.997725	0.00730728	0.998181	0.00733709	8.83165e-06
10073	1	100	4	500	0.00575101	0.00246504	0.000578411	0.00188663	0.00328597	0.997322	0.00813391	0.999669	0.00756659	8.63778e-06
10074	1	100	5	500	0.00566747	0.00202093	0.00059961	0.00142132	0.00364654	0.997539	0.00871313	0.998638	0.00600923	9.11358e-06
10075	1	100	3	500	0.00571627	0.0018517	0.000885556	0.000966142	0.00386457	0.997739	0.0069756	0.997739	0.00697559	9.08509e-06
10076	1	100	2	500	0.00342456	0.000934979	0.000312583	0.000622396	0.00248958	0.999178	0.00205575	0.999312	0.00210464	9.18271e-06
10077	1	100	5	500	0.00248936	0.000526708	3.60453e-05	0.000490663	0.00196265	0.999289	0.00339555	0.999289	0.00339555	9.17453e-06
10078	1	100	4	500	0.00396858	0.000871233	9.68966e-05	0.000774337	0.00309735	0.999146	0.00306144	0.999146	0.00306144	9.01341e-06
10079	1	100	5	500	0.00348041	0.000750832	6.84369e-05	0.000682395	0.00272958	0.998745	0.0056275	0.998754	0.0056295	8.98623e-06
10080	1	100	7	500	0.00998509	0.00224252	0.000306877	0.00193564	0.00774257	0.99767	0.00792702	0.99775	0.00791284	8.7429e-06
10081	1	100	7	500	0.0147309	0.00346902	0.000653543	0.00281547	0.0112619	0.995941	0.0155661	0.995972	0.0155742	9.39431e-06
10082	1	100	7	500	0.0170864	0.00381153	0.000478604	0.00333293	0.0132748	0.995371	0.0169489	0.99571	0.0170381	9.65944e-06
10083	1	100	4	500	0.00521611	0.00117166	0.000160541	0.00101111	0.00404446	0.998853	0.00363384	0.998904	0.00364968	1.00147e-05
10084	1	100	6	500	0.00747623	0.00185696	0.000391349	0.00146561	0.00561926	0.997298	0.00721362	0.997419	0.00725813	1.05209e-05
10085	1	100	5	500	0.00369004	0.000763017	3.12601e-05	0.000731757	0.00292703	0.999035	0.00499529	0.999035	0.00499529	1.06459e-05
10086	1	100	3	500	0.00331556	0.000692279	3.64595e-05	0.000655819	0.00262328	0.999221	0.00478894	0.999269	0.00479654	1.06898e-05
10087	1	100	3	500	0.00182299	0.000366057	1.82299e-06	0.000364234	0.00145694	0.999221	0.0084994	0.999221	0.0084994	1.0754e-05
10088	1	100	2	500	0.00407821	0.000867843	6.52511e-05	0.000802592	0.00321037	0.999109	0.00454833	0.999185	0.00456257	1.11279e-05
10089	1	100	1	500	0.000201889	0.000201889	3.02834e-06	0.000198861	0.0	0.999095	0.00547075	0.999702	0.00553724	1.16302e-05
10090	1	100	3	500	0.00170518	0.000698791	1.7694e-05	0.000681097	0.00100639	0.998921	0.00536592	0.999898	0.00547259	1.20896e-05
10091	1	100	7	500	0.00518582	0.00156529	9.40123e-05	0.00147128	0.00362052	0.998106	0.00704756	0.999814	0.00726745	1.22687e-05
10092	1	100	6	500	0.00677978	0.00197763	0.000149899	0.00182773	0.00480215	0.997952	0.00547589	0.999324	0.00574743	1.26024e-05
10093	1	100	7	500	0.0105872	0.00268156	0.000364306	0.00231725	0.00790564	0.994629	0.0300487	0.995455	0.0301849	1.24019e-05
10094	1	100	5	500	0.0120056	0.0029004	0.000490856	0.00240955	0.0091052	0.997485	0.00789791	0.997767	0.00798232	1.24734e-05
10095	1	100	4	500	0.00353422	0.000746425	4.94771e-05	0.000696948	0.00278779	0.999265	0.00418363	0.999274	0.00418515	1.27198e-05
10096	1	100	1	500	2.12312e-09	4.26322e-10	2.12312e-12	4.24199e-10	1.6968e-09	0.999678	0.00461435	1.00032	0.00461457	1.2674e-05
10097	1	100	4	500	0.00211321	0.00210585	3.13845e-05	0.00207447	7.352e-06	0.99761	0.0121665	1.00209	0.0122217	1.32134e-05
10098	1	100	7	500	0.00520591	0.00353198	9.18592e-05	0.00344012	0.00167393	0.996423	0.0136772	1.00258	0.0139001	1.34175e-05
10099	1	100	9	500	0.0047288	0.00231832	5.00539e-05	0.00226827	0.00241048	0.99756	0.0111425	1.00093	0.0113688	1.31637e-05
10100	1	100	4	500	0.000896953	0.0001853	7.38666e-06	0.000177913	0.000711653	0.998999	0.00843776	0.999134	0.00845271	1.286e-05
10101	1	100	3	500	5.2255e-05	1.11199e-05	8.36059e-07	1.02838e-05	4.11352e-05	0.999844	0.00232899	0.999844	0.00232899	1.20718e-05
