Generation	PopulationID	SampleSize	UniqueMutations	PopulationSize	totalLoad	RelzLoad	RelzLoadHomo	RelzLoadHetero	MskLoad	MeanFitness	SdFitness	MeanFitnessCached	SdFitnessCached	Heterozygosity	
10001	1	100	63	500	0.375745	0.363562	0.224219	0.139343	0.0121836	0.678984	0.0244354	1.40132	0.0404255	3.68162e-05
10002	1	100	34	500	0.377297	0.362448	0.227091	0.135356	0.0148496	0.680271	0.0212003	1.39855	0.0353887	3.52676e-05
10003	1	100	35	500	0.37628	0.357394	0.209123	0.148271	0.0188855	0.684403	0.021573	1.38864	0.0387302	3.84231e-05
10004	1	100	30	500	0.359841	0.350938	0.214128	0.13681	0.00890346	0.688316	0.023346	1.38789	0.0382375	3.77141e-05
10005	1	100	26	500	0.340695	0.326554	0.191748	0.134807	0.0141404	0.705807	0.0242163	1.35062	0.0344982	3.63386e-05
10006	1	100	24	500	0.322996	0.317857	0.180873	0.136984	0.00513887	0.712234	0.0199005	1.34623	0.0304952	3.77274e-05
10007	1	100	20	500	0.323931	0.315744	0.188434	0.12731	0.00818666	0.712877	0.0236685	1.33993	0.0365434	3.63173e-05
10008	1	100	23	500	0.334266	0.317649	0.179163	0.138486	0.0166172	0.712799	0.0253571	1.33733	0.0374059	3.77764e-05
10009	1	100	22	500	0.339692	0.322504	0.203049	0.119455	0.0171877	0.707245	0.0256025	1.34234	0.0405798	3.49872e-05
10010	1	100	23	500	0.328641	0.320564	0.209904	0.11066	0.00807724	0.708786	0.0229013	1.34625	0.040908	3.5572e-05
10011	1	100	21	500	0.323021	0.3199	0.247375	0.072525	0.00312137	0.707207	0.0260393	1.34584	0.0430884	3.0144e-05
10012	1	100	18	500	0.328191	0.318916	0.235004	0.0839123	0.00927437	0.7088	0.027795	1.34095	0.0439671	3.09441e-05
10013	1	100	21	500	0.332307	0.321448	0.231328	0.09012	0.0108593	0.706964	0.0267094	1.34381	0.0437748	3.11155e-05
10014	1	100	21	500	0.329676	0.321014	0.230602	0.0904119	0.00866205	0.707249	0.0269493	1.34423	0.045804	3.04799e-05
10015	1	100	18	500	0.330691	0.322967	0.226633	0.0963336	0.00772427	0.705631	0.0297008	1.34608	0.0532671	3.11676e-05
10016	1	100	17	500	0.329335	0.325394	0.254461	0.0709327	0.00394147	0.703037	0.0206366	1.35246	0.0358091	2.62383e-05
10017	1	100	18	500	0.322307	0.319326	0.254652	0.0646736	0.00298053	0.707168	0.0264413	1.34489	0.0457216	2.73318e-05
10018	1	100	20	500	0.322835	0.321013	0.262412	0.0586013	0.00182195	0.705737	0.0256825	1.34826	0.0442514	2.77267e-05
10019	1	100	11	500	0.118495	0.118134	0.0757811	0.0423531	0.000360716	0.885083	0.0336438	1.12113	0.0377462	2.21493e-05
10020	1	100	12	500	0.110799	0.110097	0.0644557	0.0456415	0.000701662	0.892548	0.0377538	1.11227	0.040873	2.28168e-05
10021	1	100	12	500	0.117195	0.116021	0.0723735	0.0436478	0.00117413	0.887001	0.0343127	1.11836	0.0376353	2.20022e-05
10022	1	100	13	500	0.121861	0.121469	0.0804422	0.041027	0.000391902	0.881958	0.0355102	1.12466	0.0395325	2.29025e-05
10023	1	100	12	500	0.110548	0.107608	0.0547907	0.0528172	0.00294006	0.894801	0.0310451	1.10817	0.0328178	2.28044e-05
10024	1	100	12	500	0.108276	0.107951	0.0617068	0.046244	0.000325347	0.894379	0.0314162	1.11015	0.0344304	2.11145e-05
10025	1	100	10	500	0.114966	0.114446	0.0667074	0.0477381	0.000520716	0.888241	0.030855	1.11741	0.0331827	2.05508e-05
10026	1	100	9	500	0.111921	0.111677	0.0660017	0.0456757	0.000243201	0.891116	0.029871	1.11434	0.0327885	2.10641e-05
10027	1	100	13	500	0.102742	0.101959	0.0490461	0.0529131	0.000782972	0.900368	0.0369462	1.10377	0.0390614	2.45969e-05
10028	1	100	7	500	0.105867	0.105841	0.0489946	0.0568461	2.59691e-05	0.896765	0.0328323	1.10859	0.0353186	2.46744e-05
10029	1	100	8	500	0.104743	0.10453	0.0502131	0.0543166	0.000213061	0.897964	0.0291257	1.1069	0.0316232	2.50837e-05
10030	1	100	8	500	0.108391	0.108342	0.0562558	0.0520861	4.884e-05	0.894255	0.0299942	1.1109	0.0320776	2.40907e-05
10031	1	100	13	500	0.106147	0.105499	0.0494785	0.0560206	0.000648327	0.896798	0.0326266	1.10732	0.0357168	2.55237e-05
10032	1	100	10	500	0.106651	0.106515	0.0485667	0.0579485	0.00013544	0.89604	0.037545	1.10895	0.040525	2.55625e-05
10033	1	100	11	500	0.106742	0.106343	0.0514485	0.0548946	0.000399317	0.896216	0.0267314	1.10864	0.0293467	2.70639e-05
10034	1	100	7	500	0.109667	0.109604	0.0556794	0.0539247	6.26164e-05	0.893135	0.0299473	1.11232	0.0326219	2.65383e-05
10035	1	100	10	500	0.114476	0.114392	0.060788	0.0536041	8.36908e-05	0.888226	0.0276127	1.11706	0.0306501	2.53939e-05
10036	1	100	13	500	0.120514	0.119497	0.06646	0.0530372	0.00101658	0.883628	0.0239631	1.12214	0.0268451	2.5245e-05
10037	1	100	9	500	0.121975	0.121058	0.0689223	0.0521359	0.000917203	0.88236	0.023551	1.12388	0.0253815	2.64756e-05
10038	1	100	9	500	0.124622	0.123297	0.0768545	0.0464424	0.00132497	0.880017	0.0221573	1.1257	0.0234692	2.66029e-05
10039	1	100	10	500	0.123029	0.122745	0.0713393	0.0514058	0.00028389	0.880561	0.0203479	1.12606	0.0221471	2.75848e-05
10040	1	100	10	500	0.125917	0.125803	0.0735083	0.0522945	0.000114482	0.877905	0.0168207	1.12937	0.0179092	2.66872e-05
10041	1	100	10	500	0.126755	0.126631	0.0790892	0.0475415	0.000124601	0.876778	0.0166183	1.12983	0.0177432	2.64305e-05
10042	1	100	9	500	0.123705	0.12322	0.0683387	0.0548812	0.000485218	0.88008	0.0188337	1.12611	0.0208561	2.72213e-05
10043	1	100	11	500	0.127543	0.127263	0.0791821	0.0480807	0.000280593	0.876159	0.0165982	1.1304	0.0180313	2.68753e-05
10044	1	100	8	500	0.122423	0.122311	0.0672554	0.055056	0.000111654	0.880681	0.0197491	1.1255	0.0218673	2.75282e-05
10045	1	100	9	500	0.120943	0.120829	0.0631488	0.0576806	0.000113217	0.882358	0.0142161	1.12388	0.0160929	2.71374e-05
10046	1	100	8	500	0.115562	0.115451	0.0572106	0.05824	0.000111522	0.887341	0.0130941	1.1182	0.0158709	2.55709e-05
10047	1	100	9	500	0.114924	0.114805	0.0569426	0.0578619	0.00011949	0.887724	0.0142717	1.11729	0.0168994	2.56282e-05
10048	1	100	9	500	0.111448	0.111308	0.0576593	0.0536486	0.000140208	0.890687	0.013807	1.11327	0.0179313	2.38814e-05
10049	1	100	8	500	0.112881	0.112734	0.057026	0.0557083	0.000146369	0.889807	0.0127274	1.11514	0.0157206	2.53314e-05
10050	1	100	11	500	0.110259	0.109941	0.0588442	0.0510965	0.000317909	0.89212	0.0132422	1.11173	0.0167126	2.30028e-05
10051	1	100	11	500	0.114217	0.11407	0.0570114	0.0570584	0.000147727	0.888424	0.0143999	1.11639	0.0174904	2.6053e-05
10052	1	100	13	500	0.114842	0.114185	0.0569225	0.0572623	0.000657027	0.888475	0.0124704	1.11634	0.0159673	2.60331e-05
10053	1	100	13	500	0.115596	0.115089	0.0570873	0.0580015	0.000507125	0.887209	0.0157937	1.11697	0.0190655	2.61947e-05
10054	1	100	14	500	0.118555	0.118047	0.0586028	0.0594444	0.000507943	0.884867	0.0137219	1.12071	0.0163885	2.70113e-05
10055	1	100	12	500	0.122042	0.121898	0.0643592	0.057539	0.000144147	0.881315	0.0149561	1.12495	0.0169135	2.82363e-05
10056	1	100	12	500	0.123932	0.123591	0.0674226	0.0561684	0.000341191	0.879692	0.013807	1.12659	0.015303	2.78614e-05
10057	1	100	10	500	0.122981	0.12207	0.0651272	0.0569425	0.000911616	0.880887	0.015208	1.12466	0.0179325	2.69813e-05
10058	1	100	9	500	0.124662	0.124419	0.0710289	0.05339	0.000243039	0.879113	0.0131251	1.12773	0.0139865	2.72365e-05
10059	1	100	7	500	0.123353	0.12323	0.0682497	0.0549804	0.000123278	0.88001	0.0144523	1.12634	0.0159779	2.68939e-05
10060	1	100	9	500	0.121367	0.121229	0.0638564	0.0573722	0.000138545	0.881547	0.014871	1.1241	0.0169008	2.79783e-05
10061	1	100	10	500	0.123412	0.122668	0.0666176	0.0560507	0.000743677	0.880543	0.0141749	1.12559	0.015062	2.7633e-05
10062	1	100	12	500	0.120197	0.119756	0.0616497	0.0581062	0.000441573	0.883203	0.0160279	1.12228	0.0174774	2.87308e-05
10063	1	100	13	500	0.130301	0.122653	0.0631604	0.0594924	0.00764837	0.88089	0.0208032	1.1215	0.021715	2.91427e-05
10064	1	100	13	500	0.133756	0.121751	0.0639994	0.057752	0.0120042	0.881944	0.0262687	1.11716	0.0266015	2.91961e-05
10065	1	100	17	500	0.141771	0.117901	0.0588771	0.0590242	0.0238696	0.886481	0.0338811	1.10698	0.0337238	2.90531e-05
10066	1	100	17	500	0.163142	0.128965	0.0703175	0.0586477	0.0341772	0.876976	0.0332052	1.11051	0.0335302	2.88083e-05
10067	1	100	15	500	0.168945	0.130289	0.0801909	0.0500983	0.0386562	0.876186	0.0334809	1.10857	0.0298068	2.70883e-05
10068	1	100	14	500	0.177022	0.132049	0.0731787	0.0588699	0.044973	0.874915	0.0453742	1.10234	0.0492037	2.89089e-05
10069	1	100	14	500	0.178428	0.132748	0.0766811	0.0560671	0.0456801	0.874116	0.0430066	1.09992	0.052427	2.85432e-05
10070	1	100	17	500	0.183675	0.130409	0.0666745	0.0637344	0.0532659	0.880193	0.0381525	1.09532	0.0345307	2.96529e-05
10071	1	100	15	500	0.197078	0.137095	0.0705172	0.066578	0.0599827	0.870423	0.0521152	1.09124	0.0560743	2.99026e-05
10072	1	100	14	500	0.153437	0.122588	0.0666032	0.0559852	0.0308491	0.881583	0.0377441	1.10491	0.0401203	2.88966e-05
10073	1	100	14	500	0.146143	0.118719	0.0585087	0.06021	0.0274244	0.885251	0.0355881	1.10294	0.0392946	3.0545e-05
10074	1	100	15	500	0.155832	0.126543	0.0668472	0.0596957	0.0292891	0.878647	0.0283441	1.11148	0.0297872	3.01255e-05
10075	1	100	14	500	0.153056	0.123326	0.0639215	0.0594046	0.0297302	0.880648	0.0340421	1.10645	0.0418849	2.93725e-05
10076	1	100	13	500	0.158007	0.126571	0.0693878	0.0571832	0.0314365	0.875776	0.0496732	1.10585	0.0568235	2.86273e-05
10077	1	100	14	500	0.15045	0.120993	0.0588721	0.0621206	0.0294575	0.883975	0.0291849	1.10588	0.0366379	2.93702e-05
10078	1	100	12	500	0.144521	0.119441	0.0586019	0.0608392	0.0250794	0.8848	0.0286616	1.10679	0.0385461	2.956e-05
10079	1	100	14	500	0.142849	0.118957	0.0588752	0.0600818	0.0238924	0.88203	0.0337718	1.10355	0.0563233	2.89e-05
10080	1	100	14	500	0.128296	0.112376	0.0576133	0.0547624	0.0159199	0.891167	0.0320959	1.10574	0.0474592	2.91513e-05
10081	1	100	11	500	0.123974	0.112562	0.0558546	0.0567078	0.0114114	0.890654	0.0290802	1.1078	0.0392126	2.95596e-05
10082	1	100	12	500	0.134203	0.118238	0.0609109	0.0573271	0.0159652	0.885766	0.0240109	1.1103	0.0396618	2.93084e-05
10083	1	100	15	500	0.142365	0.115723	0.0600407	0.0556824	0.0266417	0.890225	0.0266877	1.09925	0.0442115	2.94386e-05
10084	1	100	14	500	0.143321	0.120187	0.0745639	0.0456235	0.0231332	0.884803	0.0292923	1.10697	0.047443	2.53745e-05
10085	1	100	14	500	0.139987	0.120042	0.0766054	0.0434369	0.0199444	0.884038	0.0335924	1.11077	0.0403945	2.54433e-05
10086	1	100	13	500	0.147598	0.131441	0.100437	0.0310042	0.0161571	0.872612	0.0257104	1.12435	0.0325187	2.26181e-05
10087	1	100	15	500	0.161585	0.136331	0.106501	0.0298306	0.0252537	0.868423	0.0314744	1.12226	0.0347264	2.43781e-05
10088	1	100	13	500	0.139988	0.126951	0.100367	0.0265834	0.0130371	0.877042	0.0343189	1.12138	0.0346396	2.39287e-05
10089	1	100	11	500	0.126977	0.123664	0.107805	0.015859	0.00331319	0.879455	0.030108	1.12351	0.0319851	1.99934e-05
10090	1	100	7	500	0.127059	0.124819	0.110401	0.0144181	0.00223971	0.878041	0.0312385	1.12516	0.0328585	2.11104e-05
10091	1	100	11	500	0.132424	0.129101	0.11739	0.0117104	0.00332319	0.874016	0.0257151	1.12881	0.0265842	1.96536e-05
10092	1	100	9	500	0.13159	0.12797	0.115157	0.0128124	0.00362078	0.874866	0.0271478	1.12698	0.0283045	2.01351e-05
10093	1	100	10	500	0.125252	0.122609	0.106292	0.0163169	0.00264336	0.879922	0.0346296	1.12222	0.0357058	1.9835e-05
10094	1	100	12	500	0.124714	0.120894	0.102763	0.0181305	0.00381997	0.882196	0.0344442	1.12044	0.0358606	2.03854e-05
10095	1	100	10	500	0.125493	0.120916	0.102201	0.0187145	0.00457743	0.881804	0.0323587	1.11858	0.0333165	1.9887e-05
10096	1	100	9	500	0.121425	0.116888	0.0955466	0.0213417	0.00453627	0.885294	0.0391167	1.11426	0.0387433	2.19192e-05
10097	1	100	9	500	0.117008	0.111458	0.086317	0.0251415	0.00554963	0.891756	0.0373862	1.10932	0.0388857	2.40726e-05
10098	1	100	11	500	0.124515	0.119388	0.0992422	0.0201456	0.00512753	0.883046	0.038869	1.11633	0.0389211	2.41463e-05
10099	1	100	8	500	0.125299	0.120619	0.101683	0.0189359	0.00468042	0.882571	0.032523	1.11912	0.0345401	2.34096e-05
10100	1	100	9	500	0.129131	0.123987	0.107148	0.0168387	0.00514481	0.878364	0.0324063	1.12059	0.0322847	2.36578e-05
10101	1	100	14	500	0.136812	0.130301	0.117579	0.0127225	0.00651067	0.873167	0.0269037	1.12669	0.0270174	2.47495e-05
