Generation	PopulationID	SampleSize	UniqueMutations	PopulationSize	totalLoad	RelzLoad	RelzLoadHomo	RelzLoadHetero	MskLoad	MeanFitness	SdFitness	MeanFitnessCached	SdFitnessCached	Heterozygosity	
10001	1	100	46	500	0.54137	0.525013	0.507823	0.01719	0.0163564	0.566085	0.0194336	1.52624	0.0447341	2.06755e-05
10002	1	100	26	500	0.158773	0.141035	0.127926	0.013109	0.0177375	0.86587	0.01919	1.11671	0.0199582	1.88714e-05
10003	1	100	20	500	0.149227	0.140799	0.131353	0.00944585	0.00842822	0.865884	0.0171199	1.12115	0.0191362	1.82481e-05
10004	1	100	20	500	0.161432	0.142804	0.129589	0.0132142	0.0186289	0.864659	0.0203429	1.11665	0.0192061	1.93864e-05
10005	1	100	17	500	0.153923	0.139524	0.125996	0.013528	0.0143989	0.867306	0.0213647	1.11698	0.0203695	2.03449e-05
10006	1	100	16	500	0.149049	0.137371	0.122745	0.0146261	0.0116782	0.868112	0.0269694	1.11538	0.0285484	2.13657e-05
10007	1	100	16	500	0.153311	0.140097	0.126585	0.0135123	0.0132132	0.866708	0.0197122	1.1182	0.0182945	2.00266e-05
10008	1	100	17	500	0.174253	0.147002	0.132318	0.0146848	0.027251	0.860878	0.0192405	1.11387	0.0205554	1.96812e-05
10009	1	100	10	500	0.0601531	0.0334802	0.0201523	0.0133279	0.0266729	0.965244	0.028087	1.01518	0.0299227	1.95322e-05
10010	1	100	12	500	0.0483283	0.0314156	0.0206805	0.0107351	0.0169126	0.969222	0.0138881	1.02212	0.0132922	1.92564e-05
10011	1	100	11	500	0.0343333	0.028329	0.0199904	0.0083386	0.00600431	0.971578	0.0121284	1.02533	0.0124838	1.96629e-05
10012	1	100	8	500	0.0358882	0.0322419	0.0225448	0.00969706	0.00364636	0.968006	0.0184301	1.02956	0.0188573	1.95384e-05
10013	1	100	9	500	0.0367118	0.0321198	0.0252279	0.00689192	0.00459194	0.966494	0.0137465	1.02968	0.014863	1.94862e-05
10014	1	100	8	500	0.0360183	0.0328292	0.0268385	0.00599068	0.00318914	0.967678	0.00564219	1.03101	0.00666705	1.83444e-05
10015	1	100	13	500	0.0362771	0.0322791	0.0258953	0.0063838	0.003998	0.967995	0.00723078	1.0299	0.00808119	1.88785e-05
10016	1	100	11	500	0.0382093	0.0324289	0.0258536	0.00657529	0.00578043	0.967523	0.00957132	1.0283	0.0118095	1.89533e-05
10017	1	100	9	500	0.030269	0.0118956	0.00249795	0.00939766	0.0183734	0.988595	0.0221127	1.00169	0.0231125	1.9668e-05
10018	1	100	7	500	0.0168806	0.00950766	0.00254001	0.00696765	0.00737298	0.990619	0.00864981	1.00491	0.00866119	2.05351e-05
10019	1	100	5	500	0.0100534	0.00853087	0.00267091	0.00585996	0.00152256	0.991488	0.00502044	1.00762	0.00501042	1.99447e-05
10020	1	100	11	500	0.010496	0.00828082	0.00249722	0.0057836	0.00221517	0.991498	0.00669843	1.00676	0.00694699	2.02553e-05
10021	1	100	7	500	0.0113249	0.00795197	0.0021134	0.00583857	0.0033729	0.992008	0.00718482	1.00604	0.00653301	1.95634e-05
10022	1	100	10	500	0.0147273	0.0108563	0.00252958	0.00832675	0.00387098	0.989236	0.0125469	1.00883	0.0125216	1.98739e-05
10023	1	100	7	500	0.0212457	0.0115789	0.00353244	0.00804649	0.00966676	0.988876	0.0102847	1.00599	0.00845241	2.0144e-05
10024	1	100	7	500	0.0194751	0.0111325	0.0033651	0.00776736	0.00834266	0.989122	0.00933647	1.0063	0.00832289	1.97621e-05
10025	1	100	9	500	0.0190651	0.0107736	0.00283417	0.00793947	0.00829149	0.989516	0.0100384	1.00613	0.00778881	2.00328e-05
10026	1	100	11	500	0.025952	0.0128385	0.00384653	0.00899197	0.0131135	0.987492	0.0132336	1.00494	0.0106561	2.05546e-05
10027	1	100	11	500	0.0213645	0.0120131	0.00367317	0.00833993	0.00935144	0.988146	0.0106234	1.00641	0.00886404	1.9622e-05
10028	1	100	14	500	0.0322427	0.014945	0.00471847	0.0102265	0.0172977	0.986174	0.0133909	1.0046	0.0108594	1.9794e-05
10029	1	100	9	500	0.0312839	0.014976	0.00512887	0.00984713	0.0163079	0.986277	0.0136737	1.00465	0.00985977	2.00754e-05
10030	1	100	5	500	0.0166154	0.00905165	0.00220941	0.00684223	0.00756371	0.991222	0.00955136	1.0048	0.00758593	2.07999e-05
10031	1	100	7	500	0.0223685	0.0104064	0.00261522	0.00779114	0.0119622	0.989901	0.0142106	1.00323	0.0117327	1.98367e-05
10032	1	100	6	500	0.0250504	0.0110746	0.00301251	0.0080621	0.0139757	0.989957	0.0121	1.00253	0.00955234	1.98686e-05
10033	1	100	12	500	0.0250628	0.0112439	0.00315546	0.00808847	0.0138189	0.989665	0.0123451	1.0028	0.00921132	1.90474e-05
10034	1	100	9	500	0.0215775	0.0107786	0.00315541	0.00762314	0.0107989	0.98963	0.011343	1.00425	0.00953241	1.83584e-05
10035	1	100	8	500	0.017937	0.00925072	0.00213567	0.00711505	0.00868629	0.991024	0.0105468	1.00438	0.00805772	1.87589e-05
10036	1	100	6	500	0.0180436	0.00889886	0.00210544	0.00679342	0.0091447	0.990859	0.0102711	1.00417	0.00803102	1.83791e-05
10037	1	100	9	500	0.0262882	0.0121917	0.00334334	0.00884835	0.0140965	0.988713	0.0130081	1.00336	0.00929246	1.99468e-05
10038	1	100	11	500	0.0290258	0.0139667	0.00442819	0.00953853	0.015059	0.987217	0.0121245	1.00467	0.0102741	1.91792e-05
10039	1	100	6	500	0.0368828	0.0178118	0.0076719	0.0101399	0.0190711	0.980885	0.0357419	1.00153	0.0346141	1.75352e-05
10040	1	100	9	500	0.0548712	0.0241312	0.0114265	0.0127047	0.03074	0.971381	0.0580685	0.989649	0.0558751	1.71796e-05
10041	1	100	8	500	0.072561	0.0347262	0.0184564	0.0162698	0.0378348	0.964509	0.061629	0.988105	0.0597103	1.84097e-05
10042	1	100	8	500	0.100389	0.0532496	0.034931	0.0183185	0.0471393	0.945153	0.0840178	0.970619	0.0821177	1.71711e-05
10043	1	100	7	500	0.0801235	0.0401539	0.0216849	0.018469	0.0399696	0.966743	0.04839	0.993883	0.0448163	1.87037e-05
10044	1	100	11	500	0.0780837	0.0391769	0.0204706	0.0187063	0.0389068	0.960934	0.0630702	0.990045	0.0582743	1.91194e-05
10045	1	100	9	500	0.0972395	0.0495577	0.0284865	0.0210713	0.0476817	0.950218	0.0753816	0.980039	0.0728888	1.89549e-05
10046	1	100	12	500	0.0837126	0.0411429	0.0199711	0.0211717	0.0425697	0.957927	0.0710308	0.98633	0.05989	2.12912e-05
10047	1	100	16	500	0.0875796	0.0408021	0.0184165	0.0223857	0.0467775	0.955702	0.0720473	0.984418	0.0659004	2.14179e-05
10048	1	100	12	500	0.101884	0.0457105	0.0207666	0.0249439	0.0561736	0.956086	0.0635383	0.986031	0.0592326	2.06087e-05
10049	1	100	14	500	0.0847994	0.0341227	0.0102839	0.0238388	0.0506767	0.960832	0.0643065	0.989006	0.0540055	1.94202e-05
10050	1	100	13	500	0.104758	0.0410904	0.0131599	0.0279305	0.0636677	0.956708	0.0634505	0.988286	0.0561849	1.88449e-05
10051	1	100	13	500	0.137946	0.0522556	0.0188433	0.0334124	0.0856899	0.954045	0.055478	0.986288	0.0484888	1.93983e-05
10052	1	100	13	500	0.1422	0.0495923	0.0159688	0.0336235	0.0926073	0.955232	0.052615	0.98352	0.0495555	2.03676e-05
10053	1	100	15	500	0.187651	0.0674845	0.0255685	0.041916	0.120167	0.930096	0.123801	0.960461	0.123543	2.12941e-05
10054	1	100	12	500	0.145202	0.0555241	0.0229145	0.0326096	0.0896777	0.937527	0.0930765	0.963098	0.0887512	2.03688e-05
10055	1	100	13	500	0.124087	0.0555727	0.0264184	0.0291543	0.0685141	0.942068	0.0824693	0.971521	0.0748849	2.09041e-05
10056	1	100	15	500	0.0968311	0.046057	0.0210664	0.0249905	0.0507742	0.956417	0.0681136	0.987104	0.0567675	2.06994e-05
10057	1	100	15	500	0.108903	0.0511556	0.0228209	0.0283347	0.0577472	0.950842	0.076056	0.984688	0.0563422	2.0062e-05
10058	1	100	19	500	0.119185	0.0550534	0.0257582	0.0292952	0.0641312	0.950993	0.0710459	0.983204	0.0551467	2.03975e-05
10059	1	100	14	500	0.10114	0.0469235	0.0204688	0.0264547	0.0542169	0.956643	0.0645275	0.988101	0.0546942	2.12058e-05
10060	1	100	14	500	0.12083	0.0645751	0.0355675	0.0290076	0.0562547	0.932298	0.0962408	0.969392	0.0849427	2.12347e-05
10061	1	100	12	500	0.137354	0.0805027	0.04784	0.0326627	0.0568518	0.914388	0.111173	0.960547	0.0936552	2.23706e-05
10062	1	100	12	500	0.136368	0.078671	0.046996	0.0316751	0.0576966	0.923631	0.100409	0.966918	0.0848587	2.26221e-05
10063	1	100	13	500	0.142061	0.0860055	0.0544453	0.0315602	0.0560556	0.922432	0.0994575	0.966136	0.0846424	2.38051e-05
10064	1	100	12	500	0.148666	0.0903111	0.0599259	0.0303852	0.0583546	0.922487	0.091455	0.962623	0.0885697	2.3753e-05
10065	1	100	13	500	0.144957	0.0869255	0.0595114	0.0274141	0.0580311	0.922861	0.0954322	0.956621	0.0919708	2.27402e-05
10066	1	100	13	500	0.136254	0.0778792	0.0467927	0.0310865	0.0583744	0.920622	0.0996649	0.96169	0.0934553	2.42622e-05
10067	1	100	13	500	0.147846	0.0885439	0.0541466	0.0343973	0.059302	0.903017	0.115639	0.951371	0.104411	2.5418e-05
10068	1	100	11	500	0.154943	0.0964003	0.0606577	0.0357427	0.058543	0.899055	0.117577	0.952844	0.101214	2.62536e-05
10069	1	100	11	500	0.126844	0.0737613	0.0416784	0.0320829	0.0530827	0.931174	0.0898762	0.978798	0.0788451	2.70449e-05
10070	1	100	9	500	0.126204	0.0744391	0.0415817	0.0328574	0.0517649	0.924843	0.0998582	0.97481	0.0826063	2.70826e-05
10071	1	100	11	500	0.113176	0.0654666	0.0339084	0.0315583	0.0477089	0.935603	0.0877952	0.985226	0.0741924	2.72684e-05
10072	1	100	8	500	0.102954	0.0586332	0.0289504	0.0296827	0.0443212	0.942272	0.0808292	0.989176	0.0689692	2.71567e-05
10073	1	100	6	500	0.0991794	0.0556002	0.0270605	0.0285397	0.0435792	0.942966	0.0853427	0.986331	0.0700504	2.76635e-05
10074	1	100	8	500	0.105415	0.060644	0.0303578	0.0302863	0.0447709	0.93881	0.0878845	0.987182	0.0703777	2.82813e-05
10075	1	100	8	500	0.0912684	0.0500641	0.0224004	0.0276637	0.0412043	0.95264	0.0707578	0.996332	0.0543428	2.78272e-05
10076	1	100	8	500	0.103844	0.0596164	0.0293608	0.0302556	0.0442271	0.938451	0.0914288	0.9866	0.0691121	2.8001e-05
10077	1	100	6	500	0.104295	0.0590851	0.03008	0.029005	0.0452099	0.940673	0.0878738	0.984156	0.0709475	2.90564e-05
10078	1	100	9	500	0.105001	0.0589925	0.0303559	0.0286366	0.0460083	0.944389	0.0824618	0.986391	0.0642284	2.92672e-05
10079	1	100	8	500	0.0966306	0.0520735	0.0262058	0.0258676	0.0445571	0.94714	0.0789167	0.983228	0.0717214	2.90689e-05
10080	1	100	10	500	0.101008	0.0555568	0.0290829	0.0264739	0.045451	0.943212	0.0871396	0.979563	0.0741818	2.94183e-05
10081	1	100	9	500	0.0898096	0.0475833	0.0232162	0.0243671	0.0422263	0.956398	0.0642919	0.990777	0.060774	2.90394e-05
10082	1	100	9	500	0.0682684	0.0342143	0.0137804	0.0204339	0.0340541	0.967467	0.0566017	0.996698	0.0439951	2.83899e-05
10083	1	100	8	500	0.0596531	0.0290718	0.0111464	0.0179254	0.0305813	0.97157	0.0483746	0.997993	0.0431879	2.76974e-05
10084	1	100	10	500	0.0756614	0.0390389	0.0164916	0.0225473	0.0366225	0.957286	0.0661635	0.99244	0.0649283	2.91901e-05
10085	1	100	13	500	0.0473916	0.0253472	0.00664883	0.0186984	0.0220444	0.975106	0.035559	1.00736	0.0332467	2.55918e-05
10086	1	100	15	500	0.049843	0.0264075	0.00729146	0.0191161	0.0234355	0.973973	0.0362099	1.00663	0.0348609	2.26613e-05
10087	1	100	11	500	0.0589837	0.0313129	0.00941517	0.0218978	0.0276708	0.967671	0.0520601	1.00336	0.0442573	2.4373e-05
10088	1	100	11	500	0.0572678	0.0312265	0.00877573	0.0224507	0.0260413	0.968426	0.0440524	1.0068	0.0423087	2.57011e-05
10089	1	100	12	500	0.0710417	0.0389568	0.0128497	0.0261072	0.0320849	0.963846	0.0459363	1.0076	0.0388426	2.63247e-05
10090	1	100	12	500	0.067665	0.033563	0.0084542	0.0251088	0.0341019	0.969535	0.0386847	1.00702	0.031046	2.41422e-05
10091	1	100	13	500	0.071959	0.0365652	0.00994	0.0266252	0.0353938	0.964197	0.0540387	1.00429	0.0448005	2.43138e-05
10092	1	100	15	500	0.0767655	0.0401519	0.00976677	0.0303852	0.0366136	0.957444	0.0647384	1.00497	0.0524884	2.47348e-05
10093	1	100	13	500	0.095113	0.0456609	0.0124303	0.0332305	0.0494521	0.959799	0.0427908	1.0082	0.0369304	2.40176e-05
10094	1	100	15	500	0.100529	0.0447021	0.011744	0.0329581	0.0558265	0.962185	0.0368586	1.00611	0.0332597	2.28714e-05
10095	1	100	14	500	0.0872946	0.0367046	0.00861575	0.0280889	0.05059	0.965484	0.0479275	0.999918	0.038026	2.06908e-05
10096	1	100	12	500	0.113266	0.0467308	0.0152071	0.0315236	0.0665349	0.950384	0.085135	0.984815	0.0758479	2.16218e-05
10097	1	100	14	500	0.144194	0.0597897	0.0230805	0.0367092	0.0844044	0.944011	0.0765424	0.9798	0.0563981	2.17546e-05
10098	1	100	9	500	0.136782	0.0618257	0.0262878	0.0355379	0.0749568	0.944186	0.0798775	0.984266	0.0644462	2.54672e-05
10099	1	100	10	500	0.113774	0.0500587	0.0176683	0.0323904	0.0637152	0.95389	0.0659356	0.992802	0.046061	2.63525e-05
10100	1	100	8	500	0.0960353	0.0368005	0.0100069	0.0267936	0.0592349	0.959219	0.0890077	0.986209	0.0858513	2.48921e-05
10101	1	100	10	500	0.084377	0.0343745	0.00935077	0.0250238	0.0500025	0.967616	0.0519545	0.995719	0.0353308	2.44535e-05
