Generation	PopulationID	SampleSize	UniqueMutations	PopulationSize	totalLoad	RelzLoad	RelzLoadHomo	RelzLoadHetero	MskLoad	MeanFitness	SdFitness	MeanFitnessCached	SdFitnessCached	Heterozygosity	
10001	1	100	59	500	0.150078	0.125406	0.0928405	0.0325652	0.0246725	0.877749	0.0379688	1.07437	0.0401468	3.45167e-05
10002	1	100	31	500	0.16173	0.132395	0.095491	0.036904	0.0293349	0.874218	0.0352961	1.08511	0.0381116	3.41756e-05
10003	1	100	35	500	0.164209	0.1341	0.0998462	0.0342539	0.0301085	0.871748	0.0305828	1.08408	0.0356122	3.31516e-05
10004	1	100	30	500	0.156667	0.131699	0.0992377	0.0324616	0.0249681	0.874468	0.0304004	1.08179	0.0353612	3.3964e-05
10005	1	100	33	500	0.159538	0.132338	0.0993657	0.0329723	0.0272005	0.871803	0.0377053	1.07648	0.0465798	3.43093e-05
10006	1	100	28	500	0.164853	0.136811	0.106121	0.03069	0.0280426	0.869207	0.0278341	1.081	0.0418206	3.36452e-05
10007	1	100	30	500	0.1562	0.135159	0.103371	0.0317884	0.0210409	0.870782	0.023562	1.08755	0.0371495	3.60843e-05
10008	1	100	27	500	0.0696979	0.0541536	0.0219816	0.032172	0.0155443	0.94661	0.0250398	1.01114	0.0402223	3.63282e-05
10009	1	100	26	500	0.0647008	0.0486091	0.0235761	0.0250331	0.0160917	0.952792	0.0239599	0.998574	0.030904	3.28293e-05
10010	1	100	28	500	0.0698605	0.048527	0.0241423	0.0243847	0.0213335	0.953038	0.0269629	0.994208	0.0325285	3.20762e-05
10011	1	100	22	500	0.0618796	0.0415483	0.0225088	0.0190396	0.0203313	0.960446	0.020038	0.989741	0.0295874	3.31055e-05
10012	1	100	25	500	0.054612	0.0371969	0.0236904	0.0135065	0.0174151	0.964337	0.0183863	0.983079	0.0196122	3.18022e-05
10013	1	100	24	500	0.0567238	0.0380957	0.0228446	0.0152511	0.018628	0.962691	0.0225517	0.984484	0.0273584	3.06383e-05
10014	1	100	17	500	0.0456832	0.0173047	0.00328013	0.0140246	0.0283785	0.983766	0.0296453	0.998349	0.0175989	2.93487e-05
10015	1	100	15	500	0.0533103	0.0182916	0.0044238	0.0138678	0.0350187	0.97859	0.0654494	0.98933	0.0667757	3.04127e-05
10016	1	100	17	500	0.0520269	0.0187078	0.00473621	0.0139716	0.0333191	0.978329	0.0453767	0.990233	0.0469383	3.1201e-05
10017	1	100	20	500	0.0438728	0.0178303	0.00405522	0.013775	0.0260425	0.983451	0.0272107	0.999237	0.0156342	3.31975e-05
10018	1	100	16	500	0.040037	0.0166537	0.00373926	0.0129144	0.0233834	0.985603	0.0174574	1.00092	0.0160244	3.12692e-05
10019	1	100	14	500	0.0247299	0.0108482	0.00230983	0.00853839	0.0138817	0.988296	0.0245458	1.00003	0.0245007	3.28954e-05
10020	1	100	14	500	0.0141967	0.00616236	0.000775657	0.0053867	0.00803438	0.994003	0.0109143	1.00152	0.00877666	2.94706e-05
10021	1	100	16	500	0.0184426	0.00641472	0.00106162	0.0053531	0.0120279	0.994229	0.0106715	0.999086	0.00978802	2.80535e-05
10022	1	100	16	500	0.0183028	0.00778828	0.000864163	0.00692412	0.0105146	0.99234	0.014535	1.0014	0.011778	2.7705e-05
10023	1	100	13	500	0.0307786	0.01221	0.0025768	0.00963318	0.0185686	0.988523	0.0210737	0.999081	0.020227	2.89724e-05
10024	1	100	12	500	0.0262565	0.0099605	0.00195138	0.00800912	0.016296	0.986694	0.0353737	0.994893	0.0357286	2.69623e-05
10025	1	100	12	500	0.0313736	0.0111427	0.0036086	0.00753413	0.0202308	0.984341	0.0417757	0.989381	0.0426495	2.75228e-05
10026	1	100	9	500	0.0112049	0.00300615	0.00058519	0.00242096	0.00819879	0.997065	0.0080026	0.998131	0.00830024	2.51535e-05
10027	1	100	10	500	0.00649257	0.00175528	0.000183948	0.00157133	0.00473729	0.99825	0.00552852	0.999043	0.00569026	2.37513e-05
10028	1	100	10	500	0.000239033	0.000196493	6.11488e-06	0.000190378	4.25401e-05	0.999003	0.0053114	0.999366	0.00536562	2.37024e-05
10029	1	100	14	500	0.0165667	0.00380537	0.000315765	0.0034896	0.0127613	0.996107	0.0171321	0.996701	0.016603	2.34105e-05
10030	1	100	10	500	0.000633182	0.000316336	9.05476e-06	0.000307281	0.000316845	0.999553	0.00270198	1.00002	0.00268232	2.39746e-05
10031	1	100	10	500	0.000466284	0.000376344	1.41826e-05	0.000362161	8.99403e-05	0.999542	0.0019623	1.00024	0.00199313	2.37803e-05
10032	1	100	10	500	0.00294887	0.00102159	2.79881e-05	0.000993606	0.00192728	0.998835	0.00942124	0.999891	0.00937302	2.33608e-05
10033	1	100	11	500	0.0321261	0.00705031	0.000457529	0.00659278	0.0250758	0.993284	0.0316292	0.993945	0.0317621	2.3577e-05
10034	1	100	12	500	0.0205824	0.00479767	0.000228181	0.00456949	0.0157847	0.995348	0.0274592	0.996645	0.0276376	2.21498e-05
10035	1	100	9	500	0.0303047	0.0069122	0.000475369	0.00643683	0.0233925	0.993368	0.0334022	0.994591	0.0336159	2.10121e-05
10036	1	100	8	500	0.0535809	0.0122124	0.00145189	0.0107605	0.0413685	0.988564	0.0443409	0.989677	0.0446135	1.87216e-05
10037	1	100	13	500	0.0553705	0.0136591	0.00163964	0.0120195	0.0417113	0.98624	0.0444302	0.990155	0.0450451	1.97121e-05
10038	1	100	11	500	0.0726178	0.0171793	0.00228691	0.0148924	0.0554385	0.959217	0.247528	0.976809	0.129995	1.94574e-05
10039	1	100	12	500	0.0519671	0.0128922	0.00131997	0.0115722	0.0390749	0.987705	0.0400229	0.991786	0.0410171	1.8887e-05
10040	1	100	13	500	0.0429387	0.010909	0.00103288	0.00987608	0.0320298	0.989548	0.0334957	0.993852	0.0344988	1.91196e-05
10041	1	100	12	500	0.0866846	0.0211185	0.00344198	0.0176765	0.0655661	0.981409	0.0536452	0.984098	0.052651	2.06584e-05
10042	1	100	14	500	0.106614	0.0259987	0.00443726	0.0215614	0.080615	0.977259	0.0562002	0.980355	0.0571935	2.07732e-05
10043	1	100	9	500	0.127532	0.0331343	0.00770288	0.0254314	0.0943982	0.957004	0.201646	0.971023	0.114839	2.20297e-05
10044	1	100	13	500	0.0926785	0.0234807	0.00419881	0.0192819	0.0691979	0.979412	0.0547411	0.983997	0.0561059	2.31843e-05
10045	1	100	11	500	0.0461955	0.0113051	0.00131502	0.00999009	0.0348904	0.989014	0.0412795	0.991957	0.0398368	2.37857e-05
10046	1	100	11	500	0.0651218	0.0172424	0.00242977	0.0148126	0.0478794	0.983537	0.0485802	0.989988	0.0485893	2.15715e-05
10047	1	100	12	500	0.0664798	0.0184395	0.00290558	0.0155339	0.0480403	0.98308	0.0457242	0.992032	0.0479181	2.23012e-05
10048	1	100	10	500	0.112103	0.0300805	0.00678644	0.023294	0.0820221	0.974659	0.0607595	0.981677	0.062122	2.18595e-05
10049	1	100	11	500	0.159058	0.0446935	0.013016	0.0316775	0.114364	0.936597	0.26459	0.961965	0.145417	2.17924e-05
10050	1	100	7	500	0.191551	0.0565158	0.0192547	0.037261	0.135035	0.957734	0.0762451	0.967562	0.0778274	2.00384e-05
10051	1	100	9	500	0.275261	0.0885804	0.0386013	0.049979	0.186681	0.894387	0.33577	0.932027	0.183175	2.04138e-05
10052	1	100	9	500	0.289501	0.0939994	0.0424509	0.0515485	0.195501	0.904655	0.292033	0.932533	0.163935	1.92488e-05
10053	1	100	11	500	0.283782	0.0932019	0.0400238	0.0531781	0.19058	0.922422	0.207297	0.944967	0.131026	1.8949e-05
10054	1	100	7	500	0.244762	0.0792569	0.0299771	0.0492798	0.165505	0.924443	0.223155	0.954582	0.135105	1.91173e-05
10055	1	100	10	500	0.157095	0.0495552	0.0120911	0.0374642	0.10754	0.946653	0.18474	0.977612	0.11336	1.86797e-05
10056	1	100	10	500	0.0842807	0.02804	0.00398022	0.0240598	0.0562407	0.974106	0.0534929	0.996618	0.0591895	1.81757e-05
10057	1	100	15	500	0.04932	0.0207176	0.00271443	0.0180031	0.0286024	0.97979	0.041527	1.00557	0.045668	1.80318e-05
10058	1	100	13	500	0.106851	0.0339268	0.00624451	0.0276823	0.0729237	0.969292	0.0595555	0.992125	0.0628051	1.84835e-05
10059	1	100	11	500	0.0983172	0.0317562	0.00526818	0.026488	0.066561	0.968116	0.103423	0.992684	0.0745382	1.82393e-05
10060	1	100	9	500	0.0523092	0.020063	0.001984	0.018079	0.0322462	0.980562	0.0438504	1.00278	0.0479045	1.71297e-05
10061	1	100	11	500	0.0521118	0.0243013	0.00219954	0.0221018	0.0278105	0.976465	0.0506911	1.00923	0.044589	1.71391e-05
10062	1	100	7	500	0.0652426	0.027012	0.00287908	0.0241329	0.0382306	0.974059	0.0503202	1.00634	0.0544883	1.80155e-05
10063	1	100	9	500	0.0640741	0.024017	0.00256766	0.0214494	0.0400571	0.976901	0.0481673	1.00216	0.0525357	1.7959e-05
10064	1	100	10	500	0.0764362	0.0330152	0.00390531	0.0291099	0.0434209	0.968075	0.054753	1.00922	0.0623796	1.77052e-05
10065	1	100	11	500	0.0967549	0.0303521	0.0043943	0.0259579	0.0664027	0.956754	0.200057	0.986436	0.115033	1.70975e-05
10066	1	100	8	500	0.140672	0.0438615	0.00863403	0.0352274	0.0968108	0.962939	0.0729764	0.98542	0.0668585	1.66325e-05
10067	1	100	8	500	0.128042	0.0444769	0.00740192	0.037075	0.083565	0.960205	0.0664379	0.99593	0.0737517	1.76158e-05
10068	1	100	10	500	0.147425	0.0456399	0.0103528	0.035287	0.101785	0.961739	0.0682695	0.983282	0.0756232	1.88481e-05
10069	1	100	10	500	0.192429	0.0608166	0.0174048	0.0434118	0.131612	0.936692	0.202072	0.96907	0.12648	1.91533e-05
10070	1	100	9	500	0.202217	0.0628007	0.0196645	0.0431361	0.139417	0.921	0.278764	0.957825	0.155825	1.97985e-05
10071	1	100	10	500	0.19741	0.0620295	0.018947	0.0430825	0.13538	0.933679	0.220911	0.965376	0.131369	2.07281e-05
10072	1	100	12	500	0.161739	0.0477675	0.0120627	0.0357048	0.113972	0.960978	0.0706816	0.97809	0.0765669	2.07247e-05
10073	1	100	13	500	0.166169	0.0481784	0.0128993	0.0352791	0.11799	0.939473	0.236119	0.966423	0.132265	2.14112e-05
10074	1	100	11	500	0.102579	0.0289578	0.00491707	0.0240408	0.073621	0.973986	0.0564717	0.986962	0.0601387	2.09097e-05
10075	1	100	10	500	0.0684659	0.0198033	0.00300405	0.0167992	0.0486626	0.981082	0.0488929	0.992332	0.0507643	2.10629e-05
10076	1	100	10	500	0.0432485	0.0134247	0.00181961	0.0116051	0.0298237	0.987003	0.03769	0.997444	0.0382	2.11087e-05
10077	1	100	10	500	0.0259208	0.0133969	0.00182194	0.0115749	0.0125239	0.986677	0.0306305	1.00689	0.0327132	2.16171e-05
10078	1	100	10	500	0.0249278	0.0137066	0.00175329	0.0119533	0.0112212	0.986203	0.0306765	1.00807	0.0323553	2.174e-05
10079	1	100	8	500	0.0123595	0.0122596	0.00159379	0.0106658	9.98443e-05	0.987691	0.0256936	1.01209	0.0258134	2.18234e-05
10080	1	100	7	500	0.00985807	0.00971421	0.000916974	0.00879724	0.000143861	0.990132	0.0221614	1.00957	0.0223307	2.15082e-05
10081	1	100	9	500	0.0145072	0.0143434	0.00125154	0.0130918	0.000163826	0.985578	0.0284127	1.01405	0.0285747	2.09215e-05
10082	1	100	11	500	0.0126136	0.0124163	0.00128751	0.0111288	0.000197356	0.987479	0.0257842	1.01213	0.0257984	2.16883e-05
10083	1	100	9	500	0.0161173	0.0157819	0.00186758	0.0139144	0.000335357	0.984012	0.02872	1.01561	0.0290625	2.16985e-05
10084	1	100	7	500	0.0300926	0.0267318	0.00379811	0.0229336	0.00336082	0.973022	0.037156	1.02456	0.0381808	1.89515e-05
10085	1	100	6	500	0.0368969	0.0318041	0.00526793	0.0265361	0.00509278	0.968008	0.0442231	1.02865	0.0448728	1.87246e-05
10086	1	100	8	500	0.0609274	0.0576962	0.0185178	0.0391784	0.00323124	0.94224	0.0584992	1.0558	0.0590238	1.86114e-05
10087	1	100	9	500	0.0676105	0.060473	0.0196448	0.0408283	0.00713746	0.93918	0.0532473	1.05664	0.0564918	1.92679e-05
10088	1	100	14	500	0.0615218	0.0533339	0.0129053	0.0404286	0.00818787	0.947166	0.0591234	1.04927	0.0633635	2.033e-05
10089	1	100	10	500	0.0565165	0.0517761	0.0120259	0.0397503	0.00474041	0.948706	0.0568973	1.04985	0.0621993	1.97241e-05
10090	1	100	14	500	0.0662675	0.0610025	0.0179649	0.0430375	0.00526505	0.939634	0.0602275	1.05858	0.0629683	1.82793e-05
10091	1	100	12	500	0.0725869	0.0680481	0.0239352	0.044113	0.00453875	0.932265	0.0551789	1.0658	0.0568471	1.96423e-05
10092	1	100	9	500	0.0831468	0.0739781	0.0273198	0.0466583	0.00916869	0.926284	0.0623252	1.06873	0.0652972	1.97547e-05
10093	1	100	11	500	0.0909935	0.0777468	0.0285317	0.0492151	0.0132467	0.919206	0.0643307	1.06629	0.0819046	2.02872e-05
10094	1	100	15	500	0.0985537	0.0871924	0.0342422	0.0529502	0.0113612	0.914164	0.0636758	1.08133	0.0702422	1.76642e-05
10095	1	100	12	500	0.0967365	0.0833632	0.03376	0.0496032	0.0133734	0.917708	0.0604403	1.07615	0.0655377	1.82778e-05
10096	1	100	9	500	0.101096	0.0889223	0.0398482	0.0490741	0.012174	0.912003	0.0624941	1.08209	0.0698415	1.66941e-05
10097	1	100	10	500	0.100764	0.0945475	0.0427163	0.0518312	0.00621672	0.906576	0.0611	1.09188	0.064957	1.73419e-05
10098	1	100	9	500	0.0946033	0.0899	0.0395316	0.0503685	0.00470322	0.911023	0.0669394	1.08806	0.0710694	1.8844e-05
10099	1	100	8	500	0.106191	0.0960311	0.0503599	0.0456712	0.0101604	0.901769	0.0614447	1.0942	0.0670068	1.75718e-05
10100	1	100	6	500	0.11769	0.105409	0.0614651	0.043944	0.0122809	0.894063	0.051442	1.09956	0.0589855	1.48335e-05
10101	1	100	10	500	0.111174	0.0960048	0.0466561	0.0493487	0.0151689	0.905278	0.0612213	1.08745	0.0702241	1.69624e-05
