Generation	PopulationID	SampleSize	UniqueMutations	PopulationSize	totalLoad	RelzLoad	RelzLoadHomo	RelzLoadHetero	MskLoad	MeanFitness	SdFitness	MeanFitnessCached	SdFitnessCached	Heterozygosity	
10001	1	100	52	500	0.482632	0.468674	0.360749	0.107925	0.0139572	0.608452	0.0427006	1.52444	0.0930022	6.65012e-05
10002	1	100	69	500	0.484441	0.472829	0.364897	0.107932	0.011612	0.606923	0.0442331	1.52852	0.094033	6.59521e-05
10003	1	100	59	500	0.490969	0.474648	0.367393	0.107255	0.0163212	0.605735	0.0424535	1.52909	0.0903837	6.51938e-05
10004	1	100	57	500	0.494601	0.478783	0.373534	0.10525	0.0158172	0.602778	0.0409687	1.53494	0.0871149	6.4671e-05
10005	1	100	62	500	0.497078	0.483449	0.379493	0.103956	0.0136294	0.599175	0.0418553	1.5425	0.0925303	6.43084e-05
10006	1	100	62	500	0.499625	0.488861	0.384625	0.104237	0.010764	0.595793	0.0404253	1.55094	0.0876768	6.34723e-05
10007	1	100	62	500	0.501056	0.490605	0.385361	0.105244	0.0104509	0.59565	0.0405827	1.55242	0.0875475	6.36229e-05
10008	1	100	58	500	0.500233	0.490877	0.386113	0.104764	0.00935567	0.595004	0.040891	1.55414	0.0882236	6.26135e-05
10009	1	100	57	500	0.510721	0.498897	0.394821	0.104077	0.0118241	0.590371	0.0420733	1.56407	0.0919682	6.13857e-05
10010	1	100	56	500	0.513123	0.49973	0.394721	0.105009	0.0133927	0.588862	0.0386183	1.56455	0.0880251	6.14355e-05
10011	1	100	53	500	0.519077	0.508779	0.402642	0.106138	0.0102971	0.582721	0.038673	1.57785	0.0896803	6.04909e-05
10012	1	100	55	500	0.527456	0.514024	0.403174	0.11085	0.0134323	0.579626	0.038368	1.58123	0.0884632	6.12201e-05
10013	1	100	56	500	0.541562	0.526744	0.418645	0.108099	0.0148181	0.572114	0.0388771	1.59874	0.0902708	6.00324e-05
10014	1	100	59	500	0.552065	0.531071	0.418944	0.112127	0.0209935	0.570278	0.0372566	1.60351	0.0926025	6.04848e-05
10015	1	100	52	500	0.556014	0.536204	0.42582	0.110385	0.0198099	0.566395	0.0375662	1.61031	0.0955472	5.9083e-05
10016	1	100	56	500	0.558299	0.541646	0.430258	0.111388	0.0166529	0.563609	0.0375204	1.62091	0.092066	5.95037e-05
10017	1	100	55	500	0.56215	0.543168	0.434504	0.108665	0.0189815	0.56281	0.0362197	1.62264	0.0904595	5.88123e-05
10018	1	100	57	500	0.566232	0.550068	0.440449	0.109619	0.0161639	0.558313	0.0347393	1.63276	0.0901103	5.81044e-05
10019	1	100	56	500	0.570562	0.55457	0.444388	0.110182	0.0159921	0.556153	0.0367324	1.64142	0.0934775	5.78989e-05
10020	1	100	45	500	0.568462	0.554447	0.445391	0.109056	0.0140156	0.555673	0.0369029	1.6423	0.0925432	5.80933e-05
10021	1	100	57	500	0.571463	0.558286	0.454637	0.10365	0.0131762	0.553002	0.0347216	1.64832	0.0882415	5.6445e-05
10022	1	100	46	500	0.575364	0.560752	0.459885	0.100867	0.0146118	0.550974	0.0333585	1.65398	0.0852562	5.63684e-05
10023	1	100	51	500	0.579219	0.568328	0.464307	0.10402	0.0108912	0.547048	0.0315111	1.66553	0.0833853	5.58033e-05
10024	1	100	52	500	0.578208	0.567661	0.464204	0.103457	0.0105478	0.548065	0.0329875	1.66447	0.0874241	5.68939e-05
10025	1	100	54	500	0.580816	0.566054	0.46188	0.104175	0.0147616	0.548261	0.0348379	1.65892	0.0954736	5.7233e-05
10026	1	100	48	500	0.577465	0.56583	0.464559	0.10127	0.0116357	0.547868	0.0371446	1.65985	0.0980176	5.68224e-05
10027	1	100	61	500	0.598383	0.573792	0.466065	0.107727	0.0245905	0.544899	0.0355678	1.66358	0.094618	5.68059e-05
10028	1	100	53	500	0.613368	0.581557	0.4722	0.109357	0.0318111	0.540236	0.0355078	1.67001	0.103914	5.58255e-05
10029	1	100	59	500	0.614275	0.58598	0.479236	0.106743	0.0282951	0.538385	0.033729	1.67838	0.0945006	5.47113e-05
10030	1	100	53	500	0.617089	0.58933	0.482235	0.107095	0.0277588	0.535842	0.033719	1.68262	0.097135	5.44197e-05
10031	1	100	58	500	0.61696	0.592156	0.48511	0.107046	0.0248043	0.534483	0.0348829	1.68972	0.0988601	5.37896e-05
10032	1	100	54	500	0.616362	0.593582	0.484747	0.108835	0.0227801	0.533748	0.0348547	1.69466	0.101346	5.51443e-05
10033	1	100	55	500	0.612067	0.591488	0.484104	0.107383	0.020579	0.534561	0.0335346	1.69215	0.0995167	5.58935e-05
10034	1	100	55	500	0.613062	0.591583	0.482954	0.108629	0.021479	0.534269	0.0359146	1.69408	0.105106	5.58786e-05
10035	1	100	57	500	0.603395	0.592737	0.483736	0.109001	0.0106585	0.532761	0.0361468	1.69876	0.112591	5.63518e-05
10036	1	100	46	500	0.612119	0.599292	0.489614	0.109678	0.0128275	0.529917	0.035847	1.70964	0.106308	5.45733e-05
10037	1	100	46	500	0.614927	0.601259	0.488902	0.112357	0.0136679	0.52866	0.0368783	1.71522	0.10638	5.48046e-05
10038	1	100	44	500	0.617089	0.60213	0.490843	0.111287	0.0149584	0.527463	0.0361731	1.71605	0.107327	5.41537e-05
10039	1	100	49	500	0.622428	0.606021	0.491247	0.114774	0.0164075	0.526734	0.0360815	1.71863	0.106364	5.4558e-05
10040	1	100	61	500	0.629642	0.607665	0.490002	0.117663	0.0219773	0.526054	0.0360575	1.71668	0.106556	5.55263e-05
10041	1	100	50	500	0.631024	0.612324	0.496083	0.116242	0.0186997	0.523111	0.0366814	1.72604	0.112701	5.53497e-05
10042	1	100	48	500	0.631483	0.615703	0.500288	0.115415	0.0157795	0.520511	0.0381077	1.73256	0.1182	5.58875e-05
10043	1	100	47	500	0.417278	0.403205	0.289316	0.113889	0.014073	0.652447	0.0493207	1.41799	0.0967155	5.39565e-05
10044	1	100	51	500	0.424147	0.409286	0.294962	0.114323	0.0148617	0.649181	0.047904	1.42761	0.0929489	5.3519e-05
10045	1	100	46	500	0.429446	0.417252	0.304194	0.113058	0.0121944	0.643143	0.047718	1.44004	0.0897766	5.12789e-05
10046	1	100	48	500	0.429874	0.415894	0.300604	0.11529	0.0139803	0.644682	0.0498905	1.43655	0.0921856	5.28049e-05
10047	1	100	44	500	0.425294	0.414711	0.302578	0.112133	0.010583	0.643582	0.0487925	1.43872	0.090032	5.28237e-05
10048	1	100	49	500	0.435655	0.420932	0.30355	0.117382	0.0147234	0.640875	0.047384	1.44205	0.0878039	5.27362e-05
10049	1	100	55	500	0.441103	0.425042	0.307061	0.117981	0.0160619	0.637763	0.0457848	1.44599	0.086296	5.13274e-05
10050	1	100	50	500	0.444405	0.42814	0.31467	0.11347	0.0162655	0.635393	0.0472771	1.44881	0.0884588	4.90475e-05
10051	1	100	47	500	0.452035	0.435104	0.321774	0.11333	0.0169306	0.630649	0.0439772	1.45759	0.0848192	4.78789e-05
10052	1	100	44	500	0.454094	0.435745	0.32315	0.112595	0.0183491	0.63047	0.0441958	1.45764	0.0834653	4.72897e-05
10053	1	100	46	500	0.318356	0.302242	0.188015	0.114228	0.0161138	0.726038	0.0520664	1.28766	0.0801576	4.68701e-05
10054	1	100	50	500	0.318353	0.307644	0.19686	0.110785	0.0107088	0.72288	0.0510007	1.29765	0.0749179	4.48487e-05
10055	1	100	39	500	0.324391	0.313733	0.205621	0.108112	0.0106577	0.717823	0.0526207	1.30511	0.0782602	4.3889e-05
10056	1	100	46	500	0.336263	0.323556	0.217424	0.106132	0.0127077	0.711192	0.050364	1.31642	0.0734932	4.22276e-05
10057	1	100	43	500	0.332071	0.318048	0.213492	0.104556	0.0140227	0.713099	0.0550982	1.32447	0.0775396	4.21985e-05
10058	1	100	46	500	0.335177	0.320908	0.214443	0.106465	0.0142689	0.711796	0.0529435	1.32471	0.0783522	4.2466e-05
10059	1	100	52	500	0.348259	0.326525	0.215152	0.111373	0.0217335	0.708869	0.0536705	1.3273	0.0792186	4.30354e-05
10060	1	100	53	500	0.341432	0.328547	0.220704	0.107843	0.012885	0.706623	0.0518058	1.33443	0.0757666	4.22556e-05
10061	1	100	46	500	0.349895	0.334948	0.225825	0.109123	0.0149469	0.701427	0.0519354	1.34114	0.075028	4.1869e-05
10062	1	100	52	500	0.355359	0.34003	0.231845	0.108184	0.0153294	0.697678	0.0482451	1.34696	0.0701166	4.16901e-05
10063	1	100	54	500	0.358667	0.343522	0.236938	0.106584	0.0151447	0.695172	0.0488842	1.35118	0.0692209	4.05758e-05
10064	1	100	40	500	0.353513	0.340869	0.238522	0.102347	0.012644	0.694864	0.0522589	1.35294	0.0755353	4.04782e-05
10065	1	100	47	500	0.360435	0.346211	0.240192	0.106019	0.014224	0.693393	0.0511265	1.35571	0.0752519	4.10268e-05
10066	1	100	47	500	0.36927	0.35559	0.251565	0.104026	0.0136797	0.686441	0.049394	1.36686	0.0725127	3.97494e-05
10067	1	100	47	500	0.370207	0.355376	0.250497	0.10488	0.014831	0.686353	0.0533787	1.36453	0.0772274	4.13067e-05
10068	1	100	44	500	0.365807	0.354171	0.252246	0.101926	0.0116353	0.686812	0.0497189	1.36704	0.0751719	4.05529e-05
10069	1	100	49	500	0.372301	0.361166	0.259572	0.101594	0.0111357	0.681501	0.0529608	1.37446	0.0814092	4.05889e-05
10070	1	100	43	500	0.377308	0.363997	0.263651	0.100346	0.0133111	0.679409	0.0513768	1.37747	0.0769867	4.05833e-05
10071	1	100	40	500	0.376692	0.365209	0.264631	0.100578	0.0114822	0.678429	0.0521028	1.38148	0.0802421	4.12582e-05
10072	1	100	36	500	0.380873	0.370296	0.270582	0.0997142	0.0105777	0.674739	0.0470089	1.38753	0.074012	4.10043e-05
10073	1	100	43	500	0.387973	0.375432	0.272641	0.102791	0.0125414	0.670089	0.049057	1.39141	0.0775745	4.12188e-05
10074	1	100	47	500	0.39291	0.376521	0.273066	0.103455	0.0163886	0.670095	0.0523481	1.38979	0.0805792	4.1642e-05
10075	1	100	37	500	0.389999	0.375267	0.272596	0.102671	0.0147317	0.670726	0.0521402	1.39289	0.0809067	4.17798e-05
10076	1	100	44	500	0.396542	0.385083	0.284779	0.100304	0.0114589	0.664217	0.0488357	1.40527	0.0780306	3.88087e-05
10077	1	100	34	500	0.401941	0.391294	0.295255	0.0960381	0.0106476	0.658431	0.0488106	1.41358	0.0767839	3.80666e-05
10078	1	100	35	500	0.409324	0.397977	0.302903	0.0950736	0.0113473	0.654165	0.046948	1.42057	0.0766519	3.69511e-05
10079	1	100	46	500	0.410116	0.397812	0.303265	0.0945472	0.0123033	0.653241	0.0461657	1.42086	0.0754786	3.78297e-05
10080	1	100	38	500	0.414613	0.400865	0.305917	0.094948	0.0137481	0.652102	0.0471007	1.42241	0.0772512	3.71206e-05
10081	1	100	38	500	0.41345	0.402707	0.30804	0.0946673	0.0107433	0.650209	0.0446899	1.42582	0.074373	3.72687e-05
10082	1	100	36	500	0.421234	0.406565	0.314853	0.0917119	0.0146692	0.646845	0.047592	1.42857	0.0800773	3.67252e-05
10083	1	100	44	500	0.426812	0.411664	0.320759	0.090905	0.0151475	0.64236	0.0469302	1.43301	0.0808185	3.59161e-05
10084	1	100	48	500	0.437862	0.418204	0.328796	0.0894074	0.0196583	0.63837	0.0457295	1.43828	0.0752464	3.53011e-05
10085	1	100	43	500	0.444005	0.423021	0.33817	0.0848512	0.0209836	0.634333	0.0447535	1.44469	0.07688	3.39932e-05
10086	1	100	47	500	0.453252	0.427273	0.344108	0.083165	0.0259789	0.63087	0.0435316	1.45073	0.074578	3.40631e-05
10087	1	100	41	500	0.438965	0.423791	0.339557	0.0842345	0.015173	0.632356	0.0447157	1.44624	0.077311	3.56184e-05
10088	1	100	49	500	0.452757	0.429666	0.342153	0.0875134	0.0230902	0.631305	0.0411476	1.45131	0.070309	3.4759e-05
10089	1	100	39	500	0.442319	0.428351	0.342358	0.0859935	0.0139673	0.630669	0.0404187	1.45403	0.0709093	3.57312e-05
10090	1	100	41	500	0.454689	0.430337	0.339405	0.0909317	0.0243527	0.630657	0.042984	1.45147	0.0777021	3.64476e-05
10091	1	100	41	500	0.450041	0.429107	0.342519	0.086588	0.0209344	0.629041	0.0417683	1.46406	0.0746156	3.6323e-05
10092	1	100	38	500	0.442253	0.429012	0.346518	0.0824943	0.0132402	0.627929	0.0403439	1.46699	0.0732296	3.64936e-05
10093	1	100	40	500	0.444244	0.429698	0.34537	0.0843278	0.0145459	0.629987	0.0405186	1.46888	0.0712099	3.64605e-05
10094	1	100	36	500	0.449131	0.434146	0.352726	0.0814198	0.0149849	0.626501	0.0387451	1.47465	0.0685977	3.52967e-05
10095	1	100	42	500	0.461811	0.441327	0.364192	0.077135	0.0204842	0.621561	0.0406421	1.47932	0.0735322	3.32302e-05
10096	1	100	39	500	0.458248	0.439998	0.363066	0.0769324	0.0182497	0.622615	0.0418693	1.48016	0.0766609	3.34396e-05
10097	1	100	33	500	0.460936	0.444115	0.369412	0.0747029	0.0168211	0.620297	0.039931	1.48704	0.0744465	3.30652e-05
10098	1	100	38	500	0.461511	0.444828	0.367871	0.076957	0.0166828	0.61979	0.0402773	1.48867	0.0743918	3.49326e-05
10099	1	100	37	500	0.463582	0.449917	0.376214	0.0737034	0.0136642	0.614876	0.0408116	1.49476	0.0805475	3.38371e-05
10100	1	100	40	500	0.467852	0.455034	0.384337	0.0706975	0.012818	0.612362	0.0390036	1.50451	0.074576	3.32062e-05
10101	1	100	35	500	0.470048	0.457502	0.388065	0.0694366	0.0125456	0.610605	0.0396171	1.50815	0.075372	3.2248e-05
