Generation	PopulationID	SampleSize	UniqueMutations	PopulationSize	totalLoad	RelzLoad	RelzLoadHomo	RelzLoadHetero	MskLoad	MeanFitness	SdFitness	MeanFitnessCached	SdFitnessCached	Heterozygosity	
10001	1	100	60	500	0.276138	0.238335	0.100888	0.137448	0.0378022	0.779221	0.0542337	1.23341	0.0787715	3.93837e-05
10002	1	100	53	500	0.278972	0.243216	0.104798	0.138418	0.0357564	0.773544	0.0532179	1.23675	0.0724445	3.94138e-05
10003	1	100	58	500	0.284993	0.24484	0.10425	0.140589	0.0401539	0.774557	0.0520886	1.2381	0.0711401	3.9521e-05
10004	1	100	56	500	0.285181	0.247089	0.107836	0.139253	0.0380914	0.771036	0.0528448	1.24087	0.0745081	3.93484e-05
10005	1	100	65	500	0.295343	0.250456	0.106828	0.143628	0.0448867	0.767776	0.0738488	1.23754	0.0942663	3.93734e-05
10006	1	100	60	500	0.286279	0.250018	0.107486	0.142531	0.0362615	0.768344	0.0544208	1.24248	0.0796474	3.89053e-05
10007	1	100	50	500	0.28688	0.252882	0.110304	0.142578	0.0339975	0.76442	0.0716388	1.2462	0.0952211	3.83884e-05
10008	1	100	44	500	0.286133	0.253476	0.113384	0.140091	0.032657	0.765055	0.0521547	1.25193	0.0753556	3.84209e-05
10009	1	100	53	500	0.294129	0.259088	0.114558	0.144529	0.0350409	0.761812	0.0533611	1.2551	0.0792613	3.89146e-05
10010	1	100	61	500	0.30444	0.26397	0.116226	0.147744	0.04047	0.760022	0.051877	1.25922	0.0753349	3.93121e-05
10011	1	100	57	500	0.300267	0.263754	0.117559	0.146195	0.0365126	0.75726	0.0532422	1.26113	0.0816998	3.93251e-05
10012	1	100	53	500	0.301175	0.266006	0.11944	0.146566	0.0351697	0.75756	0.0527946	1.26614	0.0773385	3.90662e-05
10013	1	100	54	500	0.304292	0.267912	0.121198	0.146714	0.0363805	0.754936	0.0522952	1.26786	0.0778007	3.92858e-05
10014	1	100	46	500	0.301472	0.268846	0.123636	0.14521	0.0326257	0.753495	0.0506151	1.27098	0.0777213	3.91171e-05
10015	1	100	51	500	0.291626	0.268234	0.125224	0.14301	0.0233915	0.754597	0.0475554	1.277	0.0735565	3.91633e-05
10016	1	100	42	500	0.296538	0.271481	0.126237	0.145244	0.0250572	0.751446	0.0469198	1.2786	0.0758769	3.93543e-05
10017	1	100	47	500	0.299976	0.274337	0.128759	0.145578	0.0256392	0.749682	0.0466391	1.28244	0.0748111	3.89768e-05
10018	1	100	43	500	0.299419	0.276853	0.133603	0.143249	0.0225667	0.745992	0.0482074	1.28766	0.0740563	3.93594e-05
10019	1	100	56	500	0.308504	0.284953	0.137862	0.147091	0.0235504	0.741092	0.0446616	1.29773	0.0711483	3.95576e-05
10020	1	100	52	500	0.307166	0.284658	0.138457	0.1462	0.0225081	0.741215	0.0424691	1.29649	0.0706326	3.9777e-05
10021	1	100	44	500	0.312776	0.289362	0.144516	0.144846	0.0234146	0.73728	0.0446753	1.30051	0.070824	3.99396e-05
10022	1	100	48	500	0.310612	0.286431	0.141412	0.145019	0.0241817	0.739258	0.0453052	1.29591	0.0742588	4.02732e-05
10023	1	100	49	500	0.31907	0.288729	0.139562	0.149168	0.0303401	0.736645	0.0497155	1.29251	0.084729	4.05062e-05
10024	1	100	43	500	0.317232	0.289658	0.14075	0.148908	0.0275738	0.737693	0.0462409	1.29924	0.0737214	4.03121e-05
10025	1	100	46	500	0.314585	0.290147	0.144394	0.145753	0.0244385	0.737038	0.0481974	1.30187	0.0761365	3.96246e-05
10026	1	100	47	500	0.3152	0.292795	0.146828	0.145966	0.0224056	0.734727	0.0495843	1.30637	0.0782643	3.95193e-05
10027	1	100	54	500	0.310868	0.290606	0.144301	0.146306	0.0202621	0.737609	0.0483394	1.30693	0.0786198	3.97635e-05
10028	1	100	47	500	0.314985	0.294623	0.14743	0.147193	0.0203624	0.733411	0.0475229	1.31028	0.0754019	3.97767e-05
10029	1	100	45	500	0.317555	0.296811	0.150245	0.146567	0.0207432	0.730516	0.0473771	1.31134	0.0825919	3.97594e-05
10030	1	100	55	500	0.322905	0.297946	0.151583	0.146363	0.0249594	0.730971	0.0472198	1.31193	0.0784026	4.01661e-05
10031	1	100	46	500	0.325102	0.302628	0.155655	0.146973	0.0224742	0.727249	0.0463453	1.3186	0.0780721	4.00588e-05
10032	1	100	49	500	0.333813	0.307461	0.158248	0.149213	0.0263519	0.724718	0.0446617	1.32439	0.0755773	3.95658e-05
10033	1	100	50	500	0.328973	0.305821	0.158193	0.147628	0.0231529	0.724793	0.0458948	1.32228	0.0738353	3.94815e-05
10034	1	100	43	500	0.329224	0.307597	0.160011	0.147586	0.0216267	0.724296	0.04599	1.32672	0.074764	3.91712e-05
10035	1	100	53	500	0.325573	0.309224	0.163228	0.145996	0.0163491	0.722689	0.0442736	1.33231	0.0723607	3.89043e-05
10036	1	100	46	500	0.327995	0.314313	0.170439	0.143874	0.0136817	0.718195	0.0433763	1.33927	0.0732002	3.8382e-05
10037	1	100	46	500	0.334505	0.318836	0.174813	0.144023	0.0156685	0.71485	0.0439195	1.34443	0.0729358	3.79854e-05
10038	1	100	49	500	0.332887	0.318432	0.173967	0.144464	0.0144558	0.715167	0.0431198	1.34495	0.0723899	3.81137e-05
10039	1	100	44	500	0.335994	0.322031	0.178622	0.143409	0.0139628	0.711678	0.0434568	1.34912	0.0717162	3.79645e-05
10040	1	100	53	500	0.343291	0.325189	0.181679	0.143511	0.0181016	0.709493	0.0453899	1.3498	0.0726444	3.78327e-05
10041	1	100	41	500	0.349077	0.329951	0.186468	0.143483	0.0191263	0.706429	0.04314	1.35562	0.0706633	3.73868e-05
10042	1	100	44	500	0.354421	0.334962	0.192117	0.142845	0.019459	0.702253	0.0422094	1.36113	0.0692029	3.76115e-05
10043	1	100	46	500	0.360502	0.34212	0.200874	0.141246	0.0183819	0.696843	0.0406834	1.37172	0.0669221	3.69825e-05
10044	1	100	45	500	0.363017	0.344632	0.202915	0.141717	0.018385	0.695355	0.0392953	1.37539	0.0686827	3.62304e-05
10045	1	100	43	500	0.359631	0.344249	0.20426	0.139989	0.0153813	0.695123	0.0407407	1.37639	0.0671434	3.65896e-05
10046	1	100	43	500	0.372597	0.349637	0.209444	0.140194	0.0229595	0.691911	0.0401891	1.37848	0.0684808	3.65358e-05
10047	1	100	38	500	0.366447	0.349027	0.208536	0.140491	0.0174198	0.690605	0.0412537	1.37851	0.0699043	3.65098e-05
10048	1	100	39	500	0.374118	0.351512	0.208417	0.143095	0.0226062	0.69057	0.0402349	1.38112	0.0716667	3.66705e-05
10049	1	100	39	500	0.37865	0.353701	0.208862	0.144838	0.0249493	0.688969	0.0386597	1.38204	0.0685082	3.6899e-05
10050	1	100	35	500	0.380842	0.354903	0.210955	0.143948	0.0259396	0.687271	0.0381341	1.38123	0.0695886	3.71444e-05
10051	1	100	47	500	0.382603	0.35612	0.211067	0.145053	0.0264827	0.687222	0.0379778	1.38392	0.0696575	3.75446e-05
10052	1	100	39	500	0.386864	0.360013	0.217627	0.142386	0.0268514	0.684231	0.0401116	1.38865	0.0704496	3.73345e-05
10053	1	100	40	500	0.389718	0.365882	0.225286	0.140595	0.0238364	0.67867	0.0359422	1.39621	0.0664872	3.6499e-05
10054	1	100	46	500	0.396696	0.36811	0.225421	0.142689	0.0285862	0.678108	0.035385	1.3975	0.0648914	3.61962e-05
10055	1	100	38	500	0.392672	0.3682	0.226936	0.141265	0.0244713	0.677695	0.0335122	1.39949	0.0652945	3.62774e-05
10056	1	100	43	500	0.401963	0.37357	0.234085	0.139486	0.0283922	0.673455	0.034466	1.40401	0.0684061	3.54272e-05
10057	1	100	41	500	0.394205	0.37434	0.239659	0.134681	0.0198651	0.672954	0.0325742	1.41079	0.0641216	3.46411e-05
10058	1	100	48	500	0.399732	0.376468	0.241719	0.134749	0.0232635	0.671242	0.0316857	1.41077	0.0639231	3.47346e-05
10059	1	100	39	500	0.398126	0.37784	0.245004	0.132837	0.0202854	0.66906	0.0329896	1.41276	0.0727396	3.43243e-05
10060	1	100	47	500	0.39588	0.375207	0.240784	0.134423	0.0206735	0.671981	0.0351115	1.41385	0.0651668	3.46504e-05
10061	1	100	43	500	0.397885	0.375054	0.236674	0.13838	0.0228314	0.671763	0.0330685	1.40851	0.0684926	3.50723e-05
10062	1	100	52	500	0.401178	0.376369	0.238571	0.137798	0.0248089	0.672369	0.0343352	1.41156	0.062621	3.46875e-05
10063	1	100	43	500	0.404059	0.37823	0.242121	0.136108	0.0258292	0.670024	0.0327382	1.41307	0.0669284	3.50265e-05
10064	1	100	50	500	0.405929	0.379772	0.243712	0.136061	0.0261565	0.667358	0.0307491	1.41362	0.0643864	3.5375e-05
10065	1	100	54	500	0.413504	0.384847	0.248133	0.136715	0.0286566	0.665286	0.0285645	1.41841	0.0650035	3.52294e-05
10066	1	100	48	500	0.405196	0.384012	0.251536	0.132476	0.0211838	0.665038	0.0278679	1.42149	0.0607147	3.48384e-05
10067	1	100	44	500	0.407855	0.387092	0.258054	0.129039	0.0207625	0.662659	0.0273322	1.42499	0.0566659	3.42203e-05
10068	1	100	47	500	0.413509	0.389973	0.261495	0.128478	0.0235358	0.661108	0.0265715	1.42748	0.056879	3.41975e-05
10069	1	100	42	500	0.410548	0.391444	0.263287	0.128157	0.0191037	0.660059	0.0264966	1.43351	0.0509504	3.36982e-05
10070	1	100	38	500	0.41702	0.394806	0.26823	0.126576	0.0222141	0.657896	0.0246748	1.43621	0.0462174	3.31124e-05
10071	1	100	46	500	0.416491	0.39622	0.269925	0.126295	0.0202718	0.657022	0.0249889	1.43964	0.0453395	3.30791e-05
10072	1	100	47	500	0.419964	0.396823	0.270544	0.12628	0.0231403	0.655558	0.0267165	1.43583	0.0523058	3.29498e-05
10073	1	100	49	500	0.42172	0.398275	0.27445	0.123826	0.0234443	0.655057	0.0250669	1.43894	0.046616	3.26921e-05
10074	1	100	49	500	0.421614	0.39873	0.273617	0.125112	0.0228841	0.654954	0.0244423	1.44056	0.0465923	3.29362e-05
10075	1	100	44	500	0.423356	0.39855	0.270414	0.128136	0.0248062	0.655345	0.0235958	1.43884	0.0451084	3.37287e-05
10076	1	100	46	500	0.426883	0.399454	0.272349	0.127105	0.0274283	0.654203	0.0249183	1.43758	0.0455757	3.37853e-05
10077	1	100	40	500	0.428941	0.400935	0.274288	0.126647	0.0280059	0.653018	0.0223385	1.43837	0.0450661	3.35736e-05
10078	1	100	39	500	0.428151	0.402431	0.278091	0.12434	0.0257206	0.652529	0.0227652	1.44358	0.0417744	3.32701e-05
10079	1	100	46	500	0.428271	0.402594	0.277598	0.124996	0.0256765	0.65235	0.0221796	1.44384	0.042887	3.34307e-05
10080	1	100	40	500	0.435194	0.405774	0.283338	0.122436	0.0294206	0.649635	0.0257026	1.44414	0.0450719	3.29043e-05
10081	1	100	49	500	0.435761	0.408287	0.286832	0.121455	0.0274747	0.648153	0.0219222	1.44994	0.0430362	3.2506e-05
10082	1	100	46	500	0.444313	0.411899	0.292587	0.119311	0.032414	0.645584	0.0220265	1.45103	0.0438127	3.24885e-05
10083	1	100	47	500	0.443875	0.41284	0.292544	0.120296	0.0310353	0.64535	0.0231773	1.45356	0.0425236	3.26751e-05
10084	1	100	42	500	0.439669	0.414692	0.29568	0.119012	0.0249773	0.6429	0.0254795	1.45832	0.0495177	3.26628e-05
10085	1	100	55	500	0.437839	0.414422	0.295705	0.118717	0.0234175	0.643683	0.0219233	1.46081	0.0415192	3.26473e-05
10086	1	100	51	500	0.437144	0.414453	0.296728	0.117724	0.0226914	0.643554	0.0218445	1.46164	0.0415753	3.27392e-05
10087	1	100	53	500	0.444942	0.418375	0.300592	0.117783	0.0265672	0.641162	0.0224517	1.46421	0.041338	3.28304e-05
10088	1	100	49	500	0.446266	0.420256	0.302264	0.117991	0.0260105	0.639592	0.0224725	1.46561	0.0437211	3.32769e-05
10089	1	100	45	500	0.451093	0.422267	0.306364	0.115904	0.0288255	0.638459	0.0224393	1.46584	0.0420637	3.30605e-05
10090	1	100	50	500	0.450215	0.422043	0.30574	0.116303	0.0281723	0.637863	0.0251809	1.46525	0.048142	3.36689e-05
10091	1	100	47	500	0.448534	0.422857	0.307167	0.11569	0.0256774	0.637009	0.0266416	1.4673	0.0509462	3.38997e-05
10092	1	100	41	500	0.447432	0.422628	0.301499	0.121129	0.0248045	0.637953	0.0247894	1.47065	0.0490034	3.4629e-05
10093	1	100	51	500	0.446543	0.422901	0.305073	0.117828	0.0236426	0.63764	0.0243068	1.47087	0.0470785	3.44537e-05
10094	1	100	47	500	0.447554	0.423506	0.306576	0.116931	0.0240481	0.637842	0.0219686	1.47274	0.0400296	3.441e-05
10095	1	100	41	500	0.442512	0.42069	0.301791	0.118899	0.021822	0.638803	0.0249542	1.46902	0.0441413	3.49904e-05
10096	1	100	43	500	0.442413	0.420653	0.3004	0.120254	0.0217596	0.640257	0.0216701	1.47222	0.0399941	3.56092e-05
10097	1	100	45	500	0.351491	0.328748	0.20725	0.121498	0.0227424	0.704604	0.0246606	1.34656	0.0398727	3.57501e-05
10098	1	100	43	500	0.351713	0.329693	0.20987	0.119823	0.0220201	0.704118	0.0242865	1.34867	0.0364936	3.58936e-05
10099	1	100	40	500	0.354031	0.329506	0.206385	0.123121	0.0245251	0.704994	0.0222086	1.34733	0.0341193	3.61231e-05
10100	1	100	43	500	0.356078	0.330691	0.209504	0.121187	0.025387	0.703734	0.0228901	1.34789	0.0357048	3.61347e-05
10101	1	100	42	500	0.351698	0.330297	0.215166	0.115132	0.0214006	0.70318	0.0219197	1.35041	0.0313152	3.56268e-05
