Generation	PopulationID	SampleSize	UniqueMutations	PopulationSize	totalLoad	RelzLoad	RelzLoadHomo	RelzLoadHetero	MskLoad	MeanFitness	SdFitness	MeanFitnessCached	SdFitnessCached	Heterozygosity	
10001	1	100	51	500	0.207305	0.170834	0.0859919	0.0848424	0.0364704	0.840558	0.0761685	1.13238	0.049317	4.02456e-05
10002	1	100	59	500	0.20284	0.168255	0.0843002	0.0839553	0.0345842	0.842465	0.0759119	1.1327	0.0486408	3.97744e-05
10003	1	100	58	500	0.212776	0.175308	0.0899263	0.085382	0.0374677	0.836536	0.0782085	1.13517	0.0504675	3.88034e-05
10004	1	100	62	500	0.221796	0.179746	0.0911597	0.0885863	0.0420495	0.833693	0.0784104	1.1379	0.0520089	3.87183e-05
10005	1	100	59	500	0.223869	0.186336	0.0968115	0.0895246	0.0375331	0.828648	0.0795261	1.14321	0.0525865	3.81863e-05
10006	1	100	63	500	0.216724	0.182389	0.094859	0.0875298	0.0343355	0.830962	0.0753105	1.14353	0.0535796	3.78658e-05
10007	1	100	57	500	0.215462	0.182299	0.0956736	0.0866256	0.0331627	0.829843	0.0783021	1.14224	0.0587451	3.69638e-05
10008	1	100	53	500	0.231911	0.185834	0.0945012	0.0913325	0.0460777	0.827172	0.0843542	1.13933	0.0606221	3.6932e-05
10009	1	100	53	500	0.234673	0.189832	0.0979663	0.0918657	0.0448413	0.824775	0.0792674	1.14456	0.0600043	3.58462e-05
10010	1	100	55	500	0.223158	0.189828	0.0994152	0.0904125	0.0333307	0.823634	0.0805999	1.14809	0.0526787	3.61274e-05
10011	1	100	54	500	0.229253	0.193256	0.0989501	0.0943061	0.0359964	0.822717	0.0795051	1.15176	0.0504815	3.64282e-05
10012	1	100	52	500	0.234025	0.197307	0.104163	0.0931431	0.0367188	0.819301	0.0820925	1.15241	0.0498099	3.53669e-05
10013	1	100	53	500	0.235763	0.196017	0.102567	0.0934499	0.0397456	0.819299	0.0826707	1.14938	0.0516691	3.55581e-05
10014	1	100	52	500	0.23983	0.200876	0.109463	0.0914128	0.0389534	0.814859	0.0811188	1.15012	0.0513666	3.46364e-05
10015	1	100	47	500	0.241953	0.202973	0.108798	0.0941748	0.0389806	0.814201	0.0821431	1.15344	0.0517693	3.56554e-05
10016	1	100	45	500	0.24111	0.204245	0.107889	0.0963559	0.0368653	0.811423	0.0851416	1.15392	0.0502833	3.60411e-05
10017	1	100	46	500	0.237699	0.201232	0.10376	0.0974718	0.0364674	0.814742	0.0814259	1.1556	0.0495789	3.67522e-05
10018	1	100	45	500	0.241383	0.201134	0.101054	0.10008	0.0402492	0.815349	0.0814555	1.15472	0.0492551	3.85623e-05
10019	1	100	47	500	0.237235	0.200647	0.102006	0.0986416	0.0365874	0.814677	0.0841514	1.15473	0.0503846	3.84389e-05
10020	1	100	47	500	0.233469	0.19586	0.099285	0.096575	0.0376091	0.819516	0.0802666	1.15539	0.0492785	3.82867e-05
10021	1	100	49	500	0.242139	0.202693	0.104445	0.0982475	0.0394464	0.812765	0.0850642	1.15467	0.05118	3.83633e-05
10022	1	100	50	500	0.236569	0.198092	0.101802	0.0962898	0.0384777	0.81811	0.08206	1.15479	0.0493729	3.91492e-05
10023	1	100	54	500	0.236976	0.196207	0.101132	0.0950746	0.0407691	0.820285	0.0792853	1.15597	0.0510684	3.87146e-05
10024	1	100	50	500	0.230191	0.191693	0.0958663	0.0958269	0.0384977	0.823138	0.075918	1.1547	0.0511542	4.0704e-05
10025	1	100	57	500	0.235001	0.192773	0.0941713	0.0986015	0.0422281	0.823598	0.0756027	1.15559	0.0543835	4.19573e-05
10026	1	100	57	500	0.240359	0.19834	0.0975827	0.100757	0.0420187	0.819655	0.0795286	1.16008	0.0552289	4.20326e-05
10027	1	100	52	500	0.244215	0.205408	0.102897	0.102511	0.038807	0.810645	0.0858346	1.15935	0.051825	4.2825e-05
10028	1	100	59	500	0.24831	0.205712	0.100409	0.105303	0.0425984	0.811091	0.0870793	1.16019	0.0542354	4.30368e-05
10029	1	100	57	500	0.261707	0.22001	0.108576	0.111434	0.0416963	0.800417	0.0890702	1.16782	0.0543706	4.28831e-05
10030	1	100	64	500	0.273365	0.230633	0.116132	0.114501	0.0427318	0.791736	0.0917242	1.17232	0.0540466	4.2287e-05
10031	1	100	54	500	0.274316	0.231769	0.119356	0.112414	0.042547	0.791665	0.0876941	1.17457	0.0525595	4.15829e-05
10032	1	100	55	500	0.279017	0.233574	0.118209	0.115366	0.0454424	0.790644	0.0866177	1.17429	0.0561171	4.27325e-05
10033	1	100	58	500	0.272681	0.232127	0.120067	0.112059	0.0405546	0.789558	0.089693	1.17437	0.0560317	4.14512e-05
10034	1	100	59	500	0.277788	0.237922	0.122702	0.11522	0.0398666	0.786914	0.0876542	1.17848	0.0530943	4.16993e-05
10035	1	100	51	500	0.274389	0.235253	0.119732	0.11552	0.039136	0.787776	0.0879857	1.17774	0.0530504	4.24385e-05
10036	1	100	55	500	0.274278	0.236793	0.122544	0.114249	0.037485	0.78578	0.0931269	1.17613	0.0529707	4.20782e-05
10037	1	100	50	500	0.277578	0.238372	0.123896	0.114476	0.0392062	0.785721	0.0910248	1.17922	0.0541497	4.17877e-05
10038	1	100	48	500	0.274702	0.236383	0.123292	0.113091	0.0383188	0.78697	0.0911074	1.1796	0.0516491	4.18087e-05
10039	1	100	58	500	0.280498	0.241514	0.126776	0.114739	0.0389832	0.782571	0.0933521	1.18162	0.0515634	4.18915e-05
10040	1	100	48	500	0.274987	0.240171	0.126319	0.113852	0.0348157	0.783227	0.0931168	1.18322	0.0518647	4.19487e-05
10041	1	100	64	500	0.275033	0.238466	0.125818	0.112648	0.0365667	0.785757	0.0915179	1.18346	0.0536273	4.18078e-05
10042	1	100	54	500	0.281618	0.245874	0.132295	0.113579	0.0357439	0.778618	0.0947223	1.18526	0.0535223	4.13749e-05
10043	1	100	57	500	0.283062	0.2475	0.131121	0.116378	0.0355619	0.779002	0.0918225	1.18797	0.0517217	4.16311e-05
10044	1	100	51	500	0.291202	0.25447	0.134135	0.120335	0.0367318	0.773622	0.0923	1.18958	0.0530459	4.27315e-05
10045	1	100	50	500	0.301869	0.26534	0.144364	0.120976	0.0365288	0.765608	0.0928286	1.19321	0.0513709	4.20083e-05
10046	1	100	57	500	0.300608	0.263757	0.142136	0.121621	0.0368515	0.765529	0.0963057	1.19018	0.0536448	4.26406e-05
10047	1	100	59	500	0.300387	0.263502	0.146818	0.116684	0.0368853	0.766009	0.0954913	1.19012	0.0525175	4.04116e-05
10048	1	100	53	500	0.315008	0.277148	0.157011	0.120137	0.0378599	0.755135	0.0974884	1.19246	0.0509952	4.07062e-05
10049	1	100	63	500	0.322684	0.283099	0.16187	0.121228	0.0395849	0.750795	0.0960857	1.19271	0.0513587	4.10185e-05
10050	1	100	63	500	0.330098	0.2911	0.167274	0.123826	0.0389976	0.744176	0.0990298	1.19328	0.0505266	4.17036e-05
10051	1	100	63	500	0.331976	0.292264	0.168364	0.1239	0.0397119	0.74354	0.100234	1.19105	0.0516325	4.18487e-05
10052	1	100	61	500	0.329184	0.289896	0.16414	0.125757	0.0392878	0.744484	0.0998564	1.19187	0.0506123	4.21604e-05
10053	1	100	61	500	0.337028	0.298667	0.173687	0.12498	0.0383614	0.738416	0.0988153	1.19318	0.0503942	4.18386e-05
10054	1	100	54	500	0.335343	0.297054	0.170618	0.126435	0.0382892	0.741555	0.0934403	1.20015	0.0489321	4.14788e-05
10055	1	100	58	500	0.335909	0.296066	0.165837	0.130229	0.0398433	0.739899	0.100241	1.19553	0.0510805	4.3224e-05
10056	1	100	64	500	0.329857	0.288427	0.157187	0.131241	0.0414294	0.745578	0.0986261	1.19486	0.05171	4.387e-05
10057	1	100	61	500	0.328389	0.287245	0.156887	0.130358	0.0411441	0.745905	0.0987775	1.19386	0.0505771	4.36439e-05
10058	1	100	67	500	0.323334	0.28159	0.153024	0.128565	0.0417443	0.751412	0.0973338	1.19635	0.0505032	4.34275e-05
10059	1	100	61	500	0.321046	0.282003	0.154585	0.127418	0.0390431	0.747865	0.101809	1.19304	0.0539507	4.33299e-05
10060	1	100	59	500	0.327119	0.286303	0.156125	0.130178	0.0408161	0.746383	0.0977988	1.19839	0.0514117	4.42628e-05
10061	1	100	76	500	0.328409	0.285361	0.155648	0.129713	0.0430484	0.747525	0.0979096	1.19836	0.0517981	4.40931e-05
10062	1	100	61	500	0.321205	0.281449	0.153725	0.127725	0.0397553	0.751267	0.0930902	1.20265	0.0542845	4.39381e-05
10063	1	100	69	500	0.319597	0.277058	0.144709	0.13235	0.0425392	0.754831	0.0932847	1.20217	0.0534787	4.51655e-05
10064	1	100	57	500	0.332537	0.286471	0.152157	0.134314	0.0460668	0.746315	0.0984577	1.20049	0.0577298	4.5097e-05
10065	1	100	59	500	0.339744	0.295082	0.162113	0.132969	0.0446619	0.740451	0.0958524	1.20457	0.0525259	4.50179e-05
10066	1	100	63	500	0.329631	0.283717	0.150635	0.133082	0.0459143	0.750666	0.0934127	1.20651	0.0528207	4.55873e-05
10067	1	100	64	500	0.335785	0.293594	0.159593	0.134001	0.0421905	0.740803	0.0992441	1.20484	0.0543677	4.53952e-05
10068	1	100	70	500	0.337489	0.294871	0.165144	0.129727	0.0426187	0.739994	0.098066	1.20654	0.0541778	4.40318e-05
10069	1	100	54	500	0.336746	0.295939	0.167122	0.128818	0.0408063	0.740316	0.0938102	1.21145	0.0531121	4.37375e-05
10070	1	100	60	500	0.351249	0.31017	0.180014	0.130156	0.0410793	0.729719	0.0981306	1.21458	0.0531759	4.36446e-05
10071	1	100	57	500	0.351284	0.311318	0.180586	0.130732	0.0399656	0.727681	0.0982801	1.21709	0.0550696	4.42748e-05
10072	1	100	61	500	0.361388	0.320645	0.188943	0.131701	0.0407434	0.720246	0.0959885	1.2203	0.0521852	4.44808e-05
10073	1	100	64	500	0.362122	0.321226	0.189364	0.131862	0.040896	0.719357	0.0981204	1.21967	0.0547703	4.52075e-05
10074	1	100	57	500	0.367679	0.327616	0.194674	0.132942	0.0400621	0.714126	0.099053	1.21996	0.0555236	4.46855e-05
10075	1	100	68	500	0.366523	0.326942	0.195009	0.131934	0.0395801	0.715114	0.096155	1.22067	0.0542902	4.46598e-05
10076	1	100	66	500	0.374879	0.334289	0.204302	0.129987	0.0405903	0.710146	0.0957684	1.22372	0.0533918	4.28803e-05
10077	1	100	69	500	0.380098	0.339029	0.210314	0.128716	0.0410688	0.706283	0.0975549	1.22594	0.0544437	4.17834e-05
10078	1	100	62	500	0.376201	0.336054	0.205839	0.130215	0.0401466	0.708873	0.0958526	1.22562	0.0542778	4.24126e-05
10079	1	100	70	500	0.365805	0.324163	0.192422	0.131741	0.0416415	0.717821	0.0936776	1.22453	0.0532042	4.35606e-05
10080	1	100	64	500	0.369569	0.329573	0.201944	0.127628	0.0399966	0.71337	0.0956919	1.22546	0.0532669	4.26258e-05
10081	1	100	59	500	0.368242	0.327609	0.199714	0.127895	0.0406327	0.715471	0.091431	1.22983	0.0541241	4.20932e-05
10082	1	100	57	500	0.371637	0.331021	0.204439	0.126582	0.0406159	0.710895	0.095506	1.22773	0.055108	4.13868e-05
10083	1	100	67	500	0.373433	0.330753	0.204324	0.12643	0.0426795	0.712779	0.0918568	1.22794	0.0552738	4.19841e-05
10084	1	100	67	500	0.36664	0.325441	0.197943	0.127498	0.0411984	0.716482	0.0917066	1.22957	0.0543152	4.21092e-05
10085	1	100	65	500	0.363075	0.322132	0.197447	0.124685	0.0409429	0.717863	0.0944604	1.22714	0.0551587	4.20742e-05
10086	1	100	69	500	0.376106	0.33503	0.209933	0.125097	0.0410754	0.709283	0.0920384	1.23285	0.053554	4.2274e-05
10087	1	100	70	500	0.373694	0.333614	0.20642	0.127193	0.0400809	0.70999	0.0913703	1.23456	0.0552086	4.27394e-05
10088	1	100	65	500	0.384168	0.34124	0.213796	0.127444	0.0429282	0.70435	0.0928519	1.23506	0.0586283	4.19714e-05
10089	1	100	64	500	0.379911	0.33516	0.21036	0.1248	0.0447506	0.708848	0.0917448	1.23874	0.0593049	4.04643e-05
10090	1	100	63	500	0.394443	0.348728	0.224811	0.123917	0.0457145	0.697846	0.0932014	1.23881	0.0546923	4.03421e-05
10091	1	100	61	500	0.387991	0.347376	0.222514	0.124862	0.0406152	0.698124	0.0918955	1.24184	0.0592388	4.13354e-05
10092	1	100	60	500	0.385306	0.345346	0.221966	0.12338	0.03996	0.700725	0.0882108	1.24529	0.061599	4.12619e-05
10093	1	100	63	500	0.388803	0.34677	0.220469	0.126301	0.0420329	0.700789	0.0885275	1.24628	0.0580543	4.11113e-05
10094	1	100	60	500	0.389467	0.346882	0.219163	0.127719	0.0425847	0.699167	0.0873394	1.24746	0.0602388	4.0983e-05
10095	1	100	62	500	0.38833	0.345789	0.219948	0.125841	0.0425414	0.698978	0.0896158	1.2456	0.057044	4.12541e-05
10096	1	100	60	500	0.388561	0.347335	0.218555	0.128779	0.0412263	0.699017	0.0874622	1.24775	0.0614112	4.16883e-05
10097	1	100	60	500	0.382687	0.341596	0.21173	0.129866	0.0410913	0.703583	0.084614	1.25119	0.061752	4.22086e-05
10098	1	100	57	500	0.381123	0.340582	0.212229	0.128353	0.0405411	0.70189	0.0878881	1.24833	0.0596517	4.18414e-05
10099	1	100	61	500	0.387609	0.343193	0.214838	0.128354	0.0444166	0.703004	0.0823598	1.25452	0.0608975	4.19991e-05
10100	1	100	58	500	0.393932	0.350618	0.223466	0.127151	0.0433144	0.695815	0.0853035	1.25288	0.0612251	4.21071e-05
10101	1	100	56	500	0.393738	0.346944	0.222054	0.12489	0.0467947	0.698947	0.0842268	1.25443	0.0614199	4.14713e-05
