Generation	PopulationID	SampleSize	UniqueMutations	PopulationSize	totalLoad	RelzLoad	RelzLoadHomo	RelzLoadHetero	MskLoad	MeanFitness	SdFitness	MeanFitnessCached	SdFitnessCached	Heterozygosity	
10001	1	100	38	500	0.262556	0.24657	0.17721	0.0693597	0.0159856	0.769196	0.0457653	1.25169	0.0581703	2.57488e-05
10002	1	100	34	500	0.263335	0.250342	0.181377	0.0689645	0.0129933	0.76573	0.0431763	1.25763	0.0562289	2.53143e-05
10003	1	100	46	500	0.267735	0.25121	0.179195	0.0720146	0.0165245	0.764991	0.0426111	1.2561	0.054962	2.56153e-05
10004	1	100	40	500	0.27133	0.25411	0.178555	0.0755549	0.01722	0.763322	0.0431238	1.26051	0.0562608	2.56092e-05
10005	1	100	47	500	0.275924	0.258606	0.182893	0.0757128	0.017318	0.759111	0.0418046	1.26465	0.0546879	2.57252e-05
10006	1	100	44	500	0.274707	0.260964	0.184554	0.0764096	0.0137437	0.756454	0.040983	1.26984	0.0544252	2.59712e-05
10007	1	100	46	500	0.280675	0.264596	0.190956	0.0736402	0.0160792	0.753103	0.0364436	1.27243	0.0513991	2.55621e-05
10008	1	100	48	500	0.28752	0.267943	0.191571	0.0763715	0.0195777	0.751087	0.0357341	1.2751	0.0510361	2.60219e-05
10009	1	100	53	500	0.288726	0.271965	0.200458	0.0715074	0.0167606	0.747071	0.0328117	1.27968	0.0484418	2.50958e-05
10010	1	100	41	500	0.216493	0.200181	0.127569	0.0726126	0.0163119	0.805076	0.0319295	1.19555	0.0386427	2.52747e-05
10011	1	100	34	500	0.216626	0.202197	0.129241	0.072956	0.0144294	0.803326	0.0317867	1.19819	0.0405824	2.58517e-05
10012	1	100	36	500	0.216063	0.201758	0.131934	0.0698243	0.0143051	0.803291	0.0322181	1.19707	0.040403	2.59325e-05
10013	1	100	46	500	0.219448	0.203095	0.131712	0.0713831	0.0163529	0.802889	0.0320382	1.1981	0.0427198	2.65517e-05
10014	1	100	41	500	0.217101	0.203288	0.132086	0.0712025	0.0138128	0.802712	0.0289754	1.19984	0.0373532	2.63749e-05
10015	1	100	42	500	0.22084	0.205663	0.133858	0.0718046	0.0151769	0.80061	0.0307854	1.2014	0.0396596	2.66705e-05
10016	1	100	47	500	0.219224	0.205579	0.131606	0.0739733	0.0136449	0.800873	0.0334873	1.2027	0.040994	2.68387e-05
10017	1	100	35	500	0.222124	0.208115	0.131142	0.0769733	0.0140085	0.797631	0.0467648	1.20351	0.0594275	2.66257e-05
10018	1	100	44	500	0.221944	0.209497	0.134785	0.0747119	0.0124479	0.797009	0.0326766	1.20848	0.041357	2.67905e-05
10019	1	100	50	500	0.2271	0.211441	0.134318	0.0771229	0.0156596	0.795574	0.0315265	1.20869	0.0425657	2.74215e-05
10020	1	100	50	500	0.227558	0.211523	0.133363	0.0781592	0.0160351	0.795639	0.0337679	1.20907	0.0435807	2.75405e-05
10021	1	100	43	500	0.23367	0.21486	0.136795	0.0780647	0.0188096	0.792843	0.0342293	1.21032	0.044184	2.7483e-05
10022	1	100	48	500	0.236674	0.216451	0.136229	0.0802212	0.0202237	0.791732	0.0336126	1.21148	0.0442139	2.76094e-05
10023	1	100	44	500	0.238586	0.218034	0.138557	0.0794771	0.0205517	0.790128	0.0324475	1.21273	0.0442144	2.74679e-05
10024	1	100	51	500	0.236082	0.217486	0.137753	0.0797322	0.0185966	0.790697	0.0336812	1.21346	0.0433477	2.80497e-05
10025	1	100	42	500	0.23615	0.217215	0.139423	0.0777927	0.018935	0.789787	0.0375722	1.21211	0.0512061	2.80501e-05
10026	1	100	47	500	0.242858	0.222834	0.143096	0.0797376	0.0200243	0.785783	0.0329583	1.21835	0.0437041	2.74712e-05
10027	1	100	41	500	0.242832	0.223966	0.144653	0.0793135	0.0188657	0.784301	0.0339486	1.21982	0.0475595	2.76742e-05
10028	1	100	51	500	0.242729	0.223932	0.145688	0.0782437	0.0187975	0.784853	0.0335978	1.22049	0.0450316	2.74041e-05
10029	1	100	39	500	0.241671	0.226342	0.148285	0.0780565	0.0153296	0.781082	0.0343189	1.22383	0.0442684	2.75966e-05
10030	1	100	50	500	0.249426	0.229533	0.149868	0.0796642	0.0198936	0.779907	0.0348947	1.22512	0.0439436	2.70916e-05
10031	1	100	48	500	0.251435	0.229017	0.146147	0.0828702	0.0224178	0.780594	0.0395921	1.22305	0.0544372	2.74074e-05
10032	1	100	44	500	0.255348	0.231364	0.149885	0.0814785	0.0239848	0.779047	0.0350912	1.22541	0.0455721	2.73896e-05
10033	1	100	55	500	0.259687	0.235382	0.151266	0.0841158	0.0243044	0.776262	0.0346457	1.23022	0.0465504	2.74696e-05
10034	1	100	43	500	0.259565	0.235824	0.152	0.0838242	0.0237404	0.776187	0.0349327	1.23139	0.0471597	2.7715e-05
10035	1	100	42	500	0.263174	0.2381	0.157159	0.0809403	0.0250748	0.773652	0.0381957	1.23245	0.0565929	2.76776e-05
10036	1	100	42	500	0.262429	0.237911	0.153072	0.0848396	0.024518	0.773604	0.0407555	1.23153	0.0570283	2.86288e-05
10037	1	100	49	500	0.265369	0.2375	0.158074	0.0794255	0.0278694	0.773861	0.0361433	1.22956	0.0491593	2.85251e-05
10038	1	100	43	500	0.264131	0.239647	0.158023	0.0816238	0.0244834	0.771069	0.0405929	1.23094	0.0510614	2.82707e-05
10039	1	100	49	500	0.268929	0.241883	0.162044	0.0798392	0.0270459	0.770702	0.040116	1.23484	0.0517508	2.79349e-05
10040	1	100	44	500	0.267964	0.24292	0.164918	0.0780017	0.0250443	0.768397	0.03967	1.23787	0.0512641	2.79738e-05
10041	1	100	53	500	0.2746	0.249009	0.173659	0.0753496	0.025591	0.764837	0.0364421	1.24428	0.0481753	2.78262e-05
10042	1	100	47	500	0.275584	0.248682	0.174295	0.0743864	0.0269019	0.764051	0.040132	1.24094	0.0535207	2.794e-05
10043	1	100	47	500	0.277757	0.250742	0.17602	0.0747218	0.0270151	0.760907	0.0450783	1.24152	0.0656503	2.74176e-05
10044	1	100	50	500	0.273105	0.249206	0.175288	0.0739176	0.0238991	0.763717	0.0385283	1.24455	0.0500907	2.79531e-05
10045	1	100	58	500	0.2717	0.247871	0.17866	0.069211	0.0238294	0.764197	0.037341	1.24401	0.0478281	2.80494e-05
10046	1	100	54	500	0.273237	0.248295	0.179664	0.0686313	0.0249422	0.763543	0.0391213	1.24363	0.0503427	2.78572e-05
10047	1	100	49	500	0.275171	0.247464	0.174147	0.0733163	0.0277068	0.765248	0.0388282	1.24052	0.0494189	2.78731e-05
10048	1	100	53	500	0.278653	0.247801	0.175279	0.0725218	0.030852	0.765136	0.04227	1.23864	0.0544542	2.81343e-05
10049	1	100	55	500	0.280247	0.2496	0.174277	0.0753226	0.0306472	0.764061	0.041574	1.23962	0.0498712	2.77448e-05
10050	1	100	43	500	0.280928	0.251163	0.172822	0.0783409	0.029765	0.762161	0.0448922	1.24114	0.0573352	2.80316e-05
10051	1	100	48	500	0.282144	0.253104	0.17473	0.0783747	0.0290396	0.761121	0.0429623	1.24446	0.0482984	2.79642e-05
10052	1	100	45	500	0.279935	0.254731	0.182173	0.0725585	0.0252041	0.760086	0.0378957	1.25026	0.0457346	2.78071e-05
10053	1	100	46	500	0.278654	0.256049	0.185995	0.0700539	0.0226053	0.756209	0.048193	1.24859	0.0555366	2.73091e-05
10054	1	100	50	500	0.284047	0.259051	0.190408	0.068643	0.0249954	0.756838	0.0387345	1.25516	0.0463439	2.72175e-05
10055	1	100	54	500	0.282419	0.257525	0.188418	0.0691068	0.0248935	0.75705	0.0415061	1.25294	0.049528	2.70943e-05
10056	1	100	48	500	0.282286	0.257628	0.18531	0.0723174	0.024658	0.756765	0.0414157	1.25345	0.0511326	2.73093e-05
10057	1	100	41	500	0.280678	0.258856	0.1825	0.0763557	0.0218228	0.754545	0.04751	1.25284	0.0516653	2.76724e-05
10058	1	100	44	500	0.29338	0.262751	0.183312	0.0794394	0.0306285	0.752199	0.0490208	1.25125	0.0545572	2.78005e-05
10059	1	100	40	500	0.293684	0.265533	0.18432	0.0812129	0.0281515	0.750723	0.0487538	1.25635	0.0537652	2.75352e-05
10060	1	100	41	500	0.301486	0.269418	0.188566	0.080852	0.0320679	0.749514	0.0439264	1.26009	0.0496851	2.72219e-05
10061	1	100	40	500	0.304179	0.270979	0.186879	0.0840996	0.0331998	0.746923	0.0503049	1.25617	0.0563042	2.71514e-05
10062	1	100	51	500	0.307357	0.273602	0.18694	0.0866621	0.033755	0.745089	0.0496843	1.25988	0.0564221	2.74344e-05
10063	1	100	50	500	0.300097	0.269516	0.181993	0.0875231	0.0305813	0.748947	0.0468908	1.25961	0.0529605	2.84524e-05
10064	1	100	44	500	0.296513	0.266837	0.177293	0.0895438	0.0296755	0.751739	0.0446698	1.26034	0.0506235	2.89469e-05
10065	1	100	44	500	0.297934	0.268442	0.185687	0.0827554	0.0294912	0.749863	0.0441575	1.26113	0.0488473	2.75532e-05
10066	1	100	43	500	0.299151	0.269927	0.190506	0.0794206	0.0292244	0.747676	0.041026	1.26333	0.0508222	2.74892e-05
10067	1	100	44	500	0.301479	0.271195	0.193105	0.0780907	0.030284	0.744952	0.0458689	1.26238	0.0578378	2.79458e-05
10068	1	100	52	500	0.3009	0.271922	0.198933	0.0729892	0.0289788	0.74549	0.0445209	1.26481	0.0561983	2.74292e-05
10069	1	100	47	500	0.304399	0.271587	0.195688	0.0758996	0.0328123	0.745793	0.0426058	1.26207	0.0553922	2.74181e-05
10070	1	100	37	500	0.303598	0.270977	0.19677	0.0742068	0.0326214	0.744719	0.0455909	1.26117	0.0597435	2.70611e-05
10071	1	100	43	500	0.302718	0.27185	0.198568	0.0732818	0.0308678	0.745415	0.0413769	1.2654	0.0565625	2.67503e-05
10072	1	100	42	500	0.293962	0.26915	0.195254	0.0738958	0.0248124	0.745657	0.0429822	1.26872	0.0573936	2.7165e-05
10073	1	100	46	500	0.305548	0.272153	0.190477	0.0816755	0.0333953	0.74586	0.0476863	1.26671	0.0696032	2.79455e-05
10074	1	100	38	500	0.292312	0.266977	0.180398	0.0865789	0.0253358	0.749816	0.0438772	1.26565	0.0573265	2.89452e-05
10075	1	100	36	500	0.304167	0.269615	0.182775	0.0868402	0.0345522	0.746387	0.0526957	1.26127	0.0807388	2.90896e-05
10076	1	100	43	500	0.305875	0.270552	0.183028	0.0875243	0.035323	0.747074	0.0497048	1.2626	0.0683623	2.90952e-05
10077	1	100	41	500	0.309896	0.273606	0.188927	0.084679	0.0362894	0.744628	0.0475776	1.2657	0.0621576	2.93633e-05
10078	1	100	43	500	0.310373	0.278581	0.198226	0.0803547	0.0317922	0.740227	0.0431313	1.2724	0.0548592	2.89612e-05
10079	1	100	40	500	0.304784	0.276727	0.195723	0.0810033	0.028057	0.742483	0.0465297	1.27399	0.0574331	2.92202e-05
10080	1	100	33	500	0.296565	0.273289	0.190372	0.0829169	0.0232757	0.744534	0.0446431	1.27333	0.0546674	3.01666e-05
10081	1	100	48	500	0.303205	0.275024	0.189607	0.0854178	0.0281809	0.743297	0.0494016	1.27029	0.0682969	3.09849e-05
10082	1	100	41	500	0.297496	0.273065	0.192559	0.0805059	0.0244305	0.742967	0.0440573	1.27405	0.0539467	3.08602e-05
10083	1	100	50	500	0.300893	0.274743	0.185601	0.0891415	0.0261506	0.743966	0.0463169	1.27196	0.0565479	3.11832e-05
10084	1	100	42	500	0.301835	0.277957	0.194063	0.0838939	0.0238773	0.740433	0.0458429	1.27624	0.0602835	3.1059e-05
10085	1	100	47	500	0.302412	0.27972	0.200218	0.0795022	0.0226921	0.739532	0.0450578	1.28154	0.0617027	3.10909e-05
10086	1	100	53	500	0.305011	0.280925	0.199308	0.0816169	0.0240859	0.737864	0.0459211	1.28131	0.0612385	3.13018e-05
10087	1	100	50	500	0.308668	0.283625	0.199627	0.0839978	0.0250426	0.737415	0.0426746	1.28615	0.0597472	3.16589e-05
10088	1	100	47	500	0.309316	0.286628	0.206905	0.0797236	0.0226877	0.734286	0.044017	1.29063	0.0624529	3.07956e-05
10089	1	100	55	500	0.310018	0.287769	0.209848	0.0779211	0.0222483	0.733691	0.0436296	1.29349	0.0622358	3.07858e-05
10090	1	100	51	500	0.321801	0.292709	0.21744	0.0752687	0.0290917	0.72981	0.0434597	1.29421	0.0596875	3.02262e-05
10091	1	100	55	500	0.321996	0.294305	0.22472	0.0695847	0.0276916	0.727579	0.0447881	1.29526	0.0644448	2.96054e-05
10092	1	100	55	500	0.313565	0.293323	0.223901	0.0694229	0.0202411	0.728956	0.0411211	1.30139	0.0626062	2.99222e-05
10093	1	100	51	500	0.30515	0.291473	0.223528	0.0679457	0.0136766	0.729314	0.0417893	1.30176	0.061604	2.99858e-05
10094	1	100	53	500	0.311704	0.294465	0.226624	0.0678405	0.0172392	0.727787	0.0418971	1.30427	0.0610584	3.00105e-05
10095	1	100	58	500	0.321844	0.299176	0.231471	0.0677046	0.0226676	0.724949	0.0438874	1.30698	0.0604857	2.94395e-05
10096	1	100	52	500	0.33043	0.304792	0.237046	0.067746	0.0256373	0.719809	0.0470758	1.30995	0.0654439	2.91997e-05
10097	1	100	52	500	0.330685	0.305573	0.241099	0.0644738	0.0251121	0.719251	0.0448489	1.31172	0.0637568	2.91819e-05
10098	1	100	51	500	0.322213	0.302345	0.235246	0.0670989	0.0198678	0.721625	0.045371	1.31083	0.0652344	2.93673e-05
10099	1	100	57	500	0.322023	0.303432	0.235236	0.0681961	0.018591	0.720301	0.0422927	1.31337	0.0624874	2.97324e-05
10100	1	100	47	500	0.321683	0.303621	0.236569	0.067052	0.018062	0.720763	0.0417021	1.3151	0.0614116	3.01812e-05
10101	1	100	50	500	0.327002	0.305726	0.233333	0.0723934	0.0212759	0.719846	0.0479178	1.31611	0.0683771	3.10724e-05
