Generation	PopulationID	SampleSize	UniqueMutations	PopulationSize	totalLoad	RelzLoad	RelzLoadHomo	RelzLoadHetero	MskLoad	MeanFitness	SdFitness	MeanFitnessCached	SdFitnessCached	Heterozygosity	
10001	1	100	56	500	0.39608	0.360234	0.315078	0.0451559	0.0358465	0.655652	0.030098	1.30345	0.0521895	3.1408e-05
10002	1	100	50	500	0.392582	0.360966	0.325014	0.0359521	0.031616	0.654662	0.0274209	1.30778	0.0461091	3.07157e-05
10003	1	100	52	500	0.390455	0.359995	0.322535	0.0374601	0.0304602	0.655301	0.0237756	1.30881	0.0410477	3.14428e-05
10004	1	100	48	500	0.3895	0.3575	0.319796	0.0377037	0.0320005	0.655191	0.0252851	1.30855	0.0427327	3.20695e-05
10005	1	100	55	500	0.393257	0.361619	0.319972	0.0416474	0.0316372	0.653938	0.0311282	1.30836	0.0529545	3.2241e-05
10006	1	100	52	500	0.405086	0.364177	0.318274	0.0459024	0.0409092	0.653252	0.0310127	1.30786	0.0506804	3.29693e-05
10007	1	100	49	500	0.391588	0.361357	0.323495	0.0378614	0.0302307	0.654454	0.0248757	1.31302	0.0431166	3.29636e-05
10008	1	100	55	500	0.392724	0.361449	0.323085	0.0383644	0.0312747	0.654665	0.0231766	1.31267	0.0425289	3.26354e-05
10009	1	100	49	500	0.386254	0.356827	0.321194	0.0356333	0.0294262	0.655809	0.0253646	1.31173	0.0432184	3.24531e-05
10010	1	100	48	500	0.38323	0.358977	0.323087	0.03589	0.024253	0.655923	0.0250047	1.31412	0.0419641	3.24055e-05
10011	1	100	53	500	0.380612	0.359479	0.323505	0.0359743	0.0211326	0.654837	0.0252767	1.31491	0.0408604	3.26639e-05
10012	1	100	58	500	0.384329	0.36007	0.321691	0.0383792	0.0242586	0.655275	0.0254913	1.31534	0.0413849	3.30394e-05
10013	1	100	48	500	0.387559	0.360814	0.323851	0.0369629	0.0267456	0.654624	0.0292452	1.3144	0.0483787	3.31017e-05
10014	1	100	49	500	0.398981	0.366484	0.327378	0.0391055	0.0324974	0.650482	0.032086	1.31594	0.0537316	3.38709e-05
10015	1	100	55	500	0.396526	0.366059	0.331311	0.0347477	0.030467	0.650367	0.0272068	1.31596	0.0477851	3.37044e-05
10016	1	100	52	500	0.40001	0.368633	0.333096	0.0355372	0.0313766	0.648487	0.0297005	1.31929	0.0522113	3.4308e-05
10017	1	100	62	500	0.401539	0.369863	0.33458	0.0352827	0.0316762	0.647963	0.0253559	1.32127	0.0457855	3.48552e-05
10018	1	100	55	500	0.4043	0.370061	0.332794	0.0372674	0.0342391	0.64798	0.030507	1.32024	0.054536	3.52832e-05
10019	1	100	54	500	0.396871	0.36763	0.332552	0.0350783	0.0292406	0.648668	0.0258594	1.3219	0.0470847	3.55473e-05
10020	1	100	51	500	0.394198	0.370416	0.335607	0.0348095	0.0237823	0.646604	0.0274588	1.329	0.0501967	3.58501e-05
10021	1	100	47	500	0.390093	0.370851	0.340799	0.0300523	0.0192415	0.645285	0.0242492	1.33159	0.0490143	3.54884e-05
10022	1	100	42	500	0.392276	0.371246	0.340729	0.0305171	0.0210298	0.645153	0.0245463	1.32984	0.0490919	3.52104e-05
10023	1	100	49	500	0.0690027	0.046205	0.0152178	0.0309871	0.0227978	0.953375	0.0289835	1.02033	0.0329668	3.51698e-05
10024	1	100	45	500	0.0684475	0.0456891	0.0149636	0.0307254	0.0227584	0.952661	0.03122	1.01985	0.0367295	3.53585e-05
10025	1	100	45	500	0.0727498	0.0466154	0.0157622	0.0308532	0.0261345	0.95257	0.032675	1.02132	0.0362729	3.57834e-05
10026	1	100	53	500	0.0774185	0.0479555	0.0159864	0.031969	0.0294631	0.949918	0.0348738	1.01929	0.0398379	3.6076e-05
10027	1	100	56	500	0.0751692	0.0488094	0.0164102	0.0323992	0.0263598	0.950877	0.0316616	1.02265	0.0370108	3.60648e-05
10028	1	100	53	500	0.0723876	0.0479944	0.0164568	0.0315376	0.0243932	0.950099	0.0326433	1.02027	0.0368907	3.56256e-05
10029	1	100	56	500	0.0776806	0.0481748	0.0159221	0.0322527	0.0295058	0.950174	0.0326848	1.01957	0.0388821	3.5908e-05
10030	1	100	49	500	0.0783849	0.0485006	0.0161079	0.0323926	0.0298844	0.9508	0.0324149	1.02026	0.0358778	3.60583e-05
10031	1	100	56	500	0.081947	0.0513498	0.0164696	0.0348802	0.0305972	0.948381	0.035461	1.02031	0.0400355	3.70191e-05
10032	1	100	55	500	0.0792998	0.0520163	0.0175427	0.0344736	0.0272835	0.947005	0.0337855	1.02327	0.0392685	3.74309e-05
10033	1	100	56	500	0.0858437	0.0542404	0.0181514	0.0360889	0.0316034	0.944582	0.0367375	1.02456	0.0420888	3.71285e-05
10034	1	100	52	500	0.0840857	0.0576993	0.0190129	0.0386865	0.0263864	0.942678	0.0378185	1.02921	0.0433224	3.69457e-05
10035	1	100	54	500	0.0828422	0.0579124	0.0189175	0.0389949	0.0249297	0.941416	0.0386986	1.03005	0.0454164	3.71523e-05
10036	1	100	51	500	0.0859047	0.0590539	0.0195366	0.0395173	0.0268508	0.940106	0.0408738	1.03025	0.0462547	3.75481e-05
10037	1	100	50	500	0.083248	0.0583518	0.0191372	0.0392145	0.0248962	0.941588	0.039603	1.03178	0.0445003	3.77165e-05
10038	1	100	50	500	0.08363	0.0603299	0.019191	0.0411388	0.0233002	0.939333	0.0400675	1.03392	0.0482735	3.78403e-05
10039	1	100	54	500	0.0852154	0.061902	0.0194141	0.0424878	0.0233134	0.939033	0.0393538	1.03661	0.0454416	3.75223e-05
10040	1	100	49	500	0.0796604	0.0596044	0.0191441	0.0404602	0.020056	0.940363	0.0384131	1.03727	0.0439952	3.78733e-05
10041	1	100	51	500	0.0791318	0.0599442	0.0191584	0.0407857	0.0191876	0.939317	0.041151	1.03926	0.0490882	3.80174e-05
10042	1	100	48	500	0.0826414	0.062977	0.0194298	0.0435473	0.0196644	0.937725	0.0395592	1.04022	0.0466722	3.81351e-05
10043	1	100	48	500	0.0829642	0.0635329	0.0197445	0.0437884	0.0194313	0.936444	0.041192	1.04131	0.0484304	3.86144e-05
10044	1	100	51	500	0.0794077	0.0641836	0.0209128	0.0432707	0.0152242	0.935176	0.041131	1.04379	0.0466804	3.84297e-05
10045	1	100	57	500	0.0820418	0.0646036	0.0198727	0.0447309	0.0174382	0.936303	0.0409374	1.04537	0.0473403	3.90236e-05
10046	1	100	61	500	0.0798039	0.0657535	0.0201559	0.0455976	0.0140504	0.933945	0.0410225	1.04653	0.0492898	3.90608e-05
10047	1	100	57	500	0.0910813	0.0706804	0.0213993	0.0492811	0.0204009	0.929082	0.0411386	1.04989	0.050933	3.94694e-05
10048	1	100	57	500	0.0935885	0.0736756	0.0220154	0.0516602	0.019913	0.926824	0.0434415	1.05163	0.0540236	3.95081e-05
10049	1	100	55	500	0.0937813	0.0738068	0.0220929	0.051714	0.0199745	0.92658	0.043969	1.05244	0.0544389	3.99174e-05
10050	1	100	61	500	0.0960297	0.0749115	0.0227074	0.0522042	0.0211181	0.925931	0.0428158	1.05297	0.05333	4.05171e-05
10051	1	100	63	500	0.0980553	0.0759783	0.024826	0.0511523	0.022077	0.925064	0.0419685	1.05478	0.0537274	4.05846e-05
10052	1	100	59	500	0.094347	0.0736784	0.0238942	0.0497842	0.0206686	0.926477	0.0392244	1.0527	0.0493687	4.07704e-05
10053	1	100	54	500	0.095258	0.0750725	0.0244417	0.0506308	0.0201855	0.925085	0.0401932	1.05414	0.0511924	4.09961e-05
10054	1	100	63	500	0.0959406	0.0775431	0.025747	0.051796	0.0183975	0.922361	0.0412551	1.05815	0.0512806	4.11245e-05
10055	1	100	60	500	0.0995778	0.0800792	0.0271911	0.0528882	0.0194986	0.919909	0.0425097	1.06065	0.0512246	4.11162e-05
10056	1	100	61	500	0.103099	0.0831031	0.0268656	0.0562375	0.0199958	0.91657	0.0434698	1.06362	0.0530985	4.1382e-05
10057	1	100	68	500	0.10666	0.0858889	0.028802	0.0570869	0.0207706	0.915542	0.0448876	1.06629	0.0518925	4.1539e-05
10058	1	100	65	500	0.107171	0.0861092	0.0284841	0.057625	0.0210621	0.913066	0.0457063	1.06794	0.0566117	4.1971e-05
10059	1	100	69	500	0.113592	0.0913267	0.0280899	0.0632368	0.0222652	0.910475	0.0505173	1.07101	0.0620298	4.18949e-05
10060	1	100	70	500	0.111748	0.0917482	0.0284289	0.0633193	0.0200001	0.90935	0.0510929	1.0727	0.0662262	4.21426e-05
10061	1	100	64	500	0.114621	0.0941892	0.0281751	0.0660142	0.020432	0.907126	0.0537223	1.07472	0.0678828	4.21561e-05
10062	1	100	67	500	0.119673	0.100551	0.0290596	0.0714917	0.0191221	0.901606	0.0580074	1.0828	0.0754428	4.20587e-05
10063	1	100	68	500	0.124443	0.104188	0.0309416	0.0732465	0.0202546	0.898717	0.0608585	1.08725	0.0795634	4.20362e-05
10064	1	100	62	500	0.120502	0.104528	0.0318646	0.0726637	0.0159737	0.898254	0.0618159	1.0896	0.0793579	4.20291e-05
10065	1	100	64	500	0.126728	0.106843	0.0322959	0.0745474	0.0198848	0.896441	0.0611161	1.09008	0.07969	4.25756e-05
10066	1	100	64	500	0.129351	0.111963	0.0340555	0.0779076	0.0173875	0.891352	0.0636206	1.09676	0.0818244	4.23769e-05
10067	1	100	66	500	0.130492	0.112871	0.033684	0.0791868	0.0176209	0.89031	0.0617173	1.09745	0.0806252	4.3022e-05
10068	1	100	66	500	0.129783	0.114241	0.0355132	0.0787273	0.0155421	0.889246	0.0607256	1.09968	0.0791077	4.26009e-05
10069	1	100	74	500	0.13914	0.123048	0.0383282	0.0847199	0.0160919	0.881252	0.0633426	1.10875	0.081774	4.23015e-05
10070	1	100	71	500	0.134676	0.119567	0.0361029	0.0834642	0.0151092	0.883654	0.062993	1.10463	0.0835121	4.2618e-05
10071	1	100	63	500	0.148357	0.134357	0.0395639	0.0947928	0.0140003	0.871934	0.0706701	1.12332	0.0942157	4.23787e-05
10072	1	100	73	500	0.154404	0.141076	0.0432661	0.0978102	0.0133279	0.865203	0.0725976	1.13079	0.098846	4.21295e-05
10073	1	100	63	500	0.164349	0.15007	0.0471771	0.102893	0.014279	0.857235	0.075062	1.14014	0.105013	4.14839e-05
10074	1	100	69	500	0.167474	0.15206	0.050042	0.102018	0.0154138	0.855663	0.0706231	1.14175	0.0963682	4.07652e-05
10075	1	100	67	500	0.17071	0.156011	0.0509443	0.105067	0.014699	0.852071	0.0702294	1.14635	0.097429	4.08361e-05
10076	1	100	60	500	0.179882	0.166848	0.0541682	0.11268	0.0130335	0.84224	0.0752076	1.16013	0.107485	4.06169e-05
10077	1	100	62	500	0.179283	0.165764	0.0555674	0.110197	0.0135186	0.843083	0.0720062	1.1576	0.103188	4.0542e-05
10078	1	100	60	500	0.179669	0.165869	0.0565478	0.109321	0.0137996	0.842404	0.0699465	1.15742	0.0975763	4.07855e-05
10079	1	100	58	500	0.188314	0.174931	0.0597716	0.115159	0.0133837	0.834317	0.0691051	1.16687	0.0958287	4.07361e-05
10080	1	100	60	500	0.19582	0.183015	0.062817	0.120198	0.0128043	0.828014	0.0759133	1.17863	0.109553	4.06055e-05
10081	1	100	50	500	0.203535	0.192368	0.0668122	0.125556	0.0111676	0.819269	0.0750439	1.19064	0.109981	4.05911e-05
10082	1	100	64	500	0.206406	0.194238	0.0673375	0.1269	0.0121682	0.817887	0.0782078	1.19313	0.114132	4.07187e-05
10083	1	100	53	500	0.214572	0.202863	0.0712523	0.131611	0.0117088	0.810458	0.0829958	1.20298	0.122842	4.08298e-05
10084	1	100	63	500	0.23116	0.214318	0.0758932	0.138425	0.0168417	0.801925	0.0815635	1.21469	0.121957	4.07745e-05
10085	1	100	62	500	0.23571	0.224325	0.0814693	0.142856	0.0113846	0.793227	0.0801638	1.22954	0.121014	4.03781e-05
10086	1	100	50	500	0.237642	0.227384	0.0837544	0.143629	0.0102585	0.790283	0.0882632	1.234	0.132245	4.01003e-05
10087	1	100	55	500	0.244481	0.234005	0.0874953	0.146509	0.0104764	0.784589	0.0861608	1.24107	0.130892	4.00996e-05
10088	1	100	54	500	0.263738	0.252106	0.0982505	0.153856	0.0116317	0.770184	0.090292	1.26279	0.137291	3.95701e-05
10089	1	100	54	500	0.263203	0.253442	0.0988493	0.154593	0.00976054	0.76873	0.0864253	1.26469	0.13126	3.96489e-05
10090	1	100	54	500	0.270353	0.260085	0.103124	0.156961	0.0102684	0.76346	0.0900263	1.27282	0.137182	3.96762e-05
10091	1	100	51	500	0.284848	0.27496	0.114279	0.160681	0.00988803	0.751036	0.0893728	1.29081	0.136021	3.9167e-05
10092	1	100	46	500	0.289245	0.280193	0.119539	0.160654	0.00905157	0.746226	0.0892891	1.2984	0.137808	3.9026e-05
10093	1	100	51	500	0.306115	0.29663	0.133948	0.162682	0.00948527	0.733078	0.0884515	1.31705	0.135519	3.82043e-05
10094	1	100	54	500	0.319516	0.310171	0.147543	0.162628	0.00934437	0.723149	0.0885714	1.33591	0.135576	3.73514e-05
10095	1	100	47	500	0.332277	0.324529	0.163494	0.161035	0.007748	0.710164	0.08716	1.35403	0.135583	3.63402e-05
10096	1	100	45	500	0.333581	0.327172	0.167598	0.159574	0.00640871	0.707889	0.0847627	1.35687	0.132149	3.62449e-05
10097	1	100	52	500	0.350406	0.340886	0.186424	0.154462	0.00951939	0.696616	0.0859793	1.3714	0.133616	3.48642e-05
10098	1	100	55	500	0.357403	0.347506	0.195386	0.15212	0.00989661	0.69208	0.0824106	1.37992	0.128501	3.44629e-05
10099	1	100	52	500	0.369889	0.359648	0.213742	0.145906	0.0102404	0.682444	0.0819894	1.39584	0.127249	3.30769e-05
10100	1	100	53	500	0.379111	0.370798	0.235956	0.134842	0.00831269	0.672975	0.0775601	1.40989	0.120716	3.14254e-05
10101	1	100	51	500	0.386216	0.376774	0.24867	0.128104	0.00944155	0.668174	0.0803598	1.41659	0.124355	3.03431e-05
