Generation	PopulationID	SampleSize	UniqueMutations	PopulationSize	totalLoad	RelzLoad	RelzLoadHomo	RelzLoadHetero	MskLoad	MeanFitness	SdFitness	MeanFitnessCached	SdFitnessCached	Heterozygosity	
10001	1	100	65	500	0.388364	0.35714	0.193129	0.164011	0.0312235	0.689791	0.050656	1.3745	0.0839465	5.88231e-05
10002	1	100	58	500	0.390171	0.359964	0.194352	0.165612	0.0302069	0.688099	0.0486148	1.38073	0.0832295	5.92702e-05
10003	1	100	64	500	0.393208	0.362779	0.197687	0.165092	0.0304296	0.684822	0.0518424	1.38077	0.089294	5.94542e-05
10004	1	100	71	500	0.395855	0.364551	0.198578	0.165974	0.031304	0.68477	0.048719	1.3851	0.0840189	5.9833e-05
10005	1	100	67	500	0.397578	0.367078	0.201975	0.165103	0.0304996	0.682122	0.0492165	1.38984	0.0820281	5.94925e-05
10006	1	100	68	500	0.400232	0.36871	0.203127	0.165583	0.0315224	0.681076	0.0524865	1.38978	0.0860076	5.96785e-05
10007	1	100	55	500	0.410623	0.377757	0.207215	0.170542	0.0328664	0.675172	0.0514049	1.40058	0.0815577	5.97784e-05
10008	1	100	59	500	0.418492	0.386644	0.213319	0.173325	0.0318482	0.666886	0.0550918	1.40982	0.0940969	5.99564e-05
10009	1	100	57	500	0.419106	0.38866	0.214031	0.174629	0.030446	0.666609	0.0560548	1.41591	0.0921285	6.04655e-05
10010	1	100	57	500	0.420223	0.393768	0.218275	0.175493	0.0264551	0.661977	0.0548647	1.42344	0.0901424	6.04774e-05
10011	1	100	61	500	0.437219	0.401162	0.220727	0.180435	0.0360575	0.658407	0.0559588	1.4292	0.092723	6.07773e-05
10012	1	100	64	500	0.438109	0.400981	0.220371	0.18061	0.0371283	0.65902	0.0536978	1.42948	0.0930964	6.10975e-05
10013	1	100	52	500	0.443354	0.406617	0.224434	0.182183	0.0367364	0.654572	0.0557537	1.43704	0.0926305	6.08353e-05
10014	1	100	56	500	0.447239	0.414774	0.23183	0.182944	0.0324651	0.647524	0.0585095	1.44803	0.0974908	6.04973e-05
10015	1	100	48	500	0.444749	0.417437	0.237983	0.179454	0.0273128	0.645582	0.0570708	1.45527	0.0951608	5.99944e-05
10016	1	100	47	500	0.449334	0.41955	0.239272	0.180278	0.0297842	0.644326	0.0613405	1.45609	0.100867	6.01659e-05
10017	1	100	53	500	0.460685	0.429933	0.24873	0.181203	0.0307527	0.637887	0.0572049	1.4711	0.0928394	5.94793e-05
10018	1	100	48	500	0.457419	0.430578	0.250772	0.179807	0.0268407	0.636816	0.0572267	1.47398	0.0959653	5.92141e-05
10019	1	100	46	500	0.460171	0.433727	0.256212	0.177515	0.0264438	0.634053	0.0588133	1.4774	0.0940735	5.90874e-05
10020	1	100	44	500	0.469573	0.442163	0.266418	0.175745	0.0274103	0.627937	0.0554269	1.48688	0.0894677	5.80783e-05
10021	1	100	56	500	0.48007	0.450554	0.276713	0.173841	0.0295159	0.622859	0.0522156	1.49761	0.0825462	5.7245e-05
10022	1	100	54	500	0.496416	0.459862	0.284544	0.175318	0.0365545	0.616365	0.0571959	1.50213	0.0923285	5.66632e-05
10023	1	100	46	500	0.500529	0.460109	0.282028	0.178081	0.0404203	0.616396	0.0530977	1.50109	0.085417	5.70201e-05
10024	1	100	53	500	0.500082	0.459759	0.28028	0.179478	0.0403235	0.616166	0.0534257	1.49933	0.0912287	5.73459e-05
10025	1	100	57	500	0.493049	0.459248	0.286417	0.172831	0.0338007	0.61528	0.0529301	1.50306	0.0885599	5.57932e-05
10026	1	100	62	500	0.506018	0.467791	0.297036	0.170755	0.0382278	0.611111	0.0538779	1.51244	0.0832794	5.49835e-05
10027	1	100	49	500	0.500806	0.471783	0.309919	0.161864	0.0290227	0.606458	0.0521076	1.52084	0.083355	5.3148e-05
10028	1	100	56	500	0.498119	0.472352	0.315135	0.157217	0.0257669	0.606708	0.0494197	1.52724	0.0772374	5.20843e-05
10029	1	100	60	500	0.497261	0.472492	0.319023	0.15347	0.0247684	0.606197	0.0518897	1.52694	0.0833194	5.15397e-05
10030	1	100	56	500	0.50003	0.473425	0.324123	0.149302	0.0266047	0.605618	0.0489985	1.52695	0.0726002	5.07945e-05
10031	1	100	66	500	0.497915	0.473224	0.327182	0.146042	0.0246916	0.606122	0.0488397	1.52923	0.073643	4.99184e-05
10032	1	100	63	500	0.495474	0.474346	0.335438	0.138908	0.0211278	0.604325	0.0494313	1.53076	0.0773439	4.81463e-05
10033	1	100	65	500	0.498476	0.477332	0.338212	0.13912	0.0211439	0.60202	0.0474222	1.53474	0.076723	4.84697e-05
10034	1	100	62	500	0.503759	0.482442	0.350095	0.132347	0.0213167	0.598308	0.0449194	1.54025	0.074044	4.63442e-05
10035	1	100	58	500	0.508578	0.485145	0.349416	0.135729	0.0234327	0.596484	0.044248	1.54306	0.07167	4.76189e-05
10036	1	100	62	500	0.512083	0.487457	0.350666	0.136791	0.0246257	0.595037	0.0461774	1.54513	0.0785134	4.8441e-05
10037	1	100	67	500	0.518799	0.494157	0.366211	0.127946	0.0246415	0.590254	0.0446345	1.55356	0.0769678	4.61158e-05
10038	1	100	65	500	0.529709	0.49991	0.371227	0.128683	0.0297988	0.586483	0.0463676	1.55612	0.0803036	4.68683e-05
10039	1	100	74	500	0.534819	0.503141	0.382707	0.120434	0.0316771	0.584174	0.0421594	1.55799	0.0750195	4.4473e-05
10040	1	100	67	500	0.530319	0.504794	0.383128	0.121666	0.0255247	0.582357	0.0431745	1.56438	0.0780962	4.55378e-05
10041	1	100	67	500	0.537983	0.506663	0.380559	0.126103	0.0313198	0.581325	0.0423134	1.56519	0.0778948	4.67485e-05
10042	1	100	71	500	0.540088	0.510913	0.385906	0.125007	0.0291749	0.578945	0.0378963	1.5736	0.070137	4.72524e-05
10043	1	100	69	500	0.544703	0.513805	0.389142	0.124662	0.0308987	0.577283	0.0366473	1.5761	0.0704659	4.67826e-05
10044	1	100	67	500	0.547325	0.516411	0.38907	0.12734	0.0309142	0.575662	0.0361566	1.58123	0.0717792	4.76378e-05
10045	1	100	68	500	0.554474	0.522266	0.40156	0.120706	0.0322084	0.570248	0.0401591	1.58343	0.0829836	4.62047e-05
10046	1	100	69	500	0.561888	0.526169	0.402017	0.124152	0.0357191	0.568718	0.0365191	1.58934	0.0836791	4.66882e-05
10047	1	100	71	500	0.573509	0.534671	0.411955	0.122716	0.0388384	0.563423	0.0404629	1.59607	0.0905806	4.7039e-05
10048	1	100	70	500	0.576597	0.536207	0.412661	0.123546	0.0403897	0.562686	0.0358807	1.59993	0.0877584	4.7362e-05
10049	1	100	72	500	0.581359	0.54042	0.419768	0.120652	0.0409387	0.560015	0.0344799	1.60469	0.0851384	4.66576e-05
10050	1	100	71	500	0.583166	0.54279	0.42501	0.11778	0.0403762	0.558413	0.0336955	1.61118	0.0841739	4.64976e-05
10051	1	100	69	500	0.575874	0.541156	0.42461	0.116546	0.0347178	0.559115	0.0344005	1.61095	0.0872955	4.61534e-05
10052	1	100	65	500	0.591051	0.547752	0.424622	0.12313	0.0432992	0.555447	0.0364415	1.61383	0.0936208	4.76323e-05
10053	1	100	72	500	0.59162	0.549718	0.432434	0.117284	0.0419027	0.553449	0.0364697	1.61656	0.0992873	4.63818e-05
10054	1	100	67	500	0.597117	0.553935	0.43107	0.122865	0.0431824	0.55226	0.0334654	1.62542	0.0949526	4.81226e-05
10055	1	100	64	500	0.601076	0.559491	0.434284	0.125207	0.0415855	0.549074	0.0366391	1.63645	0.10551	4.92151e-05
10056	1	100	66	500	0.60045	0.56273	0.442711	0.120019	0.0377195	0.547111	0.0354798	1.64488	0.10246	4.79078e-05
10057	1	100	64	500	0.59243	0.562389	0.443637	0.118752	0.0300403	0.545844	0.0343094	1.64884	0.101791	4.78765e-05
10058	1	100	68	500	0.60018	0.565191	0.446137	0.119054	0.0349885	0.544447	0.0356982	1.649	0.107711	4.81198e-05
10059	1	100	64	500	0.605825	0.569475	0.445832	0.123643	0.0363499	0.542301	0.0344682	1.65723	0.108399	4.93834e-05
10060	1	100	69	500	0.61116	0.574465	0.44739	0.127075	0.0366957	0.539696	0.0399504	1.66547	0.120621	5.08076e-05
10061	1	100	67	500	0.613096	0.580733	0.453126	0.127607	0.032363	0.536344	0.0376038	1.68148	0.116407	5.1174e-05
10062	1	100	65	500	0.618001	0.58396	0.450607	0.133353	0.0340408	0.535409	0.0410514	1.68756	0.118104	5.25631e-05
10063	1	100	66	500	0.623271	0.591018	0.462545	0.128473	0.0322528	0.530655	0.040957	1.70222	0.120232	5.24139e-05
10064	1	100	61	500	0.604884	0.589706	0.465257	0.124449	0.0151776	0.529071	0.0418103	1.71288	0.122479	5.2574e-05
10065	1	100	68	500	0.618817	0.595662	0.467937	0.127726	0.0231548	0.527832	0.0412063	1.7159	0.118865	5.25522e-05
10066	1	100	63	500	0.625602	0.600425	0.473807	0.126617	0.025177	0.524829	0.0408915	1.724	0.123075	5.19865e-05
10067	1	100	64	500	0.627169	0.602889	0.476791	0.126098	0.0242801	0.524267	0.0400835	1.72845	0.116389	5.21066e-05
10068	1	100	73	500	0.631408	0.604974	0.474001	0.130973	0.026434	0.523278	0.0427969	1.72983	0.123946	5.28084e-05
10069	1	100	72	500	0.634866	0.604388	0.472231	0.132157	0.0304784	0.523665	0.0422652	1.72602	0.122921	5.33241e-05
10070	1	100	66	500	0.632727	0.606154	0.478217	0.127937	0.0265728	0.522149	0.0431904	1.73118	0.123596	5.31731e-05
10071	1	100	63	500	0.635424	0.6095	0.484043	0.125457	0.0259237	0.519908	0.0426139	1.73661	0.122552	5.30453e-05
10072	1	100	71	500	0.639142	0.609638	0.48666	0.122978	0.0295044	0.520032	0.0402929	1.734	0.120351	5.2757e-05
10073	1	100	70	500	0.647417	0.619449	0.502283	0.117167	0.0279672	0.514186	0.0403501	1.75089	0.122955	5.16825e-05
10074	1	100	70	500	0.652174	0.618961	0.501707	0.117254	0.0332135	0.513924	0.0394058	1.74309	0.124242	5.14055e-05
10075	1	100	67	500	0.661693	0.625889	0.510612	0.115276	0.0358044	0.51052	0.0390694	1.75261	0.120892	5.0681e-05
10076	1	100	70	500	0.532455	0.503436	0.394073	0.109363	0.0290186	0.581598	0.0424775	1.56692	0.0999514	4.97786e-05
10077	1	100	59	500	0.527757	0.50372	0.396385	0.107335	0.0240373	0.580998	0.0399122	1.57186	0.0972758	4.93477e-05
10078	1	100	64	500	0.533461	0.510089	0.407077	0.103011	0.0233722	0.577112	0.0392121	1.58193	0.0947115	4.81713e-05
10079	1	100	62	500	0.54098	0.516343	0.413793	0.10255	0.0246368	0.573638	0.0399284	1.59034	0.0943594	4.76104e-05
10080	1	100	53	500	0.539501	0.519061	0.418049	0.101012	0.0204395	0.571041	0.0410226	1.59496	0.0967825	4.7208e-05
10081	1	100	58	500	0.543893	0.521477	0.420171	0.101305	0.0224165	0.570578	0.0433913	1.5991	0.0984057	4.70515e-05
10082	1	100	58	500	0.538509	0.522076	0.424992	0.097084	0.0164333	0.569947	0.0412982	1.60439	0.0957241	4.62822e-05
10083	1	100	45	500	0.536329	0.524952	0.432752	0.0921999	0.0113773	0.56641	0.0382414	1.61113	0.0961408	4.51412e-05
10084	1	100	56	500	0.545837	0.531834	0.442467	0.0893666	0.0140028	0.562203	0.0435311	1.61662	0.108524	4.34969e-05
10085	1	100	57	500	0.550188	0.533558	0.445791	0.0877661	0.0166308	0.561498	0.0371751	1.62022	0.0917526	4.31521e-05
10086	1	100	49	500	0.550266	0.537271	0.452116	0.0851545	0.0129947	0.559638	0.0376698	1.62803	0.0873605	4.24007e-05
10087	1	100	47	500	0.559273	0.5445	0.465343	0.0791566	0.0147731	0.555202	0.0375423	1.63838	0.0854913	4.07299e-05
10088	1	100	51	500	0.570903	0.554073	0.48021	0.0738625	0.0168302	0.549149	0.0371317	1.64895	0.08722	3.83378e-05
10089	1	100	58	500	0.572654	0.555519	0.481258	0.0742617	0.0171346	0.548148	0.0333581	1.65183	0.0815672	3.79827e-05
10090	1	100	46	500	0.57666	0.55895	0.483492	0.0754577	0.0177103	0.546779	0.0327581	1.65686	0.081554	3.80986e-05
10091	1	100	60	500	0.580864	0.563932	0.494101	0.0698309	0.0169321	0.543435	0.0313174	1.66324	0.0787427	3.63828e-05
10092	1	100	54	500	0.591365	0.568549	0.497263	0.0712852	0.0228167	0.541382	0.0311165	1.66807	0.078229	3.64158e-05
10093	1	100	52	500	0.587509	0.568952	0.497989	0.0709637	0.0185572	0.540931	0.0303587	1.67085	0.0752753	3.70626e-05
10094	1	100	52	500	0.586835	0.570434	0.50452	0.0659143	0.0164014	0.539972	0.0309954	1.67476	0.076365	3.59234e-05
10095	1	100	50	500	0.587981	0.571969	0.510536	0.0614335	0.0160116	0.538536	0.0300987	1.678	0.0737686	3.49016e-05
10096	1	100	57	500	0.598717	0.581024	0.524779	0.0562444	0.0176938	0.533787	0.0270721	1.6897	0.0691458	3.30406e-05
10097	1	100	46	500	0.285636	0.274917	0.217449	0.0574681	0.0107185	0.74815	0.0364473	1.27863	0.0510753	3.43412e-05
10098	1	100	53	500	0.286506	0.27456	0.216298	0.058262	0.0119457	0.749811	0.0362075	1.27976	0.051817	3.39981e-05
10099	1	100	45	500	0.285418	0.275314	0.222493	0.0528212	0.0101033	0.748329	0.0333576	1.28152	0.0491517	3.24532e-05
10100	1	100	46	500	0.285246	0.275968	0.22256	0.0534083	0.00927779	0.74729	0.0357144	1.28365	0.0513536	3.31715e-05
10101	1	100	59	500	0.291743	0.277415	0.2211	0.0563145	0.0143277	0.74806	0.0359366	1.28242	0.053146	3.36732e-05
