Generation	PopulationID	SampleSize	UniqueMutations	PopulationSize	totalLoad	RelzLoad	RelzLoadHomo	RelzLoadHetero	MskLoad	MeanFitness	SdFitness	MeanFitnessCached	SdFitnessCached	Heterozygosity	
10001	1	100	48	500	0.244158	0.225939	0.192973	0.0329653	0.0182195	0.787606	0.0212649	1.22726	0.0277153	2.19786e-05
10002	1	100	43	500	0.242441	0.225681	0.192009	0.0336722	0.01676	0.787451	0.0231297	1.22722	0.031094	2.23205e-05
10003	1	100	47	500	0.244098	0.226299	0.195735	0.030564	0.0177989	0.787184	0.0200544	1.22789	0.0243055	2.18433e-05
10004	1	100	48	500	0.246346	0.227214	0.19958	0.0276349	0.0191317	0.785765	0.0207147	1.22709	0.0278743	2.16155e-05
10005	1	100	50	500	0.252665	0.229195	0.203123	0.0260719	0.0234697	0.784853	0.0189635	1.2277	0.0235249	2.16308e-05
10006	1	100	45	500	0.2521	0.229799	0.20506	0.0247389	0.0223004	0.783387	0.0211875	1.22746	0.02729	2.15033e-05
10007	1	100	53	500	0.254529	0.230562	0.206447	0.0241151	0.0239672	0.782955	0.0225891	1.2281	0.0303906	2.17318e-05
10008	1	100	46	500	0.247668	0.229386	0.207363	0.022023	0.018282	0.78407	0.0184957	1.23054	0.0239775	2.16326e-05
10009	1	100	56	500	0.252204	0.229737	0.204911	0.0248268	0.0224667	0.784673	0.0196229	1.22989	0.023624	2.23606e-05
10010	1	100	50	500	0.251605	0.230651	0.206653	0.0239985	0.0209537	0.782957	0.0209448	1.23009	0.0242759	2.22049e-05
10011	1	100	49	500	0.257373	0.232497	0.208917	0.02358	0.0248767	0.781074	0.0256178	1.22865	0.0308404	2.21904e-05
10012	1	100	47	500	0.263761	0.234818	0.211852	0.0229651	0.0289437	0.779983	0.0224246	1.2297	0.0239033	2.1633e-05
10013	1	100	45	500	0.25775	0.232951	0.211693	0.0212575	0.0247996	0.779616	0.023366	1.22949	0.024594	2.17461e-05
10014	1	100	48	500	0.264462	0.235361	0.213659	0.021702	0.0291011	0.779169	0.028961	1.22997	0.0310828	2.17641e-05
10015	1	100	46	500	0.260869	0.234514	0.213963	0.0205516	0.0263547	0.780178	0.0206732	1.23219	0.0186313	2.16082e-05
10016	1	100	50	500	0.260371	0.234443	0.213433	0.0210093	0.0259281	0.780042	0.0217536	1.23135	0.0232792	2.18004e-05
10017	1	100	53	500	0.260086	0.234735	0.212437	0.0222976	0.0253514	0.779224	0.0285652	1.23067	0.0332931	2.25766e-05
10018	1	100	44	500	0.25857	0.234135	0.21003	0.0241057	0.0244345	0.78042	0.0220239	1.23142	0.0228764	2.2635e-05
10019	1	100	50	500	0.160864	0.128806	0.104436	0.0243706	0.0320571	0.873038	0.0265825	1.11065	0.0239503	2.25816e-05
10020	1	100	48	500	0.151771	0.125643	0.102088	0.0235554	0.0261279	0.875405	0.024329	1.11147	0.0231547	2.30232e-05
10021	1	100	49	500	0.149838	0.125647	0.1029	0.0227465	0.0241908	0.874571	0.0249982	1.11231	0.023967	2.29661e-05
10022	1	100	46	500	0.161142	0.128769	0.103272	0.0254966	0.0323728	0.872141	0.0298402	1.11009	0.0315262	2.31247e-05
10023	1	100	44	500	0.14897	0.126317	0.102508	0.0238087	0.0226527	0.873635	0.0287883	1.11166	0.0266975	2.34583e-05
10024	1	100	50	500	0.168193	0.130482	0.102797	0.0276845	0.037711	0.871146	0.0323875	1.1093	0.0335081	2.39979e-05
10025	1	100	51	500	0.170483	0.130972	0.102889	0.0280834	0.0395108	0.870158	0.0352272	1.10778	0.0362965	2.38147e-05
10026	1	100	51	500	0.166277	0.128993	0.101367	0.0276265	0.0372842	0.872422	0.0322823	1.10797	0.0335406	2.40275e-05
10027	1	100	45	500	0.158893	0.126925	0.104368	0.022557	0.0319682	0.873029	0.0308757	1.10855	0.0333561	2.37071e-05
10028	1	100	48	500	0.151879	0.125393	0.103513	0.0218804	0.0264855	0.874419	0.0261536	1.10943	0.0283008	2.38964e-05
10029	1	100	51	500	0.161394	0.127313	0.103384	0.0239283	0.0340813	0.874025	0.0252875	1.1081	0.0290217	2.42443e-05
10030	1	100	51	500	0.152448	0.125386	0.1043	0.0210858	0.0270621	0.874234	0.0235736	1.10889	0.0277132	2.46914e-05
10031	1	100	50	500	0.152079	0.124776	0.101505	0.0232711	0.0273027	0.875692	0.0260831	1.10839	0.0294202	2.52451e-05
10032	1	100	46	500	0.149921	0.123852	0.100757	0.0230955	0.0260689	0.876749	0.0237252	1.10834	0.0245349	2.5828e-05
10033	1	100	46	500	0.156463	0.126025	0.102644	0.0233813	0.0304384	0.87504	0.0239155	1.10852	0.02733	2.60123e-05
10034	1	100	53	500	0.15593	0.125241	0.102615	0.0226261	0.030689	0.875426	0.0273197	1.10681	0.0309532	2.6033e-05
10035	1	100	53	500	0.152152	0.124809	0.104133	0.0206758	0.0273432	0.876301	0.0207979	1.10911	0.0239731	2.59836e-05
10036	1	100	49	500	0.151172	0.124692	0.104994	0.0196978	0.0264807	0.875619	0.0220558	1.10847	0.0233191	2.56899e-05
10037	1	100	56	500	0.166444	0.12903	0.107646	0.0213835	0.0374146	0.87305	0.0244955	1.10835	0.0288559	2.5236e-05
10038	1	100	44	500	0.151924	0.126134	0.109165	0.0169684	0.0257904	0.873682	0.0220741	1.10994	0.0265013	2.52296e-05
10039	1	100	45	500	0.152655	0.12565	0.107361	0.0182886	0.0270047	0.874508	0.0360845	1.10913	0.0444816	2.56036e-05
10040	1	100	51	500	0.145692	0.124173	0.107333	0.0168402	0.0215193	0.876443	0.0196395	1.11163	0.0240388	2.56632e-05
10041	1	100	46	500	0.143655	0.123598	0.107134	0.0164643	0.0200567	0.876445	0.0196669	1.11203	0.0227503	2.56569e-05
10042	1	100	42	500	0.141397	0.123222	0.107281	0.0159403	0.0181749	0.877649	0.0177496	1.11298	0.0196517	2.57552e-05
10043	1	100	48	500	0.144773	0.124094	0.108233	0.0158612	0.0206797	0.876523	0.018022	1.11246	0.0211425	2.56263e-05
10044	1	100	37	500	0.140214	0.123441	0.108212	0.0152292	0.016773	0.876633	0.0190472	1.11371	0.0212116	2.5615e-05
10045	1	100	46	500	0.140086	0.123579	0.108414	0.0151655	0.0165066	0.877396	0.0161657	1.11444	0.0180458	2.55576e-05
10046	1	100	47	500	0.13804	0.12315	0.107596	0.0155536	0.0148901	0.877556	0.0158638	1.11523	0.0179444	2.59332e-05
10047	1	100	43	500	0.134294	0.123733	0.112481	0.0112522	0.0105612	0.876725	0.0131977	1.11769	0.0147636	2.55031e-05
10048	1	100	46	500	0.133891	0.123648	0.112223	0.011425	0.0102434	0.876418	0.0171498	1.11767	0.0204419	2.59876e-05
10049	1	100	41	500	0.139794	0.124896	0.111597	0.0132985	0.0148981	0.875243	0.0237393	1.11629	0.0292299	2.61824e-05
10050	1	100	46	500	0.144436	0.125965	0.112527	0.013438	0.0184712	0.874282	0.0257934	1.11518	0.0333056	2.60687e-05
10051	1	100	49	500	0.132386	0.123567	0.112919	0.0106483	0.00881892	0.87602	0.0149297	1.11723	0.0181868	2.62898e-05
10052	1	100	47	500	0.135687	0.123784	0.113116	0.0106677	0.0119032	0.876233	0.0148648	1.11648	0.0176414	2.65163e-05
10053	1	100	44	500	0.133611	0.124022	0.115093	0.0089289	0.0095888	0.875663	0.0139848	1.11759	0.0182453	2.63124e-05
10054	1	100	50	500	0.136154	0.12441	0.115011	0.00939834	0.0117445	0.875714	0.0127775	1.11813	0.0160312	2.70956e-05
10055	1	100	50	500	0.136551	0.125246	0.115737	0.00950814	0.0113056	0.874775	0.013926	1.11857	0.0173082	2.69935e-05
10056	1	100	55	500	0.138427	0.126148	0.116088	0.0100597	0.0122789	0.873766	0.0167682	1.11884	0.0211369	2.70692e-05
10057	1	100	59	500	0.138862	0.1263	0.115669	0.0106317	0.0125619	0.872654	0.0180776	1.119	0.0231055	2.74532e-05
10058	1	100	42	500	0.136775	0.12636	0.114977	0.0113831	0.0104145	0.871592	0.0191178	1.1189	0.0247502	2.77895e-05
10059	1	100	44	500	0.140629	0.12766	0.11331	0.0143497	0.0129697	0.871232	0.020932	1.11967	0.0261989	2.77635e-05
10060	1	100	54	500	0.139887	0.128404	0.115092	0.0133115	0.0114839	0.869964	0.0211457	1.12199	0.0256182	2.76874e-05
10061	1	100	54	500	0.144769	0.13076	0.113883	0.0168772	0.0140087	0.869924	0.0212745	1.12265	0.026863	2.79974e-05
10062	1	100	53	500	0.141864	0.130705	0.115355	0.0153498	0.0111588	0.868913	0.0227944	1.1246	0.028391	2.84834e-05
10063	1	100	54	500	0.14424	0.132165	0.11546	0.0167054	0.0120749	0.868307	0.0221644	1.12579	0.0270619	2.88495e-05
10064	1	100	46	500	0.142535	0.130368	0.116558	0.0138102	0.0121674	0.866791	0.0242699	1.12785	0.0315947	2.86614e-05
10065	1	100	49	500	0.142342	0.131515	0.116552	0.0149631	0.0108266	0.867661	0.0230222	1.12809	0.0294051	2.91046e-05
10066	1	100	54	500	0.144582	0.132951	0.116104	0.0168465	0.0116313	0.867736	0.0233865	1.12897	0.0292812	2.92408e-05
10067	1	100	52	500	0.149221	0.136892	0.117083	0.019809	0.0123293	0.864781	0.0287077	1.13089	0.0370246	2.94205e-05
10068	1	100	44	500	0.149497	0.138163	0.116602	0.0215613	0.0113342	0.863745	0.0298741	1.13274	0.0369379	2.93658e-05
10069	1	100	47	500	0.15247	0.137346	0.116876	0.0204699	0.0151247	0.864594	0.0277229	1.13054	0.0339275	2.90325e-05
10070	1	100	42	500	0.158213	0.142147	0.119247	0.0228992	0.0160663	0.859767	0.0339878	1.13442	0.0411174	2.89489e-05
10071	1	100	53	500	0.161848	0.145611	0.118443	0.0271681	0.0162372	0.857823	0.0395357	1.13839	0.0441232	2.90685e-05
10072	1	100	44	500	0.165331	0.146604	0.119297	0.0273064	0.0187274	0.856595	0.0373815	1.13781	0.0459588	2.90923e-05
10073	1	100	51	500	0.167588	0.148346	0.119164	0.0291816	0.0192416	0.854613	0.0378551	1.13911	0.04623	2.96711e-05
10074	1	100	48	500	0.172826	0.152194	0.119674	0.03252	0.020632	0.851794	0.0407866	1.14261	0.0488097	2.97062e-05
10075	1	100	44	500	0.176985	0.153214	0.119099	0.0341152	0.0237702	0.850375	0.045455	1.14101	0.0536098	3.01545e-05
10076	1	100	54	500	0.178958	0.153593	0.119721	0.0338716	0.0253655	0.848425	0.0466826	1.14409	0.0558682	3.02291e-05
10077	1	100	47	500	0.175386	0.156098	0.120047	0.0360511	0.0192877	0.847542	0.0456688	1.14704	0.0572359	3.00275e-05
10078	1	100	52	500	0.176739	0.159132	0.122139	0.0369925	0.0176073	0.845627	0.0469819	1.1523	0.0573612	2.94961e-05
10079	1	100	60	500	0.172204	0.155274	0.121041	0.0342333	0.0169298	0.848947	0.0447966	1.14835	0.0540137	2.93759e-05
10080	1	100	49	500	0.170345	0.157337	0.121416	0.0359211	0.0130082	0.846129	0.0482126	1.15125	0.0563099	2.97941e-05
10081	1	100	49	500	0.178171	0.158508	0.122022	0.0364867	0.0196622	0.844956	0.0456638	1.14885	0.0565929	2.94565e-05
10082	1	100	53	500	0.187659	0.164669	0.122306	0.0423628	0.0229906	0.8402	0.0530566	1.15379	0.0648729	3.00218e-05
10083	1	100	49	500	0.186858	0.16519	0.122991	0.0421993	0.0216673	0.839066	0.0534205	1.156	0.0640475	3.00661e-05
10084	1	100	47	500	0.186293	0.16633	0.123582	0.0427489	0.0199621	0.838657	0.0536014	1.15752	0.0622883	2.98798e-05
10085	1	100	47	500	0.187351	0.168671	0.123717	0.0449549	0.0186797	0.837333	0.054136	1.16197	0.0647972	3.01543e-05
10086	1	100	48	500	0.188319	0.170499	0.12483	0.0456691	0.0178195	0.834132	0.0523602	1.16311	0.0666275	3.06128e-05
10087	1	100	50	500	0.197535	0.174959	0.126305	0.0486547	0.022576	0.831799	0.0567543	1.16545	0.063732	3.05838e-05
10088	1	100	47	500	0.199381	0.178379	0.127154	0.0512256	0.0210015	0.829087	0.0582394	1.17076	0.0687777	3.03162e-05
10089	1	100	52	500	0.200831	0.183161	0.128574	0.0545875	0.0176701	0.825094	0.0617277	1.17828	0.0732657	3.06844e-05
10090	1	100	45	500	0.205035	0.1873	0.128747	0.0585528	0.0177353	0.821259	0.0657947	1.18225	0.0798577	3.0837e-05
10091	1	100	44	500	0.206392	0.188179	0.129523	0.0586566	0.0182121	0.820197	0.0641411	1.18327	0.0798657	3.07447e-05
10092	1	100	43	500	0.216932	0.197895	0.132227	0.065668	0.0190369	0.81172	0.0670419	1.19239	0.0816953	3.08508e-05
10093	1	100	49	500	0.220823	0.203369	0.134144	0.0692247	0.0174546	0.807485	0.0716872	1.19943	0.0848077	3.14914e-05
10094	1	100	43	500	0.227514	0.211011	0.138527	0.0724841	0.0165029	0.800924	0.0691675	1.2089	0.0831845	3.10755e-05
10095	1	100	40	500	0.104318	0.0900173	0.0200566	0.0699607	0.0143008	0.910189	0.0821347	1.07843	0.0765899	3.07983e-05
10096	1	100	41	500	0.103513	0.0915732	0.0211328	0.0704404	0.0119402	0.909006	0.0810605	1.08139	0.0767752	3.0895e-05
10097	1	100	45	500	0.110004	0.0982082	0.0241844	0.0740237	0.0117959	0.902945	0.0812637	1.08826	0.0748596	3.12323e-05
10098	1	100	38	500	0.115239	0.104428	0.0274852	0.0769429	0.0108109	0.896985	0.0832437	1.09504	0.0770023	3.11005e-05
10099	1	100	37	500	0.117444	0.107445	0.030297	0.077148	0.00999886	0.893688	0.0873326	1.09764	0.0792268	3.09142e-05
10100	1	100	39	500	0.131543	0.120216	0.038682	0.081534	0.0113271	0.88167	0.0869268	1.10859	0.0766864	3.0246e-05
10101	1	100	41	500	0.140772	0.128073	0.0436167	0.0844559	0.0126997	0.874053	0.0891073	1.11522	0.0789176	3.03283e-05
