Generation	PopulationID	SampleSize	UniqueMutations	PopulationSize	totalLoad	RelzLoad	RelzLoadHomo	RelzLoadHetero	MskLoad	MeanFitness	SdFitness	MeanFitnessCached	SdFitnessCached	Heterozygosity	
10001	1	100	57	500	0.305984	0.267564	0.188355	0.079209	0.0384207	0.754309	0.0421204	1.24317	0.0648148	4.0779e-05
10002	1	100	55	500	0.303722	0.266441	0.187253	0.0791877	0.0372809	0.754949	0.0425151	1.24472	0.0653509	4.07392e-05
10003	1	100	60	500	0.306947	0.270454	0.18807	0.0823838	0.0364932	0.751537	0.0444558	1.24864	0.0651523	4.06864e-05
10004	1	100	60	500	0.311	0.273367	0.191315	0.0820512	0.0376338	0.749132	0.0455376	1.25387	0.0737331	4.01439e-05
10005	1	100	61	500	0.301981	0.270098	0.1866	0.0834979	0.0318825	0.751819	0.0451378	1.25441	0.0725199	4.10011e-05
10006	1	100	53	500	0.305137	0.274032	0.188135	0.0858973	0.0311044	0.748902	0.04485	1.26103	0.0713185	4.06903e-05
10007	1	100	60	500	0.305492	0.273861	0.190621	0.0832396	0.0316311	0.748786	0.0452007	1.26036	0.0692815	4.02343e-05
10008	1	100	53	500	0.302011	0.277204	0.198383	0.0788212	0.024807	0.744462	0.0436341	1.26664	0.0682015	3.84924e-05
10009	1	100	57	500	0.3114	0.280071	0.198331	0.0817396	0.0313293	0.743541	0.0449419	1.26645	0.0711178	3.84343e-05
10010	1	100	51	500	0.314557	0.285589	0.201359	0.0842293	0.0289688	0.739309	0.0473276	1.27356	0.0774098	3.84269e-05
10011	1	100	49	500	0.323824	0.294504	0.202815	0.0916893	0.02932	0.732602	0.0468232	1.2851	0.0811895	3.85674e-05
10012	1	100	52	500	0.332579	0.298775	0.20409	0.0946852	0.0338032	0.728942	0.048449	1.28558	0.0868097	3.88139e-05
10013	1	100	55	500	0.334853	0.304062	0.212122	0.0919398	0.0307903	0.724412	0.0498847	1.29296	0.0904406	3.79249e-05
10014	1	100	60	500	0.337094	0.309032	0.217302	0.0917292	0.0280627	0.721259	0.0482244	1.30399	0.093503	3.65662e-05
10015	1	100	54	500	0.340168	0.314895	0.21779	0.0971051	0.025273	0.7164	0.0524636	1.31509	0.101375	3.64781e-05
10016	1	100	50	500	0.342196	0.319584	0.221707	0.0978768	0.0226118	0.713413	0.049617	1.32467	0.0943025	3.52469e-05
10017	1	100	49	500	0.345403	0.323399	0.225369	0.0980293	0.0220043	0.710359	0.0513039	1.33148	0.097232	3.45234e-05
10018	1	100	50	500	0.352837	0.328281	0.227655	0.100626	0.0245569	0.706615	0.0506459	1.33811	0.0975739	3.42752e-05
10019	1	100	50	500	0.360048	0.336774	0.2309	0.105874	0.0232746	0.701198	0.0516556	1.35056	0.101307	3.39634e-05
10020	1	100	54	500	0.363359	0.342101	0.234493	0.107608	0.0212577	0.6976	0.0526408	1.35764	0.104391	3.38979e-05
10021	1	100	51	500	0.371227	0.349235	0.239284	0.109952	0.0219913	0.691657	0.0534205	1.36437	0.10681	3.31517e-05
10022	1	100	43	500	0.367406	0.344658	0.237817	0.106841	0.0227478	0.69487	0.0503835	1.3588	0.100322	3.30304e-05
10023	1	100	48	500	0.37296	0.347511	0.240221	0.10729	0.025449	0.692099	0.0558527	1.36389	0.110753	3.26364e-05
10024	1	100	48	500	0.377716	0.350495	0.241729	0.108766	0.0272209	0.690501	0.055002	1.3678	0.106273	3.20961e-05
10025	1	100	50	500	0.391868	0.360954	0.247128	0.113826	0.0309135	0.682543	0.0599919	1.38004	0.122564	3.20241e-05
10026	1	100	38	500	0.397593	0.369078	0.250503	0.118575	0.028515	0.676295	0.0576332	1.39018	0.113149	3.17921e-05
10027	1	100	53	500	0.409305	0.376546	0.254674	0.121872	0.0327591	0.670616	0.0599957	1.39688	0.123226	3.15893e-05
10028	1	100	40	500	0.405879	0.380888	0.260981	0.119907	0.0249912	0.666952	0.0569959	1.41044	0.116439	3.0545e-05
10029	1	100	50	500	0.418856	0.390155	0.265062	0.125093	0.0287012	0.660229	0.0644769	1.41757	0.132977	3.12158e-05
10030	1	100	51	500	0.414855	0.393564	0.267337	0.126227	0.0212907	0.658282	0.0590599	1.42845	0.122511	3.1267e-05
10031	1	100	40	500	0.420829	0.404832	0.276946	0.127887	0.0159962	0.650941	0.0601534	1.44959	0.118606	3.06942e-05
10032	1	100	48	500	0.428798	0.416716	0.289828	0.126888	0.0120816	0.640844	0.0596732	1.46969	0.120433	2.96565e-05
10033	1	100	48	500	0.441217	0.428113	0.299494	0.128619	0.0131034	0.634406	0.0585086	1.48494	0.117841	2.96975e-05
10034	1	100	38	500	0.444077	0.431246	0.304895	0.12635	0.0128312	0.630939	0.0591001	1.48842	0.120418	2.90968e-05
10035	1	100	44	500	0.399612	0.385448	0.258552	0.126896	0.0141648	0.661154	0.0634159	1.42374	0.114242	2.88091e-05
10036	1	100	42	500	0.406751	0.389743	0.262311	0.127431	0.0170082	0.658717	0.0630964	1.4279	0.112702	2.91766e-05
10037	1	100	35	500	0.417693	0.399041	0.272055	0.126985	0.0186521	0.65185	0.058298	1.43914	0.106341	2.88371e-05
10038	1	100	40	500	0.428598	0.408912	0.281387	0.127525	0.019686	0.644958	0.0628358	1.45216	0.11647	2.9228e-05
10039	1	100	33	500	0.429153	0.414158	0.289717	0.124441	0.0149949	0.640006	0.0567159	1.46101	0.106937	2.87361e-05
10040	1	100	34	500	0.441175	0.422973	0.301878	0.121096	0.0182014	0.634272	0.0596998	1.47112	0.110729	2.80687e-05
10041	1	100	41	500	0.443132	0.43191	0.316867	0.115043	0.0112223	0.627021	0.0572709	1.4875	0.110949	2.72037e-05
10042	1	100	40	500	0.448239	0.434937	0.322745	0.112192	0.0133022	0.624901	0.0540857	1.49073	0.107264	2.67434e-05
10043	1	100	38	500	0.44916	0.436987	0.325114	0.111873	0.0121724	0.623864	0.0549208	1.49453	0.105163	2.69938e-05
10044	1	100	32	500	0.294054	0.279812	0.167879	0.111933	0.0142415	0.739588	0.0650001	1.28909	0.0916912	2.74931e-05
10045	1	100	41	500	0.296206	0.283692	0.17631	0.107382	0.0125144	0.735811	0.0626979	1.29444	0.0920302	2.69721e-05
10046	1	100	34	500	0.302363	0.291446	0.188601	0.102845	0.0109173	0.728885	0.0586999	1.30423	0.085396	2.60279e-05
10047	1	100	37	500	0.313358	0.300967	0.200462	0.100505	0.0123907	0.720835	0.0570387	1.31382	0.0836996	2.59658e-05
10048	1	100	34	500	0.311528	0.306191	0.210655	0.0955361	0.00533681	0.715427	0.0559858	1.32307	0.0861437	2.54303e-05
10049	1	100	36	500	0.326883	0.316026	0.221921	0.0941049	0.0108564	0.708496	0.0548773	1.33333	0.0817141	2.52045e-05
10050	1	100	36	500	0.322166	0.317406	0.227899	0.0895071	0.00476028	0.706417	0.0576826	1.33703	0.0847615	2.4571e-05
10051	1	100	37	500	0.332608	0.322541	0.235466	0.0870751	0.0100672	0.702588	0.0546716	1.34209	0.0821637	2.44362e-05
10052	1	100	38	500	0.342805	0.331026	0.246217	0.0848094	0.0117794	0.696361	0.0512188	1.35047	0.077185	2.46379e-05
10053	1	100	32	500	0.338209	0.332103	0.251098	0.0810053	0.00610643	0.694014	0.050251	1.35367	0.0780658	2.4324e-05
10054	1	100	35	500	0.344175	0.335848	0.25722	0.0786282	0.00832635	0.691918	0.0513316	1.35819	0.0768496	2.40004e-05
10055	1	100	32	500	0.339758	0.335272	0.258641	0.0766306	0.00448652	0.690834	0.0508032	1.36024	0.0792209	2.46119e-05
10056	1	100	40	500	0.34141	0.337412	0.261633	0.0757788	0.00399794	0.689601	0.0531924	1.36245	0.0802116	2.45577e-05
10057	1	100	34	500	0.354559	0.345526	0.271577	0.0739493	0.0090331	0.684272	0.0526106	1.37032	0.0797501	2.41951e-05
10058	1	100	34	500	0.363124	0.353073	0.282429	0.0706433	0.0100509	0.67838	0.0469858	1.37862	0.0736216	2.41285e-05
10059	1	100	41	500	0.371897	0.359129	0.29044	0.0686887	0.0127679	0.673418	0.0471509	1.38413	0.0761474	2.42297e-05
10060	1	100	41	500	0.368156	0.360367	0.295132	0.0652356	0.00778885	0.671946	0.0450399	1.38797	0.0721359	2.38205e-05
10061	1	100	40	500	0.374234	0.364604	0.30161	0.0629948	0.00962982	0.668595	0.0477287	1.39178	0.0761059	2.3929e-05
10062	1	100	44	500	0.377476	0.369998	0.310606	0.0593926	0.00747708	0.664336	0.0449766	1.39998	0.0721424	2.37645e-05
10063	1	100	40	500	0.381195	0.375139	0.31965	0.0554883	0.00605642	0.660395	0.0439973	1.40656	0.0700869	2.33478e-05
10064	1	100	36	500	0.383807	0.378394	0.326985	0.0514087	0.00541264	0.657252	0.0422488	1.41035	0.067869	2.27464e-05
10065	1	100	39	500	0.390439	0.382438	0.333841	0.0485964	0.00800156	0.654487	0.0389151	1.41408	0.0631806	2.29061e-05
10066	1	100	33	500	0.390963	0.383338	0.335696	0.047642	0.0076243	0.653492	0.0375494	1.41545	0.0616996	2.33274e-05
10067	1	100	37	500	0.396084	0.387917	0.342915	0.045003	0.00816636	0.650397	0.0369779	1.42089	0.0613123	2.2892e-05
10068	1	100	31	500	0.390241	0.386299	0.342471	0.0438277	0.00394144	0.651112	0.0373151	1.42114	0.0612176	2.27353e-05
10069	1	100	34	500	0.396376	0.390258	0.347473	0.042785	0.00611751	0.648596	0.0354242	1.42556	0.0571221	2.26007e-05
10070	1	100	31	500	0.397999	0.392749	0.351839	0.0409099	0.0052502	0.646395	0.0357328	1.42855	0.0601727	2.22787e-05
10071	1	100	33	500	0.402863	0.393914	0.353266	0.0406472	0.00894929	0.645598	0.0347496	1.42802	0.0579394	2.23569e-05
10072	1	100	40	500	0.40578	0.397379	0.358119	0.0392603	0.0084005	0.642836	0.0351035	1.43307	0.0601134	2.24216e-05
10073	1	100	33	500	0.405657	0.400158	0.361752	0.0384055	0.00549873	0.640623	0.032356	1.43705	0.0588492	2.23959e-05
10074	1	100	35	500	0.414924	0.403236	0.362507	0.0407289	0.0116879	0.639061	0.0361823	1.4377	0.0631604	2.28933e-05
10075	1	100	38	500	0.410291	0.403785	0.365548	0.038237	0.00650687	0.637633	0.0308517	1.44003	0.0566644	2.25567e-05
10076	1	100	33	500	0.413098	0.404503	0.36426	0.0402426	0.0085952	0.638171	0.0326099	1.44176	0.0571643	2.3271e-05
10077	1	100	35	500	0.412905	0.405107	0.365	0.0401071	0.00779814	0.637731	0.0334438	1.44318	0.0598717	2.35297e-05
10078	1	100	41	500	0.415948	0.409554	0.374018	0.0355362	0.00639411	0.634578	0.0298812	1.45012	0.0548047	2.31381e-05
10079	1	100	35	500	0.419088	0.411764	0.378269	0.0334949	0.00732411	0.632938	0.0284166	1.45233	0.0514175	2.265e-05
10080	1	100	31	500	0.415832	0.411872	0.381909	0.0299634	0.00395935	0.632233	0.0268717	1.45376	0.0484459	2.21592e-05
10081	1	100	39	500	0.418353	0.413769	0.385939	0.0278301	0.00458411	0.630925	0.0253809	1.45592	0.0467909	2.18436e-05
10082	1	100	32	500	0.420424	0.417252	0.38976	0.0274926	0.00317183	0.628334	0.0243393	1.46144	0.0468337	2.25297e-05
10083	1	100	32	500	0.418436	0.416105	0.388591	0.0275136	0.00233158	0.629314	0.0245083	1.46097	0.0461634	2.31265e-05
10084	1	100	34	500	0.422474	0.417813	0.389939	0.0278743	0.0046612	0.628026	0.0251856	1.46147	0.0478223	2.33036e-05
10085	1	100	36	500	0.422377	0.417647	0.389151	0.0284961	0.00472921	0.62825	0.0243693	1.46164	0.0494205	2.32919e-05
10086	1	100	36	500	0.423608	0.415952	0.387908	0.0280443	0.0076558	0.629699	0.0250393	1.4574	0.0481179	2.37064e-05
10087	1	100	33	500	0.192857	0.187765	0.161246	0.0265192	0.00509124	0.815786	0.0293868	1.18834	0.035848	2.38174e-05
10088	1	100	37	500	0.195342	0.189826	0.163962	0.0258646	0.00551569	0.813282	0.0307209	1.1894	0.038418	2.43158e-05
10089	1	100	33	500	0.196275	0.191755	0.169199	0.022556	0.00451972	0.81198	0.0270558	1.19247	0.0339417	2.43272e-05
10090	1	100	37	500	0.199958	0.195191	0.171139	0.0240516	0.00476754	0.809004	0.027369	1.19636	0.0350976	2.46942e-05
10091	1	100	44	500	0.199454	0.19548	0.169192	0.026288	0.00397366	0.809073	0.0299081	1.19737	0.0383292	2.51528e-05
10092	1	100	39	500	0.204642	0.199893	0.175767	0.0241266	0.00474817	0.804926	0.0261115	1.20146	0.0339007	2.52881e-05
10093	1	100	34	500	0.205085	0.200837	0.177528	0.0233087	0.00424786	0.804029	0.0245687	1.20279	0.0327574	2.5247e-05
10094	1	100	35	500	0.203345	0.201056	0.177826	0.0232297	0.00228851	0.803524	0.0248125	1.20379	0.0336817	2.54689e-05
10095	1	100	41	500	0.207834	0.203695	0.178693	0.0250023	0.00413844	0.801356	0.0285401	1.20562	0.0363762	2.62094e-05
10096	1	100	43	500	0.210909	0.206639	0.181498	0.0251413	0.00427005	0.79935	0.0275899	1.20968	0.0356139	2.64719e-05
10097	1	100	40	500	0.212953	0.206575	0.180752	0.0258234	0.00637822	0.799567	0.0273477	1.20878	0.0354899	2.64929e-05
10098	1	100	38	500	0.210285	0.206439	0.180668	0.0257716	0.00384594	0.799187	0.0298457	1.20917	0.0387419	2.69791e-05
10099	1	100	38	500	0.22066	0.212154	0.184064	0.0280901	0.00850566	0.79522	0.0301254	1.21424	0.039237	2.75154e-05
10100	1	100	36	500	0.213686	0.209356	0.182324	0.027032	0.00432989	0.797083	0.0285284	1.21295	0.0371642	2.78898e-05
10101	1	100	38	500	0.218735	0.211871	0.184121	0.0277502	0.00686434	0.795012	0.0292106	1.21473	0.0396771	2.83473e-05
