Generation	PopulationID	SampleSize	UniqueMutations	PopulationSize	totalLoad	RelzLoad	RelzLoadHomo	RelzLoadHetero	MskLoad	MeanFitness	SdFitness	MeanFitnessCached	SdFitnessCached	Heterozygosity	
10001	1	100	56	500	0.222062	0.193081	0.081065	0.112016	0.0289804	0.818791	0.0627579	1.18339	0.0717636	2.95252e-05
10002	1	100	61	500	0.228252	0.196814	0.0831349	0.113679	0.0314378	0.815449	0.0621843	1.18748	0.0733088	2.9489e-05
10003	1	100	54	500	0.227208	0.199686	0.0838908	0.115796	0.0275215	0.811284	0.0589353	1.1917	0.07134	2.9841e-05
10004	1	100	54	500	0.233626	0.205226	0.0906869	0.114539	0.0283999	0.806845	0.0605167	1.19543	0.0735252	2.89449e-05
10005	1	100	58	500	0.255042	0.216613	0.0974994	0.119114	0.0384289	0.798437	0.0635562	1.204	0.0773415	2.88445e-05
10006	1	100	60	500	0.260338	0.221101	0.101217	0.119884	0.0392374	0.793921	0.0614644	1.20814	0.0781786	2.85927e-05
10007	1	100	50	500	0.256177	0.222712	0.102868	0.119845	0.0334644	0.792194	0.0598596	1.21342	0.0802467	2.85624e-05
10008	1	100	61	500	0.264738	0.225735	0.104593	0.121142	0.0390026	0.789485	0.0618384	1.2182	0.0862836	2.84123e-05
10009	1	100	66	500	0.272006	0.234799	0.110553	0.124246	0.0372072	0.783317	0.0588237	1.22612	0.0772773	2.82452e-05
10010	1	100	62	500	0.272026	0.240044	0.117732	0.122312	0.0319826	0.778231	0.0617308	1.23441	0.0861068	2.76746e-05
10011	1	100	58	500	0.271025	0.239477	0.117378	0.1221	0.0315476	0.776404	0.06244	1.2301	0.0872454	2.76917e-05
10012	1	100	63	500	0.275931	0.246899	0.122464	0.124435	0.0290323	0.771625	0.058748	1.24233	0.0811238	2.78154e-05
10013	1	100	61	500	0.288491	0.256608	0.130867	0.125741	0.0318823	0.764416	0.0602885	1.25377	0.088462	2.73489e-05
10014	1	100	59	500	0.284353	0.259539	0.136949	0.12259	0.0248144	0.760693	0.0577289	1.25803	0.0809544	2.73395e-05
10015	1	100	65	500	0.298376	0.26585	0.140349	0.125501	0.0325253	0.75741	0.062342	1.26356	0.0896375	2.74039e-05
10016	1	100	59	500	0.297235	0.270292	0.149432	0.12086	0.0269431	0.752879	0.0554498	1.27352	0.0816326	2.56624e-05
10017	1	100	55	500	0.300252	0.272086	0.149696	0.12239	0.0281663	0.750981	0.0582892	1.27463	0.0848707	2.60481e-05
10018	1	100	57	500	0.311369	0.27847	0.157351	0.121119	0.0328995	0.746191	0.0573638	1.27882	0.0856774	2.62842e-05
10019	1	100	49	500	0.299951	0.273837	0.154765	0.119072	0.0261135	0.748622	0.0604729	1.27867	0.0875578	2.66758e-05
10020	1	100	60	500	0.311506	0.280864	0.158023	0.12284	0.0306423	0.745307	0.055445	1.28492	0.0823861	2.694e-05
10021	1	100	57	500	0.301569	0.277646	0.15569	0.121956	0.0239229	0.746192	0.0597852	1.28295	0.0862421	2.75465e-05
10022	1	100	59	500	0.300365	0.27997	0.15998	0.11999	0.020395	0.744965	0.0599631	1.28973	0.0885786	2.67487e-05
10023	1	100	57	500	0.299468	0.282655	0.16459	0.118066	0.0168129	0.742826	0.0588202	1.29553	0.0852618	2.63517e-05
10024	1	100	56	500	0.315682	0.293949	0.177521	0.116428	0.0217332	0.733611	0.0555008	1.30627	0.0811294	2.59256e-05
10025	1	100	68	500	0.329089	0.304242	0.190231	0.11401	0.0248478	0.725439	0.055266	1.31564	0.0826952	2.53219e-05
10026	1	100	66	500	0.33687	0.3099	0.195884	0.114016	0.0269697	0.720093	0.0537265	1.32092	0.082121	2.53344e-05
10027	1	100	54	500	0.339589	0.31213	0.197307	0.114823	0.027459	0.71743	0.0514339	1.3236	0.0801451	2.58564e-05
10028	1	100	58	500	0.3471	0.317349	0.198798	0.118551	0.0297506	0.716413	0.0491707	1.32776	0.0739961	2.63576e-05
10029	1	100	61	500	0.352378	0.319961	0.196795	0.123166	0.0324173	0.713008	0.0487563	1.32652	0.0774579	2.69873e-05
10030	1	100	57	500	0.354445	0.326141	0.208775	0.117366	0.0283047	0.708748	0.0462007	1.33763	0.0762006	2.68282e-05
10031	1	100	46	500	0.356489	0.327715	0.211506	0.116209	0.0287742	0.706881	0.0452557	1.33849	0.0766977	2.65522e-05
10032	1	100	43	500	0.363209	0.332307	0.216579	0.115727	0.0309023	0.702473	0.0410228	1.34424	0.0723991	2.61458e-05
10033	1	100	51	500	0.364846	0.334595	0.217464	0.11713	0.0302512	0.702707	0.0426428	1.34903	0.0728579	2.57184e-05
10034	1	100	57	500	0.366021	0.339063	0.231443	0.10762	0.0269577	0.697618	0.041972	1.35526	0.0718072	2.38486e-05
10035	1	100	47	500	0.370726	0.343054	0.239443	0.10361	0.0276719	0.694386	0.0404599	1.36006	0.0694359	2.33101e-05
10036	1	100	47	500	0.374847	0.345397	0.243307	0.10209	0.0294497	0.692953	0.0398529	1.36178	0.0717142	2.33629e-05
10037	1	100	43	500	0.371954	0.3467	0.249818	0.0968815	0.0252537	0.690525	0.0370113	1.36548	0.0711149	2.32291e-05
10038	1	100	48	500	0.367649	0.344333	0.248854	0.0954791	0.0233161	0.691792	0.0374846	1.36397	0.0712253	2.33554e-05
10039	1	100	51	500	0.373517	0.34674	0.251044	0.0956952	0.0267778	0.690332	0.0379096	1.36393	0.0747151	2.32848e-05
10040	1	100	50	500	0.378549	0.349477	0.257617	0.0918599	0.0290715	0.688448	0.0381731	1.36685	0.0728433	2.32364e-05
10041	1	100	49	500	0.38231	0.350296	0.261255	0.0890415	0.0320141	0.687364	0.0395148	1.36469	0.0788154	2.30977e-05
10042	1	100	48	500	0.374368	0.35009	0.265229	0.084861	0.0242788	0.686438	0.0349679	1.37014	0.0702679	2.27903e-05
10043	1	100	44	500	0.381773	0.353527	0.26948	0.0840465	0.0282459	0.684106	0.0342748	1.37076	0.0681562	2.27652e-05
10044	1	100	47	500	0.385573	0.35522	0.273123	0.0820972	0.0303525	0.683327	0.0351153	1.37379	0.0672127	2.22412e-05
10045	1	100	55	500	0.395972	0.360889	0.278598	0.0822914	0.0350823	0.680453	0.0320553	1.37834	0.0620579	2.20762e-05
10046	1	100	45	500	0.388677	0.361839	0.287037	0.074802	0.0268381	0.6783	0.0353713	1.38259	0.065754	2.18014e-05
10047	1	100	46	500	0.391478	0.36347	0.289087	0.0743832	0.0280079	0.677316	0.0313631	1.38615	0.0602405	2.19064e-05
10048	1	100	47	500	0.391394	0.364123	0.292112	0.072011	0.0272715	0.677813	0.0298213	1.38789	0.0565618	2.16928e-05
10049	1	100	44	500	0.393386	0.367673	0.297711	0.0699624	0.025713	0.674162	0.0299966	1.39184	0.0569093	2.14149e-05
10050	1	100	41	500	0.392709	0.367323	0.29906	0.0682631	0.0253856	0.674188	0.0311024	1.39129	0.0621154	2.14235e-05
10051	1	100	48	500	0.391394	0.365442	0.291503	0.0739384	0.0259526	0.676612	0.0319333	1.39039	0.05752	2.18034e-05
10052	1	100	48	500	0.394812	0.366174	0.289534	0.07664	0.0286379	0.67647	0.0340086	1.39039	0.0611345	2.18656e-05
10053	1	100	40	500	0.390615	0.367486	0.288328	0.0791582	0.0231289	0.675601	0.0315531	1.39687	0.0579313	2.18917e-05
10054	1	100	44	500	0.39156	0.368105	0.282784	0.0853215	0.0234549	0.675455	0.0318393	1.39775	0.061482	2.23325e-05
10055	1	100	48	500	0.388203	0.367237	0.282728	0.084509	0.0209663	0.676456	0.0313521	1.39922	0.0568313	2.22705e-05
10056	1	100	47	500	0.390359	0.368299	0.283985	0.0843137	0.0220598	0.67545	0.032191	1.3996	0.059172	2.24764e-05
10057	1	100	43	500	0.39105	0.371479	0.288905	0.0825742	0.019571	0.673107	0.0315297	1.40542	0.0563916	2.25765e-05
10058	1	100	47	500	0.392837	0.374942	0.294968	0.079974	0.0178947	0.670338	0.0316452	1.41123	0.0589625	2.23217e-05
10059	1	100	48	500	0.392605	0.377395	0.300906	0.0764894	0.0152104	0.668304	0.0324839	1.41569	0.0603509	2.23551e-05
10060	1	100	40	500	0.394136	0.38081	0.304215	0.0765945	0.0133261	0.665337	0.0301908	1.42071	0.0578123	2.26408e-05
10061	1	100	44	500	0.400482	0.387973	0.309639	0.078334	0.0125095	0.660617	0.0336816	1.43139	0.064193	2.33009e-05
10062	1	100	39	500	0.404521	0.390329	0.312686	0.0776427	0.0141915	0.659066	0.0348691	1.43444	0.0683023	2.33287e-05
10063	1	100	40	500	0.402358	0.391651	0.313356	0.0782951	0.0107069	0.657197	0.035075	1.43616	0.0666623	2.40253e-05
10064	1	100	44	500	0.414409	0.396158	0.316659	0.079499	0.0182514	0.655388	0.0362729	1.43963	0.0687302	2.40589e-05
10065	1	100	40	500	0.41837	0.399226	0.325072	0.0741549	0.0191431	0.652851	0.0368884	1.44274	0.0711506	2.3718e-05
10066	1	100	45	500	0.414683	0.399058	0.329223	0.0698352	0.0156253	0.652207	0.0362607	1.44334	0.0732538	2.37225e-05
10067	1	100	44	500	0.42996	0.406064	0.333952	0.0721124	0.0238958	0.647823	0.0350252	1.44783	0.0718031	2.42323e-05
10068	1	100	45	500	0.431157	0.409005	0.335864	0.0731402	0.0221524	0.645772	0.0362765	1.45257	0.0754914	2.46451e-05
10069	1	100	37	500	0.423602	0.408139	0.336325	0.0718143	0.0154629	0.645364	0.0367229	1.45462	0.0797622	2.5095e-05
10070	1	100	45	500	0.428957	0.409591	0.338829	0.070762	0.0193661	0.645398	0.0374428	1.45503	0.0755186	2.41826e-05
10071	1	100	48	500	0.435422	0.412468	0.342185	0.0702829	0.0229545	0.643209	0.0378262	1.456	0.0756802	2.41777e-05
10072	1	100	47	500	0.435024	0.412993	0.347655	0.0653379	0.0220309	0.642297	0.0387558	1.45672	0.0786793	2.37573e-05
10073	1	100	46	500	0.442403	0.418453	0.35205	0.066403	0.0239497	0.638823	0.0383742	1.46344	0.0799572	2.39104e-05
10074	1	100	50	500	0.443285	0.42257	0.356001	0.0665689	0.0207149	0.636637	0.0395316	1.47303	0.0809018	2.38062e-05
10075	1	100	45	500	0.442654	0.425844	0.358602	0.0672417	0.0168105	0.633087	0.040327	1.4775	0.081958	2.4477e-05
10076	1	100	43	500	0.460845	0.432927	0.363352	0.0695746	0.0279182	0.629932	0.0411164	1.48109	0.079441	2.44424e-05
10077	1	100	46	500	0.460487	0.433964	0.36508	0.0688833	0.0265238	0.628068	0.0419449	1.48339	0.0833666	2.47086e-05
10078	1	100	51	500	0.455036	0.434746	0.36335	0.0713962	0.0202899	0.627459	0.0419783	1.48616	0.0845384	2.53039e-05
10079	1	100	43	500	0.458027	0.437508	0.364603	0.0729049	0.020519	0.626201	0.0440994	1.49176	0.0890535	2.52407e-05
10080	1	100	44	500	0.461462	0.443434	0.371129	0.0723044	0.0180283	0.622172	0.0419028	1.50217	0.0875195	2.5168e-05
10081	1	100	42	500	0.466464	0.449496	0.380556	0.0689405	0.0169681	0.617336	0.0418112	1.51071	0.0897919	2.50441e-05
10082	1	100	39	500	0.473041	0.451477	0.378263	0.0732142	0.0215643	0.617486	0.0427142	1.51237	0.091046	2.51105e-05
10083	1	100	43	500	0.480945	0.459593	0.386686	0.0729065	0.0213526	0.612647	0.0429175	1.52523	0.0915567	2.52341e-05
10084	1	100	43	500	0.484747	0.464531	0.391525	0.0730057	0.0202163	0.60909	0.0422085	1.53256	0.0893513	2.51494e-05
10085	1	100	44	500	0.488147	0.467151	0.395432	0.0717183	0.0209961	0.607404	0.0434497	1.53616	0.0936032	2.52312e-05
10086	1	100	50	500	0.484904	0.465221	0.392294	0.0729269	0.0196823	0.608981	0.0428484	1.53519	0.0913036	2.56172e-05
10087	1	100	46	500	0.492399	0.469647	0.3967	0.0729468	0.0227518	0.606317	0.0443148	1.53923	0.0962267	2.55105e-05
10088	1	100	47	500	0.498685	0.472786	0.402868	0.0699184	0.0258989	0.603597	0.0432413	1.54238	0.0925	2.48279e-05
10089	1	100	47	500	0.505499	0.478127	0.410342	0.0677855	0.0273717	0.60057	0.0420506	1.54703	0.0912299	2.49208e-05
10090	1	100	53	500	0.515183	0.483641	0.416641	0.0670002	0.0315428	0.596985	0.0446739	1.55109	0.0943123	2.4614e-05
10091	1	100	54	500	0.524527	0.486636	0.419821	0.0668147	0.0378918	0.595541	0.0443522	1.55161	0.0944261	2.44371e-05
10092	1	100	46	500	0.527965	0.494117	0.433252	0.0608649	0.0338484	0.5894	0.0424546	1.56178	0.0892013	2.43211e-05
10093	1	100	45	500	0.531863	0.496477	0.435953	0.0605232	0.0353861	0.588834	0.0443173	1.56485	0.0951886	2.38537e-05
10094	1	100	44	500	0.544821	0.502832	0.442571	0.0602618	0.0419886	0.584161	0.0437562	1.56499	0.0977822	2.41067e-05
10095	1	100	42	500	0.542124	0.501837	0.443052	0.058785	0.0402874	0.584053	0.0441175	1.56485	0.101666	2.43666e-05
10096	1	100	50	500	0.541014	0.498416	0.437291	0.0611256	0.0425977	0.58811	0.0409613	1.56223	0.0871889	2.4282e-05
10097	1	100	37	500	0.54039	0.501075	0.443024	0.0580509	0.039315	0.586146	0.0414259	1.56867	0.0881089	2.41564e-05
10098	1	100	37	500	0.535041	0.500881	0.446843	0.0540382	0.0341595	0.585199	0.0384134	1.57101	0.088286	2.3707e-05
10099	1	100	40	500	0.542235	0.505598	0.453317	0.0522816	0.036637	0.58314	0.0381771	1.57835	0.0849019	2.32347e-05
10100	1	100	46	500	0.547169	0.508895	0.458278	0.0506173	0.0382739	0.581284	0.039077	1.5827	0.0873188	2.27838e-05
10101	1	100	48	500	0.543699	0.510441	0.462197	0.0482434	0.0332579	0.579812	0.0396412	1.58845	0.0874671	2.2595e-05
