Generation	PopulationID	SampleSize	UniqueMutations	PopulationSize	totalLoad	RelzLoad	RelzLoadHomo	RelzLoadHetero	MskLoad	MeanFitness	SdFitness	MeanFitnessCached	SdFitnessCached	Heterozygosity	
10001	1	100	66	500	0.216844	0.19131	0.136613	0.0546972	0.0255344	0.817808	0.0397085	1.18482	0.0546303	2.50432e-05
10002	1	100	65	500	0.219721	0.192963	0.135705	0.0572576	0.0267586	0.815962	0.0402922	1.18416	0.0581019	2.49995e-05
10003	1	100	68	500	0.224763	0.196875	0.138134	0.0587408	0.0278883	0.812765	0.0412678	1.18909	0.057859	2.48295e-05
10004	1	100	62	500	0.221916	0.199266	0.138909	0.060357	0.0226504	0.810723	0.0384814	1.19444	0.0532234	2.44336e-05
10005	1	100	61	500	0.226359	0.201566	0.142241	0.0593245	0.0247934	0.809113	0.0382046	1.19673	0.051527	2.46433e-05
10006	1	100	64	500	0.224303	0.201784	0.142843	0.0589409	0.022519	0.808956	0.0379708	1.19909	0.0490732	2.46549e-05
10007	1	100	65	500	0.22207	0.203627	0.142505	0.0611214	0.018443	0.807421	0.0367808	1.20326	0.0490655	2.49725e-05
10008	1	100	57	500	0.221843	0.201059	0.144724	0.0563351	0.0207839	0.809726	0.0380402	1.19895	0.0499616	2.52644e-05
10009	1	100	61	500	0.224311	0.203615	0.140716	0.0628993	0.0206963	0.807706	0.0382652	1.20157	0.0508554	2.59061e-05
10010	1	100	61	500	0.225689	0.205812	0.1421	0.063712	0.0198765	0.806098	0.0372763	1.20531	0.0517838	2.60391e-05
10011	1	100	63	500	0.224791	0.205454	0.136851	0.0686032	0.0193368	0.805927	0.0383624	1.20414	0.0531286	2.69124e-05
10012	1	100	59	500	0.225803	0.208488	0.140674	0.0678132	0.0173155	0.802957	0.0394645	1.20832	0.0531321	2.63717e-05
10013	1	100	62	500	0.225582	0.21137	0.145592	0.0657779	0.0142118	0.799586	0.037606	1.21296	0.0538677	2.58742e-05
10014	1	100	59	500	0.225212	0.210444	0.143888	0.0665559	0.0147682	0.801277	0.0403685	1.21277	0.0559428	2.60065e-05
10015	1	100	65	500	0.229056	0.213094	0.143747	0.0693472	0.015962	0.798666	0.0379552	1.21391	0.0540749	2.61841e-05
10016	1	100	67	500	0.234018	0.216538	0.145957	0.0705809	0.0174801	0.79633	0.037313	1.21839	0.0519929	2.62593e-05
10017	1	100	68	500	0.232234	0.216413	0.145944	0.0704699	0.0158211	0.795888	0.0379888	1.21839	0.0546336	2.62387e-05
10018	1	100	63	500	0.232303	0.219397	0.144921	0.0744758	0.012906	0.793562	0.038878	1.22443	0.0546992	2.63619e-05
10019	1	100	56	500	0.235189	0.221529	0.140729	0.0807998	0.0136603	0.792446	0.0388725	1.22698	0.0549939	2.72109e-05
10020	1	100	56	500	0.233948	0.222929	0.14741	0.0755189	0.011019	0.790705	0.0376102	1.22908	0.0515701	2.61743e-05
10021	1	100	55	500	0.232212	0.221055	0.150006	0.0710488	0.0111574	0.791967	0.0360512	1.22674	0.0504686	2.5876e-05
10022	1	100	57	500	0.23175	0.221572	0.149722	0.0718498	0.0101782	0.791797	0.0364181	1.22783	0.0498657	2.62648e-05
10023	1	100	63	500	0.235047	0.221934	0.149941	0.0719933	0.0131128	0.791596	0.0383891	1.22765	0.0522693	2.66603e-05
10024	1	100	64	500	0.234887	0.222637	0.15078	0.0718569	0.0122502	0.79036	0.0360233	1.2282	0.0494658	2.65955e-05
10025	1	100	70	500	0.240213	0.225453	0.156239	0.0692144	0.0147595	0.788545	0.0365238	1.22934	0.050995	2.6081e-05
10026	1	100	62	500	0.239814	0.225965	0.157994	0.0679708	0.0138488	0.787669	0.03389	1.23131	0.047229	2.56622e-05
10027	1	100	64	500	0.242264	0.227555	0.156738	0.0708172	0.0147088	0.787034	0.0359922	1.2323	0.0490965	2.61953e-05
10028	1	100	67	500	0.244208	0.228328	0.15215	0.0761778	0.0158798	0.786813	0.0365297	1.23337	0.0506159	2.67615e-05
10029	1	100	64	500	0.239832	0.2279	0.151345	0.0765548	0.0119322	0.786387	0.036771	1.23546	0.0498733	2.71195e-05
10030	1	100	58	500	0.239011	0.228874	0.147875	0.0809989	0.0101372	0.78569	0.0396268	1.2374	0.054035	2.75186e-05
10031	1	100	61	500	0.247047	0.233458	0.151278	0.0821797	0.0135889	0.782376	0.0364707	1.24071	0.0501267	2.73295e-05
10032	1	100	56	500	0.2436	0.233877	0.14982	0.0840571	0.00972307	0.780875	0.0370235	1.24253	0.0515491	2.73611e-05
10033	1	100	64	500	0.251049	0.237927	0.151144	0.0867829	0.0131219	0.77831	0.0368328	1.2461	0.0502816	2.75264e-05
10034	1	100	69	500	0.250212	0.237001	0.146369	0.0906315	0.0132116	0.778664	0.0372142	1.24397	0.0515414	2.80426e-05
10035	1	100	55	500	0.251659	0.239994	0.14279	0.0972044	0.0116653	0.776612	0.0373211	1.24971	0.0516612	2.84203e-05
10036	1	100	56	500	0.252414	0.242906	0.143143	0.0997627	0.0095085	0.773269	0.0373146	1.25376	0.0518892	2.89939e-05
10037	1	100	56	500	0.266557	0.248158	0.141491	0.106667	0.0183989	0.76961	0.0363223	1.25621	0.0509877	2.89703e-05
10038	1	100	57	500	0.272341	0.254544	0.14157	0.112974	0.0177971	0.764289	0.0374145	1.26215	0.0539801	2.95835e-05
10039	1	100	57	500	0.269464	0.254942	0.140163	0.11478	0.0145217	0.764061	0.0376763	1.26577	0.0528132	3.00023e-05
10040	1	100	59	500	0.274904	0.258779	0.139772	0.119007	0.0161254	0.760579	0.0387416	1.27022	0.0559862	3.03516e-05
10041	1	100	55	500	0.27391	0.261641	0.142926	0.118715	0.0122689	0.758218	0.0376741	1.27446	0.0538721	3.02421e-05
10042	1	100	55	500	0.275464	0.264418	0.140566	0.123852	0.011046	0.756393	0.0406254	1.27822	0.0590675	3.07981e-05
10043	1	100	62	500	0.284015	0.268234	0.140717	0.127518	0.0157809	0.753049	0.0415047	1.27948	0.0638425	3.14694e-05
10044	1	100	53	500	0.275094	0.26615	0.143412	0.122738	0.0089441	0.754483	0.0413406	1.28117	0.0612588	3.1714e-05
10045	1	100	50	500	0.277892	0.268455	0.144606	0.12385	0.00943682	0.752876	0.0406812	1.28521	0.0590892	3.18083e-05
10046	1	100	56	500	0.283539	0.270895	0.144848	0.126047	0.0126436	0.751617	0.0419207	1.28583	0.0634834	3.205e-05
10047	1	100	54	500	0.285439	0.273116	0.146333	0.126784	0.012323	0.749884	0.0416479	1.28841	0.0624519	3.20648e-05
10048	1	100	61	500	0.291516	0.277189	0.150838	0.126351	0.0143266	0.745423	0.0444262	1.29159	0.0655406	3.21378e-05
10049	1	100	56	500	0.301844	0.282528	0.151153	0.131375	0.0193158	0.741989	0.0439916	1.29614	0.067419	3.23501e-05
10050	1	100	57	500	0.303604	0.285673	0.154035	0.131638	0.017931	0.739681	0.0449901	1.29966	0.0707436	3.26976e-05
10051	1	100	58	500	0.301504	0.284142	0.151998	0.132144	0.0173623	0.741098	0.0436218	1.29827	0.0656332	3.32075e-05
10052	1	100	53	500	0.300202	0.287618	0.154419	0.133198	0.0125844	0.736471	0.0464276	1.30722	0.0701828	3.30148e-05
10053	1	100	47	500	0.301954	0.292984	0.156627	0.136356	0.00897071	0.732318	0.0451699	1.31257	0.0691378	3.33949e-05
10054	1	100	54	500	0.309066	0.298897	0.158405	0.140492	0.0101694	0.728695	0.0466531	1.3212	0.0709172	3.3563e-05
10055	1	100	55	500	0.308641	0.298808	0.158449	0.140359	0.00983258	0.729361	0.0482019	1.32201	0.073841	3.36585e-05
10056	1	100	48	500	0.301262	0.294069	0.157072	0.136997	0.00719293	0.732389	0.0454962	1.31681	0.068599	3.36453e-05
10057	1	100	51	500	0.308717	0.29933	0.163886	0.135445	0.00938631	0.729258	0.0479222	1.32317	0.0754373	3.405e-05
10058	1	100	49	500	0.308914	0.301136	0.165051	0.136086	0.00777734	0.727518	0.0480519	1.32558	0.0757989	3.43322e-05
10059	1	100	49	500	0.323961	0.31346	0.17448	0.13898	0.0105009	0.718694	0.0544171	1.34005	0.0888178	3.45729e-05
10060	1	100	55	500	0.326935	0.316238	0.176556	0.139682	0.0106967	0.71585	0.0555352	1.3428	0.0913477	3.45861e-05
10061	1	100	48	500	0.335518	0.325934	0.185503	0.140431	0.0095842	0.708268	0.057057	1.35543	0.0932305	3.44918e-05
10062	1	100	49	500	0.336559	0.328779	0.187999	0.14078	0.00777931	0.70605	0.0588717	1.35945	0.097104	3.47088e-05
10063	1	100	49	500	0.348839	0.336971	0.19521	0.141761	0.0118678	0.700481	0.0590552	1.36824	0.099059	3.45502e-05
10064	1	100	47	500	0.351029	0.341077	0.199792	0.141285	0.00995244	0.697824	0.0602152	1.37463	0.100246	3.47101e-05
10065	1	100	52	500	0.366636	0.355495	0.216009	0.139486	0.0111415	0.686908	0.0607399	1.39111	0.100469	3.44795e-05
10066	1	100	51	500	0.3702	0.359134	0.21926	0.139874	0.0110658	0.683754	0.0603115	1.39521	0.100346	3.45084e-05
10067	1	100	50	500	0.383336	0.36769	0.230588	0.137102	0.015646	0.677845	0.0616199	1.40272	0.10531	3.3962e-05
10068	1	100	45	500	0.377543	0.369059	0.23364	0.135419	0.00848343	0.675989	0.0636785	1.40737	0.107938	3.42509e-05
10069	1	100	52	500	0.384159	0.372697	0.235043	0.137654	0.011462	0.67315	0.0669492	1.41021	0.113937	3.42852e-05
10070	1	100	54	500	0.402412	0.387568	0.255439	0.132129	0.0148443	0.661678	0.0648155	1.42785	0.113369	3.36213e-05
10071	1	100	53	500	0.414693	0.401244	0.271689	0.129555	0.0134499	0.651943	0.064498	1.4451	0.11218	3.29213e-05
10072	1	100	51	500	0.423158	0.410624	0.283877	0.126747	0.0125333	0.645107	0.0631597	1.45587	0.111385	3.21948e-05
10073	1	100	56	500	0.438397	0.421654	0.297964	0.123689	0.0167436	0.637469	0.0631289	1.46606	0.110264	3.16829e-05
10074	1	100	52	500	0.444018	0.430647	0.311178	0.11947	0.0133709	0.630943	0.0600291	1.47975	0.107168	3.14137e-05
10075	1	100	50	500	0.44834	0.435431	0.319407	0.116024	0.0129091	0.627659	0.0608014	1.4861	0.105385	3.0868e-05
10076	1	100	59	500	0.461946	0.446533	0.335935	0.110598	0.0154125	0.620103	0.0608022	1.49853	0.106788	2.99969e-05
10077	1	100	53	500	0.459698	0.448461	0.336739	0.111722	0.0112364	0.618529	0.0586821	1.50328	0.101759	3.02038e-05
10078	1	100	52	500	0.464574	0.449048	0.334175	0.114873	0.0155262	0.618457	0.0582073	1.50217	0.102122	3.10063e-05
10079	1	100	54	500	0.467625	0.452124	0.339096	0.113028	0.0155016	0.616068	0.0564945	1.50559	0.10076	3.08167e-05
10080	1	100	50	500	0.469625	0.45415	0.340656	0.113495	0.0154747	0.612773	0.0581839	1.50565	0.113408	3.08947e-05
10081	1	100	62	500	0.473725	0.455663	0.341067	0.114597	0.0180614	0.613484	0.0567905	1.5098	0.106858	3.11348e-05
10082	1	100	60	500	0.481149	0.464197	0.350626	0.113571	0.0169524	0.607718	0.0541314	1.52181	0.105428	3.11019e-05
10083	1	100	59	500	0.484317	0.467492	0.360742	0.106749	0.0168257	0.605211	0.0544557	1.52535	0.104606	3.03229e-05
10084	1	100	55	500	0.492619	0.474768	0.372735	0.102033	0.0178505	0.600221	0.0497969	1.53278	0.097978	2.94755e-05
10085	1	100	57	500	0.491797	0.47348	0.37203	0.10145	0.0183172	0.601549	0.0537411	1.53194	0.101684	2.99098e-05
10086	1	100	50	500	0.489016	0.478357	0.380734	0.0976223	0.0106591	0.597507	0.0538171	1.54196	0.10201	2.95348e-05
10087	1	100	60	500	0.510837	0.494318	0.403493	0.0908255	0.0165193	0.587706	0.0495859	1.55946	0.0983962	2.79799e-05
10088	1	100	55	500	0.512453	0.500156	0.412533	0.087623	0.0122975	0.583254	0.0478542	1.56894	0.0986468	2.7297e-05
10089	1	100	54	500	0.514271	0.502559	0.42061	0.0819488	0.011712	0.581135	0.0464996	1.57143	0.0966268	2.68833e-05
10090	1	100	45	500	0.518487	0.505807	0.426586	0.0792217	0.0126797	0.578773	0.0450343	1.57693	0.0934613	2.62978e-05
10091	1	100	50	500	0.533469	0.517121	0.441785	0.0753364	0.0163477	0.571987	0.0450598	1.58828	0.0968787	2.51889e-05
10092	1	100	55	500	0.531455	0.51817	0.443248	0.0749222	0.0132856	0.571329	0.0435135	1.59133	0.0944166	2.50933e-05
10093	1	100	49	500	0.538476	0.526627	0.451741	0.0748855	0.0118491	0.565898	0.0414382	1.60417	0.0924357	2.47689e-05
10094	1	100	43	500	0.544582	0.534236	0.462366	0.07187	0.010346	0.561231	0.043091	1.61489	0.101847	2.40385e-05
10095	1	100	51	500	0.542757	0.533434	0.458505	0.0749288	0.00932335	0.562002	0.0441553	1.61562	0.105478	2.47314e-05
10096	1	100	51	500	0.547054	0.537415	0.464108	0.0733074	0.00963898	0.559754	0.0429996	1.62139	0.103735	2.43096e-05
10097	1	100	51	500	0.553653	0.54245	0.465946	0.0765042	0.0112032	0.556844	0.0433217	1.62722	0.105226	2.4399e-05
10098	1	100	47	500	0.559108	0.547687	0.473088	0.0745992	0.0114205	0.553362	0.0418638	1.63212	0.104214	2.35429e-05
10099	1	100	44	500	0.56372	0.552185	0.470594	0.0815908	0.0115353	0.551335	0.0453354	1.64044	0.113085	2.38309e-05
10100	1	100	57	500	0.570212	0.556977	0.474234	0.082743	0.0132352	0.548696	0.0458292	1.64586	0.118121	2.383e-05
10101	1	100	52	500	0.569935	0.558967	0.475742	0.0832246	0.0109687	0.546962	0.0458685	1.65219	0.11786	2.44628e-05
