Generation	PopulationID	SampleSize	UniqueMutations	PopulationSize	totalLoad	RelzLoad	RelzLoadHomo	RelzLoadHetero	MskLoad	MeanFitness	SdFitness	MeanFitnessCached	SdFitnessCached	Heterozygosity	
10001	1	100	47	500	0.389816	0.379917	0.362941	0.0169755	0.00989966	0.66437	0.0227309	1.42037	0.0386012	2.08654e-05
10002	1	100	39	500	0.389669	0.380973	0.367772	0.0132009	0.00869532	0.663015	0.0200086	1.42286	0.0345445	2.06786e-05
10003	1	100	36	500	0.38893	0.38115	0.369536	0.0116142	0.0077796	0.662609	0.0199087	1.4235	0.03359	2.05944e-05
10004	1	100	37	500	0.396422	0.384706	0.374496	0.01021	0.0117163	0.659962	0.0195272	1.42473	0.0339602	2.00057e-05
10005	1	100	36	500	0.393897	0.384739	0.375749	0.00898995	0.00915855	0.659845	0.0178292	1.42762	0.0307354	1.98496e-05
10006	1	100	33	500	0.392602	0.384353	0.374452	0.00990102	0.0082489	0.66066	0.0185437	1.42736	0.030464	2.02363e-05
10007	1	100	34	500	0.391521	0.3843	0.375554	0.00874577	0.00722119	0.660524	0.0175747	1.42793	0.0287049	2.0232e-05
10008	1	100	34	500	0.389972	0.383853	0.37553	0.00832304	0.0061185	0.660714	0.0170098	1.42845	0.0289597	2.02803e-05
10009	1	100	35	500	0.391674	0.384232	0.372998	0.0112338	0.00744171	0.660881	0.0186623	1.42706	0.0320177	2.0831e-05
10010	1	100	32	500	0.391454	0.3853	0.378394	0.00690585	0.00615403	0.65918	0.0160732	1.42936	0.0267724	2.06768e-05
10011	1	100	33	500	0.396763	0.387192	0.379999	0.00719254	0.00957118	0.658155	0.0157111	1.42872	0.0265473	2.1109e-05
10012	1	100	35	500	0.396834	0.388504	0.383262	0.0052418	0.0083309	0.656272	0.014346	1.42898	0.0272265	2.13054e-05
10013	1	100	32	500	0.396282	0.388671	0.384072	0.00459894	0.00761087	0.656467	0.0123942	1.43083	0.0222402	2.12526e-05
10014	1	100	35	500	0.254133	0.244225	0.239266	0.00495959	0.00990789	0.768167	0.0136414	1.24981	0.0202495	2.12747e-05
10015	1	100	30	500	0.255272	0.244488	0.239423	0.00506517	0.0107841	0.768171	0.0140197	1.25007	0.0186071	2.15452e-05
10016	1	100	35	500	0.258735	0.244636	0.238356	0.00627983	0.0140988	0.768245	0.016186	1.24906	0.0218344	2.21048e-05
10017	1	100	36	500	0.24962	0.242888	0.239056	0.00383167	0.00673233	0.768456	0.0146405	1.25059	0.0192453	2.21439e-05
10018	1	100	34	500	0.173864	0.16694	0.16142	0.00551941	0.00692405	0.832303	0.0178908	1.16146	0.0198718	2.25076e-05
10019	1	100	37	500	0.179326	0.168229	0.161767	0.00646222	0.0110968	0.831884	0.0184117	1.16142	0.020427	2.2189e-05
10020	1	100	30	500	0.179786	0.168874	0.163468	0.00540652	0.0109114	0.830663	0.016139	1.16124	0.0192266	2.20863e-05
10021	1	100	30	500	0.178972	0.168563	0.164434	0.00412888	0.0104091	0.830609	0.0146193	1.16186	0.0172045	2.19536e-05
10022	1	100	26	500	0.175718	0.168808	0.166011	0.00279758	0.0069098	0.82995	0.0116504	1.16357	0.0155149	2.16161e-05
10023	1	100	31	500	0.178772	0.169437	0.166027	0.00340979	0.00933515	0.829344	0.0120889	1.16299	0.0161433	2.19583e-05
10024	1	100	40	500	0.179561	0.169722	0.165678	0.00404388	0.00983945	0.830049	0.011956	1.16332	0.0144953	2.18562e-05
10025	1	100	35	500	0.178531	0.169644	0.166005	0.00363909	0.00888722	0.828654	0.0212543	1.16251	0.0294629	2.1888e-05
10026	1	100	40	500	0.1868	0.170958	0.166093	0.00486513	0.0158418	0.828183	0.023502	1.16135	0.0334652	2.20491e-05
10027	1	100	34	500	0.181876	0.170059	0.166071	0.00398815	0.0118172	0.828768	0.0231833	1.16149	0.0322453	2.17989e-05
10028	1	100	33	500	0.181879	0.170221	0.166087	0.00413484	0.0116578	0.829447	0.0120605	1.16277	0.0169348	2.2043e-05
10029	1	100	39	500	0.0159767	0.00416185	0.000169602	0.00399225	0.0118149	0.994885	0.0132814	0.997309	0.0133582	2.23501e-05
10030	1	100	45	500	0.0175601	0.00510958	0.000182324	0.00492725	0.0124506	0.994446	0.014603	0.998119	0.0132009	2.24004e-05
10031	1	100	32	500	0.0137131	0.00414129	0.000159694	0.0039816	0.00957178	0.994384	0.0146244	0.997926	0.0141498	2.23937e-05
10032	1	100	39	500	0.00874874	0.00292862	0.000129366	0.00279926	0.00582012	0.995187	0.0143833	0.998101	0.0128343	2.2509e-05
10033	1	100	30	500	0.00734655	0.00297284	0.000119138	0.0028537	0.00437371	0.994027	0.0169768	0.9977	0.0150598	2.27615e-05
10034	1	100	39	500	0.0109807	0.00346876	0.000158757	0.00331	0.00751197	0.994863	0.0153622	0.998038	0.0158371	2.30338e-05
10035	1	100	36	500	0.00748324	0.00260367	0.000176566	0.00242711	0.00487957	0.995886	0.0111014	0.998642	0.011218	2.28573e-05
10036	1	100	38	500	0.011983	0.0038559	0.000232516	0.00362338	0.0081271	0.9957	0.0128005	0.999125	0.0132088	2.28274e-05
10037	1	100	34	500	0.0098386	0.00311568	0.000229695	0.00288598	0.00672293	0.995208	0.0139602	0.998973	0.0144501	2.32794e-05
10038	1	100	31	500	0.00924509	0.00291115	0.000271124	0.00264003	0.00633394	0.994399	0.0145974	0.998	0.0149722	2.34349e-05
10039	1	100	44	500	0.014741	0.00471627	0.000303046	0.00441322	0.0100248	0.99457	0.0111341	0.998769	0.0117266	2.35758e-05
10040	1	100	34	500	0.0147597	0.00474522	0.000314034	0.00443119	0.0100145	0.994153	0.012584	0.998382	0.0132027	2.36315e-05
10041	1	100	36	500	0.0158741	0.0044221	0.000334205	0.0040879	0.011452	0.993422	0.0146261	0.997559	0.0152168	2.37376e-05
10042	1	100	36	500	0.0166615	0.00510598	0.000273081	0.0048329	0.0115556	0.993074	0.0162061	0.99746	0.0165171	2.42405e-05
10043	1	100	36	500	0.0206758	0.00582892	0.000279409	0.00554951	0.0148468	0.992892	0.0166006	0.997156	0.0168792	2.39016e-05
10044	1	100	36	500	0.0242174	0.00694214	0.000345036	0.0065971	0.0172752	0.991884	0.0184137	0.996679	0.0178533	2.40511e-05
10045	1	100	33	500	0.0258933	0.00731672	0.000371879	0.00694485	0.0185765	0.991019	0.0199389	0.996119	0.020875	2.43216e-05
10046	1	100	34	500	0.0207575	0.00619911	0.000266287	0.00593282	0.0145584	0.992531	0.0181553	0.997312	0.018541	2.48729e-05
10047	1	100	26	500	0.0144203	0.00379754	0.000185544	0.00361199	0.0106228	0.993148	0.0163665	0.997825	0.0168924	2.49019e-05
10048	1	100	30	500	0.0196888	0.00590166	0.000255391	0.00564627	0.0137871	0.992574	0.0173924	0.997068	0.0181046	2.50969e-05
10049	1	100	28	500	0.0154155	0.00521854	0.000217733	0.00500081	0.0101969	0.992859	0.0170998	0.998005	0.0176579	2.54784e-05
10050	1	100	35	500	0.0243623	0.00631246	0.000256744	0.00605571	0.0180498	0.99083	0.0203122	0.995856	0.021848	2.55655e-05
10051	1	100	34	500	0.0227866	0.00618451	0.00018752	0.00599699	0.0166021	0.991956	0.0201437	0.996531	0.0201819	2.55308e-05
10052	1	100	31	500	0.014355	0.0051701	0.000188924	0.00498117	0.00918493	0.99235	0.0175125	0.998656	0.01889	2.61176e-05
10053	1	100	32	500	0.0177515	0.00629743	0.000230982	0.00606645	0.0114541	0.991493	0.0198441	0.999819	0.0200191	2.64608e-05
10054	1	100	34	500	0.012526	0.00633861	0.000221238	0.00611737	0.00618735	0.990427	0.0205898	1.0004	0.022067	2.66755e-05
10055	1	100	31	500	0.0143836	0.00644324	0.000194454	0.00624878	0.0079404	0.991449	0.0195129	1.00047	0.0198131	2.68959e-05
10056	1	100	38	500	0.0205499	0.00743415	0.000237676	0.00719647	0.0131158	0.991501	0.0196414	0.999537	0.0200226	2.72917e-05
10057	1	100	30	500	0.0199643	0.00668326	0.000274621	0.00640864	0.013281	0.992166	0.0185338	0.998742	0.0193973	2.75686e-05
10058	1	100	39	500	0.0263167	0.00855665	0.000340693	0.00821595	0.01776	0.990682	0.0216851	0.998408	0.0217819	2.77382e-05
10059	1	100	40	500	0.0252851	0.00738652	0.000246728	0.00713979	0.0178986	0.990782	0.0218079	0.997416	0.0217567	2.80041e-05
10060	1	100	41	500	0.0267444	0.0077004	0.000204196	0.00749621	0.019044	0.991423	0.0207275	0.997922	0.0205186	2.79594e-05
10061	1	100	39	500	0.0228916	0.00720829	0.000180928	0.00702736	0.0156833	0.991311	0.0209738	0.997542	0.0201829	2.83773e-05
10062	1	100	50	500	0.0352971	0.0104025	0.000348285	0.0100542	0.0248946	0.989019	0.0241756	0.997403	0.0231523	2.88261e-05
10063	1	100	38	500	0.0163919	0.00669253	0.0001875	0.00650503	0.00969937	0.988407	0.0356612	0.997836	0.0356292	2.9328e-05
10064	1	100	40	500	0.0225154	0.00862232	0.000287334	0.00833498	0.0138931	0.988536	0.0240618	0.998923	0.0235982	2.94675e-05
10065	1	100	46	500	0.02768	0.00889605	0.000295912	0.00860014	0.0187839	0.988573	0.0243264	1.00004	0.0223297	2.95924e-05
10066	1	100	50	500	0.0266745	0.00961998	0.000285068	0.00933491	0.0170545	0.988868	0.0228752	1.00015	0.0228506	2.99043e-05
10067	1	100	40	500	0.0170051	0.00733211	0.000237443	0.00709467	0.00967302	0.991016	0.0192619	1.00078	0.020327	2.99024e-05
10068	1	100	37	500	0.0229505	0.00951089	0.000315081	0.00919581	0.0134396	0.989075	0.0208234	1.00131	0.022894	3.01431e-05
10069	1	100	31	500	0.023221	0.00961641	0.000358728	0.00925768	0.0136046	0.988219	0.0218002	1.00112	0.0240476	3.00641e-05
10070	1	100	43	500	0.0296168	0.0114542	0.000448127	0.0110061	0.0181626	0.987789	0.0253528	1.00138	0.027244	3.01777e-05
10071	1	100	39	500	0.0261013	0.0104906	0.000489409	0.0100012	0.0156107	0.987509	0.02256	1.00288	0.0244686	3.03034e-05
10072	1	100	31	500	0.0264383	0.0123478	0.000558916	0.0117889	0.0140905	0.986922	0.0222112	1.00411	0.023826	3.02496e-05
10073	1	100	38	500	0.0326858	0.0140307	0.000677244	0.0133534	0.0186551	0.985247	0.0243385	1.00447	0.0234286	3.00972e-05
10074	1	100	35	500	0.0292693	0.0136697	0.000692899	0.0129768	0.0155996	0.98478	0.0243448	1.004	0.0259127	3.04726e-05
10075	1	100	30	500	0.0258454	0.0141004	0.000684522	0.0134159	0.011745	0.984312	0.0243825	1.00635	0.0261129	3.05788e-05
10076	1	100	41	500	0.0348285	0.0160462	0.0008301	0.0152161	0.0187822	0.982789	0.02994	1.00484	0.0321381	3.09208e-05
10077	1	100	35	500	0.0323819	0.0149762	0.000742891	0.0142333	0.0174056	0.98426	0.0256292	1.00504	0.0265869	3.11633e-05
10078	1	100	36	500	0.0329068	0.0154305	0.000667558	0.014763	0.0174763	0.982825	0.0297032	1.00466	0.0295712	3.10672e-05
10079	1	100	40	500	0.0347026	0.015683	0.000746045	0.0149369	0.0190196	0.983079	0.0290803	1.00472	0.0302442	3.12593e-05
10080	1	100	40	500	0.0283756	0.0159279	0.000778442	0.0151494	0.0124478	0.98147	0.028713	1.00712	0.0312152	3.16122e-05
10081	1	100	41	500	0.0389252	0.0201768	0.00112343	0.0190533	0.0187484	0.978619	0.0317284	1.00908	0.0329993	3.18263e-05
10082	1	100	43	500	0.0399231	0.0222838	0.00129817	0.0209857	0.0176392	0.977308	0.0323165	1.01237	0.035413	3.20036e-05
10083	1	100	43	500	0.0387517	0.0242896	0.00152454	0.022765	0.0144621	0.9745	0.0347518	1.01534	0.0370939	3.19812e-05
10084	1	100	42	500	0.0446724	0.0254208	0.00170706	0.0237137	0.0192516	0.973183	0.0346382	1.01473	0.0392315	3.19882e-05
10085	1	100	44	500	0.0356493	0.023897	0.00176474	0.0221323	0.0117523	0.974416	0.0327005	1.0162	0.0349138	3.2125e-05
10086	1	100	41	500	0.0380915	0.026945	0.00263356	0.0243114	0.0111466	0.971837	0.0357742	1.01981	0.039245	3.18089e-05
10087	1	100	42	500	0.0403324	0.027343	0.00251938	0.0248236	0.0129894	0.971788	0.0370163	1.01956	0.0397282	3.20374e-05
10088	1	100	42	500	0.0412033	0.0289973	0.00309727	0.0259	0.012206	0.969768	0.0377514	1.02203	0.0409964	3.22832e-05
10089	1	100	46	500	0.0415746	0.0285987	0.00276551	0.0258332	0.0129759	0.970989	0.0368013	1.02175	0.0391975	3.24388e-05
10090	1	100	46	500	0.0447355	0.0303311	0.00327287	0.0270582	0.0144045	0.967989	0.0389877	1.02314	0.0423176	3.2598e-05
10091	1	100	39	500	0.0473137	0.0335271	0.00417612	0.0293509	0.0137867	0.965451	0.0391299	1.02522	0.0414694	3.27331e-05
10092	1	100	35	500	0.0435592	0.0315981	0.00382965	0.0277685	0.011961	0.966932	0.0385498	1.02413	0.0415628	3.2413e-05
10093	1	100	49	500	0.0495055	0.0353984	0.00505474	0.0303437	0.0141071	0.964333	0.0415943	1.02774	0.044415	3.25152e-05
10094	1	100	50	500	0.0502481	0.0377878	0.00638911	0.0313987	0.0124602	0.960305	0.0439005	1.03065	0.0478579	3.26362e-05
10095	1	100	48	500	0.0536735	0.039463	0.00655441	0.0329086	0.0142105	0.959948	0.0450821	1.03207	0.0474133	3.27049e-05
10096	1	100	46	500	0.053995	0.0426242	0.00801916	0.0346051	0.0113707	0.95602	0.0449342	1.03603	0.0486785	3.27697e-05
10097	1	100	48	500	0.0540252	0.0422621	0.00825938	0.0340028	0.0117631	0.956911	0.0436017	1.03653	0.0470445	3.29719e-05
10098	1	100	38	500	0.0553958	0.0452666	0.00924661	0.03602	0.0101292	0.953963	0.0454813	1.04036	0.0489381	3.32126e-05
10099	1	100	41	500	0.0527385	0.0475008	0.0106671	0.0368337	0.00523765	0.950847	0.0463652	1.04436	0.0497617	3.33269e-05
10100	1	100	37	500	0.0464815	0.0444953	0.00958795	0.0349074	0.00198613	0.953779	0.0452334	1.04238	0.0479284	3.34087e-05
10101	1	100	33	500	0.053802	0.0496786	0.0120851	0.0375935	0.00412348	0.949247	0.045531	1.04757	0.0469281	3.38036e-05
