Generation	PopulationID	SampleSize	UniqueMutations	PopulationSize	totalLoad	RelzLoad	RelzLoadHomo	RelzLoadHetero	MskLoad	MeanFitness	SdFitness	MeanFitnessCached	SdFitnessCached	Heterozygosity	
10001	1	100	53	500	0.431543	0.411995	0.286567	0.125428	0.019548	0.633545	0.0683503	1.43346	0.118397	2.01297e-05
10002	1	100	46	500	0.446194	0.425147	0.295029	0.130118	0.0210471	0.624475	0.0710478	1.44754	0.119275	2.00348e-05
10003	1	100	42	500	0.461416	0.438317	0.306389	0.131929	0.0230983	0.613391	0.0689964	1.45926	0.113768	1.97912e-05
10004	1	100	48	500	0.463001	0.44128	0.311299	0.129981	0.0217202	0.611246	0.0686112	1.462	0.113072	2.00814e-05
10005	1	100	46	500	0.467845	0.445797	0.314022	0.131775	0.0220479	0.609086	0.0705902	1.46889	0.111826	2.04495e-05
10006	1	100	41	500	0.471911	0.45339	0.32332	0.13007	0.0185204	0.602076	0.0671947	1.47994	0.106584	2.04825e-05
10007	1	100	38	500	0.478584	0.460676	0.332648	0.128029	0.017908	0.597984	0.0662752	1.4884	0.108329	2.01745e-05
10008	1	100	41	500	0.250524	0.229651	0.102344	0.127307	0.020873	0.777811	0.0835165	1.20695	0.081858	2.03827e-05
10009	1	100	38	500	0.256113	0.2364	0.107229	0.129171	0.0197126	0.771935	0.0830208	1.21417	0.0829409	2.08271e-05
10010	1	100	43	500	0.267293	0.246805	0.118127	0.128678	0.0204878	0.763399	0.0745707	1.22541	0.0771321	2.07169e-05
10011	1	100	40	500	0.273512	0.254007	0.125825	0.128182	0.0195051	0.75567	0.072249	1.23104	0.0737287	2.08975e-05
10012	1	100	36	500	0.269468	0.25046	0.122171	0.128289	0.0190083	0.757429	0.0728195	1.22938	0.072708	2.08915e-05
10013	1	100	40	500	0.272183	0.255899	0.130685	0.125214	0.016284	0.752318	0.0696909	1.23446	0.0712598	2.09993e-05
10014	1	100	45	500	0.283729	0.263029	0.140387	0.122642	0.0206999	0.745752	0.0654778	1.23972	0.0665043	2.07241e-05
10015	1	100	39	500	0.286556	0.265838	0.147157	0.118681	0.0207172	0.743343	0.061015	1.24286	0.0655488	2.10084e-05
10016	1	100	46	500	0.286458	0.26734	0.148493	0.118847	0.0191186	0.74205	0.0632077	1.24454	0.0648607	2.15888e-05
10017	1	100	39	500	0.290149	0.27227	0.148656	0.123614	0.0178798	0.737634	0.0609965	1.25099	0.0648317	2.21608e-05
10018	1	100	40	500	0.293924	0.276182	0.157528	0.118654	0.017742	0.733239	0.058882	1.25376	0.0616052	2.19025e-05
10019	1	100	45	500	0.303711	0.282823	0.166196	0.116627	0.020888	0.726813	0.0540913	1.25943	0.0578631	2.16667e-05
10020	1	100	49	500	0.304996	0.285529	0.164312	0.121217	0.0194677	0.725357	0.0514133	1.26395	0.0577972	2.21097e-05
10021	1	100	42	500	0.306075	0.285552	0.167515	0.118037	0.0205235	0.724076	0.0520078	1.26369	0.0546189	2.21836e-05
10022	1	100	49	500	0.31053	0.289054	0.174066	0.114988	0.0214763	0.721288	0.0476266	1.26763	0.0528473	2.22867e-05
10023	1	100	45	500	0.310589	0.290559	0.179664	0.110895	0.0200304	0.719912	0.0454955	1.2714	0.0494501	2.21265e-05
10024	1	100	45	500	0.315	0.294989	0.185175	0.109814	0.0200109	0.716431	0.0441651	1.27435	0.050294	2.22855e-05
10025	1	100	37	500	0.318813	0.300376	0.189697	0.110679	0.0184374	0.711359	0.0392047	1.27852	0.0478402	2.24317e-05
10026	1	100	37	500	0.320371	0.300798	0.19494	0.105857	0.019573	0.71121	0.0407923	1.27985	0.0463274	2.22847e-05
10027	1	100	42	500	0.32006	0.301316	0.198051	0.103265	0.0187439	0.710537	0.038471	1.28144	0.0441336	2.24438e-05
10028	1	100	42	500	0.321678	0.302405	0.197071	0.105334	0.0192729	0.708264	0.0381813	1.27863	0.0444982	2.289e-05
10029	1	100	43	500	0.324488	0.304973	0.197661	0.107312	0.0195155	0.70755	0.0348833	1.28312	0.0400749	2.3592e-05
10030	1	100	39	500	0.322854	0.303302	0.212235	0.0910679	0.0195519	0.703335	0.0323626	1.28284	0.0410839	2.24855e-05
10031	1	100	45	500	0.325752	0.30618	0.216086	0.0900943	0.019572	0.704334	0.0351498	1.28364	0.0406016	2.196e-05
10032	1	100	45	500	0.325634	0.304719	0.215566	0.0891538	0.0209144	0.70624	0.0381207	1.2837	0.0444323	2.19059e-05
10033	1	100	42	500	0.328733	0.307354	0.217016	0.0903384	0.0213785	0.703671	0.037182	1.28657	0.0481488	2.20003e-05
10034	1	100	50	500	0.326354	0.30638	0.216946	0.0894339	0.019974	0.703869	0.0418072	1.28452	0.0524441	2.20008e-05
10035	1	100	48	500	0.329787	0.309131	0.220521	0.0886098	0.0206558	0.702577	0.0414886	1.28938	0.0529009	2.22323e-05
10036	1	100	52	500	0.332009	0.31158	0.222857	0.0887233	0.0204287	0.70072	0.0435797	1.29174	0.0523727	2.22278e-05
10037	1	100	43	500	0.331946	0.314389	0.220591	0.0937976	0.0175569	0.698035	0.0425795	1.29602	0.0566668	2.29797e-05
10038	1	100	46	500	0.33429	0.312914	0.216888	0.0960254	0.0213764	0.700128	0.0444683	1.29436	0.0630263	2.36279e-05
10039	1	100	50	500	0.330706	0.31306	0.223261	0.0897993	0.0176464	0.699319	0.0399646	1.29757	0.0520396	2.29476e-05
10040	1	100	48	500	0.331933	0.313488	0.216736	0.0967526	0.0184447	0.69983	0.0413547	1.29758	0.0542693	2.35698e-05
10041	1	100	45	500	0.331478	0.315252	0.227043	0.0882089	0.0162262	0.697501	0.0427871	1.30103	0.0587308	2.29983e-05
10042	1	100	49	500	0.329686	0.313311	0.22632	0.0869911	0.0163749	0.69914	0.04168	1.29867	0.0552661	2.29774e-05
10043	1	100	42	500	0.330133	0.315922	0.225497	0.0904245	0.0142112	0.696932	0.0481643	1.303	0.0644228	2.31602e-05
10044	1	100	40	500	0.335528	0.317988	0.226776	0.0912118	0.0175393	0.695064	0.0477852	1.30273	0.0649244	2.33534e-05
10045	1	100	45	500	0.335591	0.317689	0.227498	0.0901904	0.0179026	0.69517	0.0441041	1.30172	0.0584186	2.3431e-05
10046	1	100	41	500	0.337455	0.319606	0.227155	0.0924515	0.0178486	0.693913	0.0432052	1.30465	0.0599288	2.39183e-05
10047	1	100	39	500	0.337823	0.321222	0.227923	0.0932988	0.0166018	0.693031	0.0406935	1.30887	0.0580678	2.40374e-05
10048	1	100	41	500	0.337241	0.321793	0.23456	0.0872335	0.0154483	0.690785	0.038374	1.31207	0.0570717	2.3791e-05
10049	1	100	42	500	0.341988	0.32378	0.241736	0.0820443	0.0182075	0.690326	0.0376991	1.30987	0.0588889	2.36483e-05
10050	1	100	42	500	0.341439	0.323716	0.245109	0.0786067	0.0177227	0.68968	0.0380272	1.30966	0.0591881	2.35858e-05
10051	1	100	42	500	0.343478	0.326077	0.247462	0.0786149	0.0174006	0.68766	0.0391666	1.31247	0.0584241	2.36474e-05
10052	1	100	39	500	0.345631	0.330075	0.252354	0.0777212	0.0155561	0.684217	0.0392099	1.3146	0.065214	2.35176e-05
10053	1	100	41	500	0.347548	0.331789	0.254533	0.0772562	0.0157589	0.682717	0.0411115	1.31659	0.0648557	2.38354e-05
10054	1	100	46	500	0.355521	0.336154	0.256597	0.0795568	0.019367	0.679093	0.0411335	1.32008	0.0673502	2.38801e-05
10055	1	100	43	500	0.360193	0.342304	0.258544	0.0837606	0.0178888	0.675301	0.0424379	1.32781	0.0696242	2.39015e-05
10056	1	100	44	500	0.363875	0.346316	0.263957	0.0823583	0.017559	0.672469	0.0469343	1.33238	0.072766	2.35332e-05
10057	1	100	39	500	0.365925	0.350562	0.2633	0.0872622	0.0153628	0.670135	0.047434	1.33747	0.0754892	2.40175e-05
10058	1	100	41	500	0.367354	0.350823	0.269159	0.0816641	0.0165311	0.669147	0.0439416	1.33518	0.0716749	2.37031e-05
10059	1	100	38	500	0.369941	0.35483	0.276444	0.0783855	0.0151117	0.665758	0.0445173	1.34023	0.0730553	2.34602e-05
10060	1	100	37	500	0.37466	0.358719	0.273805	0.0849142	0.0159406	0.663188	0.0460885	1.34657	0.073026	2.392e-05
10061	1	100	40	500	0.381459	0.363101	0.267189	0.0959125	0.0183574	0.661867	0.0490951	1.35193	0.0765495	2.44132e-05
10062	1	100	42	500	0.382569	0.364283	0.27132	0.0929634	0.018286	0.660109	0.0513526	1.35226	0.0796126	2.40982e-05
10063	1	100	40	500	0.384681	0.366267	0.260388	0.105879	0.0184142	0.658983	0.0526602	1.35572	0.0825342	2.51234e-05
10064	1	100	42	500	0.390413	0.371275	0.268967	0.102309	0.0191379	0.656155	0.0528338	1.36153	0.0822807	2.45589e-05
10065	1	100	42	500	0.394266	0.376199	0.278386	0.0978131	0.0180667	0.65112	0.0514408	1.36886	0.0789145	2.40707e-05
10066	1	100	39	500	0.395585	0.379779	0.280514	0.0992654	0.0158062	0.649852	0.04965	1.37335	0.0796286	2.3837e-05
10067	1	100	37	500	0.399368	0.384283	0.285996	0.0982873	0.0150852	0.646186	0.0485437	1.37947	0.07728	2.37898e-05
10068	1	100	39	500	0.403791	0.389684	0.288473	0.101211	0.014107	0.641217	0.0526114	1.38523	0.0887406	2.4016e-05
10069	1	100	42	500	0.405107	0.391202	0.294404	0.0967986	0.0139041	0.641076	0.0530371	1.38944	0.0877553	2.35902e-05
10070	1	100	40	500	0.40748	0.392753	0.288552	0.104201	0.0147277	0.639449	0.0495787	1.39042	0.0845339	2.41703e-05
10071	1	100	42	500	0.416581	0.399124	0.294192	0.104931	0.017457	0.636091	0.051323	1.39803	0.0872297	2.40978e-05
10072	1	100	40	500	0.412467	0.399066	0.302842	0.0962234	0.0134011	0.633697	0.0517747	1.4004	0.0816022	2.34891e-05
10073	1	100	44	500	0.41669	0.402085	0.298971	0.103114	0.0146052	0.634262	0.0536702	1.40675	0.084862	2.38031e-05
10074	1	100	42	500	0.423542	0.411364	0.312024	0.0993393	0.0121788	0.625894	0.0522496	1.41687	0.0860979	2.338e-05
10075	1	100	54	500	0.430913	0.414159	0.316179	0.0979805	0.0167534	0.623975	0.054325	1.41582	0.0863148	2.34315e-05
10076	1	100	41	500	0.431233	0.418551	0.325159	0.093392	0.0126817	0.620844	0.0548181	1.42118	0.0898793	2.29743e-05
10077	1	100	40	500	0.43396	0.421356	0.332807	0.0885497	0.0126033	0.61811	0.0498646	1.42538	0.0843007	2.27814e-05
10078	1	100	39	500	0.436956	0.424926	0.339821	0.0851044	0.0120304	0.614919	0.0505473	1.42977	0.0841969	2.20534e-05
10079	1	100	42	500	0.441202	0.428067	0.342996	0.0850709	0.0131348	0.613016	0.0496881	1.43197	0.0854652	2.2171e-05
10080	1	100	46	500	0.452355	0.438135	0.349527	0.0886077	0.0142199	0.607082	0.0501666	1.44274	0.0865297	2.21026e-05
10081	1	100	43	500	0.453864	0.439254	0.347825	0.0914283	0.0146106	0.606603	0.0493668	1.4463	0.0825519	2.2276e-05
10082	1	100	45	500	0.456728	0.441587	0.351884	0.0897029	0.0151408	0.604193	0.0485934	1.45386	0.0841648	2.21552e-05
10083	1	100	40	500	0.458001	0.445598	0.357856	0.0877419	0.0124031	0.601573	0.0471462	1.45772	0.0803844	2.17275e-05
10084	1	100	41	500	0.458674	0.447072	0.353849	0.0932232	0.0116023	0.601128	0.0476805	1.45865	0.085266	2.21116e-05
10085	1	100	44	500	0.472107	0.45334	0.353717	0.0996225	0.0187676	0.597714	0.0495227	1.46428	0.0880632	2.24863e-05
10086	1	100	42	500	0.469151	0.455113	0.351506	0.103607	0.0140379	0.596644	0.0528166	1.47387	0.0942047	2.28309e-05
10087	1	100	40	500	0.477813	0.465778	0.35975	0.106028	0.0120354	0.588857	0.0498833	1.48361	0.0923179	2.24363e-05
10088	1	100	43	500	0.491728	0.473923	0.365606	0.108316	0.0178057	0.584158	0.0444097	1.49145	0.0869538	2.24165e-05
10089	1	100	49	500	0.493366	0.473885	0.362558	0.111327	0.0194819	0.584261	0.0453502	1.49207	0.0899258	2.28261e-05
10090	1	100	52	500	0.5058	0.479026	0.361664	0.117362	0.0267745	0.58074	0.043708	1.49443	0.0908175	2.32875e-05
10091	1	100	48	500	0.506538	0.481901	0.365943	0.115958	0.024637	0.578845	0.0447189	1.49821	0.0920012	2.30089e-05
10092	1	100	43	500	0.51431	0.486271	0.364802	0.121468	0.0280386	0.576512	0.0440915	1.50419	0.0917868	2.35949e-05
10093	1	100	50	500	0.514004	0.48835	0.359398	0.128952	0.0256543	0.575192	0.0460177	1.51183	0.0961276	2.45332e-05
10094	1	100	45	500	0.519502	0.493941	0.358073	0.135868	0.0255605	0.571587	0.044393	1.52174	0.0953836	2.46618e-05
10095	1	100	43	500	0.520456	0.494859	0.361392	0.133468	0.0255966	0.569668	0.0493188	1.51868	0.11318	2.44048e-05
10096	1	100	43	500	0.522589	0.50024	0.371435	0.128804	0.0223498	0.56685	0.0444386	1.52895	0.0935263	2.38968e-05
10097	1	100	41	500	0.524868	0.502489	0.37128	0.13121	0.0223783	0.565706	0.0459478	1.53351	0.0963114	2.40508e-05
10098	1	100	37	500	0.527329	0.507575	0.376393	0.131182	0.0197536	0.561419	0.0456344	1.5432	0.0967541	2.41435e-05
10099	1	100	41	500	0.527511	0.506162	0.373587	0.132576	0.0213493	0.563107	0.0467341	1.5416	0.0973838	2.45246e-05
10100	1	100	41	500	0.525593	0.507711	0.377332	0.13038	0.0178818	0.561024	0.0482586	1.54547	0.0993664	2.39988e-05
10101	1	100	41	500	0.533211	0.514395	0.380567	0.133828	0.0188158	0.557661	0.0472247	1.5561	0.0991873	2.42696e-05
