Generation	PopulationID	SampleSize	UniqueMutations	PopulationSize	totalLoad	RelzLoad	RelzLoadHomo	RelzLoadHetero	MskLoad	MeanFitness	SdFitness	MeanFitnessCached	SdFitnessCached	Heterozygosity	
10001	1	100	36	500	0.0340464	0.0223848	0.00164192	0.0207429	0.0116615	0.975745	0.0388486	1.0149	0.0422225	1.58422e-05
10002	1	100	39	500	0.0377647	0.024051	0.00172482	0.0223261	0.0137137	0.975562	0.0368305	1.01664	0.0394215	1.63488e-05
10003	1	100	43	500	0.0318193	0.0198295	0.00120477	0.0186248	0.0119897	0.977178	0.0358901	1.01454	0.0382831	1.66435e-05
10004	1	100	39	500	0.0387535	0.0235163	0.00170474	0.0218115	0.0152372	0.976133	0.036743	1.0151	0.0398232	1.71629e-05
10005	1	100	34	500	0.039181	0.0239772	0.00203959	0.0219376	0.0152037	0.973109	0.0410941	1.01511	0.0443964	1.73685e-05
10006	1	100	43	500	0.0403387	0.026141	0.00208349	0.0240575	0.0141977	0.97303	0.0388365	1.01792	0.04022	1.75453e-05
10007	1	100	39	500	0.0372715	0.028009	0.00229214	0.0257169	0.00926249	0.969859	0.0453849	1.02065	0.0479757	1.78775e-05
10008	1	100	52	500	0.0463918	0.0299798	0.00233727	0.0276425	0.016412	0.969908	0.0444852	1.0209	0.0456051	1.79547e-05
10009	1	100	43	500	0.0456874	0.0321685	0.00286279	0.0293057	0.0135188	0.967358	0.0429998	1.02425	0.0446261	1.81703e-05
10010	1	100	45	500	0.0463992	0.0359209	0.00386659	0.0320543	0.0104782	0.963298	0.0462931	1.02919	0.0473893	1.81476e-05
10011	1	100	47	500	0.0492502	0.0369711	0.00453251	0.0324386	0.012279	0.960681	0.0473268	1.03066	0.0493434	1.83435e-05
10012	1	100	43	500	0.0530397	0.042897	0.0058028	0.0370942	0.0101427	0.95672	0.0506304	1.03665	0.0523662	1.86528e-05
10013	1	100	47	500	0.0561829	0.045479	0.0063114	0.0391676	0.0107038	0.954126	0.0494179	1.0389	0.0513429	1.88479e-05
10014	1	100	41	500	0.0551935	0.0458937	0.00638084	0.0395128	0.00929983	0.951401	0.0529673	1.03999	0.0547578	1.88771e-05
10015	1	100	49	500	0.0682194	0.0510589	0.00727239	0.0437865	0.0171605	0.948794	0.0564206	1.04123	0.0580956	1.87765e-05
10016	1	100	52	500	0.0686165	0.0524485	0.00774022	0.0447083	0.016168	0.946572	0.0573115	1.043	0.0610912	1.88262e-05
10017	1	100	48	500	0.0662261	0.0564838	0.0104383	0.0460454	0.00974233	0.942468	0.0561544	1.04998	0.0575452	1.92377e-05
10018	1	100	43	500	0.0665669	0.0574672	0.0109371	0.04653	0.00909968	0.941767	0.0573268	1.05316	0.0583106	1.93072e-05
10019	1	100	45	500	0.066795	0.0579155	0.0112721	0.0466434	0.00887945	0.941191	0.0570526	1.05444	0.0586365	1.92962e-05
10020	1	100	42	500	0.0637677	0.0597266	0.0119692	0.0477574	0.00404115	0.939719	0.0554328	1.05681	0.057191	1.91797e-05
10021	1	100	49	500	0.0693467	0.0634831	0.0125651	0.0509179	0.00586366	0.936479	0.0571982	1.06027	0.0599478	1.91476e-05
10022	1	100	45	500	0.0735497	0.0658531	0.0126633	0.0531898	0.00769659	0.934179	0.059218	1.06205	0.0618522	1.9074e-05
10023	1	100	38	500	0.0728713	0.069261	0.0155331	0.0537279	0.00361024	0.929648	0.059948	1.06738	0.0635868	1.91152e-05
10024	1	100	43	500	0.07481	0.0688137	0.0154186	0.0533951	0.00599632	0.930087	0.0566313	1.066	0.0599685	1.93222e-05
10025	1	100	40	500	0.0752686	0.0687416	0.0174562	0.0512854	0.006527	0.930528	0.0569125	1.06483	0.0600731	1.94019e-05
10026	1	100	40	500	0.0735507	0.0684649	0.0167119	0.0517531	0.00508578	0.930806	0.0572595	1.06528	0.0602699	1.97253e-05
10027	1	100	44	500	0.0735152	0.0667707	0.0170441	0.0497266	0.00674451	0.932568	0.0568492	1.06346	0.0597742	2.00536e-05
10028	1	100	43	500	0.0843623	0.0749988	0.0212901	0.0537088	0.00936344	0.924325	0.0583451	1.07094	0.0612148	2.02012e-05
10029	1	100	46	500	0.0902191	0.0813263	0.0260554	0.0552709	0.00889279	0.918433	0.0589616	1.07746	0.0619682	2.03235e-05
10030	1	100	47	500	0.091335	0.0801057	0.0257764	0.0543294	0.0112293	0.920015	0.0587143	1.07462	0.0606039	2.03771e-05
10031	1	100	37	500	0.0926498	0.0824715	0.0287385	0.053733	0.0101784	0.917116	0.0576613	1.07716	0.0585785	2.03231e-05
10032	1	100	42	500	0.103138	0.0889668	0.0322639	0.0567029	0.0141716	0.910925	0.0594228	1.08206	0.0606146	2.05228e-05
10033	1	100	40	500	0.103857	0.0890952	0.0336706	0.0554246	0.014762	0.909899	0.0568532	1.08122	0.0565557	2.04412e-05
10034	1	100	42	500	0.110553	0.0919148	0.036305	0.0556097	0.0186387	0.908493	0.0584851	1.08178	0.0574385	2.05757e-05
10035	1	100	47	500	0.112531	0.0956705	0.0413851	0.0542854	0.016861	0.904769	0.0559356	1.0863	0.0554347	2.04141e-05
10036	1	100	36	500	0.113764	0.0981936	0.0429095	0.0552841	0.0155701	0.900835	0.0626347	1.08782	0.0653525	2.06151e-05
10037	1	100	40	500	0.106735	0.0956479	0.0416809	0.0539671	0.0110868	0.903706	0.0557837	1.08835	0.0581933	2.10061e-05
10038	1	100	44	500	0.110589	0.0980969	0.0442967	0.0538001	0.0124926	0.89983	0.056816	1.09292	0.0596692	2.13446e-05
10039	1	100	46	500	0.118245	0.10486	0.0479016	0.0569579	0.0133858	0.895972	0.0533608	1.09791	0.0570268	2.1563e-05
10040	1	100	44	500	0.120797	0.105843	0.0471371	0.0587058	0.0149544	0.894802	0.0545223	1.0975	0.0551602	2.19705e-05
10041	1	100	44	500	0.124059	0.108565	0.0463124	0.0622526	0.0154936	0.891174	0.0574593	1.09936	0.060771	2.21703e-05
10042	1	100	43	500	0.126109	0.110884	0.0465422	0.0643417	0.0152253	0.88973	0.0559997	1.10273	0.0586972	2.23876e-05
10043	1	100	42	500	0.13766	0.121069	0.0552735	0.0657959	0.0165904	0.880233	0.0556406	1.11243	0.0594665	2.25196e-05
10044	1	100	41	500	0.136168	0.123834	0.0575932	0.0662406	0.0123343	0.876999	0.0530987	1.11746	0.0574956	2.25087e-05
10045	1	100	47	500	0.138778	0.125098	0.0566644	0.0684338	0.0136797	0.87584	0.0548426	1.11821	0.0595987	2.27896e-05
10046	1	100	45	500	0.139129	0.12551	0.0559255	0.0695842	0.0136197	0.875927	0.0570507	1.11915	0.0630141	2.31704e-05
10047	1	100	49	500	0.142135	0.129615	0.0576863	0.0719292	0.0125192	0.871879	0.052253	1.12404	0.056928	2.32855e-05
10048	1	100	39	500	0.145496	0.135851	0.0638349	0.0720163	0.00964454	0.865374	0.0524116	1.13078	0.0594231	2.31655e-05
10049	1	100	49	500	0.159027	0.142311	0.0705391	0.0717724	0.0167155	0.859815	0.0498807	1.13585	0.0580119	2.28416e-05
10050	1	100	39	500	0.155426	0.140725	0.0685539	0.0721709	0.0147008	0.86103	0.0531381	1.13515	0.0612713	2.30187e-05
10051	1	100	54	500	0.154749	0.143652	0.0695529	0.0740987	0.0110974	0.858818	0.054564	1.13917	0.0646534	2.32166e-05
10052	1	100	49	500	0.1643	0.150144	0.0735801	0.0765644	0.014156	0.853162	0.0520985	1.14544	0.0624849	2.37021e-05
10053	1	100	49	500	0.163884	0.149579	0.0739165	0.0756621	0.0143051	0.853108	0.0496005	1.14453	0.0602296	2.38919e-05
10054	1	100	48	500	0.167323	0.15107	0.0742526	0.0768177	0.0162524	0.851892	0.0510257	1.14459	0.0606002	2.3928e-05
10055	1	100	48	500	0.173189	0.155859	0.0808863	0.0749725	0.0173303	0.847681	0.0518797	1.1489	0.0615507	2.37874e-05
10056	1	100	46	500	0.171804	0.156583	0.0836211	0.0729623	0.0152207	0.846854	0.0535994	1.15058	0.0638772	2.36996e-05
10057	1	100	48	500	0.175486	0.156005	0.0818725	0.0741324	0.0194809	0.846284	0.0556991	1.15045	0.0671408	2.41391e-05
10058	1	100	48	500	0.176608	0.159381	0.0840708	0.07531	0.0172274	0.843761	0.0570057	1.15188	0.068433	2.42951e-05
10059	1	100	46	500	0.179702	0.162252	0.086187	0.0760647	0.0174501	0.839815	0.0534663	1.1576	0.0660504	2.46198e-05
10060	1	100	46	500	0.183742	0.166752	0.0873105	0.0794418	0.01699	0.835967	0.0548385	1.16079	0.0683898	2.48484e-05
10061	1	100	47	500	0.186771	0.16737	0.0873173	0.0800524	0.0194012	0.836316	0.056492	1.16231	0.0699536	2.4917e-05
10062	1	100	50	500	0.187126	0.166566	0.0852542	0.0813119	0.0205597	0.837562	0.053727	1.15818	0.0666954	2.50404e-05
10063	1	100	52	500	0.186535	0.169573	0.0884886	0.0810845	0.0169618	0.834966	0.0555668	1.16334	0.0687429	2.5027e-05
10064	1	100	64	500	0.190903	0.170472	0.090978	0.0794939	0.0204307	0.835205	0.0586486	1.16396	0.0757369	2.52139e-05
10065	1	100	55	500	0.185303	0.168398	0.089519	0.0788788	0.0169054	0.836331	0.0575126	1.1627	0.072259	2.55998e-05
10066	1	100	46	500	0.186779	0.172582	0.0957498	0.0768321	0.0141968	0.832042	0.0576877	1.16824	0.0734757	2.56926e-05
10067	1	100	47	500	0.183801	0.173359	0.0999844	0.0733746	0.0104417	0.830618	0.0593657	1.17115	0.0741805	2.56874e-05
10068	1	100	55	500	0.196426	0.182291	0.104484	0.0778071	0.0141346	0.824343	0.0618275	1.1803	0.0765528	2.60397e-05
10069	1	100	45	500	0.196396	0.189444	0.112407	0.0770369	0.00695157	0.815515	0.0600263	1.19097	0.077643	2.56963e-05
10070	1	100	49	500	0.206006	0.194918	0.111908	0.0830094	0.0110879	0.812558	0.0610196	1.19508	0.07664	2.59935e-05
10071	1	100	46	500	0.204818	0.19495	0.113069	0.0818814	0.00986757	0.810706	0.0601033	1.19786	0.0761307	2.62905e-05
10072	1	100	48	500	0.204919	0.195198	0.110237	0.0849616	0.00972017	0.811348	0.058895	1.19635	0.0745787	2.7007e-05
10073	1	100	45	500	0.205071	0.196448	0.109308	0.0871404	0.00862239	0.810614	0.0609762	1.19753	0.0761802	2.71467e-05
10074	1	100	47	500	0.208608	0.198113	0.111282	0.0868308	0.0104946	0.809166	0.0618111	1.19975	0.0798391	2.73361e-05
10075	1	100	45	500	0.206737	0.200544	0.115967	0.0845777	0.00619212	0.807353	0.0592372	1.20415	0.0760951	2.72152e-05
10076	1	100	45	500	0.215209	0.204828	0.116761	0.0880675	0.0103812	0.803883	0.0615508	1.20693	0.0786547	2.76406e-05
10077	1	100	43	500	0.22004	0.212425	0.125097	0.0873276	0.00761514	0.795717	0.0577981	1.21559	0.0763314	2.76304e-05
10078	1	100	44	500	0.234772	0.21871	0.128501	0.0902098	0.0160617	0.791668	0.058003	1.2187	0.0770481	2.78031e-05
10079	1	100	51	500	0.242209	0.223483	0.129229	0.0942533	0.0187268	0.788335	0.0598248	1.22316	0.07775	2.82116e-05
10080	1	100	43	500	0.240497	0.225426	0.130189	0.0952361	0.0150718	0.785853	0.0609185	1.22682	0.0798256	2.88223e-05
10081	1	100	46	500	0.248506	0.234949	0.139048	0.0959002	0.0135578	0.777669	0.0600521	1.23906	0.0808446	2.87699e-05
10082	1	100	42	500	0.249949	0.237291	0.144228	0.0930629	0.012658	0.775786	0.0583298	1.24227	0.0769138	2.90138e-05
10083	1	100	45	500	0.25268	0.239706	0.148901	0.0908043	0.0129749	0.773092	0.0617047	1.2447	0.0820607	2.92811e-05
10084	1	100	43	500	0.262082	0.246363	0.153806	0.0925577	0.0157189	0.768004	0.0628074	1.25012	0.0805652	2.92358e-05
10085	1	100	46	500	0.259427	0.252313	0.162813	0.0895004	0.00711329	0.760974	0.0647679	1.25949	0.0857298	2.92944e-05
10086	1	100	45	500	0.273791	0.257553	0.165167	0.0923859	0.0162381	0.758422	0.0659175	1.26325	0.0878125	2.956e-05
10087	1	100	46	500	0.261351	0.254203	0.166135	0.088068	0.00714848	0.759815	0.0646706	1.2634	0.0863707	2.96365e-05
10088	1	100	44	500	0.269649	0.260824	0.176726	0.084098	0.00882497	0.754477	0.0622623	1.27038	0.0812654	2.95858e-05
10089	1	100	48	500	0.272938	0.264669	0.18035	0.0843185	0.00826932	0.750939	0.0633807	1.27395	0.08344	2.97378e-05
10090	1	100	43	500	0.278871	0.269327	0.186605	0.0827227	0.00954386	0.747329	0.0556599	1.28012	0.0760062	2.95012e-05
10091	1	100	37	500	0.286308	0.27847	0.20133	0.0771394	0.00783799	0.73896	0.0568506	1.29053	0.079037	2.91e-05
10092	1	100	46	500	0.29032	0.284639	0.212689	0.0719499	0.0056803	0.734175	0.0574739	1.29913	0.0790396	2.83313e-05
10093	1	100	39	500	0.292675	0.286236	0.215864	0.070372	0.00643917	0.732547	0.0564497	1.30027	0.0775107	2.83851e-05
10094	1	100	37	500	0.291544	0.285314	0.21393	0.0713843	0.00622988	0.732986	0.0584021	1.29878	0.0809628	2.88225e-05
10095	1	100	36	500	0.298627	0.29251	0.224408	0.068102	0.00611681	0.726879	0.056033	1.30694	0.0757594	2.88414e-05
10096	1	100	46	500	0.307542	0.296431	0.226623	0.0698088	0.0111104	0.724398	0.0571523	1.30925	0.0791957	2.88789e-05
10097	1	100	38	500	0.321521	0.306902	0.241525	0.0653776	0.0146189	0.716069	0.0553569	1.31986	0.0750325	2.81452e-05
10098	1	100	43	500	0.319047	0.307807	0.245461	0.0623455	0.0112401	0.713985	0.0572222	1.3218	0.0776754	2.81114e-05
10099	1	100	49	500	0.321819	0.309992	0.250217	0.0597742	0.0118277	0.712338	0.0568685	1.324	0.0765491	2.77868e-05
10100	1	100	46	500	0.328975	0.316451	0.262251	0.0542003	0.0125243	0.707864	0.0545174	1.33204	0.073857	2.68877e-05
10101	1	100	39	500	0.324633	0.313919	0.260318	0.0536016	0.0107134	0.709366	0.0543518	1.32989	0.074906	2.71558e-05
