Generation	PopulationID	SampleSize	UniqueMutations	PopulationSize	totalLoad	RelzLoad	RelzLoadHomo	RelzLoadHetero	MskLoad	MeanFitness	SdFitness	MeanFitnessCached	SdFitnessCached	Heterozygosity	
10001	1	100	49	500	0.160079	0.126769	0.0870584	0.0397107	0.0333097	0.876929	0.0393466	1.10258	0.038125	2.95727e-05
10002	1	100	49	500	0.162782	0.12859	0.086825	0.0417654	0.0341919	0.875804	0.0426009	1.10438	0.0384333	2.9715e-05
10003	1	100	47	500	0.167312	0.129668	0.0889471	0.0407207	0.0376445	0.874372	0.041418	1.10494	0.0380954	3.01334e-05
10004	1	100	47	500	0.173773	0.132852	0.0901131	0.0427389	0.0409214	0.872197	0.0436941	1.10516	0.0411305	3.00809e-05
10005	1	100	44	500	0.169157	0.131371	0.0909384	0.0404323	0.0377863	0.874315	0.0414092	1.10691	0.0382029	3.04907e-05
10006	1	100	46	500	0.154036	0.127729	0.0916083	0.0361209	0.0263072	0.876729	0.0340463	1.10978	0.0349445	3.08879e-05
10007	1	100	44	500	0.157982	0.130387	0.0951795	0.035208	0.0275947	0.874755	0.0326744	1.11227	0.0323717	3.09964e-05
10008	1	100	46	500	0.161221	0.131691	0.0955639	0.0361269	0.02953	0.872993	0.0341079	1.11126	0.0330694	3.12633e-05
10009	1	100	51	500	0.165579	0.134339	0.0979525	0.0363866	0.0312395	0.869544	0.0395122	1.11127	0.0372869	3.10781e-05
10010	1	100	49	500	0.172717	0.135999	0.0979512	0.0380477	0.0367177	0.87057	0.0309683	1.11323	0.0282584	3.15269e-05
10011	1	100	52	500	0.174914	0.138329	0.101147	0.0371819	0.0365848	0.868283	0.0286575	1.11591	0.0263754	3.14605e-05
10012	1	100	46	500	0.17355	0.139976	0.104824	0.0351517	0.0335735	0.865164	0.0335321	1.11742	0.034673	3.19003e-05
10013	1	100	46	500	0.178213	0.142121	0.105022	0.0370983	0.0360925	0.863943	0.029362	1.11931	0.0287692	3.20233e-05
10014	1	100	48	500	0.1801	0.144373	0.106772	0.0376008	0.0357274	0.860979	0.0351301	1.11937	0.0332418	3.17822e-05
10015	1	100	55	500	0.196202	0.149382	0.108323	0.0410583	0.04682	0.857948	0.0376463	1.11862	0.0340327	3.16586e-05
10016	1	100	49	500	0.194035	0.149522	0.109061	0.040461	0.0445127	0.85642	0.0377556	1.11887	0.0355202	3.15364e-05
10017	1	100	51	500	0.197259	0.151031	0.108361	0.0426697	0.0462277	0.855836	0.0405457	1.1193	0.0366249	3.13778e-05
10018	1	100	57	500	0.195313	0.148557	0.107265	0.041292	0.0467558	0.857188	0.0439793	1.11647	0.0424045	3.14522e-05
10019	1	100	54	500	0.188396	0.146423	0.108447	0.0379761	0.0419728	0.860746	0.0313277	1.11909	0.0271399	3.17555e-05
10020	1	100	57	500	0.190593	0.145992	0.109291	0.036701	0.0446017	0.860917	0.0319747	1.11617	0.0284052	3.17002e-05
10021	1	100	55	500	0.186508	0.144785	0.109709	0.0350758	0.0417226	0.861107	0.0341167	1.11636	0.0316434	3.17501e-05
10022	1	100	53	500	0.187571	0.144681	0.110085	0.0345963	0.0428904	0.861251	0.0329108	1.11531	0.0343451	3.1528e-05
10023	1	100	43	500	0.185301	0.142826	0.109596	0.0332297	0.0424746	0.863431	0.0264452	1.11476	0.0270341	3.21288e-05
10024	1	100	40	500	0.184828	0.143625	0.111328	0.0322972	0.0412029	0.861316	0.0374129	1.11406	0.0363433	3.21809e-05
10025	1	100	50	500	0.117236	0.0715423	0.0392806	0.0322618	0.0456933	0.930271	0.0322025	1.0389	0.0267428	3.21785e-05
10026	1	100	51	500	0.115178	0.0709685	0.0398379	0.0311306	0.0442096	0.929892	0.0358062	1.03935	0.0342585	3.24864e-05
10027	1	100	47	500	0.110744	0.0692329	0.0396371	0.0295958	0.0415115	0.930467	0.026564	1.04049	0.0248962	3.23263e-05
10028	1	100	58	500	0.113546	0.071746	0.0403314	0.0314145	0.0418005	0.929282	0.0305766	1.04209	0.0268249	3.26178e-05
10029	1	100	53	500	0.117248	0.0724793	0.0407431	0.0317362	0.0447682	0.927938	0.032632	1.04046	0.0300446	3.26961e-05
10030	1	100	53	500	0.119031	0.073366	0.0400781	0.0332879	0.0456649	0.928225	0.0333669	1.04119	0.029559	3.24543e-05
10031	1	100	52	500	0.111488	0.0716471	0.0388859	0.0327611	0.0398413	0.92933	0.0331393	1.04316	0.0349501	3.32621e-05
10032	1	100	47	500	0.113624	0.0717786	0.0399199	0.0318587	0.0418457	0.929395	0.0283689	1.04377	0.0256139	3.38243e-05
10033	1	100	40	500	0.120026	0.0739144	0.0399368	0.0339776	0.0461112	0.926986	0.0343932	1.04174	0.0352167	3.44794e-05
10034	1	100	53	500	0.121432	0.0756744	0.040442	0.0352324	0.0457575	0.92518	0.0337228	1.04337	0.0328122	3.46955e-05
10035	1	100	51	500	0.117051	0.0746699	0.0387157	0.0359542	0.0423812	0.926841	0.0292914	1.04646	0.0265499	3.48257e-05
10036	1	100	45	500	0.117517	0.0757287	0.0391779	0.0365509	0.0417886	0.924878	0.0340331	1.04645	0.0284151	3.47098e-05
10037	1	100	50	500	0.121799	0.076561	0.0391804	0.0373805	0.0452382	0.924507	0.0342343	1.04612	0.0313897	3.52298e-05
10038	1	100	47	500	0.127689	0.0787118	0.0404453	0.0382664	0.0489769	0.923977	0.0281926	1.04653	0.0240147	3.49165e-05
10039	1	100	49	500	0.124174	0.0761063	0.0405868	0.0355194	0.0480675	0.924328	0.0349241	1.0443	0.0364336	3.5871e-05
10040	1	100	45	500	0.119435	0.0751879	0.039732	0.0354558	0.0442475	0.924336	0.0378309	1.04404	0.0385818	3.59605e-05
10041	1	100	52	500	0.113162	0.0733157	0.0395357	0.03378	0.0398461	0.927418	0.0251847	1.04601	0.0243769	3.62503e-05
10042	1	100	52	500	0.113233	0.0739854	0.0398554	0.0341301	0.0392472	0.92612	0.0342661	1.04631	0.0366937	3.6193e-05
10043	1	100	56	500	0.109844	0.0734017	0.0393615	0.0340402	0.0364427	0.927882	0.0242026	1.04888	0.0251353	3.66737e-05
10044	1	100	48	500	0.104457	0.0721665	0.039996	0.0321705	0.0322903	0.927877	0.0243391	1.05046	0.0261932	3.69802e-05
10045	1	100	52	500	0.108572	0.0716315	0.0408597	0.0307718	0.0369409	0.928164	0.0323441	1.04674	0.0351611	3.73917e-05
10046	1	100	45	500	0.103656	0.0716347	0.0422069	0.0294278	0.0320213	0.927785	0.0275945	1.04967	0.0296433	3.75907e-05
10047	1	100	52	500	0.09944	0.0700254	0.0422313	0.0277941	0.0294146	0.929004	0.0281503	1.04977	0.0285159	3.74348e-05
10048	1	100	59	500	0.0981713	0.0693017	0.0414227	0.027879	0.0288696	0.930916	0.0219935	1.04971	0.0250017	3.86452e-05
10049	1	100	60	500	0.0972945	0.0695998	0.041902	0.0276978	0.0276947	0.928254	0.0276131	1.04869	0.0295565	3.85645e-05
10050	1	100	56	500	0.102667	0.0705551	0.0414644	0.0290907	0.0321117	0.929271	0.0261143	1.04836	0.0294924	3.87639e-05
10051	1	100	49	500	0.101914	0.0711103	0.0415232	0.0295871	0.030804	0.927008	0.0314281	1.04844	0.0350016	3.89796e-05
10052	1	100	55	500	0.103529	0.0705902	0.0419496	0.0286406	0.0329393	0.928562	0.0250119	1.04912	0.0267586	3.95906e-05
10053	1	100	49	500	0.105527	0.0723587	0.0422562	0.0301025	0.0331678	0.926683	0.0313039	1.04765	0.0361004	3.90573e-05
10054	1	100	57	500	0.103924	0.0738663	0.0434248	0.0304415	0.0300572	0.925902	0.0303121	1.05004	0.0314111	3.85653e-05
10055	1	100	59	500	0.111217	0.0749621	0.0444755	0.0304867	0.0362549	0.922895	0.0322306	1.05244	0.0345265	3.78827e-05
10056	1	100	57	500	0.119201	0.0808651	0.0453423	0.0355228	0.0383361	0.920053	0.0337836	1.05408	0.0373507	3.81326e-05
10057	1	100	55	500	0.124295	0.0814329	0.0456314	0.0358016	0.0428625	0.919399	0.0412017	1.0511	0.0418003	3.83591e-05
10058	1	100	52	500	0.126903	0.0842647	0.0452385	0.0390261	0.0426387	0.917241	0.0419374	1.05374	0.047183	3.79736e-05
10059	1	100	49	500	0.137301	0.0879508	0.0462511	0.0416996	0.0493499	0.91229	0.0475842	1.05115	0.0563766	3.84905e-05
10060	1	100	53	500	0.134494	0.0859601	0.0459149	0.0400452	0.0485343	0.913701	0.0464543	1.05174	0.0558533	3.91468e-05
10061	1	100	61	500	0.129966	0.0859829	0.0459286	0.0400543	0.0439828	0.914975	0.0420636	1.0558	0.0505649	3.92461e-05
10062	1	100	48	500	0.122521	0.0865599	0.0459022	0.0406577	0.035961	0.912892	0.0421783	1.05888	0.0514354	4.00343e-05
10063	1	100	63	500	0.129285	0.090489	0.0476957	0.0427933	0.0387959	0.911459	0.0438617	1.06381	0.0542521	3.99293e-05
10064	1	100	50	500	0.132022	0.0939598	0.0494906	0.0444692	0.038062	0.907829	0.0449602	1.06764	0.0548184	3.96302e-05
10065	1	100	49	500	0.126503	0.0932182	0.0497029	0.0435153	0.0332848	0.907954	0.0443296	1.07018	0.0543235	3.99178e-05
10066	1	100	50	500	0.11511	0.0904405	0.0490314	0.0414091	0.0246692	0.909611	0.0426179	1.07092	0.0515687	3.9533e-05
10067	1	100	54	500	0.122209	0.0939744	0.0487381	0.0452363	0.0282348	0.908729	0.0436319	1.07419	0.050586	3.98354e-05
10068	1	100	51	500	0.122418	0.0947721	0.0482084	0.0465637	0.027646	0.907222	0.047167	1.07439	0.0569628	3.98271e-05
10069	1	100	53	500	0.123584	0.0954318	0.0489787	0.0464532	0.028152	0.904644	0.0501937	1.0739	0.0582297	4.00115e-05
10070	1	100	59	500	0.135632	0.101803	0.0499399	0.0518635	0.0338284	0.900554	0.0514391	1.07733	0.0634032	4.00708e-05
10071	1	100	60	500	0.134914	0.10277	0.0511028	0.0516674	0.0321434	0.898397	0.0538108	1.07748	0.0656899	4.02505e-05
10072	1	100	52	500	0.134269	0.10617	0.0519305	0.0542395	0.0280992	0.895853	0.0554468	1.0837	0.0664486	3.97545e-05
10073	1	100	50	500	0.133559	0.107397	0.0524553	0.0549415	0.0261619	0.895012	0.0539456	1.08829	0.0638667	4.00882e-05
10074	1	100	57	500	0.135081	0.107854	0.0529952	0.0548591	0.027227	0.894738	0.0565073	1.08802	0.067402	3.99272e-05
10075	1	100	55	500	0.14071	0.110567	0.0542452	0.0563222	0.030142	0.892879	0.0572882	1.09064	0.0679101	4.00805e-05
10076	1	100	59	500	0.13731	0.109055	0.0541155	0.0549398	0.0282542	0.893673	0.0571603	1.08899	0.0665522	4.03487e-05
10077	1	100	62	500	0.137265	0.108792	0.055045	0.053747	0.028473	0.894029	0.0545842	1.08971	0.0642618	4.11586e-05
10078	1	100	58	500	0.136883	0.110403	0.0551292	0.0552737	0.02648	0.892777	0.0544438	1.09199	0.0644868	4.16471e-05
10079	1	100	55	500	0.141321	0.115079	0.0563575	0.0587219	0.0262412	0.887922	0.0595387	1.09653	0.0701043	4.15504e-05
10080	1	100	50	500	0.142457	0.119996	0.0576763	0.0623196	0.0224613	0.883249	0.0602378	1.10467	0.0687597	4.20433e-05
10081	1	100	55	500	0.155442	0.127474	0.0592901	0.0681842	0.0279675	0.877582	0.0647311	1.10924	0.0743172	4.18587e-05
10082	1	100	55	500	0.15949	0.13425	0.0617526	0.0724975	0.0252403	0.870606	0.0643599	1.11701	0.076028	4.13997e-05
10083	1	100	53	500	0.171834	0.142709	0.0663791	0.0763302	0.0291251	0.862519	0.0669827	1.12297	0.079588	4.05925e-05
10084	1	100	56	500	0.18015	0.149269	0.069265	0.0800044	0.0308801	0.857416	0.065587	1.12941	0.0785018	4.04921e-05
10085	1	100	48	500	0.179942	0.151593	0.0707031	0.0808899	0.0283494	0.853744	0.0678232	1.13258	0.0814467	4.05435e-05
10086	1	100	53	500	0.183645	0.156216	0.0746117	0.0816046	0.0274284	0.849971	0.068075	1.13841	0.0794664	4.01472e-05
10087	1	100	47	500	0.187797	0.161364	0.078611	0.0827528	0.0264328	0.845217	0.0678379	1.14408	0.0802429	4.01377e-05
10088	1	100	52	500	0.190169	0.165981	0.0826967	0.0832847	0.0241876	0.840409	0.0744488	1.1485	0.0851797	3.93674e-05
10089	1	100	47	500	0.197062	0.171716	0.087788	0.0839282	0.0253462	0.836215	0.0690556	1.15465	0.0795205	3.92013e-05
10090	1	100	46	500	0.196536	0.175257	0.0926474	0.0826097	0.0212787	0.832817	0.0719308	1.1611	0.0805238	3.86511e-05
10091	1	100	49	500	0.202589	0.177222	0.0925803	0.0846416	0.0253675	0.831193	0.0721993	1.16044	0.081971	3.93157e-05
10092	1	100	41	500	0.200191	0.178256	0.0938102	0.0844453	0.0219353	0.830238	0.0719516	1.16296	0.0794976	3.93504e-05
10093	1	100	42	500	0.207697	0.187358	0.103384	0.0839738	0.0203397	0.821317	0.0733689	1.17218	0.0836463	3.7445e-05
10094	1	100	40	500	0.214734	0.194564	0.111341	0.0832235	0.0201695	0.814464	0.0711082	1.17987	0.0802193	3.66364e-05
10095	1	100	38	500	0.216065	0.196787	0.113573	0.0832133	0.0192779	0.812119	0.0685021	1.18138	0.0805553	3.63948e-05
10096	1	100	44	500	0.227411	0.206051	0.123541	0.0825099	0.02136	0.80391	0.0696744	1.18926	0.0796799	3.54412e-05
10097	1	100	51	500	0.232478	0.210505	0.129694	0.080811	0.0219734	0.799659	0.0706875	1.19307	0.0774467	3.53124e-05
10098	1	100	43	500	0.239253	0.219017	0.140732	0.0782845	0.0202361	0.791289	0.0648841	1.20218	0.0755968	3.38761e-05
10099	1	100	42	500	0.240244	0.221834	0.144466	0.0773684	0.0184104	0.78904	0.0684583	1.2068	0.0736461	3.38194e-05
10100	1	100	39	500	0.239262	0.222831	0.146037	0.0767943	0.0164311	0.788008	0.0651946	1.20959	0.0706448	3.32213e-05
10101	1	100	51	500	0.24223	0.221626	0.143347	0.078279	0.020604	0.788277	0.0717339	1.20365	0.0809805	3.42667e-05
