Generation	PopulationID	SampleSize	UniqueMutations	PopulationSize	totalLoad	RelzLoad	RelzLoadHomo	RelzLoadHetero	MskLoad	MeanFitness	SdFitness	MeanFitnessCached	SdFitnessCached	Heterozygosity	
10001	1	100	72	500	0.497966	0.47928	0.353899	0.125381	0.0186859	0.599411	0.0377741	1.5418	0.091944	5.90862e-05
10002	1	100	66	500	0.494927	0.478602	0.361666	0.116937	0.016325	0.599372	0.0373029	1.54129	0.0917005	5.81149e-05
10003	1	100	67	500	0.495215	0.477653	0.359745	0.117908	0.017562	0.599725	0.039265	1.54045	0.0936326	5.86971e-05
10004	1	100	67	500	0.49632	0.482771	0.355382	0.12739	0.0135483	0.596593	0.0382027	1.54969	0.0939314	5.9554e-05
10005	1	100	73	500	0.501393	0.485056	0.357675	0.127381	0.0163365	0.596374	0.0383338	1.55406	0.0957954	5.94367e-05
10006	1	100	61	500	0.504893	0.491279	0.367786	0.123493	0.0136139	0.59139	0.0383138	1.5633	0.0991237	5.85393e-05
10007	1	100	65	500	0.509819	0.496093	0.371593	0.1245	0.0137262	0.588295	0.0393278	1.56937	0.104177	5.90892e-05
10008	1	100	64	500	0.512923	0.499466	0.37653	0.122936	0.0134568	0.586246	0.0390254	1.57475	0.103673	5.87506e-05
10009	1	100	68	500	0.519088	0.505688	0.383642	0.122046	0.0134005	0.582142	0.0393488	1.58376	0.103033	5.82218e-05
10010	1	100	57	500	0.524745	0.508941	0.386967	0.121974	0.0158036	0.580337	0.0394587	1.58772	0.104538	5.7565e-05
10011	1	100	65	500	0.528966	0.511217	0.389451	0.121767	0.0177487	0.579467	0.0407721	1.58973	0.108509	5.69295e-05
10012	1	100	63	500	0.530811	0.512619	0.388378	0.124241	0.0181921	0.578267	0.0396196	1.59097	0.103689	5.73881e-05
10013	1	100	65	500	0.535428	0.516655	0.394977	0.121678	0.0187737	0.575795	0.0398593	1.59611	0.106462	5.71176e-05
10014	1	100	60	500	0.543111	0.522962	0.399132	0.12383	0.0201494	0.571913	0.040524	1.60588	0.109558	5.75685e-05
10015	1	100	59	500	0.553282	0.531222	0.405463	0.125759	0.0220598	0.567697	0.0429705	1.61913	0.121192	5.72523e-05
10016	1	100	65	500	0.554852	0.537341	0.413474	0.123867	0.0175114	0.562856	0.0432873	1.62913	0.123447	5.56462e-05
10017	1	100	57	500	0.564833	0.545218	0.417697	0.127521	0.0196155	0.558771	0.0458717	1.64156	0.130817	5.5463e-05
10018	1	100	55	500	0.569834	0.552459	0.430066	0.122394	0.017374	0.554177	0.0423169	1.6537	0.121141	5.30629e-05
10019	1	100	59	500	0.574585	0.556922	0.430415	0.126507	0.0176626	0.551575	0.0427856	1.66164	0.124246	5.30876e-05
10020	1	100	60	500	0.575592	0.559738	0.432956	0.126781	0.0158544	0.550461	0.0450781	1.66835	0.129713	5.19789e-05
10021	1	100	63	500	0.38106	0.362567	0.233798	0.128769	0.0184926	0.685522	0.0540693	1.39125	0.105205	5.24806e-05
10022	1	100	54	500	0.381381	0.366023	0.234684	0.131339	0.015358	0.68306	0.0573317	1.3985	0.112973	5.23982e-05
10023	1	100	63	500	0.391249	0.371356	0.234543	0.136813	0.0198932	0.679908	0.0596072	1.40437	0.115639	5.22439e-05
10024	1	100	58	500	0.395164	0.376929	0.242401	0.134527	0.0182352	0.67512	0.0611928	1.41183	0.120744	5.09777e-05
10025	1	100	69	500	0.40377	0.38209	0.249381	0.132709	0.0216802	0.672416	0.061335	1.41841	0.122179	5.04383e-05
10026	1	100	63	500	0.408631	0.385986	0.255386	0.1306	0.0226453	0.669447	0.0622538	1.42268	0.128441	4.86856e-05
10027	1	100	64	500	0.41344	0.391505	0.261972	0.129533	0.0219351	0.665654	0.0628909	1.42973	0.129328	4.80479e-05
10028	1	100	61	500	0.417181	0.397881	0.270631	0.127249	0.0193004	0.660347	0.0613913	1.43872	0.128798	4.56284e-05
10029	1	100	59	500	0.423277	0.406188	0.280326	0.125862	0.017089	0.654305	0.0624717	1.45185	0.134228	4.42097e-05
10030	1	100	55	500	0.432053	0.408918	0.279752	0.129165	0.0231348	0.653303	0.063076	1.45418	0.133667	4.61442e-05
10031	1	100	60	500	0.443707	0.420055	0.291482	0.128573	0.0236523	0.645865	0.062183	1.46916	0.134398	4.58991e-05
10032	1	100	57	500	0.446627	0.428524	0.303887	0.124637	0.0181027	0.63962	0.0637336	1.48545	0.137499	4.45969e-05
10033	1	100	55	500	0.452565	0.439271	0.318526	0.120744	0.0132946	0.631965	0.0627892	1.50355	0.135831	4.22621e-05
10034	1	100	62	500	0.465052	0.44639	0.32708	0.11931	0.0186623	0.628501	0.0675043	1.51191	0.145913	4.29688e-05
10035	1	100	63	500	0.466512	0.450699	0.335221	0.115478	0.015813	0.62549	0.0668602	1.5201	0.143873	4.11903e-05
10036	1	100	67	500	0.477776	0.463256	0.353414	0.109842	0.0145202	0.617068	0.06617	1.53934	0.142684	3.94637e-05
10037	1	100	57	500	0.483608	0.469222	0.363586	0.105636	0.0143857	0.612798	0.0651614	1.54738	0.142854	3.86442e-05
10038	1	100	58	500	0.500117	0.484868	0.385499	0.0993691	0.0152491	0.602463	0.0638254	1.56971	0.139378	3.72594e-05
10039	1	100	64	500	0.515271	0.500447	0.410236	0.0902117	0.0148238	0.591719	0.0617785	1.59322	0.140323	3.42479e-05
10040	1	100	60	500	0.516919	0.507195	0.423961	0.0832344	0.0097238	0.586431	0.0573756	1.60686	0.129424	3.14542e-05
10041	1	100	62	500	0.534384	0.521068	0.444636	0.0764316	0.0133158	0.578028	0.0563252	1.62462	0.129791	2.92981e-05
10042	1	100	57	500	0.536596	0.525013	0.452289	0.0727235	0.0115829	0.575325	0.0522601	1.62977	0.121095	2.8476e-05
10043	1	100	61	500	0.542192	0.531669	0.464197	0.0674729	0.0105223	0.570894	0.0501419	1.63984	0.116387	2.71925e-05
10044	1	100	62	500	0.554457	0.539942	0.476502	0.063439	0.014515	0.566682	0.0507722	1.65053	0.116196	2.62905e-05
10045	1	100	58	500	0.555081	0.540723	0.479477	0.0612463	0.0143582	0.565535	0.0505249	1.65319	0.114178	2.63318e-05
10046	1	100	59	500	0.555943	0.547602	0.4922	0.0554027	0.00834037	0.560781	0.0462156	1.66392	0.106646	2.51068e-05
10047	1	100	51	500	0.557328	0.550588	0.500819	0.0497687	0.00674039	0.558301	0.0461181	1.67072	0.106438	2.42113e-05
10048	1	100	45	500	0.565651	0.555139	0.507731	0.0474082	0.0105111	0.556063	0.0412351	1.67602	0.0978965	2.3357e-05
10049	1	100	55	500	0.564951	0.553476	0.504	0.0494766	0.0114746	0.557449	0.043845	1.67249	0.101513	2.41174e-05
10050	1	100	50	500	0.569081	0.558376	0.512653	0.0457233	0.0107046	0.55433	0.0417743	1.67995	0.0986534	2.32859e-05
10051	1	100	41	500	0.578634	0.569394	0.534227	0.0351672	0.00924028	0.547212	0.0369955	1.69658	0.0886154	2.0485e-05
10052	1	100	50	500	0.581833	0.572237	0.539482	0.0327553	0.00959636	0.545682	0.0346172	1.70181	0.084933	2.01184e-05
10053	1	100	43	500	0.585461	0.576817	0.547363	0.0294544	0.00864362	0.542407	0.0311529	1.70693	0.0745873	1.9381e-05
10054	1	100	49	500	0.587906	0.577638	0.548516	0.0291214	0.0102683	0.542384	0.0305403	1.70848	0.0746262	1.96448e-05
10055	1	100	46	500	0.588053	0.578639	0.551138	0.0275009	0.0094144	0.541679	0.0322334	1.71029	0.0790833	1.93397e-05
10056	1	100	50	500	0.591964	0.581425	0.556454	0.0249704	0.010539	0.540103	0.0287637	1.71495	0.0697221	1.89467e-05
10057	1	100	47	500	0.594101	0.584646	0.562195	0.0224512	0.00945487	0.53828	0.027803	1.71949	0.0651771	1.83231e-05
10058	1	100	40	500	0.596494	0.586663	0.566216	0.0204467	0.00983128	0.536604	0.0282318	1.72155	0.0669314	1.80236e-05
10059	1	100	49	500	0.603215	0.591976	0.573638	0.0183373	0.0112399	0.533802	0.0249445	1.73007	0.0629929	1.73106e-05
10060	1	100	49	500	0.601403	0.589918	0.568893	0.0210244	0.0114857	0.534765	0.0277711	1.72696	0.0692087	1.77703e-05
10061	1	100	45	500	0.602697	0.592043	0.572296	0.0197475	0.0106532	0.533508	0.0277978	1.73015	0.0686729	1.78162e-05
10062	1	100	57	500	0.606467	0.596385	0.575012	0.0213724	0.0100827	0.530987	0.0298337	1.73855	0.0802957	1.76892e-05
10063	1	100	53	500	0.608499	0.597617	0.575216	0.0224016	0.0108813	0.5305	0.0301685	1.73953	0.0793132	1.78888e-05
10064	1	100	46	500	0.613889	0.603019	0.578588	0.0244309	0.0108703	0.527684	0.0323204	1.74735	0.0844365	1.7522e-05
10065	1	100	51	500	0.61752	0.606835	0.580913	0.0259219	0.0106857	0.525469	0.0345734	1.75294	0.0910933	1.69695e-05
10066	1	100	47	500	0.622972	0.609978	0.585578	0.0244007	0.0129937	0.523649	0.0310131	1.75828	0.0889403	1.66187e-05
10067	1	100	40	500	0.566551	0.552903	0.524751	0.0281517	0.0136486	0.555301	0.0378665	1.66041	0.0946539	1.61703e-05
10068	1	100	43	500	0.566459	0.554455	0.525379	0.0290757	0.0120044	0.554184	0.0382154	1.66293	0.094657	1.62769e-05
10069	1	100	42	500	0.565644	0.552607	0.526259	0.0263482	0.0130368	0.555367	0.0358077	1.66008	0.0895086	1.59365e-05
10070	1	100	43	500	0.570098	0.559049	0.523211	0.0358386	0.0110485	0.551782	0.0421337	1.67192	0.106919	1.6572e-05
10071	1	100	50	500	0.577154	0.566166	0.527415	0.0387509	0.0109875	0.547948	0.0437322	1.68316	0.112563	1.65179e-05
10072	1	100	48	500	0.590885	0.577186	0.531667	0.0455184	0.0136989	0.541421	0.0490145	1.69825	0.124001	1.62075e-05
10073	1	100	43	500	0.588362	0.577425	0.53173	0.0456948	0.0109371	0.54124	0.046112	1.69763	0.120363	1.59886e-05
10074	1	100	49	500	0.602791	0.589737	0.537358	0.0523787	0.0130542	0.534961	0.0536427	1.71332	0.132229	1.60482e-05
10075	1	100	39	500	0.605822	0.59384	0.54098	0.0528606	0.0119817	0.532355	0.053732	1.71976	0.131374	1.57077e-05
10076	1	100	47	500	0.608068	0.59496	0.539736	0.0552242	0.0131077	0.532276	0.054622	1.72225	0.135655	1.61759e-05
10077	1	100	45	500	0.622049	0.61043	0.547969	0.0624612	0.0116193	0.52338	0.0581528	1.74257	0.138221	1.65355e-05
10078	1	100	31	500	0.313701	0.301264	0.237281	0.0639829	0.0124368	0.726707	0.0834378	1.30794	0.105197	1.59545e-05
10079	1	100	29	500	0.325647	0.311877	0.243079	0.0687977	0.0137709	0.718305	0.0874092	1.31784	0.107383	1.62004e-05
10080	1	100	36	500	0.121067	0.105632	0.0333171	0.0723152	0.0154349	0.895529	0.113972	1.0816	0.0900204	1.60526e-05
10081	1	100	35	500	0.132803	0.115547	0.0388573	0.0766898	0.0172564	0.885827	0.117847	1.0883	0.0923129	1.60458e-05
10082	1	100	31	500	0.137099	0.121224	0.0423903	0.0788332	0.015876	0.880667	0.114598	1.0949	0.0912154	1.6194e-05
10083	1	100	33	500	0.154165	0.137067	0.0540303	0.0830364	0.017098	0.865092	0.119498	1.10646	0.09337	1.59871e-05
10084	1	100	38	500	0.178754	0.156237	0.0689084	0.0873289	0.0225165	0.847022	0.126219	1.11761	0.095194	1.59535e-05
10085	1	100	35	500	0.177377	0.155769	0.0682026	0.087566	0.0216087	0.848438	0.121694	1.12016	0.0934317	1.60879e-05
10086	1	100	37	500	0.180538	0.160516	0.0719058	0.0886102	0.0200218	0.843086	0.124485	1.1237	0.0948637	1.62324e-05
10087	1	100	32	500	0.194333	0.173736	0.0846219	0.0891137	0.0205973	0.830643	0.127744	1.13314	0.0935176	1.6033e-05
10088	1	100	37	500	0.205838	0.18803	0.099724	0.088306	0.0178077	0.816241	0.127935	1.14429	0.0934657	1.58022e-05
10089	1	100	33	500	0.21514	0.196742	0.109241	0.0875009	0.0183986	0.807113	0.131633	1.14815	0.0953003	1.59255e-05
10090	1	100	40	500	0.232177	0.207724	0.119916	0.087808	0.0244528	0.796859	0.124936	1.15404	0.0975172	1.57893e-05
10091	1	100	39	500	0.234915	0.212614	0.124728	0.087886	0.022301	0.793184	0.132082	1.15641	0.0939131	1.60512e-05
10092	1	100	36	500	0.239221	0.218027	0.131156	0.086871	0.0211939	0.788807	0.124025	1.16293	0.0877379	1.60999e-05
10093	1	100	46	500	0.247631	0.225062	0.138761	0.0863007	0.0225693	0.781723	0.126161	1.16593	0.087889	1.63112e-05
10094	1	100	30	500	0.250471	0.234198	0.151311	0.082887	0.0162721	0.772575	0.12098	1.17457	0.0844899	1.58147e-05
10095	1	100	39	500	0.267707	0.24664	0.16594	0.0806998	0.0210671	0.76104	0.121549	1.17957	0.0844089	1.57987e-05
10096	1	100	35	500	0.27057	0.25467	0.177758	0.0769125	0.0159	0.752136	0.115421	1.18514	0.0828599	1.52835e-05
10097	1	100	42	500	0.284343	0.265558	0.191039	0.0745195	0.0187843	0.742965	0.115096	1.19062	0.0801595	1.49371e-05
10098	1	100	40	500	0.287286	0.26778	0.194079	0.0737009	0.0195058	0.741536	0.114185	1.19342	0.0759879	1.50141e-05
10099	1	100	41	500	0.292292	0.273933	0.202697	0.0712357	0.0183595	0.734878	0.114391	1.19464	0.0784352	1.49776e-05
10100	1	100	45	500	0.305957	0.284668	0.216802	0.0678657	0.0212889	0.726034	0.110699	1.19984	0.071924	1.43342e-05
10101	1	100	37	500	0.310308	0.290208	0.224809	0.0653995	0.0200999	0.720229	0.115954	1.20063	0.0768176	1.4168e-05
