Generation	PopulationID	SampleSize	UniqueMutations	PopulationSize	totalLoad	RelzLoad	RelzLoadHomo	RelzLoadHetero	MskLoad	MeanFitness	SdFitness	MeanFitnessCached	SdFitnessCached	Heterozygosity	
10001	1	100	65	500	0.5578	0.52389	0.387051	0.136838	0.03391	0.571915	0.049112	1.49676	0.0982373	3.80667e-05
10002	1	100	63	500	0.553507	0.524268	0.389017	0.13525	0.0292397	0.572196	0.0474126	1.50142	0.0917406	3.78563e-05
10003	1	100	61	500	0.560534	0.526917	0.393564	0.133353	0.0336174	0.571772	0.0489837	1.50522	0.0970622	3.73934e-05
10004	1	100	61	500	0.566292	0.530754	0.398011	0.132743	0.0355381	0.569004	0.0471481	1.50764	0.0959736	3.70306e-05
10005	1	100	64	500	0.572776	0.536672	0.41366	0.123012	0.0361037	0.56542	0.0439183	1.51374	0.0941276	3.52516e-05
10006	1	100	68	500	0.572866	0.540233	0.418577	0.121656	0.0326324	0.56295	0.0455728	1.52202	0.100656	3.46389e-05
10007	1	100	74	500	0.580532	0.547165	0.42327	0.123896	0.0333664	0.558846	0.0438931	1.53075	0.0994055	3.51695e-05
10008	1	100	65	500	0.57376	0.543898	0.421055	0.122844	0.029862	0.560639	0.0479988	1.52733	0.108792	3.53636e-05
10009	1	100	60	500	0.570113	0.548549	0.433347	0.115203	0.0215636	0.554927	0.0416119	1.53886	0.100685	3.47596e-05
10010	1	100	70	500	0.581799	0.551787	0.436909	0.114878	0.0300117	0.555693	0.0428227	1.54013	0.103925	3.38106e-05
10011	1	100	57	500	0.580422	0.5512	0.434021	0.117178	0.0292224	0.556173	0.0416259	1.54104	0.102647	3.46415e-05
10012	1	100	61	500	0.590469	0.564211	0.449317	0.114894	0.0262584	0.548652	0.0397259	1.56039	0.105097	3.44323e-05
10013	1	100	57	500	0.601933	0.577546	0.456937	0.120609	0.0243876	0.539922	0.0408114	1.58017	0.114276	3.56221e-05
10014	1	100	52	500	0.611077	0.585388	0.461311	0.124077	0.0256883	0.53639	0.0394029	1.59168	0.114866	3.62091e-05
10015	1	100	52	500	0.614885	0.589481	0.466537	0.122945	0.0254034	0.533104	0.0388414	1.60009	0.112588	3.61502e-05
10016	1	100	64	500	0.618439	0.594222	0.475756	0.118467	0.0242166	0.531023	0.0397203	1.60594	0.118129	3.54107e-05
10017	1	100	50	500	0.618043	0.600169	0.479385	0.120784	0.0178732	0.52712	0.0369634	1.61739	0.111924	3.57498e-05
10018	1	100	47	500	0.612932	0.59712	0.479935	0.117184	0.0158123	0.526588	0.0374041	1.62049	0.113355	3.61328e-05
10019	1	100	55	500	0.626591	0.60531	0.475725	0.129585	0.0212813	0.52508	0.0367808	1.62516	0.108231	3.81338e-05
10020	1	100	52	500	0.631982	0.607324	0.469924	0.137401	0.0246578	0.524732	0.0378437	1.62593	0.110096	3.95923e-05
10021	1	100	49	500	0.632519	0.610799	0.47061	0.140189	0.0217203	0.522138	0.0407232	1.63102	0.114121	4.00934e-05
10022	1	100	49	500	0.635642	0.613061	0.471598	0.141463	0.0225817	0.52139	0.0380084	1.63521	0.108572	3.98201e-05
10023	1	100	52	500	0.517228	0.494431	0.351269	0.143162	0.0227973	0.589144	0.0413835	1.55438	0.103672	4.04565e-05
10024	1	100	49	500	0.520373	0.496941	0.353484	0.143457	0.0234318	0.588123	0.0417419	1.55943	0.103659	4.01592e-05
10025	1	100	51	500	0.521038	0.49658	0.351799	0.144782	0.0244581	0.587818	0.0431786	1.55693	0.110136	4.08746e-05
10026	1	100	56	500	0.530899	0.50412	0.359951	0.144169	0.0267793	0.583353	0.0422498	1.56779	0.108428	4.11888e-05
10027	1	100	46	500	0.526029	0.502958	0.355172	0.147786	0.0230706	0.584466	0.0463501	1.57042	0.11225	4.18602e-05
10028	1	100	48	500	0.529889	0.506219	0.362016	0.144204	0.02367	0.581182	0.043285	1.57241	0.114824	4.12552e-05
10029	1	100	51	500	0.538354	0.513484	0.362915	0.150569	0.0248693	0.577327	0.0440318	1.58375	0.117272	4.27767e-05
10030	1	100	55	500	0.548462	0.522066	0.380163	0.141902	0.0263964	0.57191	0.0417333	1.59791	0.116854	4.15822e-05
10031	1	100	48	500	0.554035	0.530636	0.393283	0.137353	0.0233988	0.566371	0.0402363	1.61344	0.115891	4.07155e-05
10032	1	100	58	500	0.564651	0.535199	0.390579	0.14462	0.0294522	0.563785	0.0428964	1.61557	0.125704	4.12607e-05
10033	1	100	54	500	0.558037	0.538023	0.39726	0.140763	0.0200147	0.561574	0.0418838	1.62724	0.124885	4.13471e-05
10034	1	100	49	500	0.559678	0.540264	0.403339	0.136924	0.0194143	0.559972	0.0411964	1.63636	0.121596	4.11012e-05
10035	1	100	55	500	0.568638	0.548306	0.408022	0.140284	0.0203313	0.55617	0.0425816	1.64695	0.126659	4.13677e-05
10036	1	100	53	500	0.566955	0.5496	0.406813	0.142787	0.017355	0.555664	0.0439171	1.65117	0.124428	4.123e-05
10037	1	100	64	500	0.574034	0.552156	0.408721	0.143435	0.0218787	0.554013	0.0470601	1.65182	0.137285	4.0752e-05
10038	1	100	57	500	0.579788	0.557773	0.411098	0.146675	0.022015	0.550789	0.0465472	1.65881	0.131592	4.03736e-05
10039	1	100	56	500	0.591267	0.568452	0.41453	0.153921	0.0228148	0.545229	0.0492958	1.67692	0.136932	4.09902e-05
10040	1	100	58	500	0.605628	0.578603	0.421245	0.157358	0.027025	0.539122	0.0503101	1.68888	0.139261	4.13725e-05
10041	1	100	65	500	0.613546	0.582768	0.425055	0.157713	0.0307784	0.535832	0.0533349	1.69404	0.146452	4.14126e-05
10042	1	100	47	500	0.611885	0.58503	0.43283	0.1522	0.0268548	0.533649	0.0479071	1.70157	0.137636	4.13122e-05
10043	1	100	68	500	0.62307	0.593026	0.438329	0.154697	0.0300438	0.529835	0.0511126	1.70859	0.147225	4.13145e-05
10044	1	100	61	500	0.62643	0.600439	0.442367	0.158072	0.0259904	0.526775	0.050232	1.72447	0.144224	4.18891e-05
10045	1	100	56	500	0.634848	0.605075	0.446135	0.15894	0.0297726	0.523868	0.0469033	1.73118	0.14316	4.22357e-05
10046	1	100	57	500	0.637963	0.611997	0.453297	0.1587	0.025966	0.520798	0.0475375	1.74638	0.146721	4.20308e-05
10047	1	100	52	500	0.638613	0.612046	0.45841	0.153635	0.0265673	0.518265	0.0466423	1.75106	0.141718	4.2336e-05
10048	1	100	56	500	0.465904	0.436672	0.285287	0.151385	0.0292324	0.631144	0.0582479	1.48879	0.124374	4.21006e-05
10049	1	100	51	500	0.471475	0.440321	0.295663	0.144658	0.0311535	0.628243	0.0556936	1.4928	0.122042	4.15778e-05
10050	1	100	56	500	0.474293	0.446626	0.300339	0.146287	0.0276673	0.624145	0.0610107	1.50529	0.132031	4.1829e-05
10051	1	100	51	500	0.482511	0.458647	0.31394	0.144707	0.0238643	0.616001	0.058105	1.52237	0.121795	4.16e-05
10052	1	100	51	500	0.485188	0.465619	0.32695	0.138669	0.0195691	0.61156	0.0601262	1.53251	0.126314	4.05895e-05
10053	1	100	55	500	0.50105	0.478214	0.338723	0.13949	0.0228364	0.60388	0.0605859	1.54937	0.123046	4.09679e-05
10054	1	100	52	500	0.50313	0.48067	0.341226	0.139445	0.0224601	0.602933	0.0601118	1.55202	0.122189	4.08575e-05
10055	1	100	54	500	0.51667	0.488174	0.34172	0.146454	0.0284962	0.59874	0.0610016	1.55792	0.126618	4.12937e-05
10056	1	100	58	500	0.523746	0.500284	0.354875	0.145409	0.0234624	0.589745	0.0609183	1.57601	0.125692	4.13772e-05
10057	1	100	56	500	0.532876	0.509267	0.364993	0.144274	0.0236086	0.584299	0.0581338	1.588	0.120914	4.14462e-05
10058	1	100	55	500	0.532084	0.508563	0.369595	0.138967	0.0235207	0.585124	0.0589117	1.58807	0.122351	4.12565e-05
10059	1	100	49	500	0.531511	0.510729	0.372374	0.138355	0.0207818	0.583565	0.0563123	1.59416	0.117983	4.15347e-05
10060	1	100	50	500	0.536457	0.515151	0.379834	0.135318	0.0213062	0.581106	0.0566722	1.60048	0.119605	4.12162e-05
10061	1	100	49	500	0.550287	0.525837	0.391537	0.1343	0.0244506	0.574501	0.0561158	1.61233	0.117304	4.09699e-05
10062	1	100	40	500	0.557368	0.534886	0.403101	0.131786	0.0224815	0.568612	0.0527868	1.62491	0.108449	4.07513e-05
10063	1	100	50	500	0.567203	0.542271	0.408706	0.133566	0.0249319	0.564155	0.0498487	1.63446	0.108215	4.10544e-05
10064	1	100	51	500	0.57366	0.54874	0.413578	0.135162	0.0249206	0.560002	0.0503179	1.64356	0.107499	4.12709e-05
10065	1	100	48	500	0.575364	0.551509	0.415761	0.135748	0.0238556	0.558072	0.0490705	1.6496	0.105611	4.15588e-05
10066	1	100	47	500	0.582824	0.557702	0.417066	0.140636	0.0251223	0.554519	0.0520329	1.65361	0.103244	4.22763e-05
10067	1	100	51	500	0.583407	0.558539	0.416385	0.142154	0.0248679	0.553943	0.0521281	1.6535	0.107868	4.24798e-05
10068	1	100	57	500	0.58919	0.564532	0.420836	0.143696	0.0246585	0.551015	0.0517986	1.66349	0.104819	4.24284e-05
10069	1	100	48	500	0.59508	0.570522	0.429362	0.14116	0.0245584	0.546063	0.0480386	1.66791	0.0909691	4.21152e-05
10070	1	100	49	500	0.601651	0.575371	0.434942	0.140429	0.0262803	0.544489	0.0493053	1.67464	0.0976967	4.20777e-05
10071	1	100	49	500	0.600038	0.57303	0.43348	0.13955	0.0270078	0.545997	0.0479413	1.67122	0.0966385	4.23316e-05
10072	1	100	53	500	0.60605	0.57903	0.440297	0.138733	0.0270198	0.542022	0.0523003	1.67566	0.100444	4.2141e-05
10073	1	100	48	500	0.454861	0.426075	0.289269	0.136806	0.0287867	0.6393	0.0599109	1.45157	0.0859928	4.21409e-05
10074	1	100	50	500	0.459636	0.43135	0.294685	0.136665	0.0282862	0.63597	0.0531323	1.45993	0.0809499	4.22687e-05
10075	1	100	52	500	0.471013	0.440468	0.303949	0.136519	0.0305452	0.629373	0.0575511	1.46538	0.0795283	4.23204e-05
10076	1	100	55	500	0.482739	0.447711	0.314236	0.133475	0.035028	0.624629	0.0548276	1.47124	0.079764	4.19829e-05
10077	1	100	52	500	0.484339	0.44823	0.314401	0.133829	0.0361093	0.623637	0.0550509	1.47192	0.0818349	4.22878e-05
10078	1	100	54	500	0.485146	0.451833	0.318984	0.132849	0.0333127	0.621309	0.0533412	1.47967	0.0795696	4.24376e-05
10079	1	100	56	500	0.483619	0.452174	0.318886	0.133287	0.0314454	0.620652	0.0556521	1.48159	0.0811542	4.27673e-05
10080	1	100	58	500	0.488181	0.455773	0.322159	0.133614	0.0324079	0.618283	0.0514972	1.48643	0.0781726	4.30464e-05
10081	1	100	59	500	0.495535	0.462383	0.329151	0.133232	0.0331522	0.613875	0.0524901	1.49337	0.0781432	4.27544e-05
10082	1	100	62	500	0.500459	0.465523	0.33192	0.133604	0.0349357	0.612229	0.053478	1.4993	0.0812835	4.2741e-05
10083	1	100	57	500	0.500357	0.467634	0.335754	0.131879	0.0327228	0.609894	0.0502421	1.50315	0.079329	4.2602e-05
10084	1	100	54	500	0.504236	0.474367	0.34398	0.130387	0.0298687	0.60626	0.0500564	1.51188	0.0808794	4.21683e-05
10085	1	100	60	500	0.513839	0.47838	0.348226	0.130155	0.0354587	0.60258	0.0522209	1.51092	0.0783619	4.22414e-05
10086	1	100	51	500	0.516778	0.483038	0.35607	0.126968	0.0337405	0.59984	0.0517057	1.5169	0.0800707	4.21181e-05
10087	1	100	54	500	0.521425	0.487946	0.361774	0.126172	0.0334788	0.59701	0.0503847	1.52278	0.0764791	4.20313e-05
10088	1	100	50	500	0.522009	0.488672	0.365658	0.123014	0.0333371	0.594205	0.0489273	1.52636	0.0781954	4.21782e-05
10089	1	100	54	500	0.528286	0.492477	0.371372	0.121104	0.0358089	0.592921	0.0505812	1.52975	0.0784819	4.15358e-05
10090	1	100	52	500	0.539051	0.501461	0.379406	0.122055	0.0375908	0.588087	0.0503434	1.53242	0.074253	4.10472e-05
10091	1	100	50	500	0.545395	0.506779	0.385623	0.121156	0.038616	0.58431	0.0498475	1.5378	0.0797683	4.10024e-05
10092	1	100	55	500	0.549266	0.511411	0.393579	0.117833	0.0378541	0.581377	0.0470268	1.54334	0.0745006	4.05566e-05
10093	1	100	52	500	0.559343	0.518511	0.401471	0.11704	0.0408318	0.576069	0.0478057	1.54623	0.0737433	4.03329e-05
10094	1	100	54	500	0.560194	0.521962	0.407863	0.1141	0.0382313	0.574652	0.047834	1.54657	0.0709747	3.98611e-05
10095	1	100	50	500	0.566078	0.524253	0.415028	0.109225	0.0418247	0.574006	0.044513	1.54706	0.0688712	3.97424e-05
10096	1	100	53	500	0.569744	0.527632	0.421382	0.10625	0.0421119	0.571308	0.044824	1.55019	0.0704605	3.95224e-05
10097	1	100	56	500	0.575626	0.531975	0.425157	0.106818	0.0436513	0.568679	0.0460938	1.55307	0.0759835	3.94297e-05
10098	1	100	49	500	0.577062	0.535309	0.43248	0.102829	0.0417531	0.566083	0.0457679	1.56001	0.0786047	3.94634e-05
10099	1	100	49	500	0.571893	0.532629	0.430021	0.102608	0.039264	0.566756	0.0452509	1.55798	0.0782586	4.00117e-05
10100	1	100	56	500	0.575324	0.53745	0.440153	0.0972969	0.0378734	0.564172	0.0421285	1.56677	0.0761219	3.99034e-05
10101	1	100	65	500	0.579886	0.541158	0.449203	0.0919556	0.038728	0.561023	0.0411279	1.57129	0.0785003	3.97848e-05
