Generation	PopulationID	SampleSize	UniqueMutations	PopulationSize	totalLoad	RelzLoad	RelzLoadHomo	RelzLoadHetero	MskLoad	MeanFitness	SdFitness	MeanFitnessCached	SdFitnessCached	Heterozygosity	
10001	1	100	55	500	0.0833988	0.0720658	0.0158125	0.0562532	0.0113331	0.928155	0.0606812	1.06385	0.0666861	3.66652e-05
10002	1	100	48	500	0.0864772	0.0752965	0.0165622	0.0587343	0.0111807	0.9249	0.0643034	1.06722	0.0669496	3.69787e-05
10003	1	100	49	500	0.0864388	0.0778121	0.0174517	0.0603603	0.00862668	0.921831	0.0650744	1.06977	0.0695328	3.72864e-05
10004	1	100	44	500	0.100326	0.0867041	0.0197431	0.066961	0.013622	0.914962	0.0652456	1.0768	0.0696575	3.73634e-05
10005	1	100	49	500	0.102193	0.0878866	0.0200436	0.067843	0.0143066	0.913885	0.0695546	1.07756	0.0722231	3.75784e-05
10006	1	100	49	500	0.108949	0.0949502	0.0225585	0.0723917	0.0139987	0.907156	0.0654351	1.0854	0.0718457	3.71444e-05
10007	1	100	47	500	0.109867	0.100676	0.0252765	0.0753994	0.00919136	0.900866	0.0707429	1.09278	0.0767288	3.68769e-05
10008	1	100	46	500	0.113965	0.104365	0.0268403	0.0775244	0.00960001	0.897229	0.0691551	1.09632	0.0749584	3.66519e-05
10009	1	100	41	500	0.11426	0.106935	0.0286691	0.0782656	0.00732568	0.894624	0.0667891	1.09981	0.0727182	3.64419e-05
10010	1	100	48	500	0.122458	0.114326	0.0321578	0.0821682	0.00813218	0.888266	0.0694736	1.10769	0.0753836	3.61551e-05
10011	1	100	44	500	0.130158	0.121372	0.0358091	0.0855631	0.0087858	0.881363	0.0676428	1.11451	0.0719574	3.56773e-05
10012	1	100	47	500	0.135568	0.126107	0.0379928	0.0881141	0.00946096	0.87682	0.0709971	1.11876	0.0760274	3.56966e-05
10013	1	100	43	500	0.139005	0.132632	0.0419878	0.0906439	0.00637362	0.870772	0.0679172	1.12725	0.0742065	3.51385e-05
10014	1	100	42	500	0.145959	0.137795	0.0448091	0.0929863	0.00816354	0.866091	0.0717667	1.13196	0.0806589	3.49301e-05
10015	1	100	41	500	0.154135	0.147359	0.0503579	0.097001	0.00677604	0.857198	0.0714913	1.14258	0.0803404	3.44237e-05
10016	1	100	47	500	0.159817	0.151405	0.0520638	0.0993416	0.00841205	0.853764	0.0717801	1.1464	0.0829229	3.4508e-05
10017	1	100	44	500	0.163615	0.156259	0.0557082	0.100551	0.00735593	0.848675	0.0713598	1.15106	0.0795466	3.42554e-05
10018	1	100	45	500	0.174537	0.165202	0.0632157	0.101987	0.0093346	0.840425	0.0706347	1.16	0.080694	3.33418e-05
10019	1	100	42	500	0.183833	0.176391	0.0722359	0.104155	0.00744258	0.829811	0.0700513	1.17245	0.0814681	3.27018e-05
10020	1	100	41	500	0.193364	0.18662	0.0786016	0.108019	0.0067439	0.82056	0.0716242	1.18375	0.0847067	3.26793e-05
10021	1	100	39	500	0.195753	0.190039	0.0826181	0.107421	0.00571409	0.817138	0.0707966	1.18839	0.0837671	3.22745e-05
10022	1	100	46	500	0.203929	0.197058	0.088595	0.108463	0.00687152	0.810819	0.0740278	1.19472	0.0887759	3.23664e-05
10023	1	100	43	500	0.206554	0.198749	0.089104	0.109645	0.00780499	0.809636	0.0731004	1.19576	0.0890949	3.25519e-05
10024	1	100	45	500	0.220213	0.210587	0.101813	0.108774	0.00962573	0.799303	0.0692059	1.2069	0.0863637	3.12242e-05
10025	1	100	49	500	0.230408	0.216904	0.107075	0.109829	0.0135036	0.793974	0.0707537	1.21252	0.0873923	3.05747e-05
10026	1	100	44	500	0.23001	0.219662	0.111815	0.107847	0.0103479	0.790491	0.0689415	1.21658	0.0859819	3.06205e-05
10027	1	100	43	500	0.235287	0.221887	0.113263	0.108624	0.0134003	0.787807	0.0711315	1.21951	0.0904651	3.08067e-05
10028	1	100	45	500	0.237548	0.226615	0.118213	0.108402	0.0109329	0.784197	0.0737611	1.22491	0.0941224	3.07968e-05
10029	1	100	38	500	0.247885	0.238907	0.131456	0.107451	0.0089782	0.773994	0.0751172	1.2381	0.0944552	3.04444e-05
10030	1	100	45	500	0.252131	0.243333	0.136331	0.107002	0.00879848	0.769488	0.069894	1.24327	0.0908278	3.04807e-05
10031	1	100	39	500	0.257653	0.247634	0.13919	0.108444	0.0100189	0.766979	0.0685465	1.2483	0.091233	3.09496e-05
10032	1	100	33	500	0.26392	0.252456	0.14672	0.105735	0.011464	0.762674	0.0672531	1.25216	0.0901349	3.05237e-05
10033	1	100	35	500	0.271297	0.258923	0.154227	0.104696	0.012374	0.757806	0.0667048	1.25887	0.0897513	3.05181e-05
10034	1	100	37	500	0.273945	0.261401	0.157122	0.104279	0.0125448	0.755225	0.0642601	1.26067	0.0877328	3.07269e-05
10035	1	100	41	500	0.279326	0.266993	0.159475	0.107517	0.0123334	0.75116	0.0664657	1.26832	0.0887809	3.1467e-05
10036	1	100	38	500	0.276902	0.263666	0.157384	0.106282	0.0132361	0.754411	0.068663	1.26479	0.0912665	3.15021e-05
10037	1	100	37	500	0.283511	0.271302	0.167431	0.103872	0.012209	0.746974	0.06666	1.27326	0.0908123	3.12398e-05
10038	1	100	39	500	0.287044	0.276476	0.173839	0.102638	0.0105678	0.742236	0.0614739	1.27856	0.0853728	3.12009e-05
10039	1	100	43	500	0.294486	0.27919	0.175844	0.103346	0.0152958	0.741252	0.0645197	1.2802	0.0898196	3.13242e-05
10040	1	100	39	500	0.294232	0.281831	0.181128	0.100703	0.0124002	0.737339	0.0662275	1.28419	0.0955028	3.1344e-05
10041	1	100	42	500	0.299517	0.283686	0.182746	0.100941	0.0158311	0.73665	0.0630339	1.28559	0.090592	3.16468e-05
10042	1	100	43	500	0.299831	0.286334	0.1879	0.0984344	0.0134968	0.733887	0.061862	1.28808	0.0900117	3.15169e-05
10043	1	100	43	500	0.30461	0.290495	0.194949	0.0955461	0.0141152	0.730198	0.0598703	1.29114	0.0881116	3.1106e-05
10044	1	100	44	500	0.309934	0.29572	0.199688	0.0960323	0.0142131	0.725821	0.0624346	1.29829	0.0929928	3.10026e-05
10045	1	100	42	500	0.310919	0.297208	0.203431	0.0937772	0.0137107	0.725199	0.0607063	1.29995	0.0917673	3.11526e-05
10046	1	100	43	500	0.313942	0.2993	0.206001	0.0932994	0.0146419	0.724038	0.060298	1.30272	0.0890721	3.11939e-05
10047	1	100	40	500	0.314761	0.302991	0.213819	0.0891712	0.0117705	0.719364	0.0617046	1.30831	0.0931972	3.05245e-05
10048	1	100	37	500	0.322825	0.310427	0.222554	0.0878735	0.0123979	0.714276	0.0615015	1.31619	0.094351	2.96761e-05
10049	1	100	37	500	0.327255	0.314892	0.22965	0.0852419	0.0123635	0.710121	0.061591	1.32305	0.0933933	2.95606e-05
10050	1	100	42	500	0.33079	0.320632	0.236896	0.0837358	0.0101585	0.705566	0.0588706	1.33208	0.0875995	3.0102e-05
10051	1	100	49	500	0.341	0.327826	0.244753	0.0830735	0.0131739	0.700837	0.0580129	1.33772	0.0873921	3.03817e-05
10052	1	100	41	500	0.343684	0.333005	0.254535	0.0784697	0.010679	0.696113	0.0584046	1.34533	0.0871966	2.97784e-05
10053	1	100	38	500	0.348386	0.33587	0.257707	0.0781629	0.0125153	0.693761	0.0594658	1.3467	0.0894207	3.01248e-05
10054	1	100	44	500	0.357889	0.343468	0.267487	0.0759813	0.0144208	0.687888	0.0580911	1.35372	0.0898437	3.00032e-05
10055	1	100	38	500	0.3657	0.352439	0.280228	0.0722107	0.013261	0.680383	0.0556424	1.36504	0.0868291	3.00616e-05
10056	1	100	41	500	0.371782	0.359642	0.292117	0.0675254	0.0121398	0.674476	0.0530574	1.37348	0.0811089	2.90947e-05
10057	1	100	44	500	0.376789	0.360129	0.290148	0.0699811	0.0166596	0.674794	0.0549487	1.37306	0.086816	3.00494e-05
10058	1	100	45	500	0.3837	0.369111	0.30359	0.0655202	0.0145892	0.667533	0.0510898	1.38523	0.07888	3.04825e-05
10059	1	100	42	500	0.393275	0.379959	0.322535	0.0574232	0.0133165	0.65843	0.0514564	1.39822	0.0785982	2.99697e-05
10060	1	100	45	500	0.394832	0.380928	0.321528	0.0594002	0.0139034	0.658075	0.0511519	1.39927	0.0803513	3.05735e-05
10061	1	100	38	500	0.399164	0.385105	0.32972	0.0553847	0.0140589	0.654571	0.0487108	1.40413	0.0775671	3.01218e-05
10062	1	100	46	500	0.4022	0.385707	0.329492	0.0562141	0.0164939	0.654543	0.0499091	1.40474	0.0783115	3.05511e-05
10063	1	100	38	500	0.41345	0.39044	0.334438	0.0560023	0.0230094	0.651717	0.0492273	1.41177	0.0752752	3.06099e-05
10064	1	100	37	500	0.410311	0.390231	0.335776	0.0544554	0.0200797	0.651736	0.0488288	1.41392	0.0759954	3.08045e-05
10065	1	100	45	500	0.41472	0.392639	0.33843	0.0542088	0.0220809	0.650072	0.0481971	1.41498	0.074705	3.07661e-05
10066	1	100	32	500	0.412989	0.392424	0.339457	0.0529677	0.0205645	0.650142	0.049132	1.4156	0.0772255	3.07345e-05
10067	1	100	35	500	0.415784	0.398355	0.353664	0.0446909	0.0174294	0.644929	0.0437196	1.42292	0.0709327	2.94683e-05
10068	1	100	39	500	0.419457	0.400089	0.354932	0.0451578	0.0193672	0.643825	0.0422722	1.42437	0.0679871	2.98153e-05
10069	1	100	32	500	0.424469	0.403397	0.360593	0.0428044	0.0210726	0.641342	0.039974	1.42646	0.0618091	2.95979e-05
10070	1	100	33	500	0.427798	0.408476	0.3704	0.0380756	0.0193219	0.637486	0.0390224	1.43358	0.0612329	2.90652e-05
10071	1	100	35	500	0.424229	0.410343	0.376323	0.0340197	0.0138862	0.635097	0.0350529	1.4369	0.0569164	2.87592e-05
10072	1	100	32	500	0.419106	0.409054	0.376306	0.0327482	0.010052	0.635441	0.0345473	1.4367	0.0564945	2.87835e-05
10073	1	100	42	500	0.41895	0.406846	0.372755	0.0340913	0.0121035	0.638124	0.0356505	1.43415	0.0556288	2.91088e-05
10074	1	100	36	500	0.430992	0.413178	0.381189	0.0319895	0.0178136	0.633425	0.0329376	1.4382	0.0545824	2.92553e-05
10075	1	100	34	500	0.432274	0.417157	0.389991	0.0271664	0.0151169	0.629931	0.0288836	1.44476	0.0499978	2.88016e-05
10076	1	100	36	500	0.432866	0.419256	0.391709	0.0275473	0.0136102	0.628256	0.0271317	1.44883	0.0501316	2.93125e-05
10077	1	100	40	500	0.446171	0.425889	0.400182	0.0257067	0.0202828	0.623991	0.0245551	1.45229	0.0455983	2.87666e-05
10078	1	100	34	500	0.450039	0.426653	0.39975	0.0269023	0.0233863	0.623737	0.0266802	1.45243	0.0478096	2.9378e-05
10079	1	100	32	500	0.432897	0.424717	0.402014	0.0227025	0.00818083	0.622987	0.0234306	1.45761	0.044269	2.96287e-05
10080	1	100	35	500	0.442012	0.426081	0.400386	0.0256951	0.0159308	0.623936	0.0241079	1.45741	0.0449866	2.98354e-05
10081	1	100	27	500	0.240529	0.229547	0.205544	0.0240035	0.0109822	0.775949	0.0262785	1.22086	0.0360754	2.98043e-05
10082	1	100	28	500	0.243598	0.229215	0.204408	0.0248071	0.0143831	0.777012	0.0297812	1.21889	0.0377441	3.01843e-05
10083	1	100	38	500	0.24137	0.228759	0.204649	0.0241103	0.0126105	0.777167	0.028078	1.21903	0.0369239	2.98791e-05
10084	1	100	31	500	0.242461	0.229678	0.205275	0.0244027	0.0127839	0.776552	0.0267554	1.22033	0.0355329	3.01013e-05
10085	1	100	34	500	0.24646	0.233713	0.211034	0.0226796	0.0127462	0.772421	0.0239407	1.22422	0.0362181	2.97816e-05
10086	1	100	39	500	0.241849	0.233275	0.210908	0.0223668	0.00857383	0.772208	0.0239511	1.22546	0.036213	3.04354e-05
10087	1	100	39	500	0.244318	0.234229	0.211776	0.0224532	0.010089	0.772038	0.0223509	1.22684	0.0333546	3.07187e-05
10088	1	100	36	500	0.245898	0.236232	0.213795	0.022437	0.0096663	0.770054	0.020713	1.22985	0.0330958	3.0652e-05
10089	1	100	32	500	0.245596	0.236913	0.214947	0.0219654	0.00868312	0.769581	0.0198828	1.23201	0.0320699	3.10394e-05
10090	1	100	34	500	0.243269	0.235953	0.212983	0.02297	0.00731592	0.770897	0.0216288	1.23257	0.0319435	3.1119e-05
10091	1	100	35	500	0.242541	0.236255	0.213756	0.0224989	0.00628589	0.770258	0.0207144	1.23301	0.0316459	3.12862e-05
10092	1	100	42	500	0.246296	0.238378	0.21542	0.0229577	0.00791796	0.768607	0.0183877	1.23404	0.0309834	3.15254e-05
10093	1	100	40	500	0.245501	0.238622	0.215945	0.0226769	0.00687942	0.768315	0.0172777	1.23501	0.0290293	3.17015e-05
10094	1	100	33	500	0.248268	0.239317	0.215921	0.0233963	0.00895114	0.767912	0.0190299	1.23484	0.0305317	3.1628e-05
10095	1	100	31	500	0.251371	0.240847	0.216911	0.0239358	0.0105239	0.766633	0.017881	1.23563	0.0309871	3.17974e-05
10096	1	100	36	500	0.248399	0.241288	0.217091	0.0241968	0.0071117	0.765971	0.0176108	1.23781	0.0303514	3.17758e-05
10097	1	100	43	500	0.251021	0.242474	0.217447	0.0250273	0.00854646	0.765756	0.0189565	1.23977	0.0298439	3.1932e-05
10098	1	100	41	500	0.25142	0.242833	0.218707	0.0241258	0.00858657	0.764918	0.0164396	1.23999	0.0292367	3.19222e-05
10099	1	100	38	500	0.252818	0.243198	0.21936	0.0238388	0.00961942	0.764781	0.017092	1.24014	0.0288283	3.21534e-05
10100	1	100	42	500	0.26245	0.246002	0.219734	0.0262679	0.016448	0.763077	0.0189367	1.2399	0.0322134	3.24105e-05
10101	1	100	41	500	0.263555	0.247476	0.221211	0.0262656	0.016079	0.76163	0.0199731	1.2416	0.0326916	3.24553e-05
