Generation	PopulationID	SampleSize	UniqueMutations	PopulationSize	totalLoad	RelzLoad	RelzLoadHomo	RelzLoadHetero	MskLoad	MeanFitness	SdFitness	MeanFitnessCached	SdFitnessCached	Heterozygosity	
10001	1	100	42	500	0.229729	0.219652	0.164792	0.0548592	0.0100776	0.79558	0.038021	1.22753	0.0520642	1.89325e-05
10002	1	100	37	500	0.225768	0.218987	0.16519	0.053797	0.00678021	0.794504	0.0380697	1.22939	0.0506546	1.918e-05
10003	1	100	42	500	0.23879	0.225632	0.169419	0.0562125	0.0131581	0.790756	0.0366391	1.23308	0.0485942	1.86159e-05
10004	1	100	37	500	0.235213	0.224984	0.169329	0.0556553	0.0102288	0.79011	0.0370286	1.23252	0.049688	1.85553e-05
10005	1	100	38	500	0.24119	0.227341	0.17117	0.056171	0.0138492	0.788073	0.0393806	1.23293	0.0509436	1.78969e-05
10006	1	100	38	500	0.253227	0.230257	0.171324	0.058933	0.02297	0.787658	0.0405383	1.23306	0.0538592	1.85469e-05
10007	1	100	45	500	0.261333	0.235821	0.174607	0.0612146	0.0255117	0.783066	0.0394557	1.23773	0.0535608	1.84058e-05
10008	1	100	41	500	0.258069	0.237498	0.178632	0.0588663	0.020571	0.778846	0.052014	1.23826	0.0762297	1.76503e-05
10009	1	100	38	500	0.259824	0.235986	0.177113	0.0588731	0.0238389	0.782777	0.0408839	1.23939	0.0519642	1.84137e-05
10010	1	100	48	500	0.269572	0.23937	0.176906	0.0624645	0.0302019	0.780485	0.0423089	1.23873	0.0531242	1.87269e-05
10011	1	100	44	500	0.262149	0.237703	0.174892	0.0628104	0.0244461	0.781231	0.0418975	1.23941	0.0565666	1.9178e-05
10012	1	100	46	500	0.270371	0.239531	0.175525	0.0640055	0.0308402	0.780158	0.0417206	1.23806	0.0505576	1.91617e-05
10013	1	100	49	500	0.270808	0.242028	0.176059	0.0659689	0.0287799	0.777045	0.0429375	1.24169	0.0520826	1.93697e-05
10014	1	100	42	500	0.270226	0.241807	0.174582	0.067225	0.0284192	0.776249	0.0588796	1.23899	0.0762087	1.98127e-05
10015	1	100	41	500	0.251126	0.239697	0.175899	0.0637988	0.0114292	0.77818	0.0391987	1.24817	0.0501707	1.99408e-05
10016	1	100	40	500	0.253609	0.244164	0.181417	0.0627464	0.0094456	0.772501	0.0367832	1.25389	0.0487169	1.92585e-05
10017	1	100	43	500	0.271453	0.249671	0.183578	0.0660939	0.0217815	0.771622	0.0396075	1.25425	0.0515592	1.92374e-05
10018	1	100	37	500	0.267211	0.248401	0.183761	0.0646394	0.0188103	0.772213	0.0355738	1.25473	0.0441314	1.88678e-05
10019	1	100	43	500	0.2703	0.249177	0.183559	0.0656181	0.0211229	0.772051	0.0361543	1.25465	0.0448129	1.95724e-05
10020	1	100	41	500	0.26912	0.2501	0.185121	0.0649788	0.0190196	0.770634	0.0374735	1.25612	0.0472197	1.92967e-05
10021	1	100	45	500	0.274713	0.253431	0.186649	0.0667816	0.0212821	0.768073	0.0383226	1.25921	0.050709	1.91863e-05
10022	1	100	49	500	0.275382	0.255079	0.189094	0.0659853	0.020303	0.767051	0.0372286	1.2619	0.0504397	1.85851e-05
10023	1	100	46	500	0.276874	0.25769	0.193973	0.0637166	0.0191847	0.763908	0.0356199	1.265	0.0493377	1.76536e-05
10024	1	100	47	500	0.285278	0.262644	0.197454	0.0651902	0.022634	0.760918	0.0374764	1.26929	0.0517847	1.75763e-05
10025	1	100	53	500	0.287362	0.265345	0.199472	0.0658722	0.0220175	0.758562	0.0368719	1.27257	0.0545178	1.77613e-05
10026	1	100	44	500	0.289018	0.268623	0.204188	0.0644343	0.020395	0.756145	0.0349329	1.28001	0.0518117	1.74447e-05
10027	1	100	45	500	0.280114	0.268345	0.205162	0.0631837	0.0117692	0.755878	0.0356971	1.28305	0.0528411	1.75447e-05
10028	1	100	44	500	0.283354	0.270994	0.207899	0.0630942	0.01236	0.754446	0.0341089	1.28655	0.0504593	1.7434e-05
10029	1	100	46	500	0.286559	0.274136	0.209592	0.0645433	0.0124237	0.75114	0.0351793	1.28877	0.0522498	1.74336e-05
10030	1	100	38	500	0.288721	0.276348	0.211533	0.0648144	0.0123731	0.749146	0.0344711	1.29023	0.051961	1.71733e-05
10031	1	100	42	500	0.300091	0.280987	0.215528	0.0654589	0.0191036	0.746569	0.0361342	1.29291	0.0535858	1.71969e-05
10032	1	100	44	500	0.295695	0.278912	0.214104	0.0648085	0.0167821	0.748031	0.0353939	1.2921	0.0520509	1.76296e-05
10033	1	100	44	500	0.298138	0.281568	0.21706	0.0645081	0.0165699	0.745927	0.0380461	1.29547	0.0565402	1.74886e-05
10034	1	100	46	500	0.294487	0.280457	0.217026	0.0634313	0.0140297	0.746257	0.0365228	1.2952	0.0551931	1.73146e-05
10035	1	100	44	500	0.239704	0.226738	0.162531	0.0642071	0.0129659	0.78882	0.037906	1.22925	0.0509243	1.74054e-05
10036	1	100	43	500	0.236095	0.227011	0.164567	0.0624442	0.00908317	0.787037	0.0395887	1.23025	0.0542237	1.7717e-05
10037	1	100	46	500	0.244449	0.229486	0.165328	0.064158	0.0149626	0.786326	0.0400823	1.23172	0.0556888	1.80522e-05
10038	1	100	42	500	0.243348	0.231754	0.166923	0.0648306	0.0115944	0.784999	0.0401874	1.23815	0.0565751	1.80361e-05
10039	1	100	40	500	0.247568	0.235596	0.170612	0.0649834	0.0119726	0.7814	0.0391851	1.24095	0.0567895	1.80296e-05
10040	1	100	47	500	0.250593	0.237896	0.171714	0.066182	0.0126963	0.779905	0.0406848	1.24391	0.0593002	1.8098e-05
10041	1	100	41	500	0.252679	0.238458	0.17416	0.0642982	0.0142208	0.779249	0.0393397	1.24255	0.0562651	1.78052e-05
10042	1	100	46	500	0.248066	0.236365	0.172484	0.0638805	0.0117016	0.781233	0.0386881	1.24253	0.053452	1.80957e-05
10043	1	100	51	500	0.251308	0.235752	0.170753	0.0649989	0.0155557	0.782083	0.0401989	1.24011	0.0557924	1.84333e-05
10044	1	100	41	500	0.249983	0.235503	0.171023	0.0644803	0.0144804	0.781555	0.0378637	1.24011	0.0545064	1.86256e-05
10045	1	100	40	500	0.249381	0.236022	0.171722	0.0642996	0.0133586	0.780811	0.0409053	1.24127	0.0590939	1.86985e-05
10046	1	100	39	500	0.254441	0.237619	0.172652	0.0649661	0.0168224	0.779826	0.0395336	1.24137	0.0575387	1.86604e-05
10047	1	100	41	500	0.250831	0.236602	0.171322	0.06528	0.0142295	0.780998	0.0400862	1.24269	0.0560274	1.88067e-05
10048	1	100	40	500	0.24922	0.236327	0.171334	0.0649933	0.012893	0.780575	0.0385186	1.24331	0.0558514	1.87974e-05
10049	1	100	41	500	0.251384	0.239647	0.175065	0.0645819	0.0117368	0.777727	0.0387314	1.24851	0.0562684	1.90326e-05
10050	1	100	47	500	0.256208	0.243013	0.177871	0.0651426	0.0131948	0.775247	0.0391904	1.25022	0.0557447	1.93853e-05
10051	1	100	47	500	0.175414	0.160951	0.0963201	0.0646308	0.0144627	0.845281	0.0442409	1.15594	0.0533875	1.91679e-05
10052	1	100	43	500	0.177745	0.164158	0.0999345	0.0642234	0.0135874	0.841863	0.0439325	1.15997	0.0535645	1.90241e-05
10053	1	100	41	500	0.187667	0.169884	0.105532	0.0643517	0.0177832	0.83692	0.0451498	1.16292	0.053111	1.93426e-05
10054	1	100	42	500	0.188386	0.173634	0.110173	0.063461	0.0147514	0.83329	0.042673	1.16793	0.0512324	1.92596e-05
10055	1	100	36	500	0.186285	0.174828	0.114196	0.0606314	0.0114575	0.831735	0.043001	1.17077	0.0529761	1.93824e-05
10056	1	100	48	500	0.189745	0.175758	0.114495	0.0612632	0.0139865	0.830634	0.0458646	1.17101	0.0564223	1.96147e-05
10057	1	100	44	500	0.199149	0.180997	0.119758	0.0612384	0.0181525	0.826537	0.0452267	1.17465	0.0574158	1.96351e-05
10058	1	100	53	500	0.200317	0.18511	0.125016	0.0600948	0.0152065	0.821921	0.0431664	1.17961	0.0553716	2.02006e-05
10059	1	100	47	500	0.211002	0.188252	0.127982	0.0602707	0.0227498	0.821317	0.0461606	1.18115	0.0546928	2.03118e-05
10060	1	100	41	500	0.20294	0.186032	0.129717	0.0563146	0.0169077	0.820763	0.0518291	1.18157	0.0655139	2.04868e-05
10061	1	100	51	500	0.215407	0.192548	0.133567	0.0589809	0.0228594	0.815897	0.0530776	1.18553	0.0678729	2.11304e-05
10062	1	100	43	500	0.217155	0.19534	0.13693	0.0584097	0.021815	0.815056	0.0473057	1.19028	0.0576661	2.11339e-05
10063	1	100	39	500	0.212926	0.194098	0.138658	0.0554401	0.0188283	0.814835	0.0460736	1.19006	0.0565863	2.09414e-05
10064	1	100	45	500	0.218682	0.19896	0.141381	0.057579	0.0197221	0.811711	0.0458457	1.19488	0.0576174	2.10658e-05
10065	1	100	46	500	0.221659	0.201922	0.145153	0.0567691	0.0197371	0.808373	0.0463111	1.19862	0.0594846	2.12106e-05
10066	1	100	45	500	0.219513	0.204894	0.150153	0.0547413	0.0146192	0.805103	0.044389	1.2037	0.0563824	2.14401e-05
10067	1	100	49	500	0.228315	0.210444	0.152837	0.0576072	0.017871	0.801613	0.0424794	1.209	0.0579888	2.15391e-05
10068	1	100	53	500	0.227519	0.211434	0.152001	0.059433	0.0160852	0.800906	0.0422353	1.21098	0.0573535	2.17373e-05
10069	1	100	45	500	0.230446	0.213919	0.153147	0.0607719	0.0165269	0.799054	0.043048	1.21396	0.0559641	2.17072e-05
10070	1	100	47	500	0.227848	0.21317	0.152004	0.0611665	0.0146774	0.799559	0.0429508	1.21449	0.056479	2.20559e-05
10071	1	100	46	500	0.233988	0.219836	0.16117	0.0586661	0.0141516	0.792495	0.0432978	1.22035	0.0586325	2.1986e-05
10072	1	100	42	500	0.235097	0.221256	0.16276	0.0584962	0.0138415	0.791356	0.0399187	1.22392	0.0550887	2.21613e-05
10073	1	100	52	500	0.242564	0.226825	0.167917	0.0589074	0.015739	0.787682	0.0414113	1.22914	0.0546643	2.22898e-05
10074	1	100	36	500	0.245213	0.229413	0.169109	0.0603043	0.0158003	0.784939	0.0406836	1.23162	0.0557773	2.24699e-05
10075	1	100	45	500	0.248309	0.23225	0.169001	0.0632482	0.0160589	0.781442	0.0461711	1.23178	0.0659075	2.23106e-05
10076	1	100	44	500	0.249097	0.233242	0.170267	0.0629756	0.0158548	0.781761	0.043099	1.23539	0.0594307	2.25539e-05
10077	1	100	41	500	0.249069	0.233651	0.171438	0.0622131	0.0154179	0.782064	0.0422065	1.23731	0.0560663	2.30083e-05
10078	1	100	46	500	0.245039	0.234189	0.172673	0.0615167	0.0108501	0.780992	0.0417161	1.23982	0.0559762	2.33596e-05
10079	1	100	39	500	0.244292	0.233665	0.172644	0.0610211	0.0106265	0.78144	0.0405088	1.24173	0.0556615	2.3647e-05
10080	1	100	44	500	0.244609	0.233097	0.171655	0.0614418	0.0115123	0.782359	0.0388827	1.23899	0.0524085	2.38635e-05
10081	1	100	43	500	0.244903	0.235469	0.17552	0.0599482	0.00943422	0.779802	0.03827	1.2421	0.0521922	2.40191e-05
10082	1	100	47	500	0.25005	0.236884	0.177922	0.0589619	0.0131663	0.778886	0.0380467	1.24203	0.0560768	2.40632e-05
10083	1	100	40	500	0.248461	0.237819	0.178154	0.0596647	0.0106422	0.777849	0.0367842	1.24471	0.0526401	2.38426e-05
10084	1	100	40	500	0.246504	0.238282	0.180142	0.0581401	0.00822228	0.777515	0.0363525	1.24694	0.0529138	2.41193e-05
10085	1	100	47	500	0.253296	0.243398	0.188672	0.0547259	0.00989786	0.773661	0.0337892	1.25219	0.0487947	2.38453e-05
10086	1	100	39	500	0.256211	0.246095	0.192721	0.0533738	0.0101157	0.770935	0.0329932	1.25496	0.0499662	2.40207e-05
10087	1	100	39	500	0.255754	0.246571	0.193355	0.0532152	0.00918383	0.768643	0.0345369	1.25845	0.0510693	2.45475e-05
10088	1	100	37	500	0.264466	0.254528	0.196861	0.0576672	0.00993839	0.763973	0.0334524	1.26541	0.0488225	2.47119e-05
10089	1	100	44	500	0.270511	0.259704	0.197091	0.0626136	0.0108064	0.759871	0.0326309	1.27119	0.0513436	2.50599e-05
10090	1	100	53	500	0.274227	0.263139	0.200569	0.0625696	0.0110882	0.756977	0.0339762	1.27582	0.0549993	2.49141e-05
10091	1	100	40	500	0.271227	0.264282	0.199818	0.0644634	0.00694509	0.755039	0.0322167	1.27794	0.0506649	2.48952e-05
10092	1	100	48	500	0.285744	0.270504	0.200105	0.0703983	0.0152404	0.751553	0.0364634	1.28232	0.0561614	2.51163e-05
10093	1	100	50	500	0.284699	0.269285	0.195934	0.0733517	0.015414	0.752711	0.0362145	1.28166	0.0584535	2.54445e-05
10094	1	100	46	500	0.277394	0.268048	0.197218	0.0708298	0.00934621	0.753335	0.0342782	1.28245	0.054371	2.56835e-05
10095	1	100	50	500	0.285162	0.271211	0.201083	0.0701287	0.0139505	0.751175	0.0354704	1.28405	0.0574978	2.5981e-05
10096	1	100	51	500	0.291516	0.274892	0.20165	0.0732428	0.0166234	0.748091	0.036335	1.28784	0.0567697	2.6017e-05
10097	1	100	50	500	0.284961	0.276741	0.207501	0.0692398	0.00822005	0.746399	0.033032	1.29407	0.0554894	2.60498e-05
10098	1	100	44	500	0.292752	0.27952	0.206961	0.0725585	0.0132325	0.744484	0.033898	1.29466	0.0555539	2.58933e-05
10099	1	100	46	500	0.297738	0.282925	0.211503	0.0714217	0.0148133	0.74192	0.0343739	1.29816	0.0558331	2.59076e-05
10100	1	100	46	500	0.298057	0.287301	0.216739	0.0705618	0.0107559	0.737797	0.0324108	1.30627	0.052826	2.60426e-05
10101	1	100	51	500	0.304598	0.290818	0.221548	0.0692701	0.0137798	0.73574	0.0348315	1.30905	0.0582722	2.59645e-05
