Generation	PopulationID	SampleSize	UniqueMutations	PopulationSize	totalLoad	RelzLoad	RelzLoadHomo	RelzLoadHetero	MskLoad	MeanFitness	SdFitness	MeanFitnessCached	SdFitnessCached	Heterozygosity	
10001	1	100	51	500	0.266915	0.243178	0.181407	0.0617709	0.0237368	0.776237	0.0332289	1.23741	0.0420203	4.05296e-05
10002	1	100	60	500	0.270169	0.245436	0.185731	0.0597048	0.0247329	0.774355	0.0341376	1.23935	0.0420361	3.95541e-05
10003	1	100	57	500	0.265649	0.243059	0.18244	0.0606189	0.0225902	0.776424	0.0303799	1.23896	0.040243	4.05038e-05
10004	1	100	60	500	0.272874	0.248188	0.188523	0.0596653	0.0246855	0.771517	0.0352178	1.24096	0.0422681	3.96145e-05
10005	1	100	64	500	0.273268	0.24584	0.183853	0.061987	0.0274276	0.77441	0.0324125	1.23978	0.0392852	4.07277e-05
10006	1	100	56	500	0.274466	0.245955	0.183094	0.0628615	0.028511	0.774324	0.0331383	1.2397	0.0450252	4.07906e-05
10007	1	100	57	500	0.276051	0.24733	0.183467	0.0638632	0.0287208	0.772561	0.0324851	1.24018	0.0450316	4.0793e-05
10008	1	100	60	500	0.269178	0.24677	0.1856	0.0611702	0.0224081	0.772072	0.033141	1.24258	0.046056	4.04232e-05
10009	1	100	61	500	0.275703	0.24955	0.188832	0.0607184	0.0261533	0.770957	0.0297616	1.24474	0.039921	4.04572e-05
10010	1	100	64	500	0.276494	0.250173	0.188263	0.0619099	0.0263207	0.769658	0.0312428	1.24747	0.0434104	4.10276e-05
10011	1	100	56	500	0.278112	0.252353	0.18941	0.062943	0.0257589	0.7681	0.0330367	1.24864	0.0467506	4.07569e-05
10012	1	100	59	500	0.277094	0.255119	0.194798	0.0603211	0.0219748	0.765936	0.0319818	1.25425	0.0454494	3.94225e-05
10013	1	100	58	500	0.277004	0.253677	0.193816	0.059861	0.0233272	0.765887	0.0310475	1.25522	0.0452209	3.99841e-05
10014	1	100	58	500	0.278198	0.258677	0.20167	0.0570066	0.0195217	0.763136	0.0295267	1.25787	0.0412105	3.82797e-05
10015	1	100	52	500	0.276907	0.256322	0.20234	0.0539819	0.0205852	0.763162	0.0291438	1.25667	0.0418872	3.85447e-05
10016	1	100	62	500	0.293025	0.263967	0.210839	0.0531283	0.0290579	0.758933	0.027181	1.25958	0.0403464	3.69535e-05
10017	1	100	62	500	0.283036	0.262885	0.210524	0.0523611	0.0201507	0.759712	0.027099	1.26253	0.0374427	3.68598e-05
10018	1	100	58	500	0.280966	0.262403	0.211757	0.050646	0.0185631	0.759756	0.0262289	1.26269	0.0352292	3.71643e-05
10019	1	100	61	500	0.286813	0.264668	0.217212	0.0474564	0.022145	0.757919	0.0259156	1.26284	0.0368412	3.62338e-05
10020	1	100	74	500	0.291851	0.266728	0.219375	0.0473527	0.0251224	0.757016	0.0264155	1.26419	0.0354301	3.52154e-05
10021	1	100	57	500	0.288553	0.267551	0.226041	0.04151	0.0210021	0.755259	0.0227315	1.26723	0.0352128	3.38354e-05
10022	1	100	63	500	0.290067	0.268686	0.227806	0.0408798	0.0213813	0.754371	0.0239117	1.26974	0.0356075	3.35231e-05
10023	1	100	66	500	0.299991	0.273138	0.229829	0.0433089	0.026853	0.751445	0.024636	1.27039	0.039559	3.42868e-05
10024	1	100	65	500	0.294841	0.27308	0.231773	0.0413072	0.0217609	0.750679	0.0233491	1.27291	0.0361165	3.41383e-05
10025	1	100	61	500	0.294658	0.273828	0.232988	0.0408402	0.0208297	0.75121	0.0205622	1.27508	0.0335438	3.35361e-05
10026	1	100	61	500	0.292993	0.274009	0.235843	0.0381659	0.0189841	0.750778	0.0204563	1.27577	0.0315128	3.30582e-05
10027	1	100	51	500	0.28877	0.272488	0.236091	0.0363963	0.0162819	0.751366	0.0197862	1.27512	0.0309912	3.29131e-05
10028	1	100	58	500	0.290384	0.271943	0.233071	0.0388717	0.0184413	0.751987	0.0214463	1.27322	0.0319909	3.39972e-05
10029	1	100	60	500	0.295015	0.273897	0.239286	0.0346106	0.0211183	0.750818	0.0200198	1.2744	0.0323035	3.2714e-05
10030	1	100	60	500	0.299465	0.27614	0.240081	0.0360588	0.0233247	0.748508	0.0210748	1.27512	0.0363642	3.31976e-05
10031	1	100	57	500	0.225766	0.205141	0.16909	0.0360505	0.0206255	0.80593	0.021827	1.19261	0.031087	3.34842e-05
10032	1	100	62	500	0.228545	0.206593	0.173768	0.0328253	0.0219515	0.80503	0.0196135	1.19376	0.0275311	3.21106e-05
10033	1	100	60	500	0.228962	0.208429	0.175263	0.0331662	0.0205334	0.802959	0.0196966	1.19502	0.0292358	3.18809e-05
10034	1	100	58	500	0.22738	0.208786	0.177214	0.0315729	0.0185931	0.802614	0.0176311	1.19694	0.0257176	3.1886e-05
10035	1	100	53	500	0.228916	0.210372	0.178858	0.0315143	0.018544	0.801411	0.016492	1.19838	0.0253268	3.16058e-05
10036	1	100	63	500	0.230877	0.211113	0.179148	0.0319655	0.0197643	0.800005	0.0216753	1.19873	0.0334102	3.20718e-05
10037	1	100	57	500	0.23077	0.211812	0.179976	0.0318362	0.0189581	0.800328	0.0172764	1.20046	0.0252667	3.25004e-05
10038	1	100	57	500	0.228526	0.210511	0.177017	0.0334931	0.0180156	0.800708	0.0174233	1.20011	0.0268978	3.31685e-05
10039	1	100	54	500	0.228516	0.211088	0.176452	0.034636	0.0174273	0.799876	0.0179411	1.20084	0.0263697	3.36219e-05
10040	1	100	54	500	0.228809	0.211819	0.177244	0.034575	0.0169898	0.800348	0.0155705	1.20241	0.0242598	3.38669e-05
10041	1	100	58	500	0.230468	0.2117	0.178564	0.0331363	0.0187676	0.799962	0.016855	1.19988	0.0274216	3.33342e-05
10042	1	100	63	500	0.230181	0.212016	0.179489	0.0325263	0.0181653	0.799641	0.0170311	1.20187	0.0268657	3.27195e-05
10043	1	100	64	500	0.231311	0.213188	0.178769	0.0344192	0.0181224	0.798048	0.0186686	1.20227	0.029199	3.33876e-05
10044	1	100	62	500	0.230522	0.2151	0.180509	0.0345912	0.0154222	0.796866	0.0202511	1.20564	0.0283942	3.29451e-05
10045	1	100	62	500	0.234502	0.216038	0.17951	0.0365287	0.0184637	0.796738	0.0188138	1.20595	0.0296894	3.32136e-05
10046	1	100	55	500	0.23878	0.217489	0.178217	0.039272	0.0212901	0.795799	0.0197471	1.20657	0.0291097	3.38921e-05
10047	1	100	61	500	0.24017	0.219086	0.181812	0.0372739	0.0210839	0.794531	0.0206817	1.20838	0.029894	3.25248e-05
10048	1	100	64	500	0.241464	0.219345	0.17889	0.0404556	0.0221184	0.794106	0.0212683	1.20785	0.0321692	3.38786e-05
10049	1	100	62	500	0.234389	0.218082	0.182941	0.0351415	0.0163064	0.794131	0.0196039	1.21013	0.0305077	3.27588e-05
10050	1	100	54	500	0.232385	0.218984	0.18279	0.0361932	0.013401	0.792837	0.0208926	1.21083	0.0329307	3.33804e-05
10051	1	100	65	500	0.237612	0.219402	0.184426	0.0349762	0.0182102	0.793487	0.0204009	1.20981	0.0309742	3.31965e-05
10052	1	100	52	500	0.23368	0.218486	0.180914	0.0375719	0.0151936	0.793226	0.0217589	1.21025	0.0339887	3.46214e-05
10053	1	100	64	500	0.242859	0.220357	0.180733	0.0396232	0.0225023	0.793666	0.0209136	1.20891	0.0341537	3.42552e-05
10054	1	100	59	500	0.236741	0.221866	0.184329	0.0375368	0.0148755	0.791381	0.0224665	1.21402	0.0337822	3.42585e-05
10055	1	100	62	500	0.240407	0.22457	0.18332	0.0412504	0.0158372	0.78863	0.0251322	1.21667	0.0361283	3.57035e-05
10056	1	100	60	500	0.240505	0.224868	0.185334	0.0395345	0.0156368	0.78884	0.0236457	1.21762	0.0343616	3.5716e-05
10057	1	100	49	500	0.239907	0.225761	0.18556	0.040201	0.0141457	0.787803	0.0224335	1.21985	0.0335356	3.70041e-05
10058	1	100	51	500	0.243043	0.227873	0.18794	0.0399325	0.0151702	0.786333	0.0246257	1.22216	0.0349188	3.75677e-05
10059	1	100	53	500	0.247367	0.229665	0.186485	0.0431801	0.0177015	0.784721	0.0275413	1.22206	0.0392199	3.85027e-05
10060	1	100	55	500	0.252932	0.233169	0.18731	0.0458587	0.0197633	0.781952	0.0282274	1.22399	0.0409363	3.99712e-05
10061	1	100	60	500	0.251094	0.23183	0.186821	0.0450089	0.0192635	0.78333	0.026464	1.2232	0.0384354	4.00115e-05
10062	1	100	55	500	0.251098	0.232564	0.188123	0.0444412	0.0185334	0.781226	0.0280827	1.22542	0.0402534	4.04617e-05
10063	1	100	65	500	0.259158	0.237949	0.188443	0.0495057	0.0212089	0.77772	0.0324315	1.22731	0.0477803	4.11586e-05
10064	1	100	51	500	0.255953	0.238874	0.189148	0.0497262	0.0170788	0.777727	0.0274674	1.23262	0.0386869	4.12205e-05
10065	1	100	53	500	0.252591	0.235494	0.187435	0.0480593	0.0170968	0.779688	0.0275996	1.22956	0.0387702	4.14773e-05
10066	1	100	56	500	0.253675	0.238069	0.188443	0.049626	0.0156064	0.777898	0.0290619	1.23163	0.0410035	4.14042e-05
10067	1	100	54	500	0.25663	0.239006	0.188636	0.0503693	0.0176247	0.77736	0.0277515	1.23333	0.038581	4.12377e-05
10068	1	100	56	500	0.256733	0.241375	0.188573	0.0528014	0.0153583	0.775682	0.0289379	1.2358	0.039628	4.15766e-05
10069	1	100	62	500	0.262468	0.241354	0.186538	0.0548166	0.0211143	0.774933	0.0289644	1.23552	0.0416401	4.23231e-05
10070	1	100	54	500	0.138134	0.121763	0.06577	0.0559928	0.0163712	0.88164	0.0330666	1.10373	0.0357315	4.16141e-05
10071	1	100	45	500	0.139087	0.123158	0.0648639	0.0582941	0.0159288	0.880036	0.0323519	1.10529	0.0377017	4.19731e-05
10072	1	100	56	500	0.144876	0.124507	0.065475	0.0590317	0.0203698	0.876372	0.0357065	1.10836	0.0390177	4.18808e-05
10073	1	100	55	500	0.143197	0.127792	0.0660984	0.061694	0.015405	0.876225	0.0367003	1.11043	0.0415872	4.18005e-05
10074	1	100	50	500	0.145741	0.129928	0.0651426	0.0647849	0.0158134	0.873885	0.0378411	1.11137	0.0410854	4.2125e-05
10075	1	100	52	500	0.146262	0.131813	0.0649762	0.0668373	0.0144486	0.872539	0.0372374	1.11441	0.0420352	4.23926e-05
10076	1	100	55	500	0.147008	0.131515	0.0638284	0.0676865	0.0154927	0.872566	0.0371151	1.11333	0.0425354	4.29149e-05
10077	1	100	55	500	0.14959	0.134663	0.0646104	0.0700521	0.0149278	0.869423	0.0376811	1.11798	0.0443771	4.33167e-05
10078	1	100	55	500	0.15381	0.138944	0.064781	0.0741626	0.0148668	0.865017	0.0421237	1.12089	0.0503174	4.34401e-05
10079	1	100	55	500	0.155171	0.141446	0.064381	0.0770652	0.0137248	0.863422	0.0419808	1.12395	0.0505735	4.39259e-05
10080	1	100	49	500	0.156256	0.141668	0.064297	0.0773707	0.0145881	0.861799	0.044754	1.12542	0.0535888	4.37738e-05
10081	1	100	53	500	0.156492	0.141025	0.0654877	0.075537	0.0154676	0.863721	0.045026	1.12387	0.0527424	4.32809e-05
10082	1	100	56	500	0.159809	0.142404	0.0664069	0.0759969	0.0174056	0.863234	0.0462473	1.12582	0.0564213	4.27653e-05
10083	1	100	49	500	0.157486	0.143441	0.0687551	0.0746854	0.0140458	0.860978	0.0463381	1.12853	0.0565844	4.24914e-05
10084	1	100	56	500	0.157881	0.144577	0.0677794	0.0767975	0.0133045	0.861137	0.0462068	1.13067	0.0557802	4.26605e-05
10085	1	100	53	500	0.167507	0.148457	0.0680316	0.0804251	0.0190508	0.858057	0.0493	1.1323	0.0616198	4.33421e-05
10086	1	100	62	500	0.174829	0.152678	0.070662	0.0820158	0.022151	0.853163	0.0489965	1.13437	0.0620715	4.37604e-05
10087	1	100	61	500	0.176341	0.154535	0.0711282	0.0834068	0.0218059	0.851843	0.0492192	1.13581	0.0657828	4.4068e-05
10088	1	100	56	500	0.168301	0.152251	0.0717825	0.0804689	0.0160493	0.853611	0.0467555	1.13616	0.058864	4.34855e-05
10089	1	100	54	500	0.172765	0.152035	0.07098	0.0810549	0.0207301	0.854873	0.0452755	1.13459	0.0565603	4.42348e-05
10090	1	100	61	500	0.17445	0.153798	0.0710444	0.0827537	0.020652	0.853028	0.0469741	1.13573	0.0603378	4.47947e-05
10091	1	100	56	500	0.17972	0.155451	0.0737405	0.0817105	0.0242685	0.851464	0.0466247	1.1373	0.0594561	4.42688e-05
10092	1	100	58	500	0.177836	0.155921	0.0765729	0.0793481	0.0219154	0.851204	0.0480284	1.13825	0.0602959	4.44899e-05
10093	1	100	54	500	0.17969	0.158058	0.0783664	0.079692	0.0216313	0.848102	0.0504557	1.14018	0.0639325	4.44949e-05
10094	1	100	60	500	0.179204	0.160488	0.0786009	0.0818868	0.0187159	0.846756	0.0499743	1.14518	0.0623727	4.47635e-05
10095	1	100	62	500	0.188309	0.165209	0.0804304	0.0847789	0.0230997	0.84312	0.0496498	1.14792	0.062678	4.4931e-05
10096	1	100	52	500	0.183018	0.164458	0.0810793	0.0833784	0.0185601	0.842392	0.0505266	1.14957	0.0647957	4.49984e-05
10097	1	100	48	500	0.184012	0.167303	0.0820771	0.0852255	0.0167097	0.839868	0.0521297	1.15413	0.0675133	4.4669e-05
10098	1	100	55	500	0.187981	0.170319	0.0825506	0.087768	0.0176626	0.838642	0.0541326	1.1572	0.0672387	4.52429e-05
10099	1	100	57	500	0.190492	0.171206	0.082611	0.0885948	0.0192858	0.837799	0.0551096	1.15744	0.0673324	4.54672e-05
10100	1	100	60	500	0.196705	0.177836	0.0847133	0.0931232	0.0188683	0.832425	0.057379	1.16349	0.0732794	4.56394e-05
10101	1	100	57	500	0.204771	0.185511	0.0875655	0.0979458	0.0192599	0.824158	0.0608577	1.16994	0.0751124	4.61281e-05
