Generation	PopulationID	SampleSize	UniqueMutations	PopulationSize	totalLoad	RelzLoad	RelzLoadHomo	RelzLoadHetero	MskLoad	MeanFitness	SdFitness	MeanFitnessCached	SdFitnessCached	Heterozygosity	
10001	1	100	73	500	0.234641	0.201968	0.108392	0.0935764	0.0326731	0.810602	0.0813485	1.17353	0.084304	4.58229e-05
10002	1	100	74	500	0.237576	0.204865	0.111075	0.09379	0.0327111	0.808207	0.0830389	1.17643	0.0856175	4.56011e-05
10003	1	100	69	500	0.240804	0.207374	0.113967	0.0934064	0.0334308	0.806217	0.0838907	1.17702	0.0880743	4.5151e-05
10004	1	100	80	500	0.248922	0.215809	0.124719	0.0910898	0.0331136	0.798624	0.0838486	1.18368	0.0872751	4.44983e-05
10005	1	100	71	500	0.255486	0.222133	0.133365	0.0887685	0.0333527	0.792317	0.0819981	1.1912	0.0832462	4.41809e-05
10006	1	100	65	500	0.268447	0.234814	0.146428	0.0883853	0.0336333	0.78093	0.0789243	1.20107	0.0821132	4.31727e-05
10007	1	100	68	500	0.274092	0.241303	0.154867	0.086436	0.0327891	0.77551	0.0775866	1.20703	0.0776255	4.25714e-05
10008	1	100	67	500	0.269891	0.240643	0.156314	0.0843298	0.0292475	0.775495	0.0801889	1.20698	0.0825606	4.21721e-05
10009	1	100	49	500	0.277294	0.249369	0.16956	0.0798098	0.0279242	0.76711	0.0764179	1.2138	0.0815726	4.07994e-05
10010	1	100	60	500	0.284254	0.254218	0.175276	0.0789423	0.0300355	0.763322	0.0799056	1.21674	0.0847912	4.01828e-05
10011	1	100	53	500	0.296121	0.265853	0.189396	0.0764567	0.0302683	0.754181	0.0734443	1.22795	0.0778562	3.83101e-05
10012	1	100	59	500	0.293243	0.263637	0.18674	0.0768966	0.0296067	0.755778	0.072451	1.22893	0.0771054	3.95456e-05
10013	1	100	48	500	0.30148	0.27131	0.199012	0.0722974	0.0301708	0.749327	0.0713761	1.2362	0.0756597	3.84536e-05
10014	1	100	52	500	0.309237	0.279	0.208914	0.0700868	0.0302364	0.743207	0.0677719	1.24158	0.0722531	3.744e-05
10015	1	100	53	500	0.309755	0.282639	0.215523	0.0671165	0.0271161	0.739833	0.0677522	1.2459	0.0693375	3.65913e-05
10016	1	100	48	500	0.31598	0.287688	0.221496	0.0661916	0.0282922	0.735106	0.0660263	1.24989	0.0715988	3.54889e-05
10017	1	100	52	500	0.314105	0.293449	0.231585	0.0618641	0.0206565	0.729759	0.0641896	1.25542	0.0687998	3.41653e-05
10018	1	100	49	500	0.312309	0.291408	0.227296	0.0641118	0.0209019	0.731929	0.0653851	1.2568	0.0757361	3.4977e-05
10019	1	100	49	500	0.324705	0.29955	0.235446	0.0641036	0.0251555	0.726705	0.066025	1.26095	0.0726069	3.3704e-05
10020	1	100	38	500	0.316894	0.29951	0.238904	0.0606061	0.0173845	0.725515	0.0625756	1.26368	0.0668819	3.30173e-05
10021	1	100	46	500	0.323957	0.301375	0.238687	0.0626884	0.0225816	0.724646	0.0648083	1.2646	0.0700132	3.39551e-05
10022	1	100	45	500	0.325785	0.30018	0.237545	0.0626356	0.0256048	0.726636	0.0627286	1.26391	0.063461	3.40906e-05
10023	1	100	39	500	0.328914	0.306057	0.247202	0.0588549	0.0228574	0.721031	0.0643694	1.26635	0.0650474	3.21755e-05
10024	1	100	42	500	0.330013	0.305496	0.243136	0.0623598	0.0245169	0.722493	0.0662368	1.26675	0.0670812	3.26773e-05
10025	1	100	44	500	0.333562	0.31228	0.253166	0.0591142	0.0212818	0.716901	0.0632484	1.27532	0.0649567	3.12612e-05
10026	1	100	50	500	0.338062	0.315891	0.259416	0.0564749	0.0221709	0.714282	0.0607201	1.27806	0.063244	3.07384e-05
10027	1	100	49	500	0.339334	0.323943	0.272291	0.051652	0.0153912	0.707474	0.0578462	1.28746	0.0607297	2.88615e-05
10028	1	100	42	500	0.349862	0.332971	0.284798	0.0481736	0.0168911	0.700642	0.0542275	1.29259	0.0592284	2.60031e-05
10029	1	100	39	500	0.351842	0.337609	0.292531	0.0450786	0.0142331	0.696929	0.051244	1.29812	0.0586403	2.50924e-05
10030	1	100	52	500	0.351866	0.339258	0.29417	0.0450888	0.0126071	0.695088	0.0534123	1.30049	0.0599579	2.54324e-05
10031	1	100	43	500	0.357049	0.341252	0.296789	0.0444629	0.0157976	0.693217	0.0514768	1.30089	0.0641944	2.55809e-05
10032	1	100	42	500	0.353496	0.338571	0.293009	0.0455616	0.0149249	0.695776	0.054132	1.30093	0.0621183	2.67001e-05
10033	1	100	39	500	0.349964	0.338633	0.296838	0.0417952	0.011331	0.694214	0.0491327	1.30217	0.0556422	2.71243e-05
10034	1	100	47	500	0.355164	0.340817	0.296452	0.044365	0.0143464	0.693705	0.0508542	1.30343	0.0566053	2.64103e-05
10035	1	100	39	500	0.350172	0.340144	0.296474	0.0436692	0.0100278	0.693477	0.0487732	1.30684	0.0559475	2.77097e-05
10036	1	100	45	500	0.353277	0.340963	0.2954	0.0455629	0.0123146	0.693918	0.0512099	1.30713	0.0586368	2.77876e-05
10037	1	100	47	500	0.354638	0.344777	0.300937	0.0438398	0.00986106	0.690486	0.0478914	1.3113	0.0576422	2.72865e-05
10038	1	100	45	500	0.357816	0.346788	0.300923	0.045865	0.0110281	0.689856	0.0510767	1.3124	0.0626044	2.66774e-05
10039	1	100	45	500	0.354345	0.345671	0.301217	0.0444544	0.00867388	0.690441	0.0503477	1.31445	0.0581191	2.77205e-05
10040	1	100	49	500	0.36559	0.354789	0.312242	0.0425473	0.0108003	0.683546	0.0454611	1.32216	0.0574534	2.66511e-05
10041	1	100	40	500	0.369219	0.356584	0.312445	0.0441392	0.0126349	0.682358	0.0442906	1.32249	0.0581083	2.66128e-05
10042	1	100	43	500	0.371512	0.358152	0.315635	0.0425167	0.0133604	0.681065	0.0446232	1.32201	0.0582675	2.5434e-05
10043	1	100	44	500	0.374584	0.361159	0.317477	0.0436822	0.0134251	0.67911	0.0436564	1.3253	0.0585829	2.51866e-05
10044	1	100	43	500	0.376146	0.363866	0.320952	0.0429132	0.0122806	0.677257	0.0447142	1.32893	0.0602906	2.52396e-05
10045	1	100	40	500	0.376344	0.362574	0.321064	0.0415104	0.0137694	0.677657	0.0413879	1.32701	0.0537684	2.55229e-05
10046	1	100	33	500	0.375134	0.364453	0.323272	0.0411805	0.0106811	0.675913	0.0444448	1.32684	0.0569196	2.49606e-05
10047	1	100	34	500	0.379864	0.368562	0.32744	0.0411221	0.011302	0.673679	0.0421008	1.3315	0.0559446	2.42425e-05
10048	1	100	36	500	0.37964	0.369248	0.327089	0.042159	0.0103925	0.67315	0.042755	1.33291	0.0605436	2.43017e-05
10049	1	100	33	500	0.374694	0.368101	0.324309	0.0437916	0.00659367	0.673521	0.0464599	1.33533	0.0617022	2.53527e-05
10050	1	100	31	500	0.379067	0.37013	0.326958	0.0431724	0.00893717	0.671828	0.0448754	1.33628	0.0617156	2.55258e-05
10051	1	100	37	500	0.383798	0.377098	0.335372	0.0417262	0.00669989	0.666502	0.0403285	1.34392	0.0574606	2.43615e-05
10052	1	100	41	500	0.389214	0.382879	0.343247	0.0396317	0.00633497	0.662444	0.0370877	1.34856	0.0573121	2.28657e-05
10053	1	100	40	500	0.399392	0.387148	0.34725	0.0398982	0.0122434	0.660196	0.0384853	1.34974	0.056783	2.20844e-05
10054	1	100	38	500	0.398682	0.385021	0.343024	0.0419965	0.0136613	0.661804	0.0399144	1.34907	0.0583359	2.35204e-05
10055	1	100	42	500	0.406274	0.390625	0.347077	0.0435483	0.0156486	0.658295	0.0400769	1.35432	0.0598971	2.31476e-05
10056	1	100	39	500	0.401949	0.386197	0.340337	0.0458603	0.0157525	0.660874	0.0418154	1.3508	0.0626635	2.47927e-05
10057	1	100	38	500	0.398091	0.384081	0.335995	0.048086	0.0140101	0.662438	0.0424286	1.35247	0.0614865	2.66923e-05
10058	1	100	42	500	0.391163	0.381646	0.335227	0.0464191	0.00951686	0.663657	0.0409726	1.35297	0.0604581	2.73653e-05
10059	1	100	43	500	0.399082	0.386167	0.338326	0.0478406	0.0129154	0.660929	0.0439637	1.35725	0.0634618	2.7363e-05
10060	1	100	45	500	0.39506	0.384829	0.338256	0.0465724	0.0102308	0.661933	0.0426129	1.35818	0.0613956	2.80544e-05
10061	1	100	48	500	0.404221	0.390735	0.344937	0.0457981	0.0134856	0.658193	0.0422875	1.36227	0.0615938	2.69624e-05
10062	1	100	40	500	0.368136	0.353043	0.305724	0.0473192	0.0150927	0.683804	0.0434068	1.31206	0.0585108	2.77736e-05
10063	1	100	46	500	0.374297	0.355305	0.307304	0.0480006	0.018992	0.682155	0.0439707	1.31255	0.0577586	2.76552e-05
10064	1	100	44	500	0.371237	0.35499	0.307239	0.0477504	0.0162468	0.68225	0.047279	1.31203	0.0654341	2.69999e-05
10065	1	100	45	500	0.371876	0.357336	0.311779	0.0455577	0.01454	0.680741	0.0424647	1.3155	0.061451	2.62919e-05
10066	1	100	39	500	0.369981	0.356967	0.311808	0.0451593	0.0130136	0.680685	0.0430492	1.31651	0.0593426	2.69342e-05
10067	1	100	42	500	0.370256	0.358982	0.312235	0.0467471	0.0112736	0.679357	0.0432966	1.31829	0.0602579	2.62503e-05
10068	1	100	45	500	0.371735	0.362218	0.318298	0.0439197	0.0095165	0.677134	0.0414467	1.32138	0.0576881	2.53145e-05
10069	1	100	40	500	0.368656	0.362839	0.318186	0.0446537	0.00581637	0.676015	0.0427764	1.32342	0.0584295	2.576e-05
10070	1	100	48	500	0.378601	0.366071	0.319381	0.0466899	0.01253	0.674137	0.0400907	1.32402	0.05782	2.61153e-05
10071	1	100	43	500	0.380307	0.370603	0.324605	0.0459976	0.00970496	0.670798	0.040741	1.33044	0.060064	2.5798e-05
10072	1	100	39	500	0.175892	0.16396	0.117307	0.0466534	0.0119317	0.845793	0.0500142	1.10192	0.0503617	2.58357e-05
10073	1	100	46	500	0.180261	0.167713	0.122084	0.045629	0.0125478	0.84285	0.0495277	1.10518	0.0490033	2.54147e-05
10074	1	100	45	500	0.18117	0.167254	0.121109	0.0461446	0.0139165	0.843052	0.0496885	1.10446	0.050083	2.64975e-05
10075	1	100	38	500	0.179012	0.166778	0.121228	0.0455507	0.0122342	0.843321	0.0501298	1.10332	0.0496159	2.57579e-05
10076	1	100	48	500	0.17273	0.161891	0.117265	0.0446267	0.0108384	0.847643	0.0509874	1.10032	0.0486367	2.66182e-05
10077	1	100	51	500	0.179682	0.166956	0.123226	0.0437303	0.0127256	0.84305	0.0488218	1.10291	0.0475994	2.54582e-05
10078	1	100	56	500	0.184617	0.170284	0.127612	0.0426725	0.0143326	0.839918	0.048008	1.10366	0.0483844	2.45291e-05
10079	1	100	51	500	0.187613	0.172482	0.129918	0.0425643	0.0151308	0.83852	0.0477989	1.10388	0.0481919	2.38665e-05
10080	1	100	55	500	0.189683	0.174078	0.130227	0.0438507	0.0156047	0.836659	0.0489556	1.1048	0.0473406	2.42642e-05
10081	1	100	50	500	0.194214	0.178533	0.136669	0.0418631	0.0156811	0.831968	0.0471935	1.10745	0.0490941	2.29626e-05
10082	1	100	48	500	0.192237	0.176301	0.134386	0.0419153	0.015936	0.834496	0.0442155	1.106	0.0469511	2.34912e-05
10083	1	100	53	500	0.194902	0.177084	0.135871	0.0412131	0.0178178	0.83345	0.0470784	1.1056	0.052625	2.3673e-05
10084	1	100	45	500	0.200029	0.18235	0.139519	0.0428303	0.017679	0.829288	0.0457105	1.11066	0.0487321	2.37645e-05
10085	1	100	52	500	0.202035	0.18475	0.14026	0.04449	0.0172852	0.827408	0.0474296	1.11395	0.0508618	2.34442e-05
10086	1	100	45	500	0.20254	0.187743	0.143558	0.0441849	0.0147976	0.823907	0.0506102	1.11735	0.0522439	2.34091e-05
10087	1	100	54	500	0.214299	0.197005	0.150789	0.0462167	0.0172932	0.816929	0.0497601	1.12594	0.052932	2.31296e-05
10088	1	100	47	500	0.215574	0.201755	0.15578	0.0459755	0.013819	0.811639	0.0528748	1.13118	0.0571744	2.32549e-05
10089	1	100	57	500	0.219738	0.204519	0.155494	0.0490253	0.0152186	0.809978	0.0523863	1.1361	0.0538971	2.46154e-05
10090	1	100	51	500	0.216191	0.201576	0.154171	0.0474043	0.014615	0.810413	0.0552932	1.1375	0.0567428	2.52082e-05
10091	1	100	60	500	0.222524	0.205469	0.155344	0.0501255	0.0170551	0.809563	0.0515077	1.13745	0.0536618	2.49096e-05
10092	1	100	53	500	0.214854	0.200883	0.150483	0.0504003	0.0139706	0.813821	0.0527759	1.13541	0.0546645	2.51305e-05
10093	1	100	58	500	0.219096	0.206025	0.157312	0.0487136	0.0130707	0.809057	0.0490875	1.13912	0.0517869	2.44083e-05
10094	1	100	53	500	0.220788	0.207441	0.159896	0.0475451	0.0133471	0.806857	0.0499936	1.14098	0.0527292	2.43994e-05
10095	1	100	53	500	0.230061	0.213152	0.166184	0.0469687	0.0169086	0.803269	0.0486516	1.14261	0.0531794	2.34521e-05
10096	1	100	52	500	0.226767	0.211934	0.163243	0.0486915	0.0148333	0.803344	0.0503756	1.14285	0.0541552	2.34833e-05
10097	1	100	46	500	0.224667	0.214318	0.166758	0.0475608	0.0103484	0.800533	0.0459908	1.14617	0.0520163	2.33949e-05
10098	1	100	47	500	0.232372	0.217421	0.169922	0.0474993	0.0149509	0.79927	0.0460839	1.14774	0.0528985	2.29327e-05
10099	1	100	39	500	0.231269	0.220719	0.173592	0.0471272	0.0105496	0.795656	0.0473533	1.15145	0.0550058	2.22583e-05
10100	1	100	48	500	0.246875	0.230443	0.18107	0.049373	0.0164314	0.788495	0.0447576	1.15799	0.0521368	2.15943e-05
10101	1	100	51	500	0.241531	0.230887	0.184876	0.0460111	0.0106434	0.786656	0.0430659	1.15908	0.0508346	2.1322e-05
