Generation	PopulationID	SampleSize	UniqueMutations	PopulationSize	totalLoad	RelzLoad	RelzLoadHomo	RelzLoadHetero	MskLoad	MeanFitness	SdFitness	MeanFitnessCached	SdFitnessCached	Heterozygosity	
10001	1	100	52	500	0.321115	0.3077	0.253688	0.0540119	0.0134149	0.717849	0.0545736	1.32018	0.0723311	2.38904e-05
10002	1	100	48	500	0.322784	0.312902	0.264676	0.0482257	0.00988252	0.712133	0.0526574	1.32785	0.0717197	2.28051e-05
10003	1	100	47	500	0.326402	0.315466	0.266514	0.0489521	0.0109357	0.710622	0.0524388	1.3307	0.0693406	2.31878e-05
10004	1	100	51	500	0.333708	0.322268	0.279154	0.0431143	0.0114396	0.705042	0.0514236	1.33772	0.0696785	2.16271e-05
10005	1	100	52	500	0.334538	0.323652	0.284764	0.0388877	0.0108855	0.702464	0.0455775	1.33971	0.0644772	2.08529e-05
10006	1	100	51	500	0.339385	0.326061	0.288068	0.037993	0.0133237	0.701257	0.0480145	1.34148	0.0660076	2.10386e-05
10007	1	100	47	500	0.339608	0.328336	0.291429	0.0369072	0.0112718	0.699659	0.0457191	1.34371	0.0610566	2.13106e-05
10008	1	100	42	500	0.340338	0.327854	0.291787	0.0360666	0.0124843	0.700349	0.0461573	1.34372	0.0632235	2.1552e-05
10009	1	100	43	500	0.341528	0.330213	0.297966	0.0322468	0.0113153	0.69758	0.0439287	1.34992	0.0597654	2.1158e-05
10010	1	100	49	500	0.343591	0.332116	0.30027	0.0318459	0.0114747	0.695135	0.0422311	1.35092	0.059664	2.07548e-05
10011	1	100	47	500	0.344226	0.332043	0.298601	0.0334418	0.0121832	0.69504	0.041839	1.3518	0.0595128	2.11423e-05
10012	1	100	44	500	0.347876	0.334151	0.301633	0.032518	0.0137246	0.693121	0.0414389	1.35388	0.06028	2.07895e-05
10013	1	100	49	500	0.351395	0.336173	0.303114	0.0330588	0.0152224	0.69169	0.0382428	1.35514	0.0549943	2.07808e-05
10014	1	100	42	500	0.242217	0.232445	0.203144	0.0293003	0.00977281	0.771894	0.0441666	1.22843	0.0506136	1.94479e-05
10015	1	100	53	500	0.246569	0.233283	0.205862	0.0274213	0.0132851	0.770868	0.0411357	1.2272	0.0471003	1.94175e-05
10016	1	100	48	500	0.248731	0.235599	0.210777	0.0248224	0.0131316	0.768213	0.0368583	1.23077	0.0451578	1.90588e-05
10017	1	100	52	500	0.264568	0.242305	0.219505	0.0227998	0.0222629	0.763295	0.0333132	1.2314	0.0419993	1.8069e-05
10018	1	100	47	500	0.256629	0.240072	0.219963	0.0201095	0.016557	0.76372	0.032964	1.2322	0.0416492	1.81106e-05
10019	1	100	44	500	0.257466	0.242366	0.223894	0.0184721	0.0150997	0.76158	0.0332282	1.23483	0.0418769	1.77834e-05
10020	1	100	44	500	0.260569	0.241428	0.219677	0.0217503	0.0191411	0.764072	0.0328288	1.23299	0.0433793	1.8519e-05
10021	1	100	51	500	0.262162	0.241674	0.2209	0.0207739	0.0204885	0.763043	0.0342398	1.23396	0.0454626	1.8343e-05
10022	1	100	46	500	0.25702	0.24216	0.22043	0.0217299	0.0148609	0.762182	0.0352135	1.235	0.0455358	1.86855e-05
10023	1	100	49	500	0.258317	0.244521	0.225013	0.0195082	0.0137959	0.760888	0.0329871	1.24035	0.0424139	1.7891e-05
10024	1	100	51	500	0.262929	0.245368	0.227349	0.0180196	0.017561	0.759618	0.0307912	1.24008	0.0436751	1.7444e-05
10025	1	100	44	500	0.254948	0.246632	0.229381	0.0172508	0.00831671	0.758168	0.0297827	1.24548	0.0440123	1.74077e-05
10026	1	100	39	500	0.255805	0.245728	0.230295	0.0154329	0.0100767	0.758786	0.0277098	1.24395	0.039148	1.74335e-05
10027	1	100	38	500	0.257099	0.244124	0.230138	0.0139861	0.0129746	0.758714	0.028269	1.24397	0.0401332	1.7811e-05
10028	1	100	44	500	0.260369	0.248076	0.231624	0.0164522	0.0122933	0.757935	0.026379	1.24572	0.0382835	1.8129e-05
10029	1	100	46	500	0.264576	0.251563	0.23294	0.0186234	0.0130129	0.755334	0.0279025	1.24915	0.0418546	1.81165e-05
10030	1	100	40	500	0.264392	0.251975	0.233129	0.0188455	0.0124179	0.75499	0.0270353	1.2509	0.0429686	1.84403e-05
10031	1	100	43	500	0.266588	0.252991	0.232723	0.0202683	0.0135975	0.754058	0.0277846	1.25058	0.0422147	1.8979e-05
10032	1	100	41	500	0.271469	0.256048	0.235044	0.0210031	0.0154213	0.751639	0.0264011	1.25375	0.0400657	1.88864e-05
10033	1	100	37	500	0.270251	0.258282	0.237235	0.0210465	0.0119695	0.749134	0.0262457	1.25705	0.0417907	1.87902e-05
10034	1	100	53	500	0.273796	0.259931	0.236805	0.0231259	0.0138652	0.748226	0.0265222	1.25835	0.0421007	1.93622e-05
10035	1	100	44	500	0.2775	0.262782	0.238812	0.0239694	0.014718	0.745673	0.0287779	1.26144	0.0445122	1.95937e-05
10036	1	100	51	500	0.284907	0.265477	0.237813	0.0276639	0.0194295	0.744482	0.0320789	1.26193	0.0472097	2.00108e-05
10037	1	100	47	500	0.277491	0.263966	0.238088	0.0258787	0.0135245	0.744304	0.0298292	1.26175	0.0468092	2.0015e-05
10038	1	100	46	500	0.280298	0.265175	0.238528	0.0266469	0.0151237	0.74413	0.0296276	1.26374	0.047324	1.98352e-05
10039	1	100	40	500	0.277966	0.264316	0.239844	0.024472	0.0136495	0.744095	0.0299411	1.26308	0.0458013	1.974e-05
10040	1	100	35	500	0.281008	0.265451	0.240398	0.0250536	0.0155569	0.743898	0.0271314	1.26387	0.043745	2.00141e-05
10041	1	100	32	500	0.279706	0.265814	0.240314	0.0254998	0.0138917	0.743744	0.0273158	1.26535	0.0442508	1.99731e-05
10042	1	100	33	500	0.277194	0.26483	0.241254	0.023576	0.0123645	0.743617	0.0281684	1.26522	0.0465547	1.97474e-05
10043	1	100	36	500	0.0599811	0.0447945	0.0182065	0.026588	0.0151866	0.95543	0.0365404	1.0357	0.0375786	2.0041e-05
10044	1	100	41	500	0.0575482	0.0449014	0.0179347	0.0269667	0.0126468	0.954286	0.0409437	1.03699	0.0430854	2.00987e-05
10045	1	100	45	500	0.0600683	0.0452949	0.0183014	0.0269935	0.0147734	0.954367	0.0402638	1.03763	0.0406285	2.00135e-05
10046	1	100	32	500	0.0577086	0.043511	0.0187339	0.0247771	0.0141977	0.955699	0.039083	1.03558	0.0379369	1.98756e-05
10047	1	100	36	500	0.057838	0.0433798	0.0189628	0.024417	0.0144582	0.955866	0.0390884	1.03433	0.0378302	1.98153e-05
10048	1	100	35	500	0.0718508	0.0493475	0.018791	0.0305565	0.0225033	0.950467	0.0457051	1.0361	0.0428708	2.066e-05
10049	1	100	37	500	0.0726292	0.0517864	0.0186124	0.033174	0.0208428	0.948187	0.0475599	1.03993	0.0431722	2.11096e-05
10050	1	100	36	500	0.0699321	0.0506801	0.0183816	0.0322985	0.019252	0.948525	0.0480872	1.03912	0.0442443	2.10996e-05
10051	1	100	41	500	0.0797533	0.0553291	0.0186515	0.0366776	0.0244242	0.944462	0.0516185	1.04136	0.0473696	2.16988e-05
10052	1	100	39	500	0.0783395	0.0557138	0.0197172	0.0359965	0.0226257	0.94417	0.0503915	1.04239	0.0470922	2.15025e-05
10053	1	100	41	500	0.0675605	0.0568007	0.0199735	0.0368272	0.0107598	0.941748	0.0498608	1.04849	0.0489661	2.21023e-05
10054	1	100	48	500	0.079798	0.0603939	0.0203413	0.0400526	0.0194041	0.940171	0.0514581	1.04972	0.0508251	2.22682e-05
10055	1	100	39	500	0.0758571	0.0604352	0.0201907	0.0402445	0.0154219	0.939658	0.0533656	1.05149	0.0515822	2.25343e-05
10056	1	100	41	500	0.0746985	0.0658581	0.0214704	0.0443877	0.00884031	0.933254	0.0529423	1.05998	0.0546166	2.33515e-05
10057	1	100	42	500	0.0777995	0.0696513	0.0226332	0.0470181	0.00814816	0.930129	0.0532541	1.06555	0.0552192	2.3827e-05
10058	1	100	34	500	0.0819168	0.0720022	0.0231547	0.0488475	0.0099146	0.928478	0.0534281	1.06677	0.0557995	2.39392e-05
10059	1	100	40	500	0.0858698	0.0763831	0.0244686	0.0519145	0.00948666	0.923997	0.0572197	1.07146	0.0593265	2.43902e-05
10060	1	100	43	500	0.087514	0.0791165	0.0255875	0.053529	0.00839753	0.920248	0.0570278	1.0742	0.0610033	2.46955e-05
10061	1	100	47	500	0.0919815	0.0812784	0.0257934	0.0554849	0.0107031	0.91875	0.0558905	1.07552	0.0593274	2.50072e-05
10062	1	100	38	500	0.0988056	0.088364	0.0288267	0.0595373	0.0104416	0.911482	0.0629754	1.0827	0.0667191	2.57946e-05
10063	1	100	43	500	0.102732	0.0929353	0.0308604	0.0620749	0.00979674	0.906797	0.0606123	1.08666	0.0654422	2.58855e-05
10064	1	100	38	500	0.0992138	0.0891824	0.029	0.0601825	0.0100313	0.910782	0.059127	1.0835	0.0618885	2.60036e-05
10065	1	100	42	500	0.102272	0.0950793	0.0327674	0.062312	0.00719256	0.904532	0.0614937	1.09067	0.0640397	2.60315e-05
10066	1	100	36	500	0.0988613	0.0949469	0.0333829	0.0615639	0.00391439	0.903975	0.0634115	1.09179	0.0671495	2.62896e-05
10067	1	100	33	500	0.105542	0.0970033	0.0337709	0.0632324	0.00853913	0.903123	0.0639469	1.09205	0.0683894	2.64555e-05
10068	1	100	36	500	0.105478	0.0961961	0.0329879	0.0632082	0.00928228	0.904108	0.0611972	1.09147	0.0664283	2.67895e-05
10069	1	100	35	500	0.105771	0.0963225	0.0333714	0.0629511	0.00944819	0.90386	0.0642787	1.09197	0.0690663	2.70152e-05
10070	1	100	41	500	0.112405	0.103618	0.0386716	0.0649465	0.008787	0.896832	0.0635164	1.09979	0.0686803	2.72975e-05
10071	1	100	39	500	0.113778	0.105516	0.0396035	0.0659129	0.00826134	0.894491	0.065913	1.10134	0.0699329	2.75185e-05
10072	1	100	42	500	0.115236	0.104924	0.0394298	0.0654938	0.0103123	0.895662	0.0616768	1.10061	0.0663967	2.74156e-05
10073	1	100	50	500	0.120159	0.112909	0.0463089	0.0666004	0.00724999	0.887959	0.0673637	1.11033	0.0704686	2.75903e-05
10074	1	100	45	500	0.12053	0.115669	0.050012	0.0656569	0.00486069	0.884175	0.067215	1.1143	0.0702438	2.75619e-05
10075	1	100	40	500	0.128043	0.120255	0.0530796	0.0671755	0.00778784	0.87968	0.0706073	1.11758	0.0722548	2.7589e-05
10076	1	100	49	500	0.132873	0.125352	0.0566305	0.0687216	0.00752052	0.874789	0.0689687	1.12151	0.0721297	2.75068e-05
10077	1	100	50	500	0.142073	0.132999	0.0650012	0.0679977	0.00907355	0.866982	0.0667025	1.12957	0.0677614	2.75511e-05
10078	1	100	44	500	0.140201	0.133042	0.0661554	0.0668861	0.00715962	0.867368	0.067964	1.12994	0.0690427	2.74618e-05
10079	1	100	55	500	0.149293	0.139122	0.0731043	0.0660177	0.0101711	0.861448	0.0695244	1.13454	0.0722277	2.72138e-05
10080	1	100	47	500	0.154256	0.144247	0.0809243	0.0633225	0.0100087	0.855392	0.0705319	1.13841	0.072737	2.67476e-05
10081	1	100	49	500	0.153935	0.144317	0.0810708	0.0632462	0.009618	0.85623	0.0665628	1.13931	0.0668825	2.70905e-05
10082	1	100	42	500	0.159274	0.150435	0.0875574	0.0628773	0.00883966	0.849817	0.0682695	1.14532	0.0707491	2.70068e-05
10083	1	100	46	500	0.164594	0.154379	0.0921439	0.0622347	0.0102151	0.845741	0.06235	1.15044	0.0626718	2.70797e-05
10084	1	100	51	500	0.171706	0.159683	0.0984002	0.0612831	0.0120223	0.841687	0.0650133	1.15327	0.0647036	2.6702e-05
10085	1	100	42	500	0.169884	0.162725	0.10405	0.058675	0.00715919	0.838163	0.0636911	1.15888	0.066603	2.65941e-05
10086	1	100	43	500	0.1755	0.16818	0.109526	0.0586544	0.00731985	0.83334	0.0643223	1.16499	0.0654927	2.67917e-05
10087	1	100	44	500	0.181674	0.173501	0.116777	0.0567237	0.00817366	0.827889	0.0612837	1.16977	0.0636892	2.64571e-05
10088	1	100	45	500	0.184654	0.1748	0.118043	0.0567576	0.00985395	0.826849	0.0628054	1.17	0.0655597	2.62029e-05
10089	1	100	49	500	0.196571	0.182736	0.127116	0.0556203	0.013835	0.8193	0.0581705	1.17619	0.0651621	2.5549e-05
10090	1	100	45	500	0.202983	0.186725	0.132643	0.0540816	0.0162578	0.815436	0.0588773	1.17825	0.0645828	2.53335e-05
10091	1	100	44	500	0.217403	0.199405	0.151983	0.0474212	0.0179983	0.803361	0.0532146	1.19046	0.0609731	2.42385e-05
10092	1	100	42	500	0.224679	0.20442	0.157354	0.047066	0.0202585	0.798371	0.0507119	1.19369	0.058963	2.40916e-05
10093	1	100	47	500	0.229839	0.20789	0.16287	0.0450199	0.0219486	0.795608	0.0495815	1.19719	0.0600072	2.37327e-05
10094	1	100	46	500	0.237745	0.212551	0.170082	0.0424686	0.0251942	0.790827	0.0464807	1.19907	0.0554718	2.36937e-05
10095	1	100	47	500	0.251858	0.214806	0.167475	0.0473309	0.0370515	0.789745	0.0542926	1.19567	0.0675288	2.45072e-05
10096	1	100	50	500	0.254302	0.21851	0.169708	0.0488012	0.0357929	0.785513	0.0550084	1.19793	0.0685191	2.47743e-05
10097	1	100	47	500	0.253585	0.218764	0.171961	0.0468025	0.0348209	0.785709	0.0534904	1.20135	0.0671208	2.46654e-05
10098	1	100	47	500	0.239919	0.215516	0.173552	0.0419641	0.0244022	0.787809	0.0472194	1.202	0.0566775	2.48039e-05
10099	1	100	45	500	0.247928	0.219789	0.181182	0.0386066	0.028139	0.784442	0.043914	1.20623	0.0540257	2.43149e-05
10100	1	100	44	500	0.242488	0.218774	0.18143	0.0373435	0.023714	0.783657	0.0423535	1.2059	0.0520182	2.48041e-05
10101	1	100	50	500	0.244551	0.220617	0.185954	0.0346636	0.0239335	0.782955	0.0413928	1.20879	0.0514313	2.47049e-05
