Generation	PopulationID	SampleSize	UniqueMutations	PopulationSize	totalLoad	RelzLoad	RelzLoadHomo	RelzLoadHetero	MskLoad	MeanFitness	SdFitness	MeanFitnessCached	SdFitnessCached	Heterozygosity	
10001	1	100	64	500	0.315798	0.272063	0.138771	0.133292	0.0437351	0.756671	0.0767254	1.21032	0.0614681	5.85274e-05
10002	1	100	57	500	0.312773	0.272363	0.137282	0.135081	0.0404104	0.757223	0.0768514	1.21409	0.0621264	5.87603e-05
10003	1	100	56	500	0.325279	0.283736	0.147911	0.135825	0.0415427	0.749952	0.0773138	1.22056	0.0610242	5.78508e-05
10004	1	100	63	500	0.325898	0.283804	0.147481	0.136323	0.0420949	0.748848	0.0760443	1.22013	0.062673	5.75807e-05
10005	1	100	58	500	0.323178	0.282821	0.146048	0.136773	0.0403567	0.750929	0.0759682	1.22324	0.0636629	5.74182e-05
10006	1	100	56	500	0.321462	0.283108	0.146898	0.136211	0.0383533	0.748368	0.0793822	1.22131	0.0659663	5.71766e-05
10007	1	100	61	500	0.3196	0.282448	0.148476	0.133972	0.037152	0.749757	0.0769273	1.22267	0.0633755	5.67084e-05
10008	1	100	59	500	0.314132	0.277551	0.143855	0.133696	0.0365807	0.754462	0.0747596	1.22464	0.061519	5.71736e-05
10009	1	100	67	500	0.323632	0.283374	0.148808	0.134566	0.0402577	0.748949	0.0780373	1.22283	0.0618756	5.76422e-05
10010	1	100	63	500	0.324695	0.283672	0.146784	0.136887	0.0410236	0.749795	0.0758637	1.2267	0.0624299	5.75581e-05
10011	1	100	64	500	0.331519	0.293917	0.158744	0.135173	0.0376018	0.74009	0.0803782	1.227	0.063015	5.67778e-05
10012	1	100	63	500	0.341776	0.300256	0.163621	0.136635	0.0415206	0.736797	0.0772667	1.2337	0.0644545	5.60664e-05
10013	1	100	64	500	0.344295	0.304139	0.165602	0.138537	0.0401559	0.731951	0.0818839	1.23407	0.0620682	5.67673e-05
10014	1	100	59	500	0.353302	0.312303	0.173336	0.138967	0.0409983	0.724848	0.0813782	1.23481	0.0638196	5.58139e-05
10015	1	100	60	500	0.358836	0.321016	0.179114	0.141903	0.0378196	0.720156	0.0810182	1.24403	0.0651266	5.54559e-05
10016	1	100	60	500	0.364273	0.32607	0.186751	0.139319	0.0382029	0.716362	0.0816755	1.24595	0.0642187	5.40509e-05
10017	1	100	64	500	0.366714	0.327675	0.184785	0.142891	0.0390391	0.71537	0.0827573	1.24892	0.0698084	5.42627e-05
10018	1	100	65	500	0.372138	0.330525	0.186321	0.144204	0.0416134	0.71361	0.0866527	1.24651	0.068501	5.39653e-05
10019	1	100	62	500	0.364466	0.325735	0.181142	0.144593	0.0387309	0.715972	0.0876117	1.24797	0.0686125	5.52127e-05
10020	1	100	57	500	0.371063	0.331011	0.183814	0.147197	0.0400526	0.712518	0.0864368	1.2528	0.0697436	5.53094e-05
10021	1	100	62	500	0.391523	0.347782	0.199727	0.148055	0.0437411	0.700595	0.0895851	1.25842	0.0695554	5.31855e-05
10022	1	100	63	500	0.395882	0.352536	0.200668	0.151869	0.043346	0.695683	0.0898673	1.26074	0.0720105	5.35748e-05
10023	1	100	64	500	0.393098	0.354229	0.201475	0.152753	0.0388692	0.696159	0.0881862	1.26885	0.0716527	5.32688e-05
10024	1	100	70	500	0.403914	0.358279	0.202872	0.155407	0.045635	0.692641	0.087676	1.26898	0.0697039	5.30831e-05
10025	1	100	63	500	0.410464	0.368826	0.212158	0.156668	0.0416382	0.685105	0.0854161	1.27889	0.0736608	5.25208e-05
10026	1	100	64	500	0.412865	0.372081	0.213184	0.158897	0.0407844	0.681246	0.0906559	1.28116	0.0734353	5.28684e-05
10027	1	100	70	500	0.431537	0.386165	0.225309	0.160857	0.0453718	0.673677	0.0892573	1.28916	0.0723212	5.15718e-05
10028	1	100	73	500	0.432968	0.385759	0.221241	0.164518	0.0472093	0.673827	0.0907437	1.28973	0.0740857	5.29463e-05
10029	1	100	65	500	0.436827	0.394286	0.231541	0.162745	0.0425408	0.669037	0.0944542	1.29682	0.0747683	5.18511e-05
10030	1	100	67	500	0.440078	0.396827	0.238695	0.158132	0.0432515	0.663242	0.0918328	1.29988	0.0732445	5.11443e-05
10031	1	100	65	500	0.435556	0.400715	0.240985	0.15973	0.0348415	0.662997	0.0907427	1.30449	0.0736155	5.10304e-05
10032	1	100	68	500	0.43617	0.395377	0.236814	0.158563	0.0407932	0.665276	0.0889009	1.30709	0.0769899	5.11438e-05
10033	1	100	57	500	0.446849	0.402178	0.238941	0.163237	0.0446707	0.66252	0.0897599	1.30361	0.0769521	5.14322e-05
10034	1	100	70	500	0.450176	0.408866	0.248697	0.160169	0.0413106	0.656269	0.0940493	1.30858	0.0748263	4.99463e-05
10035	1	100	70	500	0.449598	0.40887	0.248774	0.160095	0.0407281	0.656498	0.0907016	1.30525	0.0789068	5.04699e-05
10036	1	100	77	500	0.46082	0.419413	0.261246	0.158168	0.0414063	0.64922	0.0924073	1.30836	0.0775052	4.88084e-05
10037	1	100	66	500	0.462519	0.419323	0.254277	0.165046	0.043196	0.651263	0.0892891	1.31699	0.0791559	4.94838e-05
10038	1	100	65	500	0.462157	0.419731	0.253341	0.16639	0.0424259	0.65096	0.0869283	1.31889	0.0774839	4.92807e-05
10039	1	100	61	500	0.471333	0.426631	0.258699	0.167932	0.0447016	0.645558	0.0867425	1.32066	0.0774831	4.86425e-05
10040	1	100	65	500	0.476544	0.429039	0.25766	0.171378	0.0475047	0.644188	0.0879478	1.3233	0.0790724	4.86298e-05
10041	1	100	66	500	0.481685	0.43613	0.268674	0.167457	0.045555	0.638682	0.0865077	1.32754	0.0802733	4.79205e-05
10042	1	100	68	500	0.483138	0.434363	0.258819	0.175544	0.0487749	0.63872	0.0883006	1.33245	0.0866752	4.92322e-05
10043	1	100	71	500	0.507551	0.457626	0.285535	0.172091	0.0499254	0.623475	0.0888832	1.34869	0.0955901	4.55323e-05
10044	1	100	68	500	0.497708	0.455344	0.283743	0.171601	0.0423644	0.623948	0.0885192	1.34888	0.0893199	4.55624e-05
10045	1	100	65	500	0.50701	0.464947	0.29713	0.167817	0.0420637	0.618823	0.0864163	1.35624	0.0876265	4.45543e-05
10046	1	100	73	500	0.514921	0.470498	0.294738	0.175761	0.0444226	0.615059	0.0838463	1.36184	0.0917936	4.51573e-05
10047	1	100	61	500	0.517578	0.477213	0.304649	0.172564	0.0403646	0.610295	0.0865034	1.37203	0.0903311	4.35212e-05
10048	1	100	65	500	0.519779	0.479061	0.301727	0.177334	0.0407178	0.608703	0.0870673	1.37021	0.0878633	4.38735e-05
10049	1	100	68	500	0.525641	0.489233	0.314182	0.175051	0.0364075	0.602014	0.0858899	1.38042	0.0899209	4.36975e-05
10050	1	100	59	500	0.531332	0.492063	0.31293	0.179132	0.0392692	0.600463	0.0868748	1.38176	0.0951811	4.36752e-05
10051	1	100	62	500	0.528688	0.490825	0.308276	0.182549	0.0378632	0.599725	0.0872575	1.389	0.0981938	4.33746e-05
10052	1	100	67	500	0.532347	0.493516	0.30754	0.185975	0.0388311	0.600609	0.0873789	1.39256	0.0945828	4.33976e-05
10053	1	100	65	500	0.535148	0.496819	0.310629	0.18619	0.0383296	0.599046	0.0892801	1.3958	0.100933	4.34166e-05
10054	1	100	65	500	0.538851	0.49974	0.316484	0.183255	0.0391109	0.597386	0.0877512	1.39971	0.0998675	4.24711e-05
10055	1	100	68	500	0.535195	0.494105	0.311004	0.183102	0.0410904	0.598035	0.0847247	1.39439	0.0957884	4.34084e-05
10056	1	100	70	500	0.533074	0.490328	0.309014	0.181314	0.0427461	0.601079	0.0875152	1.39536	0.0987789	4.4443e-05
10057	1	100	74	500	0.526996	0.486762	0.301509	0.185253	0.040234	0.605164	0.0865403	1.40103	0.0977616	4.55411e-05
10058	1	100	63	500	0.536748	0.498863	0.31378	0.185083	0.0378851	0.596259	0.0871093	1.41039	0.100191	4.50794e-05
10059	1	100	66	500	0.550734	0.508234	0.317642	0.190592	0.0425001	0.591703	0.084847	1.41769	0.10478	4.51536e-05
10060	1	100	72	500	0.55823	0.520334	0.33002	0.190314	0.0378961	0.581798	0.0818631	1.42393	0.106606	4.36997e-05
10061	1	100	65	500	0.562471	0.521967	0.330625	0.191342	0.040504	0.581597	0.0812801	1.42535	0.104832	4.39614e-05
10062	1	100	71	500	0.561844	0.52227	0.328253	0.194016	0.0395746	0.581512	0.0830822	1.43178	0.104453	4.44309e-05
10063	1	100	68	500	0.568994	0.528554	0.327971	0.200583	0.0404403	0.577458	0.0848515	1.43981	0.109246	4.4513e-05
10064	1	100	69	500	0.570271	0.53183	0.329589	0.202241	0.0384412	0.57507	0.0819373	1.44904	0.111473	4.42776e-05
10065	1	100	74	500	0.580336	0.54027	0.32861	0.21166	0.0400661	0.571897	0.0779515	1.46396	0.115514	4.44993e-05
10066	1	100	69	500	0.583389	0.542551	0.334997	0.207554	0.040838	0.568338	0.078384	1.46006	0.109568	4.4164e-05
10067	1	100	70	500	0.594904	0.554329	0.347024	0.207305	0.0405751	0.563224	0.0781048	1.47122	0.110277	4.3032e-05
10068	1	100	70	500	0.599318	0.560831	0.347724	0.213107	0.0384877	0.558393	0.0801214	1.47898	0.114602	4.30779e-05
10069	1	100	67	500	0.610239	0.571957	0.350828	0.221128	0.038282	0.551139	0.0717537	1.49762	0.116926	4.23129e-05
10070	1	100	59	500	0.617199	0.582741	0.358754	0.223986	0.034458	0.545274	0.0720927	1.50978	0.115044	4.18465e-05
10071	1	100	63	500	0.616009	0.581266	0.35143	0.229837	0.034743	0.545018	0.0750545	1.50836	0.11667	4.27627e-05
10072	1	100	62	500	0.626682	0.585484	0.350074	0.23541	0.0411983	0.545208	0.0725022	1.52115	0.12099	4.27364e-05
10073	1	100	61	500	0.63087	0.592724	0.354149	0.238575	0.0381459	0.53754	0.0735614	1.52067	0.118812	4.26571e-05
10074	1	100	55	500	0.620388	0.583901	0.349772	0.234129	0.0364874	0.54043	0.0712649	1.52256	0.119673	4.2851e-05
10075	1	100	63	500	0.644728	0.601576	0.362335	0.239241	0.0431516	0.534061	0.0673264	1.53285	0.116096	4.19898e-05
10076	1	100	60	500	0.644301	0.603618	0.367882	0.235736	0.040683	0.532503	0.068355	1.52995	0.112242	4.18264e-05
10077	1	100	68	500	0.652158	0.608244	0.371354	0.23689	0.0439143	0.53025	0.0649793	1.53537	0.122229	4.14585e-05
10078	1	100	60	500	0.64454	0.603856	0.363947	0.239909	0.0406849	0.531421	0.0675334	1.53523	0.121079	4.2024e-05
10079	1	100	69	500	0.644971	0.602804	0.355232	0.247572	0.0421661	0.533586	0.0706864	1.54445	0.117392	4.29786e-05
10080	1	100	68	500	0.652551	0.608022	0.356107	0.251916	0.0445289	0.53019	0.0707935	1.55325	0.120435	4.37878e-05
10081	1	100	71	500	0.656122	0.607165	0.348031	0.259133	0.0489567	0.530797	0.0688404	1.55581	0.124628	4.47154e-05
10082	1	100	60	500	0.652687	0.607229	0.344062	0.263167	0.0454584	0.53095	0.0670915	1.56952	0.123488	4.45879e-05
10083	1	100	60	500	0.664193	0.617175	0.351804	0.265371	0.0470179	0.525212	0.0687857	1.57499	0.119471	4.43223e-05
10084	1	100	62	500	0.673387	0.623115	0.355927	0.267188	0.0502716	0.522087	0.0671165	1.58	0.122793	4.42859e-05
10085	1	100	60	500	0.604971	0.55656	0.289807	0.266754	0.048411	0.558954	0.0718148	1.48349	0.107988	4.41115e-05
10086	1	100	55	500	0.616635	0.561433	0.292093	0.26934	0.0552018	0.555598	0.0694456	1.48669	0.117052	4.37387e-05
10087	1	100	64	500	0.623247	0.570463	0.301743	0.26872	0.0527838	0.549749	0.0678983	1.49177	0.108263	4.31685e-05
10088	1	100	58	500	0.620013	0.570057	0.303821	0.266236	0.0499559	0.551426	0.0685164	1.49833	0.11517	4.32006e-05
10089	1	100	52	500	0.618589	0.572451	0.306468	0.265983	0.0461388	0.548442	0.0657762	1.50139	0.111674	4.34346e-05
10090	1	100	51	500	0.618293	0.579806	0.314528	0.265278	0.0384863	0.542469	0.0630097	1.51035	0.105387	4.29008e-05
10091	1	100	57	500	0.630561	0.581046	0.309657	0.271389	0.0495147	0.546498	0.0642564	1.52114	0.102345	4.33712e-05
10092	1	100	57	500	0.639842	0.58882	0.318898	0.269922	0.0510227	0.539056	0.0620069	1.51626	0.108725	4.2756e-05
10093	1	100	54	500	0.641225	0.591226	0.318915	0.272312	0.0499992	0.537016	0.0634326	1.52426	0.105622	4.27973e-05
10094	1	100	51	500	0.634376	0.587307	0.315264	0.272043	0.047069	0.538549	0.061738	1.52814	0.0996482	4.30896e-05
10095	1	100	46	500	0.643394	0.593785	0.321401	0.272384	0.0496088	0.537115	0.0588975	1.53775	0.095742	4.24808e-05
10096	1	100	51	500	0.64106	0.595354	0.322614	0.27274	0.0457061	0.534068	0.0587085	1.54092	0.0954243	4.24983e-05
10097	1	100	44	500	0.650719	0.603735	0.335734	0.268001	0.0469843	0.528946	0.06101	1.543	0.095894	4.17082e-05
10098	1	100	51	500	0.655544	0.611054	0.345671	0.265383	0.0444899	0.524832	0.0608316	1.54988	0.0984049	4.1314e-05
10099	1	100	47	500	0.657538	0.615532	0.355215	0.260317	0.0420067	0.523659	0.0608411	1.55183	0.0985442	4.09199e-05
10100	1	100	51	500	0.661033	0.615775	0.356251	0.259525	0.0452575	0.522261	0.0634029	1.54887	0.102666	4.08729e-05
10101	1	100	50	500	0.660697	0.620209	0.362833	0.257377	0.0404878	0.520436	0.0606824	1.55543	0.0976935	4.0836e-05
