Generation	PopulationID	SampleSize	UniqueMutations	PopulationSize	totalLoad	RelzLoad	RelzLoadHomo	RelzLoadHetero	MskLoad	MeanFitness	SdFitness	MeanFitnessCached	SdFitnessCached	Heterozygosity	
10001	1	100	62	500	0.287972	0.256972	0.122127	0.134845	0.0310007	0.763102	0.0427465	1.24808	0.06164	6.71043e-05
10002	1	100	63	500	0.291009	0.260006	0.12556	0.134446	0.0310026	0.760401	0.0402278	1.25437	0.0615152	6.65965e-05
10003	1	100	69	500	0.30304	0.265278	0.127267	0.13801	0.0377628	0.756921	0.04163	1.25479	0.0617487	6.59785e-05
10004	1	100	68	500	0.304364	0.266339	0.129243	0.137096	0.0380257	0.755779	0.0446643	1.25568	0.0620751	6.5109e-05
10005	1	100	69	500	0.299988	0.266708	0.12901	0.137698	0.0332804	0.754747	0.042364	1.25914	0.0590048	6.53187e-05
10006	1	100	57	500	0.310173	0.268807	0.133203	0.135603	0.0413662	0.753822	0.0444215	1.26046	0.0620978	6.45787e-05
10007	1	100	68	500	0.305632	0.270317	0.135533	0.134784	0.0353146	0.752508	0.044991	1.26445	0.0621361	6.41655e-05
10008	1	100	60	500	0.310726	0.272618	0.137271	0.135346	0.0381082	0.750106	0.0386897	1.26534	0.0600923	6.50674e-05
10009	1	100	70	500	0.31319	0.276218	0.139478	0.13674	0.0369723	0.748518	0.0396013	1.26918	0.0573447	6.56721e-05
10010	1	100	64	500	0.318238	0.279858	0.143788	0.13607	0.03838	0.745249	0.0393766	1.27357	0.0592416	6.41435e-05
10011	1	100	61	500	0.317485	0.281966	0.146892	0.135074	0.0355186	0.742736	0.0399167	1.27818	0.0594102	6.2709e-05
10012	1	100	55	500	0.322074	0.28444	0.14917	0.135269	0.0376342	0.740808	0.0376261	1.28098	0.0576129	6.34092e-05
10013	1	100	66	500	0.320343	0.286	0.155352	0.130647	0.034343	0.739806	0.0369036	1.28366	0.0575646	6.25019e-05
10014	1	100	64	500	0.322467	0.287352	0.158186	0.129165	0.035115	0.737958	0.0388641	1.28456	0.0625859	6.15035e-05
10015	1	100	63	500	0.325432	0.29104	0.159902	0.131137	0.0343924	0.735681	0.0339179	1.28769	0.0568798	6.12299e-05
10016	1	100	65	500	0.333765	0.29338	0.1597	0.13368	0.0403846	0.735239	0.0359405	1.28855	0.0575463	6.18727e-05
10017	1	100	62	500	0.338788	0.297903	0.166189	0.131714	0.0408847	0.729938	0.0360094	1.29102	0.057597	6.11572e-05
10018	1	100	66	500	0.332335	0.296113	0.167039	0.129073	0.0362221	0.732128	0.036404	1.29336	0.0589435	6.00837e-05
10019	1	100	64	500	0.339293	0.302519	0.171898	0.130622	0.0367734	0.727779	0.0319499	1.30212	0.0561709	5.94264e-05
10020	1	100	65	500	0.340902	0.303816	0.174401	0.129414	0.037086	0.725668	0.0316532	1.3016	0.056609	5.93458e-05
10021	1	100	63	500	0.339436	0.30295	0.177574	0.125376	0.0364855	0.726766	0.0303272	1.30493	0.0527462	5.9331e-05
10022	1	100	59	500	0.338897	0.304047	0.173954	0.130093	0.0348495	0.725839	0.0354722	1.30538	0.0594957	6.0509e-05
10023	1	100	62	500	0.338953	0.306333	0.176222	0.130111	0.0326203	0.723375	0.033305	1.30881	0.0606586	5.96443e-05
10024	1	100	62	500	0.347153	0.30958	0.181524	0.128056	0.0375734	0.720411	0.0410927	1.30832	0.0742467	5.83896e-05
10025	1	100	66	500	0.34533	0.31042	0.183796	0.126624	0.0349094	0.720383	0.0338405	1.31365	0.0606629	5.76467e-05
10026	1	100	55	500	0.340468	0.309405	0.184074	0.125331	0.0310633	0.720589	0.0360236	1.31523	0.0622585	5.71306e-05
10027	1	100	66	500	0.347136	0.312873	0.192528	0.120345	0.0342632	0.719094	0.0360614	1.31934	0.0626098	5.5597e-05
10028	1	100	61	500	0.347788	0.315822	0.195652	0.120171	0.0319658	0.716901	0.0382206	1.3257	0.064927	5.48247e-05
10029	1	100	61	500	0.352554	0.318529	0.197268	0.121261	0.0340245	0.714802	0.0380638	1.32682	0.0648159	5.45827e-05
10030	1	100	56	500	0.349494	0.320436	0.201903	0.118534	0.0290574	0.712137	0.0369256	1.33141	0.0634515	5.36198e-05
10031	1	100	55	500	0.35586	0.324271	0.209179	0.115092	0.0315893	0.70936	0.035118	1.3347	0.0658348	5.1949e-05
10032	1	100	57	500	0.354955	0.323504	0.207516	0.115988	0.0314513	0.710435	0.0358208	1.33349	0.0647139	5.28436e-05
10033	1	100	61	500	0.353804	0.32357	0.208908	0.114662	0.0302341	0.710346	0.0386757	1.33402	0.0690849	5.24998e-05
10034	1	100	59	500	0.355026	0.325854	0.215079	0.110774	0.0291722	0.708931	0.0396152	1.33909	0.0699009	4.98671e-05
10035	1	100	59	500	0.360431	0.332512	0.219335	0.113178	0.0279187	0.704029	0.0398042	1.34829	0.0684959	4.87699e-05
10036	1	100	59	500	0.364076	0.335033	0.219504	0.11553	0.0290426	0.702153	0.0395543	1.35119	0.072166	4.8764e-05
10037	1	100	61	500	0.36387	0.335607	0.219143	0.116464	0.0282623	0.701184	0.0372025	1.35157	0.0698556	4.84385e-05
10038	1	100	64	500	0.368057	0.336537	0.216403	0.120135	0.0315201	0.700077	0.0425017	1.35031	0.076158	4.965e-05
10039	1	100	55	500	0.370264	0.340333	0.221948	0.118386	0.0299309	0.697427	0.037432	1.35791	0.0679434	4.79341e-05
10040	1	100	59	500	0.379656	0.349161	0.228342	0.120819	0.030495	0.691706	0.037675	1.36865	0.0697494	4.64974e-05
10041	1	100	63	500	0.388937	0.352865	0.224887	0.127979	0.0360716	0.688827	0.0377788	1.37092	0.0722407	4.80237e-05
10042	1	100	58	500	0.38677	0.353396	0.22672	0.126676	0.0333739	0.687346	0.0352395	1.37165	0.0751499	4.87661e-05
10043	1	100	61	500	0.39024	0.354751	0.229022	0.125729	0.0354892	0.686728	0.0367439	1.37203	0.0740578	4.80613e-05
10044	1	100	62	500	0.387145	0.354115	0.23363	0.120485	0.0330301	0.686839	0.0375801	1.3736	0.0741678	4.74073e-05
10045	1	100	64	500	0.40006	0.358774	0.235504	0.12327	0.0412859	0.683931	0.0405924	1.37272	0.0823701	4.73141e-05
10046	1	100	58	500	0.396701	0.36374	0.239385	0.124356	0.0329601	0.679689	0.0402206	1.38576	0.0826968	4.79475e-05
10047	1	100	65	500	0.404417	0.366775	0.243355	0.12342	0.0376418	0.678505	0.0377331	1.38727	0.0786757	4.66731e-05
10048	1	100	70	500	0.403554	0.366992	0.249104	0.117888	0.0365621	0.678012	0.0353299	1.38726	0.0758606	4.48597e-05
10049	1	100	61	500	0.407967	0.370798	0.253587	0.117211	0.0371696	0.675103	0.0366428	1.39194	0.0770156	4.49488e-05
10050	1	100	69	500	0.408435	0.371706	0.250841	0.120865	0.0367293	0.67464	0.0347037	1.39324	0.0764406	4.53671e-05
10051	1	100	68	500	0.407713	0.372841	0.250183	0.122659	0.034872	0.674091	0.0373194	1.39578	0.0769584	4.53476e-05
10052	1	100	69	500	0.410149	0.373652	0.244496	0.129156	0.0364967	0.673536	0.0374896	1.39618	0.0769801	4.77892e-05
10053	1	100	59	500	0.411146	0.377977	0.248453	0.129524	0.0331696	0.669089	0.0375021	1.40422	0.0824352	4.77886e-05
10054	1	100	69	500	0.411001	0.379533	0.247231	0.132302	0.0314672	0.66979	0.0387784	1.40643	0.0811405	4.76108e-05
10055	1	100	64	500	0.409826	0.380875	0.25197	0.128905	0.0289506	0.667546	0.0355145	1.41007	0.0767743	4.66926e-05
10056	1	100	58	500	0.411804	0.381918	0.252996	0.128922	0.0298863	0.665819	0.0358079	1.41022	0.0813171	4.73881e-05
10057	1	100	56	500	0.415304	0.382007	0.250377	0.131631	0.0332966	0.666181	0.0347596	1.41131	0.0770286	4.88852e-05
10058	1	100	59	500	0.411047	0.384934	0.256947	0.127987	0.0261126	0.664591	0.0356753	1.41679	0.0772814	4.78648e-05
10059	1	100	66	500	0.416123	0.38621	0.261087	0.125124	0.0299125	0.664749	0.0356595	1.41889	0.0746655	4.70228e-05
10060	1	100	66	500	0.415972	0.389504	0.266736	0.122768	0.0264687	0.662062	0.0350201	1.42527	0.0726618	4.54152e-05
10061	1	100	61	500	0.417768	0.39519	0.276528	0.118662	0.0225783	0.657172	0.0334875	1.43559	0.0722404	4.39255e-05
10062	1	100	70	500	0.425836	0.400722	0.286996	0.113726	0.0251142	0.654068	0.0347148	1.44147	0.0712106	4.20324e-05
10063	1	100	62	500	0.428328	0.404359	0.29474	0.109619	0.0239685	0.651052	0.0335527	1.44732	0.0697706	4.00836e-05
10064	1	100	64	500	0.42757	0.407095	0.302617	0.104479	0.0204752	0.649058	0.0341675	1.45341	0.0716408	3.82295e-05
10065	1	100	60	500	0.427254	0.407494	0.299431	0.108062	0.0197601	0.648151	0.0339513	1.45441	0.06981	3.94409e-05
10066	1	100	58	500	0.429094	0.408651	0.298017	0.110634	0.0204432	0.647502	0.0323007	1.45548	0.0670798	3.89084e-05
10067	1	100	56	500	0.431028	0.410548	0.299821	0.110728	0.0204792	0.646421	0.0324881	1.45729	0.0696594	3.81468e-05
10068	1	100	65	500	0.43523	0.416145	0.312448	0.103697	0.0190858	0.642826	0.0319131	1.46645	0.0675239	3.54456e-05
10069	1	100	54	500	0.431462	0.414528	0.311849	0.10268	0.0169339	0.643747	0.0325336	1.46671	0.0657139	3.56424e-05
10070	1	100	61	500	0.436157	0.416039	0.310408	0.10563	0.0201181	0.643413	0.0324434	1.46597	0.0650231	3.57685e-05
10071	1	100	55	500	0.44484	0.421829	0.315252	0.106577	0.0230103	0.639457	0.0328881	1.47076	0.0631459	3.50264e-05
10072	1	100	52	500	0.445694	0.421583	0.318806	0.102777	0.0241111	0.639046	0.0332311	1.46965	0.0620905	3.41402e-05
10073	1	100	44	500	0.443025	0.421255	0.319729	0.101526	0.0217705	0.638709	0.0335924	1.47033	0.0662645	3.40368e-05
10074	1	100	48	500	0.442805	0.422406	0.3205	0.101906	0.020399	0.637159	0.0346549	1.47303	0.0674059	3.48427e-05
10075	1	100	50	500	0.444618	0.423482	0.318422	0.105061	0.021136	0.636564	0.0347393	1.47126	0.0699101	3.55968e-05
10076	1	100	59	500	0.44765	0.424062	0.316564	0.107498	0.0235879	0.637301	0.0341206	1.4722	0.0657848	3.63267e-05
10077	1	100	59	500	0.445322	0.421247	0.315497	0.105751	0.0240748	0.638474	0.0340679	1.46969	0.0673957	3.66635e-05
10078	1	100	66	500	0.444397	0.42417	0.317853	0.106317	0.020227	0.636879	0.0331718	1.47436	0.0684463	3.65174e-05
10079	1	100	65	500	0.448397	0.426831	0.320729	0.106101	0.0215662	0.635759	0.033629	1.47858	0.0666354	3.57737e-05
10080	1	100	63	500	0.450987	0.428276	0.329961	0.0983147	0.0227118	0.632759	0.0351931	1.47975	0.0738028	3.43792e-05
10081	1	100	58	500	0.454249	0.431667	0.330859	0.100808	0.0225816	0.631645	0.0336675	1.48277	0.0719676	3.51604e-05
10082	1	100	54	500	0.458194	0.436231	0.3432	0.0930313	0.0219627	0.628318	0.0352657	1.49159	0.0730115	3.34386e-05
10083	1	100	61	500	0.464812	0.440119	0.343307	0.0968121	0.024693	0.626574	0.0341852	1.49616	0.0732062	3.38211e-05
10084	1	100	51	500	0.459724	0.440233	0.347685	0.0925482	0.0194906	0.625551	0.0350865	1.50214	0.0757725	3.30908e-05
10085	1	100	45	500	0.466282	0.447949	0.35287	0.0950787	0.0183333	0.621147	0.0353235	1.51267	0.0776276	3.27845e-05
10086	1	100	39	500	0.467291	0.449591	0.352846	0.0967445	0.0177	0.619628	0.0333794	1.51646	0.07307	3.3457e-05
10087	1	100	47	500	0.474595	0.456851	0.357574	0.0992776	0.0177434	0.615043	0.0332214	1.52486	0.0732805	3.26164e-05
10088	1	100	46	500	0.481844	0.461253	0.359918	0.101335	0.0205912	0.612778	0.0373402	1.52888	0.0813492	3.28642e-05
10089	1	100	48	500	0.479747	0.459335	0.35545	0.103885	0.0204128	0.613876	0.0358783	1.52735	0.0798586	3.39974e-05
10090	1	100	51	500	0.481022	0.462055	0.362446	0.0996092	0.0189672	0.612148	0.0359147	1.53103	0.0803435	3.32684e-05
10091	1	100	50	500	0.484911	0.464839	0.369622	0.0952167	0.0200722	0.609793	0.0355662	1.53195	0.0801785	3.30057e-05
10092	1	100	48	500	0.484264	0.466512	0.375808	0.0907038	0.0177523	0.608911	0.0369383	1.53777	0.0829972	3.20442e-05
10093	1	100	46	500	0.485226	0.468771	0.381838	0.0869324	0.0164555	0.607304	0.0360001	1.54196	0.0843672	3.15725e-05
10094	1	100	47	500	0.483035	0.468976	0.384321	0.0846545	0.0140587	0.606965	0.0350321	1.54605	0.0788284	3.15487e-05
10095	1	100	57	500	0.483337	0.467298	0.377003	0.0902954	0.0160387	0.608654	0.0350956	1.54158	0.0799992	3.26437e-05
10096	1	100	50	500	0.486253	0.470568	0.381372	0.0891961	0.0156846	0.606149	0.0328615	1.54649	0.076426	3.29278e-05
10097	1	100	47	500	0.490191	0.475719	0.386944	0.088775	0.0144713	0.603075	0.0341621	1.55501	0.079883	3.30716e-05
10098	1	100	42	500	0.496554	0.481498	0.39457	0.0869287	0.0150559	0.598773	0.0353358	1.56284	0.0834406	3.24483e-05
10099	1	100	50	500	0.504345	0.485606	0.39718	0.0884263	0.0187385	0.596289	0.03482	1.56546	0.0858827	3.26403e-05
10100	1	100	49	500	0.506322	0.49167	0.403515	0.0881547	0.0146517	0.592545	0.0346314	1.57845	0.0851641	3.31106e-05
10101	1	100	48	500	0.509497	0.495441	0.404841	0.0905998	0.0140566	0.589807	0.0348309	1.58299	0.0863803	3.35063e-05
