Generation	PopulationID	SampleSize	UniqueMutations	PopulationSize	totalLoad	RelzLoad	RelzLoadHomo	RelzLoadHetero	MskLoad	MeanFitness	SdFitness	MeanFitnessCached	SdFitnessCached	Heterozygosity	
10001	1	100	33	500	0.142046	0.137162	0.101522	0.0356407	0.00488314	0.866113	0.0413213	1.1372	0.0462826	2.79657e-05
10002	1	100	38	500	0.143972	0.138767	0.103509	0.0352579	0.00520519	0.864535	0.0388695	1.13866	0.0430899	2.75061e-05
10003	1	100	36	500	0.143993	0.139021	0.104084	0.0349377	0.00497137	0.863907	0.040388	1.13867	0.0448802	2.77171e-05
10004	1	100	31	500	0.147759	0.141616	0.109001	0.0326151	0.00614328	0.860749	0.0406533	1.14017	0.0455508	2.6891e-05
10005	1	100	36	500	0.157264	0.148416	0.119354	0.0290623	0.00884715	0.854996	0.0359964	1.14649	0.0425779	2.58207e-05
10006	1	100	38	500	0.162041	0.151786	0.126002	0.0257835	0.0102545	0.851913	0.0338336	1.14917	0.0393215	2.45136e-05
10007	1	100	32	500	0.158648	0.150352	0.12407	0.0262826	0.00829562	0.851996	0.0351547	1.14751	0.04291	2.48812e-05
10008	1	100	35	500	0.160256	0.149874	0.122078	0.0277952	0.0103821	0.853368	0.0380077	1.1478	0.044354	2.5473e-05
10009	1	100	35	500	0.152347	0.146276	0.117098	0.0291777	0.00607095	0.855702	0.0375933	1.14586	0.0441748	2.69036e-05
10010	1	100	42	500	0.157111	0.148149	0.118072	0.0300774	0.00896151	0.854416	0.034614	1.14655	0.0426506	2.73443e-05
10011	1	100	37	500	0.158	0.149823	0.119915	0.0299074	0.00817689	0.852486	0.035455	1.14715	0.0439067	2.73494e-05
10012	1	100	47	500	0.158492	0.150462	0.118271	0.0321901	0.00803046	0.852505	0.036583	1.14787	0.0437629	2.801e-05
10013	1	100	47	500	0.15941	0.150323	0.117438	0.0328849	0.00908782	0.852351	0.0366285	1.14706	0.0451932	2.86177e-05
10014	1	100	44	500	0.162408	0.151704	0.117224	0.0344799	0.0107038	0.851867	0.0378884	1.1484	0.0458661	2.90499e-05
10015	1	100	46	500	0.165298	0.153425	0.118615	0.0348102	0.0118724	0.850666	0.0365347	1.14998	0.0442125	2.93071e-05
10016	1	100	45	500	0.165036	0.155673	0.122112	0.0335614	0.00936311	0.847534	0.0343899	1.15284	0.0422091	2.90737e-05
10017	1	100	40	500	0.170909	0.158384	0.12239	0.0359942	0.0125254	0.845516	0.0360162	1.15463	0.0446209	2.95796e-05
10018	1	100	45	500	0.170661	0.159761	0.122237	0.0375241	0.0109004	0.844318	0.0364848	1.15662	0.0463797	3.03238e-05
10019	1	100	50	500	0.175208	0.16226	0.125794	0.0364664	0.0129476	0.842465	0.0359547	1.15892	0.044944	3.01127e-05
10020	1	100	48	500	0.171639	0.160672	0.127348	0.0333246	0.0109671	0.842807	0.0369087	1.15748	0.0432635	2.9762e-05
10021	1	100	47	500	0.171016	0.162279	0.130376	0.0319027	0.00873743	0.840429	0.0364267	1.15936	0.0461829	2.93103e-05
10022	1	100	45	500	0.176584	0.165996	0.136442	0.0295538	0.010588	0.837974	0.0340243	1.16323	0.0412399	2.84325e-05
10023	1	100	46	500	0.183006	0.169653	0.140969	0.0286832	0.0133535	0.83409	0.0336701	1.16651	0.0401111	2.7924e-05
10024	1	100	50	500	0.181584	0.170871	0.14406	0.0268106	0.0107126	0.832648	0.031025	1.16933	0.0377072	2.76297e-05
10025	1	100	42	500	0.186091	0.172882	0.143511	0.0293711	0.0132086	0.831616	0.0316661	1.17014	0.0382877	2.85653e-05
10026	1	100	46	500	0.188481	0.173766	0.14402	0.0297457	0.0147156	0.831799	0.0316523	1.17128	0.0376971	2.85362e-05
10027	1	100	43	500	0.183558	0.173489	0.144515	0.0289742	0.0100691	0.83164	0.0293531	1.17251	0.0367806	2.8419e-05
10028	1	100	43	500	0.18029	0.172466	0.144238	0.0282289	0.0078237	0.831867	0.0288257	1.17272	0.03762	2.85449e-05
10029	1	100	49	500	0.187903	0.174858	0.144874	0.0299845	0.0130447	0.830592	0.0289249	1.17266	0.0379706	2.89497e-05
10030	1	100	38	500	0.185838	0.176944	0.146292	0.0306519	0.00889418	0.827693	0.0290454	1.17678	0.040086	2.93994e-05
10031	1	100	47	500	0.184171	0.176004	0.146818	0.0291863	0.00816668	0.827168	0.0323204	1.17578	0.0441675	2.91317e-05
10032	1	100	44	500	0.191307	0.180708	0.149994	0.030714	0.0105997	0.824784	0.0293996	1.17977	0.0406998	2.91858e-05
10033	1	100	40	500	0.19119	0.181562	0.148943	0.0326197	0.009628	0.822835	0.0347983	1.17929	0.047673	2.97518e-05
10034	1	100	45	500	0.205866	0.187852	0.151209	0.0366432	0.0180135	0.819118	0.0356172	1.1841	0.0493907	2.99129e-05
10035	1	100	45	500	0.208447	0.192525	0.153633	0.0388921	0.0159215	0.815413	0.0332283	1.19173	0.0463252	3.08195e-05
10036	1	100	40	500	0.202577	0.192928	0.155142	0.0377861	0.00964906	0.814176	0.0326162	1.19514	0.0460877	3.10509e-05
10037	1	100	50	500	0.205805	0.196035	0.156169	0.039866	0.0097704	0.812302	0.032657	1.19827	0.0460768	3.1708e-05
10038	1	100	52	500	0.207001	0.197616	0.158546	0.0390702	0.00938553	0.810776	0.0333194	1.19971	0.0458084	3.12035e-05
10039	1	100	49	500	0.206797	0.198316	0.158459	0.0398567	0.0084814	0.809126	0.0348227	1.20173	0.0487153	3.14673e-05
10040	1	100	49	500	0.217115	0.20308	0.160824	0.0422556	0.0140352	0.806875	0.032668	1.20365	0.0466619	3.15361e-05
10041	1	100	45	500	0.216685	0.206786	0.162991	0.0437952	0.00989903	0.802484	0.0349367	1.21012	0.0495677	3.27321e-05
10042	1	100	43	500	0.222992	0.211945	0.166831	0.0451141	0.0110475	0.798128	0.0376188	1.21679	0.0532434	3.27511e-05
10043	1	100	46	500	0.233463	0.219453	0.170622	0.0488312	0.0140093	0.792599	0.0382291	1.22186	0.0539767	3.33567e-05
10044	1	100	37	500	0.225532	0.21667	0.169547	0.0471229	0.00886144	0.794547	0.0355871	1.22224	0.0516591	3.3522e-05
10045	1	100	44	500	0.231235	0.22021	0.17206	0.0481505	0.0110246	0.791733	0.0370016	1.22596	0.0529958	3.38888e-05
10046	1	100	44	500	0.233207	0.22038	0.172109	0.0482714	0.0128262	0.791959	0.0357843	1.22476	0.0496149	3.4135e-05
10047	1	100	42	500	0.229647	0.220155	0.172012	0.048143	0.00949273	0.791639	0.0359307	1.22515	0.0516684	3.46371e-05
10048	1	100	46	500	0.236643	0.224095	0.17388	0.0502156	0.0125475	0.789023	0.0361661	1.22892	0.0525119	3.52234e-05
10049	1	100	42	500	0.238193	0.228281	0.177442	0.0508394	0.00991237	0.784627	0.0379839	1.23439	0.0572078	3.51089e-05
10050	1	100	41	500	0.241643	0.229105	0.177417	0.0516883	0.0125375	0.784848	0.0382173	1.23494	0.0561719	3.55058e-05
10051	1	100	37	500	0.244024	0.231161	0.17912	0.0520409	0.012863	0.782457	0.0367996	1.2359	0.0545165	3.56046e-05
10052	1	100	49	500	0.246806	0.232743	0.179958	0.0527856	0.0140627	0.781937	0.0370254	1.23825	0.0545811	3.56806e-05
10053	1	100	45	500	0.252345	0.237404	0.184329	0.0530753	0.014941	0.777893	0.037296	1.24298	0.0555891	3.59401e-05
10054	1	100	51	500	0.253276	0.236882	0.182705	0.0541774	0.0163937	0.778207	0.0383356	1.24132	0.0571284	3.59282e-05
10055	1	100	49	500	0.247236	0.237945	0.185272	0.052673	0.00929163	0.776146	0.035428	1.24521	0.0546355	3.61053e-05
10056	1	100	43	500	0.247827	0.240537	0.18906	0.051477	0.00729033	0.774169	0.0371804	1.25041	0.057473	3.59724e-05
10057	1	100	48	500	0.251173	0.244959	0.193823	0.0511359	0.00621446	0.771054	0.0354406	1.25643	0.0525498	3.60222e-05
10058	1	100	41	500	0.248886	0.241861	0.189876	0.0519853	0.00702481	0.773198	0.0356572	1.25303	0.0525662	3.65631e-05
10059	1	100	46	500	0.249615	0.240568	0.187029	0.0535383	0.00904775	0.774895	0.0378389	1.24992	0.0541329	3.7045e-05
10060	1	100	45	500	0.25209	0.244808	0.190403	0.0544045	0.0072824	0.771239	0.0378776	1.25608	0.0542628	3.65995e-05
10061	1	100	47	500	0.256847	0.249253	0.19418	0.0550722	0.0075946	0.767894	0.0350288	1.26136	0.0488278	3.66127e-05
10062	1	100	48	500	0.259811	0.251111	0.197029	0.0540821	0.00870021	0.765841	0.0350372	1.26313	0.0492279	3.68375e-05
10063	1	100	48	500	0.259043	0.252525	0.19946	0.0530648	0.00651865	0.764619	0.0344603	1.26619	0.0484939	3.65478e-05
10064	1	100	39	500	0.262311	0.256053	0.204641	0.051412	0.00625871	0.761862	0.0341376	1.27016	0.0480149	3.62872e-05
10065	1	100	44	500	0.269215	0.262518	0.213194	0.0493239	0.0066969	0.756502	0.032921	1.27679	0.0463613	3.57512e-05
10066	1	100	41	500	0.273412	0.266397	0.218576	0.0478208	0.00701495	0.752846	0.0309757	1.28055	0.044947	3.55299e-05
10067	1	100	38	500	0.27677	0.267981	0.220464	0.0475175	0.0087894	0.752255	0.0306245	1.28267	0.0438463	3.52598e-05
10068	1	100	41	500	0.277387	0.268862	0.221458	0.0474038	0.00852551	0.751452	0.0308506	1.28344	0.0445019	3.5376e-05
10069	1	100	36	500	0.275956	0.268077	0.219945	0.0481321	0.00787936	0.751956	0.0307276	1.28331	0.0435963	3.56712e-05
10070	1	100	43	500	0.276344	0.268335	0.220304	0.0480318	0.00800899	0.751611	0.0327098	1.28336	0.0458867	3.57707e-05
10071	1	100	44	500	0.279516	0.271633	0.223173	0.0484604	0.00788319	0.749286	0.0316644	1.28738	0.0456868	3.56373e-05
10072	1	100	40	500	0.279379	0.271505	0.22352	0.0479844	0.00787483	0.748962	0.0312906	1.287	0.0461374	3.58205e-05
10073	1	100	42	500	0.282221	0.272424	0.223057	0.0493668	0.00979699	0.748344	0.0317692	1.28653	0.0458433	3.59302e-05
10074	1	100	39	500	0.153928	0.144228	0.0965546	0.047673	0.00970044	0.858446	0.0334961	1.14048	0.0384043	3.56808e-05
10075	1	100	35	500	0.16101	0.1482	0.102511	0.0456881	0.0128108	0.855068	0.0318965	1.14347	0.0357338	3.54098e-05
10076	1	100	36	500	0.158096	0.149098	0.103756	0.0453417	0.00899821	0.853756	0.0314093	1.14644	0.0344728	3.53855e-05
10077	1	100	44	500	0.15829	0.148419	0.100685	0.0477347	0.00987017	0.854375	0.0315805	1.14518	0.0351813	3.5869e-05
10078	1	100	38	500	0.162642	0.150388	0.103612	0.0467752	0.0122541	0.852319	0.0309578	1.14593	0.035223	3.584e-05
10079	1	100	36	500	0.155717	0.148049	0.1018	0.0462494	0.00766725	0.854731	0.0310985	1.14591	0.0340035	3.62396e-05
10080	1	100	45	500	0.159894	0.149637	0.104016	0.0456214	0.0102565	0.853588	0.0314097	1.1468	0.0343816	3.63733e-05
10081	1	100	35	500	0.157786	0.151153	0.106536	0.0446167	0.00663304	0.85084	0.030466	1.14919	0.0346704	3.64906e-05
10082	1	100	43	500	0.165154	0.153836	0.105606	0.0482296	0.0113181	0.850105	0.0280261	1.15074	0.0345144	3.69843e-05
10083	1	100	50	500	0.166917	0.155244	0.106341	0.0489027	0.0116726	0.848772	0.0293436	1.15214	0.0364208	3.70134e-05
10084	1	100	46	500	0.165976	0.153054	0.0992491	0.0538051	0.0129215	0.851228	0.0311454	1.14932	0.0368221	3.75513e-05
10085	1	100	40	500	0.164263	0.153827	0.100954	0.0528733	0.0104361	0.849893	0.0310093	1.15119	0.0355943	3.76321e-05
10086	1	100	49	500	0.163333	0.154147	0.0998659	0.0542809	0.00918589	0.850011	0.0304283	1.15245	0.0364647	3.77251e-05
10087	1	100	45	500	0.16353	0.154364	0.0989517	0.0554123	0.00916633	0.849262	0.0283341	1.15229	0.0342034	3.78215e-05
10088	1	100	37	500	0.165912	0.157563	0.102333	0.0552299	0.00834868	0.847075	0.031679	1.1568	0.0382089	3.75363e-05
10089	1	100	42	500	0.164609	0.157667	0.106151	0.0515161	0.0069419	0.845852	0.0300731	1.15644	0.0373258	3.76029e-05
10090	1	100	49	500	0.169701	0.16079	0.109647	0.0511427	0.00891085	0.843723	0.0303955	1.15938	0.0377536	3.73325e-05
10091	1	100	53	500	0.181653	0.165131	0.114603	0.0505283	0.016522	0.840145	0.0320982	1.1602	0.0427722	3.7629e-05
10092	1	100	46	500	0.171721	0.162901	0.112003	0.0508978	0.00882023	0.841539	0.0347491	1.16156	0.0433648	3.79587e-05
10093	1	100	54	500	0.173543	0.161649	0.107927	0.0537215	0.0118941	0.842676	0.0351348	1.15793	0.0438515	3.84064e-05
10094	1	100	46	500	0.174717	0.164515	0.110413	0.0541019	0.0102019	0.840666	0.0359666	1.16336	0.0434039	3.82122e-05
10095	1	100	51	500	0.173723	0.163912	0.109923	0.0539894	0.00981013	0.839707	0.0462838	1.16055	0.0593608	3.82832e-05
10096	1	100	49	500	0.1703	0.164393	0.112066	0.0523277	0.0059062	0.840296	0.0365629	1.16555	0.0458549	3.84406e-05
10097	1	100	46	500	0.168368	0.163886	0.110943	0.0529428	0.0044823	0.840982	0.0391228	1.16562	0.0458283	3.87836e-05
10098	1	100	50	500	0.175543	0.165055	0.109715	0.0553402	0.0104881	0.841042	0.0366164	1.16448	0.0443706	3.91601e-05
10099	1	100	41	500	0.173083	0.165762	0.112228	0.0535342	0.00732051	0.839221	0.0382025	1.16604	0.0473321	3.91393e-05
10100	1	100	48	500	0.17579	0.165602	0.113186	0.0524158	0.0101878	0.839177	0.0351395	1.16371	0.0429686	3.88825e-05
10101	1	100	46	500	0.176057	0.167638	0.116289	0.0513485	0.00841992	0.837109	0.0334439	1.16699	0.0415798	3.83572e-05
