Generation	PopulationID	SampleSize	UniqueMutations	PopulationSize	totalLoad	RelzLoad	RelzLoadHomo	RelzLoadHetero	MskLoad	MeanFitness	SdFitness	MeanFitnessCached	SdFitnessCached	Heterozygosity	
10001	1	100	35	500	0.240482	0.227595	0.206935	0.0206594	0.0128869	0.786572	0.0238471	1.21989	0.0324025	1.90989e-05
10002	1	100	39	500	0.243558	0.228534	0.206207	0.0223269	0.0150238	0.786088	0.0232611	1.22059	0.0328096	1.97028e-05
10003	1	100	46	500	0.237195	0.226954	0.204769	0.022185	0.0102416	0.787168	0.0245772	1.22143	0.0321568	2.03295e-05
10004	1	100	41	500	0.236054	0.225326	0.201394	0.0239325	0.0107278	0.789274	0.0263249	1.22052	0.0320191	2.07033e-05
10005	1	100	40	500	0.242499	0.227078	0.202295	0.0247827	0.0154209	0.78794	0.025626	1.21947	0.0331587	2.09614e-05
10006	1	100	35	500	0.240855	0.226335	0.200905	0.0254298	0.0145202	0.788597	0.0262853	1.21931	0.0325297	2.14284e-05
10007	1	100	32	500	0.239415	0.227113	0.20325	0.0238632	0.0123022	0.787369	0.0240345	1.22045	0.0309073	2.15017e-05
10008	1	100	39	500	0.245309	0.228073	0.20171	0.0263634	0.017236	0.787442	0.0235527	1.22011	0.031668	2.17787e-05
10009	1	100	28	500	0.235666	0.226636	0.203916	0.0227206	0.00902944	0.787098	0.0225056	1.22175	0.0303502	2.22229e-05
10010	1	100	40	500	0.240124	0.229602	0.208738	0.0208646	0.0105213	0.785303	0.0210681	1.22439	0.026248	2.18211e-05
10011	1	100	37	500	0.244001	0.231029	0.209807	0.0212217	0.0129719	0.784552	0.0211002	1.22573	0.0250749	2.21733e-05
10012	1	100	43	500	0.242742	0.23028	0.209215	0.0210657	0.0124621	0.785086	0.0207721	1.22468	0.0270344	2.26233e-05
10013	1	100	44	500	0.239416	0.22842	0.205566	0.0228542	0.0109956	0.786256	0.0224594	1.22352	0.0274029	2.30089e-05
10014	1	100	47	500	0.242945	0.229642	0.208361	0.0212808	0.0133033	0.785148	0.0227646	1.22448	0.0280018	2.32625e-05
10015	1	100	42	500	0.24053	0.229288	0.207775	0.0215128	0.0112419	0.785459	0.0234753	1.22392	0.0291068	2.35008e-05
10016	1	100	43	500	0.24287	0.230013	0.209085	0.0209283	0.0128568	0.784778	0.0241713	1.22421	0.0293468	2.39316e-05
10017	1	100	37	500	0.241315	0.230247	0.212379	0.017868	0.0110674	0.783967	0.0220912	1.2257	0.0266848	2.40719e-05
10018	1	100	41	500	0.240924	0.230265	0.209534	0.0207318	0.0106583	0.784611	0.0231274	1.22538	0.0299376	2.51183e-05
10019	1	100	45	500	0.242618	0.230818	0.21244	0.0183782	0.0118005	0.784255	0.0226042	1.22592	0.0272528	2.46785e-05
10020	1	100	41	500	0.243322	0.230446	0.211188	0.0192585	0.0128759	0.783655	0.023532	1.22566	0.0289957	2.52754e-05
10021	1	100	36	500	0.241688	0.230635	0.210599	0.0200362	0.0110521	0.783957	0.0248588	1.22614	0.0295595	2.56627e-05
10022	1	100	47	500	0.237848	0.230833	0.213706	0.0171275	0.00701456	0.783967	0.0223653	1.22809	0.0273765	2.54989e-05
10023	1	100	40	500	0.241208	0.231159	0.211764	0.0193954	0.010049	0.784433	0.0242761	1.22787	0.028758	2.60828e-05
10024	1	100	34	500	0.235918	0.229549	0.208058	0.0214915	0.00636842	0.785367	0.0259748	1.22786	0.0312075	2.68272e-05
10025	1	100	40	500	0.239174	0.231941	0.211241	0.0207003	0.0072336	0.783227	0.0231497	1.22942	0.0278686	2.67171e-05
10026	1	100	43	500	0.238099	0.23151	0.211944	0.0195653	0.00658939	0.783456	0.0231405	1.22985	0.0281863	2.68509e-05
10027	1	100	41	500	0.23562	0.230731	0.212148	0.0185831	0.00488903	0.783552	0.0230751	1.22966	0.0268607	2.6838e-05
10028	1	100	52	500	0.241694	0.232712	0.213753	0.0189585	0.00898243	0.782767	0.0243781	1.22953	0.029167	2.6735e-05
10029	1	100	51	500	0.240371	0.232879	0.214605	0.0182736	0.00749212	0.781498	0.0232718	1.23073	0.0279501	2.70688e-05
10030	1	100	47	500	0.242595	0.231927	0.211773	0.0201538	0.0106689	0.782887	0.0236125	1.22982	0.0286337	2.75819e-05
10031	1	100	49	500	0.243238	0.235159	0.217739	0.0174201	0.0080783	0.780589	0.0224235	1.23252	0.0276395	2.70342e-05
10032	1	100	49	500	0.246175	0.235299	0.218978	0.0163206	0.0108761	0.780682	0.0210873	1.23112	0.0254461	2.72904e-05
10033	1	100	48	500	0.248201	0.236995	0.223524	0.0134709	0.0112063	0.778788	0.019319	1.23216	0.0253357	2.70141e-05
10034	1	100	48	500	0.248634	0.236312	0.221795	0.0145166	0.0123217	0.77879	0.0204457	1.22991	0.0274783	2.76207e-05
10035	1	100	43	500	0.247922	0.23666	0.221167	0.0154939	0.0112613	0.778193	0.0229141	1.23133	0.0300598	2.78592e-05
10036	1	100	41	500	0.24438	0.236994	0.221787	0.0152076	0.00738581	0.777797	0.0218013	1.23383	0.0298221	2.79439e-05
10037	1	100	46	500	0.240719	0.235561	0.217636	0.0179251	0.00515837	0.779417	0.0233606	1.23408	0.0301368	2.86334e-05
10038	1	100	48	500	0.245004	0.236894	0.216005	0.0208896	0.00810958	0.779438	0.0240894	1.23496	0.0304853	2.88944e-05
10039	1	100	50	500	0.249384	0.239725	0.216225	0.0234995	0.00965935	0.77647	0.025887	1.23641	0.035134	2.89226e-05
10040	1	100	54	500	0.252101	0.238679	0.215403	0.0232752	0.0134225	0.777385	0.0253489	1.23459	0.0329283	2.92125e-05
10041	1	100	51	500	0.249737	0.238618	0.217923	0.0206957	0.0111188	0.777463	0.0251365	1.2343	0.0291234	2.89428e-05
10042	1	100	53	500	0.254379	0.240774	0.21927	0.0215033	0.0136056	0.775715	0.0264256	1.23545	0.0366241	2.91218e-05
10043	1	100	50	500	0.248229	0.23803	0.21764	0.0203893	0.0101995	0.778014	0.0232431	1.23491	0.0296526	2.95312e-05
10044	1	100	55	500	0.25075	0.239708	0.22015	0.0195585	0.011042	0.777067	0.0224191	1.23578	0.0299681	2.92118e-05
10045	1	100	54	500	0.251091	0.240201	0.221159	0.0190419	0.0108903	0.776215	0.0241002	1.23531	0.0313202	2.93718e-05
10046	1	100	56	500	0.256951	0.242685	0.221369	0.0213157	0.0142669	0.774573	0.0225244	1.2384	0.0302079	2.91806e-05
10047	1	100	49	500	0.25748	0.243517	0.220394	0.0231234	0.0139626	0.77409	0.0228843	1.23817	0.0318007	2.94514e-05
10048	1	100	46	500	0.260026	0.245444	0.219783	0.0256609	0.0145815	0.772482	0.0260244	1.23974	0.0369949	2.92813e-05
10049	1	100	51	500	0.26433	0.246142	0.218413	0.0277284	0.0181881	0.771607	0.0272056	1.23982	0.0373244	2.97309e-05
10050	1	100	55	500	0.265256	0.248896	0.218678	0.0302186	0.0163593	0.768859	0.0287815	1.2425	0.0422335	2.99996e-05
10051	1	100	53	500	0.264339	0.248511	0.218799	0.0297118	0.0158276	0.769268	0.0281332	1.24165	0.0407781	3.02018e-05
10052	1	100	57	500	0.272993	0.251268	0.220726	0.0305418	0.0217252	0.768446	0.0272268	1.24302	0.0385797	3.02397e-05
10053	1	100	50	500	0.266381	0.249665	0.221765	0.0279003	0.0167157	0.768899	0.0280454	1.24359	0.0381844	2.97374e-05
10054	1	100	48	500	0.268809	0.252655	0.223826	0.0288295	0.0161536	0.767001	0.0281499	1.24726	0.0379103	2.97534e-05
10055	1	100	49	500	0.275225	0.253401	0.220882	0.0325187	0.0218244	0.76701	0.0315718	1.24596	0.0407427	3.00835e-05
10056	1	100	48	500	0.274684	0.255669	0.223104	0.0325651	0.0190147	0.764261	0.0324318	1.24814	0.0403292	2.99687e-05
10057	1	100	50	500	0.276438	0.255333	0.223537	0.0317967	0.0211045	0.765183	0.030979	1.24827	0.0388811	2.96852e-05
10058	1	100	49	500	0.279601	0.257881	0.225876	0.0320054	0.0217198	0.763175	0.0299546	1.2502	0.04202	2.96655e-05
10059	1	100	54	500	0.276871	0.258208	0.227512	0.030696	0.0186633	0.762262	0.0295893	1.25163	0.0397254	2.93366e-05
10060	1	100	61	500	0.284429	0.260469	0.22703	0.0334391	0.0239607	0.760605	0.0313755	1.25179	0.0431896	2.97794e-05
10061	1	100	57	500	0.292479	0.267081	0.230745	0.0363352	0.0253983	0.755424	0.0366485	1.25636	0.0451066	2.99144e-05
10062	1	100	58	500	0.295043	0.267378	0.2317	0.0356777	0.027665	0.755231	0.0359384	1.25687	0.047348	2.98928e-05
10063	1	100	61	500	0.297926	0.268965	0.234494	0.0344717	0.0289611	0.754436	0.0367633	1.25748	0.0442138	2.99242e-05
10064	1	100	47	500	0.196513	0.165891	0.127871	0.0380209	0.0306219	0.840727	0.0452155	1.13623	0.0450382	3.01316e-05
10065	1	100	51	500	0.200827	0.170481	0.129223	0.0412581	0.0303453	0.837676	0.0461641	1.13991	0.0465135	3.03416e-05
10066	1	100	56	500	0.20319	0.171752	0.129778	0.0419739	0.0314375	0.835201	0.0487625	1.13998	0.0456595	3.03421e-05
10067	1	100	55	500	0.203511	0.172234	0.130803	0.041431	0.0312766	0.835555	0.0484941	1.14183	0.0432134	3.01764e-05
10068	1	100	61	500	0.206055	0.17415	0.130571	0.0435793	0.0319051	0.835326	0.0415477	1.14467	0.0409769	3.04423e-05
10069	1	100	55	500	0.214179	0.179983	0.135009	0.0449736	0.0341958	0.82963	0.0474132	1.14714	0.0460966	3.01532e-05
10070	1	100	57	500	0.223629	0.186947	0.138707	0.0482399	0.0366826	0.824349	0.0494752	1.15044	0.0464225	3.02931e-05
10071	1	100	57	500	0.227155	0.189348	0.141287	0.0480603	0.0378071	0.820998	0.0496107	1.15328	0.0449358	3.03333e-05
10072	1	100	61	500	0.231744	0.192289	0.141508	0.0507801	0.0394557	0.81994	0.0512658	1.15384	0.0480108	3.05699e-05
10073	1	100	52	500	0.23222	0.191522	0.139993	0.0515293	0.0406977	0.819788	0.0526709	1.1504	0.0484305	3.05697e-05
10074	1	100	55	500	0.229958	0.191616	0.140549	0.0510665	0.0383422	0.82114	0.0492808	1.15376	0.0474933	3.07229e-05
10075	1	100	53	500	0.22647	0.192858	0.143292	0.0495658	0.0336114	0.817927	0.0505252	1.15675	0.0489041	3.03061e-05
10076	1	100	55	500	0.225871	0.191673	0.139895	0.0517771	0.0341984	0.820691	0.049441	1.15791	0.0474185	3.10861e-05
10077	1	100	60	500	0.230565	0.193087	0.139896	0.0531905	0.0374785	0.81902	0.05125	1.15526	0.0500756	3.16361e-05
10078	1	100	59	500	0.23557	0.195866	0.14034	0.0555261	0.0397041	0.816259	0.0519684	1.15662	0.0518528	3.21073e-05
10079	1	100	61	500	0.240006	0.198288	0.142384	0.0559039	0.0417182	0.813658	0.0506151	1.15718	0.051405	3.2137e-05
10080	1	100	53	500	0.242326	0.200722	0.144215	0.0565075	0.0416036	0.81199	0.0509867	1.16101	0.0526698	3.22158e-05
10081	1	100	52	500	0.234567	0.195152	0.138277	0.0568753	0.0394147	0.813658	0.0536656	1.15446	0.057604	3.25301e-05
10082	1	100	54	500	0.210549	0.170871	0.114277	0.0565944	0.0396782	0.837438	0.0475612	1.1442	0.0521561	3.25916e-05
10083	1	100	54	500	0.217439	0.174618	0.116252	0.0583652	0.0428211	0.833617	0.0498572	1.14465	0.0522851	3.23284e-05
10084	1	100	56	500	0.209373	0.170418	0.113	0.0574183	0.0389552	0.836886	0.0463138	1.14485	0.0503527	3.33265e-05
10085	1	100	54	500	0.211144	0.171331	0.114353	0.056978	0.0398129	0.836409	0.0482415	1.14623	0.0491739	3.33744e-05
10086	1	100	63	500	0.207615	0.172648	0.114806	0.0578429	0.0349665	0.83493	0.0471598	1.15066	0.051106	3.32461e-05
10087	1	100	51	500	0.211678	0.174101	0.114005	0.0600958	0.0375771	0.833534	0.0479763	1.15165	0.0519023	3.38927e-05
10088	1	100	51	500	0.208559	0.175018	0.114901	0.0601167	0.0335409	0.832687	0.0482173	1.15448	0.0527646	3.38589e-05
10089	1	100	60	500	0.202662	0.170774	0.113786	0.056987	0.0318887	0.835116	0.0487195	1.15082	0.0526267	3.396e-05
10090	1	100	61	500	0.210789	0.176768	0.11909	0.0576776	0.0340209	0.832041	0.0472527	1.15768	0.0535504	3.3438e-05
10091	1	100	53	500	0.20519	0.176259	0.120668	0.0555911	0.0289313	0.831157	0.045958	1.15864	0.0508788	3.36834e-05
10092	1	100	51	500	0.217493	0.182175	0.124721	0.0574539	0.0353177	0.826972	0.0458095	1.16218	0.0517649	3.34429e-05
10093	1	100	58	500	0.219394	0.184429	0.130296	0.0541335	0.0349641	0.824421	0.0469724	1.16333	0.0557316	3.30593e-05
10094	1	100	48	500	0.221096	0.188089	0.135133	0.0529561	0.0330077	0.820369	0.0483165	1.16709	0.0545859	3.28583e-05
10095	1	100	50	500	0.224022	0.190901	0.13924	0.0516606	0.0331214	0.819813	0.0436968	1.17347	0.0523234	3.27295e-05
10096	1	100	54	500	0.233307	0.198098	0.147924	0.0501746	0.0352084	0.811108	0.0511036	1.17548	0.0603798	3.19868e-05
10097	1	100	51	500	0.239936	0.201263	0.150831	0.0504318	0.0386728	0.810151	0.0468844	1.17958	0.0575055	3.18604e-05
10098	1	100	45	500	0.22828	0.199584	0.15348	0.0461038	0.0286962	0.809061	0.0480535	1.18023	0.056461	3.20938e-05
10099	1	100	55	500	0.24279	0.20326	0.155882	0.0473771	0.0395308	0.808048	0.0478046	1.18117	0.0586186	3.21489e-05
10100	1	100	51	500	0.240737	0.200091	0.151571	0.0485199	0.0406452	0.81114	0.0487199	1.17562	0.0576567	3.3219e-05
10101	1	100	54	500	0.241301	0.203235	0.156263	0.0469714	0.0380662	0.808092	0.0457559	1.18114	0.0582789	3.27618e-05
