Generation	PopulationID	SampleSize	UniqueMutations	PopulationSize	totalLoad	RelzLoad	RelzLoadHomo	RelzLoadHetero	MskLoad	MeanFitness	SdFitness	MeanFitnessCached	SdFitnessCached	Heterozygosity	
10001	1	100	54	500	0.263734	0.252423	0.219656	0.0327674	0.0113107	0.769639	0.0211713	1.2357	0.0286269	2.20747e-05
10002	1	100	49	500	0.265124	0.253837	0.221965	0.0318721	0.0112863	0.768673	0.0245753	1.23665	0.0315976	2.18086e-05
10003	1	100	42	500	0.227187	0.218269	0.18516	0.0331094	0.00891777	0.796773	0.0236699	1.19578	0.0299443	2.19699e-05
10004	1	100	47	500	0.228581	0.219414	0.187463	0.0319506	0.00916667	0.796112	0.023113	1.19636	0.0282915	2.19346e-05
10005	1	100	45	500	0.233823	0.222545	0.191929	0.0306153	0.0112778	0.792936	0.0231344	1.19814	0.029065	2.14305e-05
10006	1	100	47	500	0.236826	0.225427	0.192673	0.0327539	0.011399	0.791737	0.0228783	1.20261	0.0301314	2.16927e-05
10007	1	100	43	500	0.236655	0.225128	0.192593	0.032535	0.011527	0.791767	0.0223372	1.20186	0.029065	2.17885e-05
10008	1	100	43	500	0.239801	0.226291	0.19323	0.0330603	0.0135102	0.790677	0.0225654	1.20252	0.0319678	2.21304e-05
10009	1	100	46	500	0.241615	0.227959	0.194105	0.0338541	0.0136562	0.789151	0.023912	1.20406	0.0333166	2.18911e-05
10010	1	100	47	500	0.248369	0.231161	0.19592	0.0352414	0.0172079	0.786799	0.0244925	1.20536	0.03425	2.22636e-05
10011	1	100	45	500	0.156932	0.140135	0.106689	0.033446	0.0167975	0.86397	0.0304989	1.13303	0.0386707	2.21256e-05
10012	1	100	46	500	0.157237	0.140853	0.10801	0.0328425	0.0163836	0.863919	0.0248689	1.1347	0.0330162	2.22794e-05
10013	1	100	47	500	0.159444	0.141588	0.106968	0.0346205	0.017856	0.863588	0.0251734	1.13475	0.0320845	2.26601e-05
10014	1	100	51	500	0.165407	0.144695	0.109857	0.0348379	0.0207125	0.860654	0.0261242	1.13592	0.0359296	2.26935e-05
10015	1	100	51	500	0.16803	0.147352	0.1129	0.034452	0.0206781	0.858318	0.025914	1.13918	0.0346603	2.28171e-05
10016	1	100	40	500	0.157779	0.144971	0.109807	0.0351638	0.0128084	0.859842	0.026857	1.13994	0.0338969	2.33846e-05
10017	1	100	39	500	0.158745	0.14566	0.110331	0.0353287	0.0130848	0.85964	0.0265655	1.14081	0.0340968	2.35998e-05
10018	1	100	44	500	0.159274	0.145909	0.111538	0.0343715	0.0133644	0.85969	0.0259371	1.14091	0.0324055	2.3593e-05
10019	1	100	46	500	0.162312	0.147865	0.113903	0.0339623	0.0144472	0.857736	0.0270227	1.14176	0.032017	2.36656e-05
10020	1	100	45	500	0.163069	0.147794	0.112924	0.03487	0.0152746	0.857796	0.0260299	1.14143	0.0326322	2.38655e-05
10021	1	100	48	500	0.161156	0.147762	0.112793	0.0349696	0.0133933	0.85727	0.0259325	1.14366	0.0313515	2.43245e-05
10022	1	100	45	500	0.162611	0.148187	0.111477	0.0367095	0.0144242	0.857544	0.0256788	1.14339	0.0291091	2.48498e-05
10023	1	100	47	500	0.163614	0.147747	0.108729	0.0390182	0.0158663	0.857463	0.0257772	1.14225	0.0296603	2.51041e-05
10024	1	100	50	500	0.167481	0.150837	0.111834	0.0390033	0.0166442	0.855149	0.0291169	1.14428	0.0335672	2.50112e-05
10025	1	100	48	500	0.170969	0.152661	0.114799	0.0378627	0.0183079	0.853633	0.0270714	1.14522	0.0325602	2.51066e-05
10026	1	100	51	500	0.169808	0.153613	0.11721	0.0364033	0.0161943	0.85207	0.0283145	1.14595	0.0333426	2.47535e-05
10027	1	100	55	500	0.173716	0.155582	0.11846	0.0371225	0.0181336	0.85122	0.026358	1.14803	0.032636	2.49164e-05
10028	1	100	56	500	0.175083	0.156313	0.11828	0.0380325	0.0187709	0.850348	0.0283693	1.14801	0.0344245	2.49761e-05
10029	1	100	51	500	0.173213	0.15515	0.116869	0.0382816	0.0180623	0.850563	0.0295215	1.14644	0.034898	2.54506e-05
10030	1	100	50	500	0.172791	0.156007	0.120345	0.0356614	0.0167843	0.848696	0.027981	1.14785	0.0342733	2.49848e-05
10031	1	100	54	500	0.181703	0.157854	0.121189	0.0366656	0.0238491	0.84914	0.0278435	1.14744	0.0342916	2.51376e-05
10032	1	100	52	500	0.17753	0.156314	0.122779	0.0335351	0.0212165	0.849896	0.0268638	1.1467	0.0312069	2.49294e-05
10033	1	100	52	500	0.175407	0.155884	0.121543	0.0343411	0.0195232	0.850017	0.0262318	1.14721	0.0344127	2.53614e-05
10034	1	100	56	500	0.177091	0.157469	0.123176	0.0342929	0.0196219	0.848295	0.0286843	1.14857	0.0361342	2.54759e-05
10035	1	100	54	500	0.181375	0.159822	0.125014	0.0348085	0.0215526	0.846898	0.0276133	1.15142	0.0369369	2.55808e-05
10036	1	100	62	500	0.176037	0.159238	0.126607	0.0326311	0.0167986	0.846574	0.0257638	1.15271	0.0344702	2.54081e-05
10037	1	100	54	500	0.180824	0.162305	0.12945	0.0328554	0.0185186	0.844302	0.0257208	1.15733	0.0358493	2.62412e-05
10038	1	100	61	500	0.18565	0.164846	0.129849	0.0349968	0.0208039	0.841919	0.0288761	1.159	0.0393208	2.64369e-05
10039	1	100	57	500	0.188691	0.166153	0.130188	0.0359657	0.0225374	0.839876	0.0299484	1.15973	0.0427419	2.69672e-05
10040	1	100	54	500	0.194577	0.171031	0.133734	0.0372972	0.0235459	0.837338	0.0306801	1.16201	0.042502	2.66544e-05
10041	1	100	56	500	0.19264	0.168529	0.132478	0.0360513	0.0241106	0.837221	0.0330321	1.16127	0.0457798	2.74758e-05
10042	1	100	52	500	0.201499	0.171892	0.134302	0.0375906	0.0296068	0.836307	0.0331017	1.16141	0.0470872	2.71953e-05
10043	1	100	60	500	0.208573	0.176024	0.135346	0.0406785	0.0325491	0.833651	0.0365001	1.16325	0.0504699	2.75238e-05
10044	1	100	46	500	0.204859	0.176362	0.135844	0.0405172	0.0284971	0.831855	0.0392181	1.16334	0.0544152	2.75286e-05
10045	1	100	64	500	0.216942	0.183754	0.13767	0.046084	0.0331879	0.825799	0.0429551	1.16862	0.0610391	2.78228e-05
10046	1	100	57	500	0.222029	0.18605	0.138621	0.0474295	0.035979	0.823751	0.0454772	1.16955	0.0673632	2.81216e-05
10047	1	100	56	500	0.224128	0.187299	0.137737	0.0495622	0.0368294	0.82388	0.0469318	1.17222	0.0673413	2.85768e-05
10048	1	100	44	500	0.214191	0.185534	0.139846	0.0456885	0.0286569	0.824209	0.044299	1.17481	0.0633583	2.86117e-05
10049	1	100	49	500	0.206461	0.184308	0.13978	0.0445284	0.0221526	0.823233	0.0439261	1.17565	0.0684813	2.87754e-05
10050	1	100	56	500	0.211771	0.187446	0.141748	0.0456988	0.0243246	0.822672	0.0409179	1.18132	0.0615557	2.88999e-05
10051	1	100	48	500	0.219238	0.195078	0.144973	0.0501049	0.0241592	0.817148	0.046415	1.19097	0.066215	2.89633e-05
10052	1	100	46	500	0.225306	0.200436	0.147161	0.0532746	0.0248698	0.812289	0.049366	1.19454	0.0734545	2.90595e-05
10053	1	100	46	500	0.22359	0.201568	0.147403	0.0541643	0.0220228	0.811285	0.0484317	1.19707	0.0734941	2.95827e-05
10054	1	100	50	500	0.233981	0.206277	0.147711	0.0585668	0.0277037	0.807632	0.0524909	1.19898	0.0784303	2.98886e-05
10055	1	100	54	500	0.234651	0.21028	0.148889	0.061391	0.0243706	0.804815	0.0551086	1.20696	0.0836655	2.97754e-05
10056	1	100	52	500	0.240537	0.215514	0.151744	0.0637706	0.025023	0.80044	0.0539858	1.21203	0.0826457	2.98802e-05
10057	1	100	45	500	0.240544	0.217829	0.153131	0.0646978	0.0227151	0.797937	0.0589572	1.21614	0.0890213	2.9892e-05
10058	1	100	54	500	0.241599	0.217891	0.153437	0.0644539	0.0237083	0.798344	0.0573141	1.217	0.0868533	3.0015e-05
10059	1	100	54	500	0.234448	0.212522	0.150961	0.0615603	0.0219262	0.803505	0.0531615	1.21268	0.0815815	3.03949e-05
10060	1	100	47	500	0.232353	0.212581	0.152766	0.0598144	0.0197724	0.802002	0.0564446	1.21183	0.0844708	3.03934e-05
10061	1	100	44	500	0.23238	0.216813	0.154771	0.0620424	0.0155673	0.799048	0.0539558	1.2212	0.0826991	3.04104e-05
10062	1	100	46	500	0.244995	0.225191	0.155756	0.0694352	0.0198042	0.792299	0.058658	1.22841	0.0880814	3.0485e-05
10063	1	100	48	500	0.252721	0.231425	0.160475	0.0709501	0.0212962	0.78674	0.0613879	1.23372	0.0907219	2.98821e-05
10064	1	100	51	500	0.263715	0.24086	0.165847	0.0750126	0.0228547	0.779983	0.0598938	1.24616	0.0904125	2.95156e-05
10065	1	100	48	500	0.273669	0.2494	0.170647	0.0787526	0.0242687	0.773354	0.063365	1.25671	0.0954338	2.91344e-05
10066	1	100	46	500	0.267459	0.250933	0.172979	0.0779542	0.0165258	0.771122	0.0646939	1.26209	0.0971887	2.88325e-05
10067	1	100	52	500	0.180277	0.16431	0.0866207	0.0776894	0.0159667	0.844481	0.0726609	1.16264	0.0904392	2.82957e-05
10068	1	100	58	500	0.184963	0.171881	0.0926872	0.0791939	0.0130817	0.836757	0.0739075	1.17222	0.0895652	2.79636e-05
10069	1	100	55	500	0.190749	0.176477	0.0967283	0.0797491	0.0142719	0.833726	0.0749754	1.17732	0.0912445	2.76264e-05
10070	1	100	48	500	0.198549	0.183413	0.101466	0.0819473	0.0151358	0.827865	0.0746198	1.18586	0.0923097	2.74621e-05
10071	1	100	48	500	0.198634	0.186821	0.105186	0.0816346	0.0118136	0.824263	0.0778852	1.18992	0.0947384	2.7179e-05
10072	1	100	44	500	0.200538	0.186542	0.104319	0.082223	0.0139959	0.824794	0.0719299	1.18796	0.0884792	2.75968e-05
10073	1	100	56	500	0.205623	0.190126	0.109122	0.0810039	0.0154973	0.822167	0.0744322	1.19211	0.0912817	2.71433e-05
10074	1	100	50	500	0.210185	0.197041	0.117201	0.0798398	0.0131437	0.815122	0.0776061	1.19998	0.09454	2.6213e-05
10075	1	100	52	500	0.213488	0.19907	0.119118	0.0799518	0.0144185	0.813646	0.0782142	1.20198	0.0974515	2.63091e-05
10076	1	100	51	500	0.213066	0.199532	0.120257	0.0792749	0.0135335	0.813018	0.0754532	1.20313	0.0958035	2.64003e-05
10077	1	100	49	500	0.221045	0.20755	0.127481	0.0800687	0.0134948	0.806138	0.0773235	1.21215	0.0965189	2.58134e-05
10078	1	100	52	500	0.232424	0.215643	0.134275	0.081368	0.016781	0.79898	0.075746	1.21855	0.0944103	2.58105e-05
10079	1	100	49	500	0.191084	0.176106	0.0957574	0.0803491	0.0149775	0.831013	0.0775344	1.17198	0.090539	2.54248e-05
10080	1	100	49	500	0.198982	0.184305	0.103536	0.0807694	0.0146768	0.823179	0.0820388	1.17996	0.0925841	2.47e-05
10081	1	100	54	500	0.207028	0.188255	0.106666	0.0815889	0.0187732	0.820859	0.0787759	1.18303	0.0889345	2.44445e-05
10082	1	100	52	500	0.211071	0.192014	0.109782	0.0822314	0.0190574	0.817498	0.0789253	1.18762	0.0927402	2.44313e-05
10083	1	100	54	500	0.215771	0.19299	0.110795	0.082195	0.0227808	0.81724	0.0804433	1.18651	0.0919471	2.46321e-05
10084	1	100	47	500	0.207803	0.190372	0.11078	0.0795921	0.0174305	0.817882	0.0771407	1.18422	0.087417	2.50837e-05
10085	1	100	45	500	0.213689	0.193586	0.114068	0.079518	0.0201034	0.816278	0.0774975	1.18825	0.0880132	2.46007e-05
10086	1	100	46	500	0.220056	0.199491	0.120368	0.0791232	0.0205649	0.809436	0.0794284	1.19171	0.0888832	2.42134e-05
10087	1	100	53	500	0.220151	0.199859	0.122168	0.0776917	0.0202916	0.809784	0.0782784	1.19377	0.0894896	2.43115e-05
10088	1	100	51	500	0.222084	0.204514	0.129106	0.0754078	0.0175705	0.80498	0.0772329	1.20137	0.0887061	2.35936e-05
10089	1	100	50	500	0.223929	0.208057	0.135526	0.0725316	0.0158721	0.801758	0.0769106	1.20654	0.0890678	2.31119e-05
10090	1	100	45	500	0.235877	0.212629	0.138838	0.0737909	0.0232482	0.79759	0.0771349	1.20547	0.0898561	2.29598e-05
10091	1	100	46	500	0.245574	0.223454	0.154749	0.0687046	0.0221205	0.787998	0.0750667	1.21897	0.0901537	2.17955e-05
10092	1	100	43	500	0.248314	0.22993	0.163505	0.0664241	0.0183843	0.782246	0.0714584	1.22708	0.0861802	2.16127e-05
10093	1	100	48	500	0.251974	0.231862	0.164807	0.0670547	0.020112	0.779381	0.073799	1.22558	0.08604	2.17744e-05
10094	1	100	42	500	0.259031	0.239081	0.175763	0.0633184	0.0199494	0.772652	0.0730233	1.23231	0.0865956	2.12466e-05
10095	1	100	48	500	0.266341	0.243102	0.178551	0.0645503	0.0232392	0.770155	0.0737405	1.23488	0.0837552	2.11458e-05
10096	1	100	42	500	0.266856	0.24648	0.184273	0.0622066	0.0203759	0.766482	0.0712881	1.23997	0.0846507	2.09594e-05
10097	1	100	37	500	0.27079	0.245386	0.184919	0.0604671	0.0254039	0.7675	0.0712887	1.2414	0.0865516	2.15383e-05
10098	1	100	37	500	0.276794	0.249942	0.187421	0.0625213	0.0268518	0.764131	0.0736673	1.24211	0.0886645	2.11738e-05
10099	1	100	39	500	0.286587	0.258245	0.199774	0.0584711	0.0283416	0.756338	0.0709696	1.25043	0.0858069	1.98425e-05
10100	1	100	37	500	0.289458	0.261784	0.204089	0.0576952	0.0276738	0.754113	0.0680417	1.25584	0.0821233	1.95902e-05
10101	1	100	43	500	0.289218	0.264875	0.207789	0.0570854	0.0243437	0.751628	0.0683467	1.26279	0.0857741	1.98297e-05
