Generation	PopulationID	SampleSize	UniqueMutations	PopulationSize	totalLoad	RelzLoad	RelzLoadHomo	RelzLoadHetero	MskLoad	MeanFitness	SdFitness	MeanFitnessCached	SdFitnessCached	Heterozygosity	
10001	1	100	47	500	0.307195	0.293761	0.231263	0.0624986	0.0134338	0.724811	0.0477878	1.30317	0.0712872	2.98329e-05
10002	1	100	46	500	0.310107	0.297353	0.232492	0.064861	0.0127537	0.722353	0.0481282	1.30813	0.0705646	3.02108e-05
10003	1	100	49	500	0.31224	0.299123	0.235675	0.0634487	0.013116	0.71974	0.0498072	1.31114	0.0745901	3.05188e-05
10004	1	100	48	500	0.315333	0.302622	0.235734	0.066888	0.012711	0.7184	0.0493292	1.31401	0.0728644	3.09127e-05
10005	1	100	51	500	0.309205	0.300971	0.233736	0.0672347	0.008234	0.719678	0.0512947	1.31591	0.0766348	3.09323e-05
10006	1	100	43	500	0.311388	0.302592	0.23488	0.0677119	0.00879562	0.718942	0.0519962	1.31831	0.0778162	3.12825e-05
10007	1	100	43	500	0.312702	0.305928	0.239278	0.0666509	0.00677318	0.715822	0.0500332	1.32348	0.0764045	3.1155e-05
10008	1	100	42	500	0.318086	0.308815	0.244235	0.0645801	0.00927134	0.712615	0.0506961	1.32635	0.0763295	3.12127e-05
10009	1	100	50	500	0.31533	0.309047	0.243576	0.0654711	0.00628258	0.712896	0.049203	1.32557	0.0747504	3.13272e-05
10010	1	100	49	500	0.322277	0.312702	0.248357	0.0643448	0.00957525	0.710364	0.047694	1.32877	0.0740102	3.12038e-05
10011	1	100	48	500	0.328136	0.318511	0.254913	0.0635976	0.00962524	0.705958	0.0501777	1.33675	0.0767718	3.1024e-05
10012	1	100	43	500	0.333222	0.324904	0.260206	0.0646973	0.00831832	0.700919	0.0450421	1.34618	0.0705224	3.11417e-05
10013	1	100	38	500	0.333224	0.325369	0.263423	0.0619462	0.00785461	0.700545	0.0454141	1.34591	0.0728476	3.14491e-05
10014	1	100	41	500	0.335795	0.328638	0.270342	0.0582964	0.00715712	0.697222	0.0438246	1.35138	0.0702324	3.15011e-05
10015	1	100	44	500	0.342749	0.334615	0.276878	0.0577371	0.00813451	0.692549	0.0457306	1.35811	0.0733601	3.15131e-05
10016	1	100	43	500	0.355802	0.34447	0.285578	0.0588919	0.0113319	0.685828	0.047959	1.3661	0.0756299	3.10803e-05
10017	1	100	43	500	0.365855	0.351213	0.291738	0.0594753	0.0146417	0.681183	0.0471955	1.3734	0.0817142	3.08833e-05
10018	1	100	37	500	0.366363	0.355588	0.297664	0.0579237	0.010775	0.677553	0.0450272	1.38065	0.0772111	3.04516e-05
10019	1	100	37	500	0.369771	0.358206	0.301659	0.0565472	0.0115652	0.675908	0.0432315	1.38383	0.0728305	3.05741e-05
10020	1	100	33	500	0.370945	0.358964	0.302859	0.0561045	0.0119816	0.675539	0.0444337	1.38493	0.0747458	3.07948e-05
10021	1	100	39	500	0.377886	0.364283	0.30853	0.0557525	0.0136035	0.671944	0.0439183	1.39056	0.0709341	3.07476e-05
10022	1	100	41	500	0.376295	0.364739	0.310211	0.0545283	0.0115556	0.671394	0.0414044	1.39268	0.067997	3.10152e-05
10023	1	100	39	500	0.380396	0.367303	0.312264	0.0550385	0.013093	0.669743	0.0450702	1.39524	0.0734213	3.0714e-05
10024	1	100	37	500	0.381374	0.36985	0.316918	0.0529319	0.0115243	0.667608	0.0415185	1.39922	0.0701056	3.09431e-05
10025	1	100	36	500	0.385521	0.374038	0.324005	0.0500332	0.0114829	0.664761	0.041415	1.40515	0.0698015	3.07607e-05
10026	1	100	36	500	0.383343	0.374646	0.326747	0.0478994	0.00869693	0.663132	0.0396959	1.40689	0.0666753	3.10885e-05
10027	1	100	34	500	0.387949	0.376648	0.327738	0.0489096	0.0113005	0.662781	0.0398096	1.40887	0.067094	3.11085e-05
10028	1	100	36	500	0.388835	0.378191	0.330805	0.0473857	0.0106444	0.660478	0.0410201	1.4104	0.071496	3.10225e-05
10029	1	100	36	500	0.393949	0.378956	0.328935	0.0500208	0.0149931	0.661478	0.0438342	1.4084	0.0718924	3.11966e-05
10030	1	100	34	500	0.394435	0.37904	0.329921	0.0491186	0.0153953	0.660981	0.0430941	1.40804	0.0712083	3.12543e-05
10031	1	100	45	500	0.39667	0.378727	0.329964	0.0487631	0.0179432	0.661377	0.0428899	1.40521	0.0684105	3.1389e-05
10032	1	100	31	500	0.398384	0.380995	0.333696	0.0472996	0.0173889	0.659441	0.0396275	1.40753	0.0631169	3.13894e-05
10033	1	100	40	500	0.401032	0.382892	0.335291	0.0476002	0.01814	0.658172	0.0439817	1.40936	0.0673648	3.1285e-05
10034	1	100	44	500	0.412249	0.38948	0.343377	0.0461023	0.0227692	0.653389	0.0432353	1.41312	0.0674415	3.09175e-05
10035	1	100	52	500	0.417345	0.392572	0.346818	0.0457535	0.0247737	0.652014	0.0413923	1.41807	0.0638913	3.08223e-05
10036	1	100	49	500	0.415089	0.393826	0.349018	0.0448087	0.0212623	0.65069	0.0407559	1.42167	0.062309	3.05646e-05
10037	1	100	50	500	0.422651	0.398472	0.355502	0.0429694	0.0241797	0.646941	0.0394481	1.4253	0.0653884	3.04598e-05
10038	1	100	49	500	0.420279	0.398884	0.357038	0.0418459	0.0213947	0.646491	0.0379086	1.4277	0.0611408	3.02521e-05
10039	1	100	53	500	0.422948	0.399786	0.357188	0.0425988	0.023162	0.64631	0.0378796	1.42836	0.0615538	3.06109e-05
10040	1	100	45	500	0.419873	0.401654	0.361586	0.0400679	0.0182192	0.643857	0.0367762	1.4324	0.0615382	3.07125e-05
10041	1	100	53	500	0.423876	0.405036	0.366359	0.0386766	0.01884	0.642021	0.034453	1.43821	0.0590451	3.06297e-05
10042	1	100	56	500	0.432351	0.41039	0.372877	0.0375136	0.0219607	0.638586	0.0346977	1.44333	0.058557	3.02793e-05
10043	1	100	50	500	0.432589	0.414893	0.378936	0.0359567	0.0176965	0.635397	0.0324515	1.45196	0.0593267	3.01157e-05
10044	1	100	50	500	0.438161	0.418113	0.381952	0.0361613	0.020048	0.632918	0.0330451	1.45541	0.0659533	3.01282e-05
10045	1	100	51	500	0.437948	0.421008	0.386266	0.0347414	0.0169404	0.630298	0.0329732	1.4623	0.0653889	2.98893e-05
10046	1	100	51	500	0.438269	0.423093	0.389399	0.0336939	0.0151761	0.628614	0.0331151	1.46396	0.0672396	2.97141e-05
10047	1	100	55	500	0.450519	0.428998	0.393092	0.0359067	0.021521	0.62569	0.0322719	1.46882	0.06321	2.95391e-05
10048	1	100	54	500	0.455825	0.431956	0.395118	0.036838	0.0238695	0.623772	0.0361684	1.47	0.0677499	2.90128e-05
10049	1	100	56	500	0.460077	0.434287	0.397615	0.0366723	0.02579	0.622234	0.0346419	1.47251	0.0634482	2.90017e-05
10050	1	100	54	500	0.467505	0.438636	0.400538	0.0380984	0.0288687	0.619382	0.0359092	1.47531	0.0649706	2.83968e-05
10051	1	100	54	500	0.345755	0.317078	0.277087	0.0399916	0.0286766	0.705727	0.0433903	1.31608	0.0582743	2.80314e-05
10052	1	100	58	500	0.34762	0.319161	0.277844	0.041317	0.0284595	0.703894	0.0452939	1.31822	0.058351	2.7523e-05
10053	1	100	49	500	0.351456	0.320547	0.278015	0.0425318	0.0309099	0.703402	0.0463053	1.31917	0.0639063	2.79108e-05
10054	1	100	52	500	0.3467	0.319994	0.277853	0.0421408	0.026706	0.703866	0.0469864	1.32182	0.069848	2.78156e-05
10055	1	100	50	500	0.357431	0.326329	0.279348	0.0469814	0.0311022	0.699471	0.0534864	1.3255	0.0737365	2.76005e-05
10056	1	100	50	500	0.356389	0.328779	0.28045	0.0483291	0.0276101	0.697621	0.0504054	1.33195	0.0728056	2.72839e-05
10057	1	100	50	500	0.361923	0.332344	0.282003	0.0503417	0.0295782	0.695244	0.0522375	1.33596	0.0765449	2.70283e-05
10058	1	100	48	500	0.365684	0.336507	0.282639	0.0538674	0.0291774	0.692165	0.0547989	1.34174	0.0824849	2.68686e-05
10059	1	100	54	500	0.375933	0.344543	0.286348	0.0581954	0.0313901	0.68646	0.059625	1.34995	0.0919939	2.64327e-05
10060	1	100	45	500	0.386595	0.351789	0.289655	0.0621335	0.0348067	0.681017	0.0622195	1.35587	0.0934015	2.6561e-05
10061	1	100	51	500	0.399341	0.362307	0.296627	0.0656803	0.0370343	0.671966	0.0720738	1.36404	0.114724	2.59631e-05
10062	1	100	45	500	0.400994	0.363184	0.29689	0.0662944	0.0378101	0.670767	0.0734649	1.36125	0.111194	2.57582e-05
10063	1	100	44	500	0.403277	0.367231	0.299426	0.067805	0.0360462	0.668796	0.0685407	1.3721	0.108257	2.53691e-05
10064	1	100	48	500	0.190701	0.152903	0.0857115	0.0671911	0.0377985	0.852635	0.0833703	1.13159	0.0855704	2.46893e-05
10065	1	100	44	500	0.186429	0.153743	0.0875603	0.066183	0.032686	0.852821	0.0850686	1.13664	0.0888035	2.45191e-05
10066	1	100	44	500	0.1835	0.156111	0.0883902	0.0677211	0.0273885	0.849386	0.0841077	1.14048	0.0908779	2.47205e-05
10067	1	100	47	500	0.191821	0.16061	0.0906552	0.0699545	0.0312109	0.845874	0.0853194	1.1439	0.0883614	2.51458e-05
10068	1	100	43	500	0.18985	0.15948	0.0900774	0.0694029	0.0303698	0.846064	0.0878204	1.14155	0.0931298	2.54008e-05
10069	1	100	48	500	0.200963	0.167066	0.093714	0.0733517	0.0338977	0.840984	0.0836536	1.15008	0.0898248	2.48897e-05
10070	1	100	58	500	0.218972	0.177586	0.100159	0.0774263	0.0413864	0.832292	0.0867727	1.15674	0.0912082	2.43068e-05
10071	1	100	49	500	0.220029	0.181741	0.103762	0.0779799	0.0382871	0.828192	0.0898204	1.16442	0.0960935	2.38533e-05
10072	1	100	55	500	0.230134	0.192876	0.112104	0.0807714	0.0372581	0.81749	0.0916721	1.17405	0.0974262	2.3524e-05
10073	1	100	49	500	0.233577	0.195106	0.115173	0.0799333	0.0384709	0.813713	0.0949626	1.17409	0.098378	2.36868e-05
10074	1	100	50	500	0.236841	0.200708	0.119716	0.0809915	0.0361332	0.80945	0.0952553	1.18137	0.101649	2.36415e-05
10075	1	100	49	500	0.244642	0.206232	0.123269	0.082963	0.0384105	0.804702	0.0930449	1.18683	0.102295	2.38008e-05
10076	1	100	53	500	0.267194	0.222069	0.1361	0.0859685	0.0451255	0.791387	0.0916165	1.20065	0.102429	2.35702e-05
10077	1	100	54	500	0.266673	0.223827	0.138924	0.0849033	0.0428463	0.789757	0.090709	1.20293	0.100078	2.34091e-05
10078	1	100	52	500	0.273342	0.233932	0.151534	0.0823974	0.03941	0.780378	0.0905075	1.21431	0.0993781	2.23905e-05
10079	1	100	55	500	0.288744	0.243057	0.160875	0.0821817	0.0456868	0.772563	0.0933546	1.21973	0.101631	2.21218e-05
10080	1	100	56	500	0.298643	0.25142	0.170417	0.0810034	0.0472228	0.766123	0.0918512	1.22857	0.100381	2.12337e-05
10081	1	100	54	500	0.320009	0.267162	0.187522	0.0796399	0.0528467	0.751955	0.0872637	1.24018	0.0956549	1.97906e-05
10082	1	100	54	500	0.331152	0.277496	0.200424	0.0770714	0.053656	0.742219	0.0861781	1.24931	0.0995333	1.89081e-05
10083	1	100	50	500	0.343037	0.286243	0.210525	0.0757176	0.0567944	0.734667	0.088616	1.25526	0.105508	1.84257e-05
10084	1	100	51	500	0.338771	0.290533	0.220602	0.0699315	0.0482379	0.729713	0.0879653	1.26605	0.100655	1.8253e-05
10085	1	100	49	500	0.33751	0.292875	0.224736	0.0681386	0.0446344	0.728945	0.079067	1.27295	0.089511	1.80677e-05
10086	1	100	54	500	0.346918	0.301052	0.236209	0.0648432	0.0458659	0.722121	0.0806947	1.28046	0.0916066	1.76113e-05
10087	1	100	44	500	0.355369	0.306221	0.243865	0.0623558	0.0491481	0.716735	0.078223	1.28215	0.0900333	1.75279e-05
10088	1	100	49	500	0.359853	0.308208	0.245636	0.0625726	0.0516441	0.714565	0.0775025	1.28147	0.0891627	1.74422e-05
10089	1	100	43	500	0.357683	0.309844	0.249541	0.0603023	0.0478394	0.714149	0.0725248	1.2878	0.0811604	1.71197e-05
10090	1	100	44	500	0.357305	0.317142	0.265672	0.0514694	0.0401634	0.706035	0.0684752	1.29866	0.0848252	1.59696e-05
10091	1	100	39	500	0.368393	0.32113	0.269074	0.0520558	0.0472635	0.704307	0.0641564	1.30021	0.0732964	1.60568e-05
10092	1	100	40	500	0.366669	0.324696	0.276842	0.0478546	0.0419725	0.699613	0.0649432	1.30471	0.0785055	1.55505e-05
10093	1	100	41	500	0.365125	0.327577	0.283649	0.0439284	0.0375478	0.696933	0.0621826	1.31176	0.0784986	1.51896e-05
10094	1	100	40	500	0.362086	0.328696	0.287964	0.0407324	0.0333898	0.695606	0.0601723	1.31511	0.0730558	1.49421e-05
10095	1	100	43	500	0.363407	0.331438	0.293569	0.0378693	0.0319685	0.694106	0.0542467	1.32228	0.0648707	1.43097e-05
10096	1	100	41	500	0.362344	0.334361	0.30046	0.0339011	0.0279826	0.68999	0.053623	1.32551	0.0685198	1.37734e-05
10097	1	100	42	500	0.365922	0.337714	0.306442	0.0312715	0.0282083	0.687319	0.0477803	1.33023	0.0593479	1.32253e-05
10098	1	100	39	500	0.367672	0.339244	0.3089	0.0303435	0.0284281	0.687155	0.0465757	1.33313	0.0542255	1.31614e-05
10099	1	100	42	500	0.367212	0.34276	0.317348	0.0254117	0.0244521	0.68265	0.0420406	1.3373	0.0503647	1.24761e-05
10100	1	100	41	500	0.364996	0.34188	0.317121	0.0247582	0.0231162	0.683651	0.0397487	1.33912	0.047854	1.27321e-05
10101	1	100	47	500	0.276911	0.248165	0.22191	0.0262554	0.0287456	0.754282	0.0426975	1.22262	0.0485066	1.30421e-05
