Generation	PopulationID	SampleSize	UniqueMutations	PopulationSize	totalLoad	RelzLoad	RelzLoadHomo	RelzLoadHetero	MskLoad	MeanFitness	SdFitness	MeanFitnessCached	SdFitnessCached	Heterozygosity	
10001	1	100	48	500	0.257799	0.247597	0.208467	0.0391294	0.010202	0.770332	0.0267566	1.26001	0.0387048	2.67162e-05
10002	1	100	43	500	0.26041	0.247625	0.207402	0.0402231	0.012785	0.76968	0.0261992	1.25911	0.0397229	2.70582e-05
10003	1	100	37	500	0.270537	0.251496	0.212626	0.0388702	0.0190407	0.76812	0.0264852	1.26006	0.0377047	2.70013e-05
10004	1	100	36	500	0.263778	0.252057	0.215424	0.0366322	0.0117216	0.767507	0.0271449	1.2651	0.0386035	2.65302e-05
10005	1	100	41	500	0.267395	0.25207	0.214206	0.0378642	0.0153252	0.767733	0.0270558	1.26266	0.0376628	2.68806e-05
10006	1	100	42	500	0.268091	0.255392	0.217081	0.0383109	0.012699	0.76515	0.0269784	1.26931	0.0401736	2.67795e-05
10007	1	100	37	500	0.266214	0.25798	0.217517	0.0404633	0.00823408	0.762683	0.0274286	1.27408	0.0411207	2.70619e-05
10008	1	100	32	500	0.263073	0.256604	0.214512	0.0420921	0.00646933	0.763962	0.0288331	1.27439	0.0422745	2.74208e-05
10009	1	100	38	500	0.268414	0.259546	0.216979	0.0425672	0.00886729	0.760953	0.0303616	1.27705	0.0458617	2.75407e-05
10010	1	100	46	500	0.273407	0.261177	0.220912	0.0402648	0.0122299	0.760005	0.0297471	1.27713	0.0468392	2.68936e-05
10011	1	100	42	500	0.271882	0.260854	0.217151	0.0437034	0.0110284	0.760613	0.0296593	1.27673	0.0443301	2.80365e-05
10012	1	100	39	500	0.271555	0.261527	0.217771	0.0437562	0.0100274	0.759164	0.0301755	1.27706	0.0465948	2.847e-05
10013	1	100	38	500	0.268608	0.262148	0.220575	0.0415728	0.00646029	0.757626	0.0331367	1.27837	0.0528777	2.84616e-05
10014	1	100	38	500	0.270138	0.26106	0.221563	0.0394977	0.00907779	0.759632	0.0278481	1.27855	0.0419226	2.86975e-05
10015	1	100	41	500	0.270004	0.262507	0.222718	0.0397885	0.00749696	0.759509	0.0273757	1.281	0.0430641	2.87932e-05
10016	1	100	40	500	0.275152	0.265052	0.222049	0.0430035	0.0101001	0.75763	0.0256028	1.2827	0.0404946	2.92563e-05
10017	1	100	39	500	0.273703	0.264008	0.222384	0.0416236	0.00969542	0.758372	0.0264165	1.28184	0.0419558	2.93442e-05
10018	1	100	41	500	0.273373	0.264424	0.224026	0.040398	0.00894997	0.757569	0.0277531	1.2821	0.0440643	2.89987e-05
10019	1	100	45	500	0.277488	0.267382	0.227578	0.0398044	0.0101061	0.755597	0.0282069	1.286	0.0451932	2.88532e-05
10020	1	100	46	500	0.275197	0.268611	0.230141	0.0384703	0.00658599	0.753286	0.0269861	1.2883	0.0428202	2.88668e-05
10021	1	100	41	500	0.276776	0.270405	0.230293	0.0401118	0.00637136	0.752111	0.0267218	1.29047	0.0457219	2.90321e-05
10022	1	100	44	500	0.280312	0.271149	0.23167	0.0394796	0.00916248	0.751501	0.028645	1.29035	0.0482486	2.91963e-05
10023	1	100	37	500	0.279752	0.272608	0.230624	0.0419839	0.00714449	0.75019	0.0318793	1.2925	0.0515843	2.90822e-05
10024	1	100	47	500	0.286493	0.275065	0.231664	0.0434015	0.0114276	0.748822	0.0302285	1.29329	0.0511996	2.90161e-05
10025	1	100	36	500	0.287066	0.276535	0.23098	0.0455552	0.0105307	0.747405	0.0324333	1.29632	0.0534292	2.85953e-05
10026	1	100	42	500	0.294129	0.282681	0.233362	0.0493184	0.0114484	0.742806	0.0322273	1.30206	0.0558983	2.85014e-05
10027	1	100	48	500	0.299686	0.284136	0.233254	0.0508818	0.0155506	0.742372	0.0334141	1.3026	0.0564603	2.84578e-05
10028	1	100	44	500	0.295859	0.284528	0.236265	0.048263	0.0113314	0.741686	0.0321879	1.30532	0.0548471	2.89043e-05
10029	1	100	42	500	0.299048	0.288989	0.240021	0.0489677	0.0100597	0.738109	0.0309748	1.31337	0.0527436	2.90833e-05
10030	1	100	40	500	0.305094	0.292979	0.242683	0.0502953	0.0121157	0.735832	0.0300216	1.31592	0.0509734	2.92749e-05
10031	1	100	45	500	0.301623	0.290467	0.23947	0.0509974	0.0111561	0.737942	0.0319778	1.31378	0.0528929	3.02842e-05
10032	1	100	48	500	0.294813	0.28904	0.235565	0.0534756	0.00577265	0.738173	0.0330275	1.31401	0.0547886	3.1307e-05
10033	1	100	40	500	0.299209	0.291724	0.239735	0.0519893	0.00748444	0.736646	0.0332367	1.31722	0.0541184	3.08955e-05
10034	1	100	40	500	0.301009	0.294742	0.242934	0.0518077	0.00626773	0.733985	0.0313713	1.3214	0.052112	3.12542e-05
10035	1	100	40	500	0.306038	0.298354	0.244776	0.0535774	0.00768392	0.731553	0.032802	1.32567	0.0555632	3.11382e-05
10036	1	100	45	500	0.309353	0.299034	0.243823	0.055211	0.0103195	0.731537	0.0329327	1.32555	0.0562588	3.14861e-05
10037	1	100	40	500	0.309811	0.301171	0.244319	0.0568524	0.00863955	0.729209	0.0335122	1.32818	0.0590684	3.17063e-05
10038	1	100	42	500	0.316578	0.306716	0.251777	0.0549384	0.00986205	0.725331	0.0319128	1.33494	0.0553576	3.07324e-05
10039	1	100	43	500	0.315573	0.304627	0.250689	0.0539375	0.010946	0.726627	0.0302534	1.33088	0.0519914	3.07192e-05
10040	1	100	51	500	0.315225	0.3055	0.252731	0.0527694	0.009725	0.726149	0.029989	1.33327	0.0517588	3.1164e-05
10041	1	100	47	500	0.318905	0.308738	0.255519	0.0532188	0.0101674	0.723624	0.0307324	1.33693	0.053344	3.04625e-05
10042	1	100	51	500	0.320655	0.308899	0.255196	0.0537026	0.0117559	0.723888	0.0330519	1.33672	0.0569686	3.09166e-05
10043	1	100	49	500	0.312297	0.307134	0.253434	0.0536995	0.00516324	0.72388	0.0311703	1.33655	0.0514242	3.13972e-05
10044	1	100	55	500	0.320067	0.311111	0.256051	0.0550596	0.00895615	0.722115	0.0312105	1.34133	0.05382	3.12313e-05
10045	1	100	49	500	0.316621	0.310178	0.254593	0.0555847	0.00644246	0.722147	0.0313062	1.34056	0.0529278	3.18869e-05
10046	1	100	49	500	0.315568	0.308274	0.254041	0.0542331	0.00729434	0.723734	0.0294823	1.33786	0.0501728	3.19106e-05
10047	1	100	42	500	0.318383	0.308965	0.253954	0.0550108	0.00941836	0.723072	0.0298122	1.33821	0.0512565	3.16635e-05
10048	1	100	56	500	0.317747	0.310166	0.255375	0.054791	0.0075816	0.722104	0.0305248	1.33968	0.0515253	3.13657e-05
10049	1	100	54	500	0.322271	0.311113	0.254949	0.0561646	0.0111575	0.721881	0.0298842	1.33991	0.0524609	3.16576e-05
10050	1	100	53	500	0.317884	0.310486	0.255952	0.0545344	0.00739775	0.722024	0.0299585	1.34117	0.0524195	3.14186e-05
10051	1	100	51	500	0.3144	0.309348	0.256853	0.0524947	0.0050525	0.721847	0.0300569	1.34192	0.0531277	3.11466e-05
10052	1	100	48	500	0.321777	0.313315	0.257477	0.0558386	0.00846161	0.719765	0.0290368	1.34454	0.0525999	3.13401e-05
10053	1	100	41	500	0.324903	0.315201	0.258955	0.0562457	0.00970202	0.718095	0.0296009	1.34538	0.0536634	3.16745e-05
10054	1	100	53	500	0.335011	0.320591	0.261665	0.0589264	0.0144198	0.714726	0.0298751	1.34907	0.0556619	3.15865e-05
10055	1	100	56	500	0.332252	0.319572	0.261334	0.0582384	0.0126792	0.715188	0.0291914	1.34879	0.054028	3.15196e-05
10056	1	100	55	500	0.331938	0.3192	0.259549	0.059651	0.0127379	0.715608	0.0293727	1.34821	0.0543058	3.18968e-05
10057	1	100	51	500	0.333365	0.319264	0.26364	0.0556236	0.0141011	0.715092	0.0291536	1.34779	0.0560924	3.14132e-05
10058	1	100	53	500	0.33366	0.321818	0.265395	0.0564224	0.0118426	0.713515	0.0279025	1.35177	0.0535065	3.15436e-05
10059	1	100	48	500	0.216398	0.205469	0.149165	0.0563041	0.0109287	0.806626	0.0341984	1.21081	0.0544868	3.18551e-05
10060	1	100	48	500	0.217537	0.205764	0.149047	0.0567169	0.0117732	0.807485	0.0333829	1.21164	0.0495263	3.20525e-05
10061	1	100	52	500	0.219416	0.207509	0.152029	0.0554798	0.0119069	0.806036	0.0334671	1.21377	0.0480937	3.22526e-05
10062	1	100	58	500	0.220525	0.208784	0.1532	0.0555842	0.0117414	0.804495	0.0324953	1.21534	0.0470784	3.21275e-05
10063	1	100	57	500	0.21906	0.209207	0.154139	0.0550684	0.00985309	0.803872	0.0329975	1.21711	0.0466675	3.2109e-05
10064	1	100	55	500	0.222521	0.210791	0.154946	0.0558451	0.01173	0.802674	0.032003	1.21712	0.0481801	3.23565e-05
10065	1	100	57	500	0.21439	0.207578	0.152631	0.0549467	0.00681213	0.804109	0.0327305	1.21559	0.0441255	3.29451e-05
10066	1	100	56	500	0.221348	0.212835	0.15637	0.0564648	0.00851319	0.800551	0.0343591	1.22241	0.0460459	3.32249e-05
10067	1	100	56	500	0.225772	0.214589	0.15725	0.057339	0.0111826	0.799697	0.0334834	1.22427	0.0480399	3.3514e-05
10068	1	100	49	500	0.222173	0.213231	0.157535	0.0556961	0.0089418	0.799871	0.0328261	1.22437	0.0467949	3.3643e-05
10069	1	100	53	500	0.227346	0.217742	0.159845	0.0578969	0.00960401	0.796357	0.0355675	1.22803	0.051712	3.37669e-05
10070	1	100	52	500	0.233825	0.220194	0.160059	0.0601353	0.0136311	0.794564	0.0354226	1.22895	0.0525709	3.41822e-05
10071	1	100	61	500	0.235016	0.221117	0.159464	0.061653	0.0138987	0.794297	0.0353977	1.22961	0.0530005	3.43446e-05
10072	1	100	59	500	0.239603	0.225491	0.163974	0.0615171	0.0141121	0.79064	0.0350347	1.23398	0.0528161	3.38535e-05
10073	1	100	63	500	0.210462	0.194022	0.131653	0.0623688	0.0164398	0.816638	0.0363851	1.19403	0.0514141	3.40929e-05
10074	1	100	57	500	0.209801	0.195078	0.133241	0.0618377	0.0147226	0.814942	0.0391512	1.1964	0.0530955	3.39753e-05
10075	1	100	52	500	0.206834	0.194065	0.132321	0.0617441	0.0127694	0.815214	0.0400768	1.19585	0.0541223	3.41493e-05
10076	1	100	48	500	0.207446	0.197644	0.134678	0.0629668	0.00980122	0.813017	0.0359636	1.20234	0.0498208	3.39178e-05
10077	1	100	57	500	0.213441	0.202194	0.13495	0.0672438	0.011247	0.809268	0.0390339	1.2059	0.056237	3.4114e-05
10078	1	100	60	500	0.219634	0.204562	0.133875	0.0706869	0.0150725	0.808672	0.0374511	1.20792	0.0512785	3.40788e-05
10079	1	100	59	500	0.220732	0.208127	0.135808	0.0723192	0.0126052	0.804957	0.0370118	1.21285	0.0509247	3.41113e-05
10080	1	100	52	500	0.221581	0.209455	0.138974	0.0704812	0.0121266	0.803069	0.0349013	1.21429	0.0490441	3.36424e-05
10081	1	100	59	500	0.224179	0.208592	0.134508	0.0740848	0.0155861	0.80476	0.0362885	1.21198	0.0515502	3.42178e-05
10082	1	100	54	500	0.221116	0.208526	0.13844	0.0700854	0.0125897	0.803504	0.0354798	1.21151	0.0500329	3.35597e-05
10083	1	100	69	500	0.227844	0.212425	0.139512	0.0729124	0.0154194	0.801304	0.0350874	1.21589	0.0488689	3.38952e-05
10084	1	100	55	500	0.224259	0.212497	0.138891	0.0736058	0.0117625	0.799943	0.0350155	1.2161	0.047509	3.32954e-05
10085	1	100	69	500	0.233301	0.212349	0.136724	0.075625	0.0209516	0.801291	0.0357823	1.21222	0.0505159	3.37364e-05
10086	1	100	63	500	0.234382	0.215461	0.141721	0.0737392	0.0189217	0.798671	0.0365947	1.2171	0.0497142	3.31433e-05
10087	1	100	67	500	0.234158	0.215307	0.139796	0.0755106	0.0188508	0.798574	0.0358321	1.21682	0.0486346	3.35122e-05
10088	1	100	61	500	0.228323	0.214548	0.14295	0.0715984	0.0137754	0.797324	0.0365497	1.21791	0.0500925	3.26821e-05
10089	1	100	61	500	0.234843	0.216025	0.140979	0.0750453	0.0188187	0.796932	0.0351393	1.21663	0.0488398	3.30492e-05
10090	1	100	65	500	0.236	0.215875	0.142071	0.0738039	0.0201247	0.79793	0.0339354	1.21752	0.0474166	3.26238e-05
10091	1	100	59	500	0.235373	0.21619	0.141881	0.074309	0.0191834	0.796719	0.0381853	1.21697	0.0503902	3.29654e-05
10092	1	100	58	500	0.233264	0.216743	0.145681	0.0710617	0.0165213	0.79582	0.0334716	1.21827	0.04778	3.28133e-05
10093	1	100	60	500	0.235736	0.219066	0.149234	0.0698323	0.0166697	0.793868	0.0355597	1.22057	0.0482864	3.31383e-05
10094	1	100	61	500	0.232575	0.215759	0.146221	0.0695382	0.0168159	0.797257	0.0336138	1.21842	0.0472534	3.36245e-05
10095	1	100	56	500	0.229324	0.213342	0.141731	0.0716112	0.015981	0.800464	0.0331446	1.21668	0.0433028	3.4228e-05
10096	1	100	59	500	0.227972	0.213447	0.142622	0.0708258	0.0145242	0.800424	0.0312506	1.21783	0.0437188	3.48658e-05
10097	1	100	57	500	0.233924	0.216612	0.144457	0.072155	0.0173122	0.797741	0.0332165	1.22032	0.0439481	3.47264e-05
10098	1	100	58	500	0.23618	0.217253	0.142508	0.0747445	0.0189277	0.797338	0.0342166	1.21918	0.0466774	3.50202e-05
10099	1	100	54	500	0.231796	0.217473	0.149199	0.0682733	0.0143229	0.796235	0.0327832	1.22181	0.0456336	3.43013e-05
10100	1	100	55	500	0.230865	0.216954	0.14823	0.0687234	0.013911	0.797079	0.033117	1.22161	0.0461321	3.5054e-05
10101	1	100	60	500	0.232586	0.218053	0.147646	0.0704075	0.0145325	0.796129	0.0313911	1.22374	0.044714	3.52337e-05
