Generation	PopulationID	SampleSize	UniqueMutations	PopulationSize	totalLoad	RelzLoad	RelzLoadHomo	RelzLoadHetero	MskLoad	MeanFitness	SdFitness	MeanFitnessCached	SdFitnessCached	Heterozygosity	
10001	1	100	58	500	0.0954721	0.0787021	0.0296095	0.0490927	0.01677	0.922828	0.0361048	1.06608	0.0402931	4.37886e-05
10002	1	100	49	500	0.093889	0.0781115	0.028063	0.0500485	0.0157775	0.922873	0.0346749	1.0655	0.0381647	4.39271e-05
10003	1	100	52	500	0.0936318	0.0792749	0.0284257	0.0508491	0.0143569	0.920748	0.0386321	1.0674	0.0437823	4.41506e-05
10004	1	100	48	500	0.0922322	0.0773871	0.0280543	0.0493328	0.0148451	0.922977	0.0376786	1.06697	0.041683	4.43318e-05
10005	1	100	50	500	0.0987658	0.0815616	0.0306089	0.0509527	0.0172042	0.919171	0.0380716	1.0681	0.0428919	4.45064e-05
10006	1	100	47	500	0.0934612	0.0789145	0.0293443	0.0495702	0.0145467	0.920966	0.0374185	1.0668	0.0418091	4.47709e-05
10007	1	100	55	500	0.0985371	0.0812644	0.0279818	0.0532826	0.0172728	0.91986	0.0392115	1.06849	0.0440282	4.46873e-05
10008	1	100	52	500	0.0973222	0.0812376	0.0285924	0.0526453	0.0160845	0.918803	0.0383669	1.07037	0.0432444	4.46698e-05
10009	1	100	54	500	0.102045	0.0863518	0.0297961	0.0565557	0.0156936	0.915404	0.0410079	1.07515	0.0457904	4.45888e-05
10010	1	100	50	500	0.101963	0.0859678	0.0306084	0.0553594	0.0159954	0.915537	0.0418863	1.07431	0.048704	4.51237e-05
10011	1	100	51	500	0.104649	0.0874671	0.031258	0.056209	0.0171817	0.913924	0.0407841	1.07563	0.0470034	4.48654e-05
10012	1	100	46	500	0.108731	0.0923947	0.0328911	0.0595035	0.0163362	0.909763	0.0432526	1.08125	0.0502826	4.48032e-05
10013	1	100	45	500	0.105859	0.0915195	0.0327337	0.0587857	0.0143399	0.909743	0.0426302	1.08137	0.0495508	4.50301e-05
10014	1	100	57	500	0.110393	0.0958472	0.0338026	0.0620446	0.0145455	0.906233	0.0442163	1.08564	0.0512588	4.52849e-05
10015	1	100	50	500	0.111653	0.0963995	0.0331426	0.0632569	0.0152538	0.905356	0.0435184	1.08737	0.0508995	4.53127e-05
10016	1	100	54	500	0.111734	0.0951458	0.032545	0.0626007	0.0165879	0.906713	0.0446037	1.08537	0.0524317	4.59344e-05
10017	1	100	51	500	0.113895	0.0996604	0.0346664	0.064994	0.0142349	0.902221	0.0467006	1.08881	0.0561597	4.58089e-05
10018	1	100	47	500	0.117044	0.10137	0.0353517	0.0660187	0.0156735	0.900816	0.0478446	1.09005	0.0557727	4.60602e-05
10019	1	100	50	500	0.124229	0.106973	0.0402694	0.0667037	0.0172562	0.895614	0.0468577	1.09541	0.0557588	4.60744e-05
10020	1	100	56	500	0.123185	0.108931	0.0416243	0.0673062	0.0142545	0.892891	0.0470798	1.09961	0.0575963	4.57852e-05
10021	1	100	59	500	0.121936	0.109641	0.0414943	0.0681469	0.012295	0.893193	0.0504369	1.10071	0.0595467	4.53382e-05
10022	1	100	57	500	0.122455	0.109633	0.0402615	0.0693717	0.0128223	0.891615	0.0502532	1.10024	0.0604976	4.59108e-05
10023	1	100	58	500	0.127295	0.11229	0.0394791	0.0728113	0.0150049	0.891015	0.0499233	1.10316	0.0607854	4.56941e-05
10024	1	100	53	500	0.126683	0.114389	0.0399032	0.0744854	0.012294	0.889096	0.0502976	1.10675	0.0587708	4.54392e-05
10025	1	100	53	500	0.130162	0.117879	0.0427138	0.0751653	0.0122829	0.885506	0.0498236	1.11089	0.058399	4.52397e-05
10026	1	100	59	500	0.133497	0.120608	0.0445651	0.0760429	0.0128888	0.882074	0.05425	1.1142	0.0635741	4.50256e-05
10027	1	100	53	500	0.13489	0.123516	0.0471812	0.0763349	0.0113742	0.878389	0.0512993	1.11798	0.06078	4.43115e-05
10028	1	100	58	500	0.139375	0.128803	0.0485431	0.08026	0.0105719	0.875176	0.0505407	1.12274	0.0616876	4.34971e-05
10029	1	100	56	500	0.147539	0.132353	0.0511085	0.0812446	0.0151859	0.872014	0.0491072	1.12531	0.0585221	4.32674e-05
10030	1	100	52	500	0.144924	0.134043	0.0538851	0.080158	0.0108813	0.869209	0.0497905	1.13017	0.0599958	4.27834e-05
10031	1	100	52	500	0.148648	0.139	0.0535879	0.0854125	0.00964792	0.865725	0.0526369	1.1352	0.0612226	4.31257e-05
10032	1	100	55	500	0.152963	0.138665	0.0527834	0.0858818	0.0142982	0.866425	0.0522534	1.13317	0.062143	4.33737e-05
10033	1	100	58	500	0.159404	0.143334	0.0567608	0.0865735	0.0160698	0.862262	0.0539189	1.136	0.064807	4.32876e-05
10034	1	100	56	500	0.162294	0.147355	0.0615935	0.0857616	0.0149391	0.858623	0.0522036	1.1407	0.0612619	4.25195e-05
10035	1	100	50	500	0.166424	0.151121	0.0643604	0.0867605	0.015303	0.854974	0.0521566	1.14576	0.0635569	4.26266e-05
10036	1	100	47	500	0.169739	0.157995	0.0718351	0.0861603	0.0117435	0.847479	0.0539422	1.1544	0.0673383	4.16278e-05
10037	1	100	63	500	0.176874	0.166155	0.0786829	0.0874717	0.0107194	0.84103	0.0544045	1.16368	0.0696626	4.05681e-05
10038	1	100	60	500	0.183337	0.16916	0.0781264	0.091034	0.0141761	0.839484	0.0533519	1.16561	0.0672198	4.0701e-05
10039	1	100	60	500	0.190891	0.174634	0.0820825	0.0925512	0.0162575	0.834313	0.0535957	1.17057	0.0677855	4.04504e-05
10040	1	100	55	500	0.189714	0.179213	0.0896767	0.0895366	0.0105003	0.829082	0.0520767	1.17772	0.0665015	3.9093e-05
10041	1	100	49	500	0.189645	0.180778	0.0949579	0.08582	0.00886753	0.826322	0.0516756	1.18219	0.0649425	3.87395e-05
10042	1	100	52	500	0.195625	0.185353	0.0997825	0.0855706	0.0102723	0.823998	0.0518508	1.18456	0.0641146	3.75297e-05
10043	1	100	54	500	0.198239	0.185706	0.0976902	0.0880159	0.0125326	0.82387	0.0518761	1.18387	0.0638458	3.80167e-05
10044	1	100	51	500	0.202755	0.191995	0.103198	0.0887974	0.0107602	0.818068	0.0534021	1.19179	0.0671973	3.78084e-05
10045	1	100	42	500	0.198977	0.190654	0.103545	0.087109	0.00832319	0.81849	0.0510436	1.19205	0.0630222	3.81384e-05
10046	1	100	50	500	0.206096	0.195854	0.110166	0.0856881	0.0102419	0.814163	0.0514117	1.19534	0.0613537	3.79527e-05
10047	1	100	47	500	0.214456	0.199968	0.118668	0.0813001	0.0144878	0.811052	0.0515434	1.19881	0.0630591	3.65145e-05
10048	1	100	47	500	0.211046	0.200127	0.119282	0.080846	0.0109185	0.809971	0.052937	1.20145	0.0648765	3.63968e-05
10049	1	100	50	500	0.218514	0.204399	0.122297	0.0821015	0.0141149	0.806949	0.0517816	1.20348	0.0640486	3.6675e-05
10050	1	100	47	500	0.227356	0.209268	0.125785	0.0834825	0.0180883	0.802395	0.054654	1.20617	0.0651432	3.64573e-05
10051	1	100	49	500	0.226955	0.210709	0.130328	0.080381	0.0162461	0.80054	0.0507007	1.20767	0.0614106	3.5688e-05
10052	1	100	46	500	0.23045	0.214128	0.13496	0.0791684	0.0163222	0.797858	0.0498723	1.21152	0.064932	3.50824e-05
10053	1	100	48	500	0.230065	0.218265	0.144478	0.0737869	0.0118004	0.79448	0.0523771	1.21953	0.0678183	3.40516e-05
10054	1	100	48	500	0.232171	0.221432	0.14968	0.0717518	0.0107388	0.792361	0.0484604	1.22461	0.0632286	3.31755e-05
10055	1	100	56	500	0.238911	0.226808	0.157905	0.0689036	0.0121032	0.787747	0.0479546	1.2293	0.0641954	3.19965e-05
10056	1	100	50	500	0.240236	0.229831	0.164073	0.0657573	0.0104056	0.784306	0.0484127	1.23345	0.0656907	3.0686e-05
10057	1	100	53	500	0.244936	0.231292	0.163354	0.0679386	0.0136438	0.783773	0.0481114	1.23401	0.0639415	3.10169e-05
10058	1	100	42	500	0.243771	0.235885	0.17003	0.0658548	0.00788527	0.779113	0.046264	1.24128	0.0614248	3.03889e-05
10059	1	100	48	500	0.251399	0.24381	0.179619	0.0641913	0.00758875	0.771913	0.0467284	1.25063	0.0617177	2.95998e-05
10060	1	100	41	500	0.253013	0.246674	0.179671	0.0670033	0.0063386	0.77011	0.0491941	1.25578	0.0657357	3.0316e-05
10061	1	100	44	500	0.259501	0.251493	0.183768	0.0677253	0.00800767	0.765971	0.0493725	1.26087	0.0671603	3.04739e-05
10062	1	100	44	500	0.268878	0.257757	0.18696	0.0707972	0.011121	0.761891	0.055589	1.26568	0.0727822	3.0342e-05
10063	1	100	52	500	0.277553	0.265548	0.197198	0.0683498	0.0120046	0.755739	0.051821	1.27315	0.070787	2.91229e-05
10064	1	100	44	500	0.290229	0.27105	0.203394	0.0676562	0.0191791	0.750069	0.0554284	1.27574	0.0747477	2.81511e-05
10065	1	100	50	500	0.283697	0.272665	0.206068	0.0665966	0.0110323	0.749475	0.0502663	1.28079	0.0684073	2.75342e-05
10066	1	100	47	500	0.282451	0.270764	0.202101	0.0686639	0.011687	0.750939	0.0513583	1.27911	0.0702712	2.81615e-05
10067	1	100	39	500	0.285947	0.274325	0.208157	0.0661687	0.0116217	0.745744	0.0498662	1.28428	0.0709566	2.72931e-05
10068	1	100	41	500	0.293132	0.28075	0.215196	0.0655537	0.0123815	0.743357	0.0467617	1.29068	0.0644378	2.61486e-05
10069	1	100	47	500	0.296246	0.284231	0.221436	0.0627947	0.0120151	0.739865	0.0447749	1.29492	0.0636007	2.57827e-05
10070	1	100	47	500	0.298952	0.286198	0.220173	0.0660251	0.0127542	0.738572	0.0440667	1.29605	0.0613051	2.66567e-05
10071	1	100	38	500	0.302022	0.289362	0.224856	0.0645062	0.0126604	0.735608	0.0415396	1.30026	0.0625325	2.67922e-05
10072	1	100	45	500	0.308398	0.295643	0.229282	0.0663605	0.012755	0.731005	0.0426096	1.30607	0.0612253	2.69436e-05
10073	1	100	49	500	0.312817	0.299797	0.233272	0.0665253	0.0130201	0.727643	0.0410887	1.3113	0.0589981	2.73257e-05
10074	1	100	49	500	0.31415	0.301766	0.234287	0.0674788	0.0123839	0.726416	0.0424695	1.31445	0.0591289	2.77609e-05
10075	1	100	43	500	0.316672	0.30374	0.23522	0.0685198	0.0129319	0.72395	0.0418276	1.31563	0.057173	2.8497e-05
10076	1	100	47	500	0.32094	0.305478	0.234681	0.0707966	0.015462	0.722479	0.0437216	1.31571	0.0589039	2.91185e-05
10077	1	100	40	500	0.322699	0.309087	0.240981	0.0681062	0.0136117	0.719903	0.0403596	1.32337	0.0581583	2.82201e-05
10078	1	100	46	500	0.328017	0.31282	0.246867	0.065953	0.0151968	0.717278	0.0395136	1.32316	0.0542741	2.75749e-05
10079	1	100	43	500	0.324748	0.309312	0.243769	0.0655429	0.0154356	0.719536	0.039265	1.31987	0.0535462	2.8101e-05
10080	1	100	45	500	0.331054	0.313803	0.246849	0.0669538	0.017251	0.717161	0.0401838	1.32435	0.0553087	2.84887e-05
10081	1	100	38	500	0.325833	0.311844	0.243189	0.0686543	0.0139897	0.718206	0.0426321	1.32245	0.0560913	2.91877e-05
10082	1	100	39	500	0.273735	0.258143	0.188257	0.0698867	0.0155912	0.759264	0.0419236	1.25448	0.0522644	2.95589e-05
10083	1	100	37	500	0.275003	0.259376	0.184292	0.0750841	0.015627	0.757411	0.0430119	1.25571	0.0546611	3.08248e-05
10084	1	100	45	500	0.281692	0.262107	0.186886	0.0752209	0.0195855	0.755767	0.0410295	1.25689	0.053335	3.07877e-05
10085	1	100	43	500	0.281112	0.263773	0.190398	0.0733749	0.0173391	0.753657	0.0431987	1.25977	0.0564544	3.04948e-05
10086	1	100	45	500	0.285978	0.268286	0.192485	0.0758012	0.0176917	0.750397	0.0390424	1.26549	0.0541664	3.07993e-05
10087	1	100	45	500	0.28724	0.267058	0.186802	0.0802567	0.0201812	0.751896	0.0403408	1.26434	0.0558515	3.21336e-05
10088	1	100	39	500	0.285397	0.265813	0.194541	0.0712719	0.0195837	0.751801	0.0399319	1.26263	0.0555664	3.01681e-05
10089	1	100	46	500	0.282912	0.264716	0.19349	0.0712262	0.0181962	0.753686	0.0385341	1.26273	0.0530527	3.03858e-05
10090	1	100	36	500	0.280397	0.262177	0.188626	0.0735509	0.0182196	0.75634	0.0396151	1.26155	0.0535114	3.08331e-05
10091	1	100	43	500	0.28169	0.265058	0.194421	0.0706375	0.0166319	0.753269	0.0380122	1.26423	0.0519675	2.99586e-05
10092	1	100	38	500	0.283038	0.266219	0.195986	0.0702333	0.0168188	0.752518	0.037739	1.26657	0.0510675	3.05861e-05
10093	1	100	43	500	0.285534	0.267446	0.19644	0.0710061	0.0180876	0.749505	0.0426714	1.26351	0.0645515	3.11289e-05
10094	1	100	41	500	0.296802	0.270215	0.198423	0.0717925	0.0265863	0.749513	0.0398625	1.26482	0.0582038	3.10128e-05
10095	1	100	39	500	0.299026	0.270468	0.197615	0.0728529	0.0285587	0.748056	0.0434849	1.26283	0.066484	3.14998e-05
10096	1	100	47	500	0.299339	0.272847	0.199681	0.0731659	0.0264918	0.747711	0.0398738	1.26778	0.0577012	3.09827e-05
10097	1	100	47	500	0.307646	0.279989	0.210988	0.0690009	0.0276567	0.738409	0.0789102	1.27054	0.0883694	2.97867e-05
10098	1	100	43	500	0.308305	0.281029	0.215858	0.0651716	0.0272762	0.740151	0.0416576	1.27464	0.0617622	2.94526e-05
10099	1	100	38	500	0.294803	0.279314	0.217706	0.0616077	0.0154891	0.740029	0.0402524	1.27811	0.0610602	2.93967e-05
10100	1	100	37	500	0.307034	0.283698	0.22319	0.0605081	0.0233362	0.737297	0.04	1.2791	0.0624848	2.8942e-05
10101	1	100	38	500	0.298223	0.283525	0.227226	0.0562987	0.0146979	0.734671	0.0403732	1.27961	0.0601075	2.85663e-05
