Generation	PopulationID	SampleSize	UniqueMutations	PopulationSize	totalLoad	RelzLoad	RelzLoadHomo	RelzLoadHetero	MskLoad	MeanFitness	SdFitness	MeanFitnessCached	SdFitnessCached	Heterozygosity	
10001	1	100	44	500	0.0431035	0.0235993	0.00222291	0.0213764	0.0195041	0.973937	0.031454	1.0114	0.0297172	1.97272e-05
10002	1	100	46	500	0.0463238	0.0253134	0.00258323	0.0227302	0.0210104	0.973028	0.0267994	1.01283	0.0297283	1.99647e-05
10003	1	100	40	500	0.0367003	0.0222387	0.00207505	0.0201636	0.0144616	0.974923	0.027115	1.01219	0.0295096	1.99115e-05
10004	1	100	40	500	0.0434002	0.0252461	0.00253325	0.0227129	0.0181541	0.973225	0.0268227	1.01395	0.0275033	2.03135e-05
10005	1	100	43	500	0.0474816	0.0268989	0.00301553	0.0238834	0.0205826	0.972402	0.0260239	1.01512	0.0270425	2.06828e-05
10006	1	100	46	500	0.0514242	0.0262907	0.00241183	0.0238789	0.0251335	0.973095	0.0260517	1.01227	0.0285143	2.1087e-05
10007	1	100	39	500	0.0528913	0.0271285	0.00295556	0.0241729	0.0257629	0.970964	0.0383597	1.0116	0.0407969	2.13056e-05
10008	1	100	43	500	0.0501664	0.0262969	0.00310057	0.0231963	0.0238695	0.970594	0.0399908	1.01046	0.0430965	2.13303e-05
10009	1	100	38	500	0.0566628	0.0289607	0.00380557	0.0251552	0.0277021	0.970128	0.0275435	1.01285	0.0290636	2.1564e-05
10010	1	100	46	500	0.0556091	0.0277521	0.00364786	0.0241043	0.027857	0.971609	0.0263987	1.01155	0.0295954	2.16805e-05
10011	1	100	34	500	0.03813	0.0235723	0.00338935	0.0201829	0.0145577	0.972312	0.0276632	1.01109	0.0297349	2.20779e-05
10012	1	100	36	500	0.0503739	0.0254591	0.00392285	0.0215362	0.0249148	0.972779	0.0270757	1.01139	0.0289459	2.23437e-05
10013	1	100	41	500	0.0522481	0.0261817	0.00376768	0.022414	0.0260664	0.973323	0.0265792	1.01135	0.028916	2.24576e-05
10014	1	100	40	500	0.0480705	0.0264504	0.00418545	0.022265	0.0216201	0.972192	0.025663	1.01333	0.0287733	2.27361e-05
10015	1	100	39	500	0.0464483	0.0262888	0.00416984	0.022119	0.0201595	0.971769	0.0242147	1.01515	0.0296169	2.26693e-05
10016	1	100	36	500	0.0446328	0.0263532	0.0039706	0.0223826	0.0182796	0.971581	0.031252	1.01448	0.0359309	2.29705e-05
10017	1	100	43	500	0.0438972	0.0264167	0.00358709	0.0228296	0.0174805	0.973146	0.0248409	1.01608	0.0263888	2.32482e-05
10018	1	100	37	500	0.0403668	0.025506	0.00334577	0.0221603	0.0148608	0.973498	0.0249665	1.01712	0.0274929	2.34794e-05
10019	1	100	39	500	0.0372572	0.02539	0.00361089	0.0217791	0.0118672	0.973526	0.0277555	1.018	0.0306961	2.36752e-05
10020	1	100	39	500	0.0349052	0.02444	0.00373367	0.0207063	0.0104652	0.974224	0.0239112	1.01905	0.0253462	2.38794e-05
10021	1	100	38	500	0.0348352	0.0249806	0.00387712	0.0211035	0.00985461	0.973583	0.0284637	1.01832	0.0303972	2.41033e-05
10022	1	100	34	500	0.0349103	0.0254115	0.00421964	0.0211918	0.00949884	0.972806	0.0257021	1.01886	0.0262047	2.42079e-05
10023	1	100	33	500	0.0432446	0.0264878	0.00420397	0.0222838	0.0167568	0.971734	0.0287948	1.01792	0.0291156	2.44207e-05
10024	1	100	32	500	0.0367984	0.0264746	0.00496726	0.0215073	0.0103238	0.971591	0.0258675	1.02065	0.0263308	2.44995e-05
10025	1	100	37	500	0.0412662	0.0274623	0.00483573	0.0226265	0.013804	0.971375	0.0274737	1.01999	0.0286584	2.47014e-05
10026	1	100	32	500	0.0299355	0.0256419	0.00523941	0.0204025	0.00429362	0.971877	0.024571	1.02145	0.0253129	2.49944e-05
10027	1	100	32	500	0.0325026	0.0262633	0.00512551	0.0211378	0.00623933	0.972024	0.0234426	1.02167	0.0251123	2.51898e-05
10028	1	100	36	500	0.0358071	0.0269329	0.00500022	0.0219327	0.0088742	0.972074	0.0237973	1.02092	0.0263345	2.54661e-05
10029	1	100	34	500	0.037379	0.0282414	0.00584454	0.0223968	0.00913758	0.971178	0.0238307	1.0228	0.0253916	2.55159e-05
10030	1	100	33	500	0.0322277	0.026819	0.00571356	0.0211054	0.00540877	0.97159	0.0232282	1.02215	0.0253546	2.56519e-05
10031	1	100	32	500	0.0322583	0.0263873	0.00599643	0.0203909	0.00587101	0.971414	0.0235769	1.02152	0.0259106	2.59933e-05
10032	1	100	40	500	0.0356994	0.0262567	0.00540307	0.0208537	0.00944261	0.97271	0.0248178	1.02016	0.0255939	2.61167e-05
10033	1	100	36	500	0.0362205	0.02651	0.00547183	0.0210381	0.0097105	0.972748	0.0232944	1.02109	0.0242383	2.62397e-05
10034	1	100	34	500	0.0333866	0.0263797	0.00579644	0.0205832	0.00700696	0.972539	0.0235871	1.02178	0.0244742	2.62968e-05
10035	1	100	36	500	0.0352153	0.0273615	0.00601071	0.0213508	0.00785378	0.971975	0.0232557	1.02263	0.0261285	2.65185e-05
10036	1	100	37	500	0.0320716	0.0259643	0.00544903	0.0205153	0.00610732	0.973076	0.0245812	1.02206	0.0254398	2.65212e-05
10037	1	100	32	500	0.0295089	0.0261313	0.00587743	0.0202539	0.0033776	0.972669	0.0226703	1.02303	0.0233539	2.67023e-05
10038	1	100	34	500	0.0320257	0.0259478	0.0052957	0.0206521	0.00607789	0.973121	0.0234256	1.02167	0.0244395	2.67213e-05
10039	1	100	41	500	0.0375842	0.0284112	0.00574721	0.022664	0.00917301	0.970625	0.0226767	1.0225	0.0264486	2.73138e-05
10040	1	100	37	500	0.0347418	0.028242	0.00589904	0.0223429	0.00649981	0.9706	0.0230909	1.02383	0.0245763	2.75209e-05
10041	1	100	38	500	0.0370224	0.0287756	0.00576739	0.0230082	0.00824679	0.970586	0.0224907	1.02381	0.0227579	2.7568e-05
10042	1	100	43	500	0.036422	0.0281555	0.00544383	0.0227117	0.00826646	0.970804	0.0223263	1.02336	0.0228269	2.80785e-05
10043	1	100	39	500	0.0356266	0.0280597	0.00544292	0.0226168	0.0075669	0.970093	0.0233237	1.0224	0.0233684	2.82156e-05
10044	1	100	41	500	0.0360407	0.0284413	0.00550939	0.0229319	0.00759938	0.969695	0.022848	1.0224	0.0235024	2.84561e-05
10045	1	100	47	500	0.0390634	0.0283295	0.00539058	0.0229389	0.0107339	0.97048	0.0254169	1.02186	0.0239725	2.86543e-05
10046	1	100	41	500	0.0406604	0.0293455	0.00610076	0.0232447	0.0113149	0.969426	0.0239274	1.02199	0.0238938	2.90046e-05
10047	1	100	41	500	0.0402231	0.0299561	0.0067373	0.0232188	0.0102671	0.968163	0.0250882	1.02268	0.0252379	2.91585e-05
10048	1	100	47	500	0.0456146	0.0336297	0.00874512	0.0248846	0.0119849	0.965534	0.0254854	1.02607	0.0244711	2.92767e-05
10049	1	100	46	500	0.0444024	0.0335747	0.00894707	0.0246276	0.0108277	0.965858	0.0235349	1.02757	0.0222068	2.95574e-05
10050	1	100	41	500	0.0444401	0.0343608	0.0100243	0.0243365	0.0100793	0.964802	0.0256829	1.02731	0.0231807	2.99372e-05
10051	1	100	45	500	0.0484068	0.0352022	0.0105424	0.0246599	0.0132046	0.965001	0.0228841	1.02777	0.0209578	2.9971e-05
10052	1	100	48	500	0.0488732	0.0365809	0.0112954	0.0252855	0.0122922	0.962656	0.0260587	1.02889	0.0235773	3.0206e-05
10053	1	100	43	500	0.0450913	0.0352239	0.0100942	0.0251297	0.00986732	0.964377	0.0235117	1.02902	0.021799	3.05414e-05
10054	1	100	45	500	0.0509281	0.0372068	0.0104988	0.0267079	0.0137213	0.962369	0.0251325	1.02922	0.0229005	3.07511e-05
10055	1	100	47	500	0.0506876	0.0378548	0.0120597	0.0257951	0.0128327	0.961537	0.0247433	1.03136	0.0225502	3.04973e-05
10056	1	100	45	500	0.0483378	0.037221	0.0106305	0.0265905	0.0111168	0.962264	0.0233496	1.0306	0.0226954	3.07118e-05
10057	1	100	43	500	0.0464966	0.0369467	0.0112563	0.0256904	0.00954987	0.96239	0.0243151	1.03174	0.0227606	3.08228e-05
10058	1	100	43	500	0.0502534	0.0385771	0.012465	0.0261121	0.0116763	0.961414	0.0233438	1.03184	0.0225105	3.09001e-05
10059	1	100	43	500	0.048492	0.0377836	0.0122997	0.025484	0.0107084	0.961544	0.0234919	1.0318	0.0222198	3.11421e-05
10060	1	100	38	500	0.0452001	0.0363529	0.0112821	0.0250709	0.00884716	0.963377	0.0227687	1.03138	0.0219463	3.13708e-05
10061	1	100	45	500	0.0428444	0.0357806	0.0110654	0.0247153	0.00706381	0.963444	0.0219806	1.03127	0.0225033	3.1456e-05
10062	1	100	50	500	0.0461295	0.0372521	0.0121948	0.0250573	0.00887742	0.962368	0.0221383	1.03237	0.0218571	3.18507e-05
10063	1	100	40	500	0.0466176	0.038659	0.014157	0.024502	0.00795862	0.9603	0.0216918	1.03486	0.0220071	3.18436e-05
10064	1	100	39	500	0.0477524	0.0403809	0.0157455	0.0246353	0.00737151	0.958574	0.0218159	1.0367	0.0219607	3.21159e-05
10065	1	100	49	500	0.0498542	0.0421908	0.0167693	0.0254214	0.00766345	0.957632	0.0223625	1.03779	0.0223539	3.23365e-05
10066	1	100	42	500	0.0478885	0.0414444	0.0174415	0.0240029	0.00644409	0.957982	0.0201177	1.03766	0.0209173	3.26127e-05
10067	1	100	40	500	0.0479896	0.0415225	0.0184646	0.0230579	0.00646714	0.957428	0.0210887	1.03861	0.0213189	3.2403e-05
10068	1	100	36	500	0.0477927	0.0413824	0.0185623	0.0228201	0.00641029	0.957229	0.023901	1.03739	0.0234655	3.27926e-05
10069	1	100	41	500	0.0480578	0.0414994	0.0179883	0.0235111	0.00655843	0.958005	0.0227787	1.03744	0.0224171	3.30058e-05
10070	1	100	36	500	0.0497364	0.0422072	0.0175045	0.0247028	0.00752917	0.957112	0.0217754	1.03852	0.0219211	3.31314e-05
10071	1	100	38	500	0.0508938	0.0436449	0.0176127	0.0260322	0.00724893	0.955956	0.0236583	1.03927	0.0243258	3.33536e-05
10072	1	100	39	500	0.0534029	0.0453051	0.0205768	0.0247283	0.00809782	0.954121	0.0214542	1.04115	0.0209101	3.32505e-05
10073	1	100	36	500	0.0549336	0.0466323	0.0226117	0.0240206	0.0083013	0.953249	0.0210178	1.04214	0.0205283	3.31501e-05
10074	1	100	33	500	0.0531578	0.0466955	0.0245032	0.0221922	0.0064623	0.952103	0.0233122	1.04253	0.0225402	3.33319e-05
10075	1	100	36	500	0.0522634	0.0464577	0.0241456	0.0223121	0.00580576	0.952755	0.0200026	1.04275	0.0197668	3.35336e-05
10076	1	100	35	500	0.0518687	0.0460925	0.024488	0.0216044	0.00577626	0.953132	0.020745	1.04217	0.0208027	3.32615e-05
10077	1	100	31	500	0.0537001	0.0470884	0.0260878	0.0210005	0.00661176	0.952506	0.0196019	1.04306	0.0201515	3.3267e-05
10078	1	100	34	500	0.0532112	0.0463609	0.0265608	0.0198001	0.00685034	0.953421	0.0203032	1.04241	0.0197194	3.34901e-05
10079	1	100	39	500	0.0529663	0.0462024	0.0265654	0.019637	0.00676391	0.953427	0.0188677	1.04194	0.019035	3.36154e-05
10080	1	100	40	500	0.0536183	0.0468969	0.0263352	0.0205617	0.00672136	0.952621	0.0202741	1.04262	0.0202203	3.38626e-05
10081	1	100	39	500	0.0552555	0.0475242	0.0261296	0.0213946	0.0077313	0.952419	0.0199289	1.04316	0.0197651	3.42281e-05
10082	1	100	38	500	0.0537373	0.0477786	0.0271572	0.0206214	0.00595869	0.951136	0.0206728	1.04348	0.0200485	3.43319e-05
10083	1	100	47	500	0.0597459	0.0494159	0.0275953	0.0218206	0.01033	0.950092	0.0202674	1.04342	0.0204905	3.45847e-05
10084	1	100	43	500	0.0589249	0.0497063	0.0275253	0.022181	0.00921855	0.949806	0.0202871	1.0438	0.0194536	3.47064e-05
10085	1	100	49	500	0.0610299	0.0510278	0.0287759	0.0222518	0.0100021	0.948284	0.0206514	1.04474	0.0197673	3.43883e-05
10086	1	100	41	500	0.0601768	0.0510443	0.0297409	0.0213034	0.00913247	0.948693	0.0183621	1.0457	0.0183575	3.42068e-05
10087	1	100	41	500	0.0623822	0.0526169	0.0314451	0.0211718	0.00976533	0.947065	0.0193243	1.04694	0.0184257	3.45572e-05
10088	1	100	44	500	0.0604853	0.052639	0.032515	0.020124	0.00784635	0.945734	0.0237666	1.04637	0.0230817	3.47734e-05
10089	1	100	43	500	0.0648992	0.0542262	0.0341022	0.020124	0.010673	0.943867	0.0244562	1.04729	0.0241075	3.51327e-05
10090	1	100	38	500	0.0642626	0.0540916	0.0351214	0.0189701	0.0101711	0.944496	0.0179716	1.04833	0.0174784	3.50951e-05
10091	1	100	41	500	0.0641961	0.054368	0.0355028	0.0188652	0.00982801	0.944556	0.0189333	1.0492	0.0183405	3.5132e-05
10092	1	100	43	500	0.0646778	0.0550162	0.0357202	0.019296	0.00966158	0.944777	0.0177882	1.04941	0.0172166	3.55005e-05
10093	1	100	50	500	0.0670319	0.0559494	0.0364247	0.0195247	0.0110825	0.943875	0.0190683	1.04946	0.0185003	3.53911e-05
10094	1	100	43	500	0.064654	0.0553208	0.0385601	0.0167607	0.00933328	0.943035	0.0171593	1.05111	0.0169524	3.56936e-05
10095	1	100	41	500	0.0671359	0.0576729	0.0393398	0.0183331	0.00946306	0.941893	0.016698	1.05186	0.0162431	3.56723e-05
10096	1	100	49	500	0.0678491	0.0576019	0.0409619	0.0166401	0.0102472	0.942106	0.0167796	1.05147	0.0162619	3.56647e-05
10097	1	100	47	500	0.0684593	0.0577143	0.0409399	0.0167744	0.010745	0.942174	0.016751	1.05154	0.0162037	3.58973e-05
10098	1	100	43	500	0.0637798	0.0566224	0.0424345	0.0141878	0.00715739	0.942275	0.0176254	1.05181	0.0173359	3.5947e-05
10099	1	100	48	500	0.0662539	0.0572983	0.0427493	0.014549	0.00895555	0.941615	0.0174901	1.05214	0.0178353	3.57333e-05
10100	1	100	42	500	0.064774	0.0573464	0.0439336	0.0134128	0.00742763	0.941054	0.0157176	1.0524	0.0150246	3.58719e-05
10101	1	100	44	500	0.0676387	0.0582945	0.0440275	0.014267	0.00934417	0.940304	0.0155951	1.05297	0.0157129	3.62605e-05
