Generation	PopulationID	SampleSize	UniqueMutations	PopulationSize	totalLoad	RelzLoad	RelzLoadHomo	RelzLoadHetero	MskLoad	MeanFitness	SdFitness	MeanFitnessCached	SdFitnessCached	
10001	1	100	50	500	0.191679	0.181034	0.0809492	0.100085	0.0106448	0.826919	0.0324589	1.18332	0.0436487
10002	1	100	60	500	0.195521	0.181969	0.0801463	0.101822	0.0135521	0.824789	0.0341753	1.18443	0.0463645
10003	1	100	61	500	0.197861	0.185058	0.0821679	0.10289	0.012803	0.823142	0.0305557	1.18494	0.042675
10004	1	100	58	500	0.19536	0.182329	0.0812396	0.101089	0.0130312	0.825139	0.0305588	1.18286	0.0442601
10005	1	100	61	500	0.199563	0.184923	0.0821329	0.10279	0.01464	0.822754	0.0291404	1.18417	0.0412246
10006	1	100	58	500	0.200792	0.187362	0.0842715	0.10309	0.0134303	0.821167	0.0301533	1.18886	0.0431786
10007	1	100	52	500	0.196426	0.187487	0.0849384	0.102548	0.00893889	0.820421	0.028256	1.18983	0.0413541
10008	1	100	53	500	0.193058	0.18627	0.0843167	0.101953	0.00678768	0.820858	0.0284356	1.18845	0.0409495
10009	1	100	61	500	0.196184	0.188679	0.085166	0.103513	0.00750524	0.819403	0.0280924	1.19165	0.0430439
10010	1	100	54	500	0.197242	0.187012	0.0829143	0.104097	0.0102308	0.820675	0.0288336	1.18894	0.0445517
10011	1	100	62	500	0.200842	0.188972	0.083807	0.105165	0.0118704	0.820002	0.0269251	1.19029	0.0415062
10012	1	100	59	500	0.196075	0.18719	0.0833908	0.103799	0.00888511	0.820915	0.028479	1.18943	0.0443785
10013	1	100	57	500	0.196839	0.188276	0.085159	0.103117	0.0085635	0.820815	0.02821	1.19219	0.0409337
10014	1	100	52	500	0.201746	0.19054	0.0860893	0.104451	0.0112058	0.818981	0.0273809	1.19379	0.0422619
10015	1	100	55	500	0.195075	0.18913	0.0853944	0.103735	0.00594522	0.819392	0.0272395	1.19372	0.040703
10016	1	100	53	500	0.194994	0.188103	0.0853169	0.102786	0.00689089	0.81981	0.0263843	1.19247	0.0399286
10017	1	100	44	500	0.19851	0.1901	0.0874241	0.102676	0.00841026	0.81834	0.026661	1.19371	0.0387457
10018	1	100	63	500	0.202531	0.193312	0.0895237	0.103788	0.00921886	0.816204	0.0264223	1.19716	0.0398464
10019	1	100	58	500	0.204074	0.194184	0.0901651	0.104019	0.00988946	0.815104	0.0269764	1.19747	0.0399761
10020	1	100	52	500	0.203882	0.195481	0.0903055	0.105176	0.0084002	0.813869	0.0265497	1.20014	0.0384839
10021	1	100	63	500	0.211157	0.197563	0.0909162	0.106646	0.0135948	0.812767	0.0255539	1.19993	0.0391251
10022	1	100	62	500	0.213378	0.197906	0.0909126	0.106994	0.0154714	0.811992	0.0259553	1.19825	0.0410075
10023	1	100	60	500	0.212217	0.198361	0.0919526	0.106409	0.013856	0.811663	0.0263852	1.19998	0.040033
10024	1	100	52	500	0.208326	0.198843	0.0938123	0.105031	0.0094826	0.811131	0.0261293	1.2032	0.0383137
10025	1	100	57	500	0.210948	0.199931	0.0951768	0.104754	0.0110169	0.810522	0.0258062	1.20477	0.0375695
10026	1	100	52	500	0.212573	0.200536	0.095677	0.104859	0.0120368	0.810366	0.025709	1.20519	0.0373911
10027	1	100	52	500	0.215301	0.201516	0.096581	0.104935	0.0137843	0.80862	0.0269643	1.20528	0.0389254
10028	1	100	55	500	0.214794	0.206034	0.108107	0.0979265	0.00876013	0.80494	0.0256644	1.21212	0.0351375
10029	1	100	54	500	0.214818	0.206851	0.108243	0.0986083	0.00796701	0.80395	0.0254098	1.21365	0.0359062
10030	1	100	56	500	0.222343	0.208128	0.108356	0.0997718	0.0142152	0.802996	0.0256768	1.2121	0.0368103
10031	1	100	60	500	0.216075	0.208844	0.112577	0.0962666	0.00723145	0.802211	0.0245138	1.21476	0.0336137
10032	1	100	63	500	0.222777	0.210146	0.11279	0.0973557	0.0126313	0.801534	0.0240325	1.21514	0.0336348
10033	1	100	58	500	0.222885	0.210775	0.111682	0.0990925	0.0121106	0.800382	0.0253865	1.21506	0.0360004
10034	1	100	59	500	0.231004	0.214858	0.11913	0.0957279	0.0161461	0.797344	0.0262846	1.21681	0.0375278
10035	1	100	60	500	0.222789	0.212476	0.118211	0.0942651	0.0103131	0.798525	0.0255574	1.21592	0.0371747
10036	1	100	69	500	0.230405	0.21459	0.121267	0.0933228	0.0158153	0.797838	0.0251853	1.21676	0.0348566
10037	1	100	63	500	0.228136	0.213844	0.116443	0.0974013	0.014292	0.797935	0.0254589	1.21602	0.0372045
10038	1	100	63	500	0.233106	0.2145	0.117089	0.0974113	0.0186064	0.798185	0.0244036	1.21559	0.0342558
10039	1	100	67	500	0.231257	0.214521	0.116361	0.0981595	0.0167364	0.797794	0.0261001	1.21496	0.0358546
10040	1	100	61	500	0.228736	0.213822	0.116654	0.0971681	0.0149145	0.797338	0.0311805	1.21419	0.0426462
10041	1	100	63	500	0.227482	0.213547	0.11289	0.100657	0.0139347	0.798691	0.0251624	1.21691	0.0331041
10042	1	100	58	500	0.228291	0.212988	0.108042	0.104946	0.015303	0.799405	0.0262682	1.21499	0.0352608
10043	1	100	69	500	0.231333	0.214366	0.108288	0.106078	0.0169671	0.797942	0.0275365	1.21478	0.0378628
10044	1	100	65	500	0.234993	0.215239	0.109318	0.105921	0.0197543	0.797968	0.0252376	1.21496	0.0353832
10045	1	100	63	500	0.242693	0.2194	0.115835	0.103565	0.0232927	0.794834	0.0251344	1.21834	0.0331335
10046	1	100	55	500	0.240996	0.219863	0.120541	0.099322	0.0211327	0.793734	0.0256691	1.21922	0.0351298
10047	1	100	56	500	0.243683	0.221002	0.120881	0.100121	0.0226817	0.791692	0.0252879	1.22121	0.036278
10048	1	100	52	500	0.238481	0.222707	0.122992	0.0997154	0.0157742	0.789773	0.0258445	1.22431	0.0372308
10049	1	100	63	500	0.248066	0.226293	0.127855	0.0984374	0.0217727	0.788156	0.0260801	1.22744	0.0337093
10050	1	100	56	500	0.252492	0.22787	0.12701	0.10086	0.024622	0.787213	0.0278138	1.2264	0.0368148
10051	1	100	54	500	0.245336	0.226033	0.130367	0.0956655	0.0193036	0.788579	0.0244774	1.22764	0.0345488
10052	1	100	50	500	0.244778	0.225565	0.131328	0.0942371	0.0192131	0.788931	0.0237957	1.22739	0.0333097
10053	1	100	49	500	0.242849	0.226652	0.133385	0.0932668	0.0161976	0.786125	0.0259785	1.2279	0.0368335
10054	1	100	54	500	0.24056	0.226697	0.141343	0.0853541	0.0138628	0.786008	0.0247225	1.2291	0.0354319
10055	1	100	63	500	0.251781	0.230155	0.143744	0.0864105	0.0216266	0.784266	0.0237103	1.23014	0.0359415
10056	1	100	59	500	0.249999	0.231564	0.143751	0.0878131	0.0184351	0.783087	0.0252295	1.23312	0.0342011
10057	1	100	58	500	0.256157	0.233435	0.149286	0.0841493	0.0227219	0.782088	0.0249808	1.23274	0.0337837
10058	1	100	58	500	0.257591	0.234261	0.14872	0.0855411	0.0233304	0.780055	0.0260703	1.23209	0.0380538
10059	1	100	53	500	0.257144	0.235992	0.150774	0.0852176	0.0211529	0.779184	0.026262	1.23741	0.0375929
10060	1	100	54	500	0.259389	0.236878	0.1523	0.0845771	0.0225111	0.778112	0.0264231	1.23606	0.0383818
10061	1	100	49	500	0.257154	0.236773	0.15381	0.0829634	0.0203803	0.778874	0.0255193	1.23634	0.0360674
10062	1	100	56	500	0.259988	0.23641	0.154748	0.0816616	0.0235779	0.778391	0.0283801	1.23474	0.0419338
10063	1	100	47	500	0.259967	0.239688	0.15387	0.0858185	0.0202785	0.77652	0.0337997	1.24009	0.0505277
10064	1	100	47	500	0.263719	0.240829	0.151848	0.0889808	0.0228903	0.774751	0.0346945	1.24249	0.0550488
10065	1	100	56	500	0.266598	0.243874	0.151111	0.0927626	0.022724	0.772974	0.0358714	1.24413	0.0589115
10066	1	100	52	500	0.268291	0.246277	0.149601	0.0966759	0.0220143	0.772328	0.0332092	1.24834	0.050481
10067	1	100	57	500	0.272728	0.248013	0.155116	0.092897	0.0247151	0.770402	0.0322185	1.24711	0.0506357
10068	1	100	55	500	0.273066	0.249982	0.161486	0.0884963	0.0230837	0.767825	0.0346749	1.25124	0.0549268
10069	1	100	54	500	0.27193	0.250744	0.161075	0.0896688	0.0211855	0.766454	0.03681	1.25563	0.0600503
10070	1	100	50	500	0.271496	0.251146	0.161844	0.0893017	0.0203494	0.765731	0.0363407	1.25272	0.0572838
10071	1	100	55	500	0.270822	0.249802	0.16601	0.0837927	0.0210198	0.766637	0.0340154	1.25456	0.0546109
10072	1	100	54	500	0.269907	0.250236	0.166521	0.0837156	0.0196705	0.767436	0.0333715	1.25631	0.0536725
10073	1	100	55	500	0.274961	0.25502	0.170747	0.0842737	0.0199407	0.764441	0.0341558	1.25992	0.0560589
10074	1	100	52	500	0.274097	0.257334	0.172226	0.0851078	0.016763	0.761823	0.0365282	1.26486	0.0574028
10075	1	100	50	500	0.276023	0.256319	0.171244	0.0850746	0.0197047	0.762865	0.0338702	1.26414	0.0538043
10076	1	100	55	500	0.278222	0.259724	0.175922	0.0838022	0.0184974	0.761303	0.0315317	1.26644	0.0518817
10077	1	100	46	500	0.273768	0.257882	0.174888	0.082994	0.0158868	0.761674	0.0336233	1.26445	0.0555321
10078	1	100	46	500	0.2747	0.258449	0.174252	0.0841967	0.0162515	0.761772	0.0344875	1.26578	0.0553886
10079	1	100	52	500	0.275376	0.259842	0.173842	0.0859993	0.0155342	0.760636	0.0354955	1.26785	0.0582134
10080	1	100	46	500	0.2773	0.262409	0.170074	0.0923357	0.0148903	0.758804	0.0367089	1.27227	0.0599863
10081	1	100	44	500	0.277641	0.261676	0.171538	0.0901377	0.0159649	0.758278	0.0388417	1.26985	0.0613996
10082	1	100	47	500	0.287274	0.266771	0.173208	0.0935622	0.0205038	0.755699	0.038368	1.27481	0.0592403
10083	1	100	49	500	0.28825	0.26773	0.174961	0.0927689	0.02052	0.754722	0.0428228	1.27527	0.068947
10084	1	100	47	500	0.285269	0.264668	0.169981	0.0946872	0.0206013	0.755958	0.0412271	1.26959	0.0667151
10085	1	100	57	500	0.289457	0.266548	0.171272	0.0952759	0.022909	0.755902	0.0410269	1.27153	0.0609473
10086	1	100	53	500	0.292803	0.270885	0.177688	0.0931976	0.0219171	0.750989	0.0454767	1.27483	0.0714961
10087	1	100	52	500	0.300321	0.272506	0.173785	0.0987214	0.0278152	0.750936	0.0414001	1.27513	0.0644685
10088	1	100	45	500	0.302969	0.277914	0.181537	0.0963764	0.025055	0.746395	0.0437473	1.28375	0.0651224
10089	1	100	50	500	0.3035	0.279098	0.181179	0.0979185	0.0244019	0.745467	0.0427866	1.28578	0.0700406
10090	1	100	53	500	0.310057	0.283611	0.176854	0.106757	0.0264457	0.742256	0.0454693	1.29024	0.0715154
10091	1	100	47	500	0.308129	0.283344	0.171531	0.111813	0.0247849	0.742876	0.0450206	1.29174	0.0725857
10092	1	100	51	500	0.312607	0.28836	0.175901	0.11246	0.024247	0.739128	0.0467322	1.29848	0.0742734
10093	1	100	47	500	0.315802	0.293715	0.182057	0.111657	0.0220873	0.734732	0.047465	1.30636	0.080765
10094	1	100	55	500	0.312468	0.294513	0.183001	0.111512	0.0179547	0.733308	0.0488971	1.30838	0.0790714
10095	1	100	49	500	0.323676	0.298325	0.184015	0.11431	0.0253516	0.731706	0.0493489	1.31051	0.0793118
10096	1	100	56	500	0.319392	0.296946	0.183179	0.113766	0.0224464	0.732701	0.0488646	1.3106	0.0789003
10097	1	100	50	500	0.323291	0.298101	0.183746	0.114356	0.0251892	0.731017	0.0541667	1.30766	0.0847421
10098	1	100	50	500	0.327772	0.303476	0.18592	0.117556	0.024296	0.727709	0.0498148	1.31711	0.078501
10099	1	100	49	500	0.330289	0.306047	0.185358	0.120689	0.0242418	0.725761	0.0488332	1.3206	0.0785242
10100	1	100	54	500	0.321878	0.302803	0.185491	0.117312	0.0190753	0.727807	0.0471056	1.31994	0.0795403
10101	1	100	54	500	0.323119	0.306658	0.187881	0.118777	0.0164614	0.72465	0.0479307	1.32631	0.0798425
