Generation	PopulationID	SampleSize	UniqueMutations	PopulationSize	totalLoad	RelzLoad	RelzLoadHomo	RelzLoadHetero	MskLoad	MeanFitness	SdFitness	MeanFitnessCached	SdFitnessCached	Heterozygosity	
10001	1	100	37	500	0.224815	0.218853	0.174244	0.0446085	0.00596239	0.794093	0.0451263	1.22817	0.0608626	2.07288e-05
10002	1	100	41	500	0.22721	0.221879	0.178801	0.0430774	0.00533098	0.791674	0.0414915	1.23247	0.0578052	2.04245e-05
10003	1	100	40	500	0.235398	0.225837	0.18283	0.0430078	0.00956078	0.788818	0.0405957	1.23525	0.0567644	2.03307e-05
10004	1	100	38	500	0.238178	0.228094	0.18328	0.0448142	0.0100843	0.787088	0.0413529	1.23812	0.0575238	2.06981e-05
10005	1	100	42	500	0.237361	0.230637	0.186794	0.0438432	0.00672402	0.784677	0.0410136	1.24265	0.0583545	2.07988e-05
10006	1	100	46	500	0.238328	0.229958	0.183428	0.0465293	0.00837041	0.785492	0.0437327	1.24064	0.0621399	2.09312e-05
10007	1	100	43	500	0.240196	0.232527	0.184709	0.0478185	0.00766907	0.78309	0.0425752	1.24402	0.0629885	2.08261e-05
10008	1	100	38	500	0.240606	0.234092	0.185017	0.0490753	0.00651354	0.782202	0.045421	1.24687	0.0644167	2.12818e-05
10009	1	100	41	500	0.247696	0.240327	0.189352	0.0509751	0.00736895	0.776878	0.0425243	1.25447	0.0600172	2.1142e-05
10010	1	100	38	500	0.246994	0.241462	0.191729	0.0497336	0.00553218	0.7756	0.039767	1.25509	0.0581838	2.11565e-05
10011	1	100	47	500	0.252899	0.245059	0.194516	0.0505422	0.00784043	0.773172	0.0418039	1.25947	0.0605251	2.11388e-05
10012	1	100	41	500	0.25636	0.24858	0.19627	0.0523105	0.00778005	0.770298	0.0426861	1.26348	0.0607016	2.12871e-05
10013	1	100	36	500	0.20505	0.197425	0.144066	0.0533585	0.00762535	0.81045	0.0413267	1.2029	0.0548268	2.09319e-05
10014	1	100	43	500	0.205819	0.199348	0.145326	0.0540221	0.00647126	0.809067	0.0427552	1.20513	0.0561405	2.15111e-05
10015	1	100	42	500	0.210273	0.200803	0.144154	0.0566487	0.00947026	0.808907	0.0427994	1.20509	0.0559338	2.17881e-05
10016	1	100	39	500	0.213143	0.202855	0.145596	0.0572587	0.0102881	0.806234	0.0436073	1.20671	0.0592877	2.17099e-05
10017	1	100	39	500	0.217273	0.2076	0.150421	0.0571787	0.00967332	0.801975	0.0417169	1.21224	0.0564233	2.16444e-05
10018	1	100	50	500	0.222577	0.211675	0.153782	0.0578934	0.0109015	0.799473	0.0424724	1.21683	0.0582578	2.19862e-05
10019	1	100	41	500	0.220598	0.211296	0.154975	0.0563217	0.00930189	0.799549	0.0414676	1.21619	0.0565309	2.25726e-05
10020	1	100	56	500	0.218526	0.209832	0.154026	0.0558065	0.00869389	0.800885	0.0412587	1.21502	0.0568235	2.2587e-05
10021	1	100	42	500	0.220032	0.212169	0.156502	0.0556672	0.0078626	0.797846	0.0403987	1.21893	0.0558562	2.26163e-05
10022	1	100	45	500	0.224601	0.217046	0.160013	0.0570326	0.00755478	0.793837	0.0415871	1.22418	0.0581141	2.27496e-05
10023	1	100	49	500	0.234871	0.226302	0.166897	0.0594047	0.00856874	0.786247	0.040396	1.23419	0.0562004	2.23846e-05
10024	1	100	51	500	0.239681	0.228385	0.16738	0.0610057	0.0112954	0.785497	0.0373477	1.23578	0.0525747	2.3057e-05
10025	1	100	42	500	0.235409	0.226236	0.168012	0.0582242	0.00917348	0.786656	0.0393658	1.2335	0.0528618	2.29687e-05
10026	1	100	47	500	0.235506	0.230699	0.173691	0.0570085	0.00480703	0.781177	0.0400549	1.23953	0.0546712	2.19436e-05
10027	1	100	50	500	0.248363	0.235776	0.177693	0.0580824	0.012587	0.778385	0.0371505	1.24328	0.0524879	2.23256e-05
10028	1	100	48	500	0.246951	0.237595	0.179335	0.0582603	0.00935613	0.776465	0.0364049	1.24696	0.0500766	2.20232e-05
10029	1	100	52	500	0.251622	0.238531	0.179099	0.0594319	0.0130904	0.775826	0.0370775	1.24575	0.0505242	2.20421e-05
10030	1	100	45	500	0.250299	0.238475	0.180791	0.0576837	0.0118247	0.775984	0.0379376	1.24613	0.0514477	2.15878e-05
10031	1	100	53	500	0.246943	0.234956	0.178105	0.0568507	0.0119875	0.778924	0.0381413	1.24348	0.0521106	2.22444e-05
10032	1	100	45	500	0.246437	0.235706	0.178644	0.0570623	0.0107307	0.77727	0.0430003	1.24238	0.0602275	2.22442e-05
10033	1	100	43	500	0.242621	0.236598	0.180381	0.056217	0.00602241	0.776114	0.036511	1.24462	0.0491286	2.16739e-05
10034	1	100	37	500	0.247042	0.237401	0.183273	0.0541286	0.00964049	0.774761	0.0360241	1.24631	0.0481457	2.20631e-05
10035	1	100	44	500	0.252698	0.241231	0.18372	0.0575111	0.0114672	0.773168	0.037014	1.24932	0.0497747	2.20444e-05
10036	1	100	44	500	0.256457	0.244681	0.187257	0.057424	0.0117757	0.771381	0.0353324	1.25305	0.0488563	2.16928e-05
10037	1	100	51	500	0.123166	0.109696	0.0524407	0.0572548	0.0134709	0.890706	0.0482089	1.10332	0.0547393	2.20106e-05
10038	1	100	43	500	0.122993	0.110582	0.052444	0.0581383	0.0124111	0.890103	0.0442323	1.10499	0.0480621	2.23326e-05
10039	1	100	43	500	0.119053	0.111404	0.0520976	0.0593061	0.00764883	0.887719	0.0462671	1.10539	0.0517153	2.25198e-05
10040	1	100	42	500	0.133689	0.114347	0.0527037	0.0616431	0.0193426	0.887381	0.046035	1.1054	0.0507658	2.25003e-05
10041	1	100	48	500	0.134584	0.117815	0.0557362	0.0620793	0.0167681	0.884259	0.043641	1.10952	0.049281	2.20821e-05
10042	1	100	53	500	0.142748	0.121886	0.0567047	0.0651813	0.0208619	0.881365	0.0478499	1.11212	0.0524338	2.20901e-05
10043	1	100	48	500	0.139839	0.121953	0.0599855	0.0619677	0.0178859	0.880869	0.0464219	1.11327	0.0500614	2.15515e-05
10044	1	100	46	500	0.13682	0.118989	0.0583875	0.0606018	0.017831	0.883242	0.0444154	1.10965	0.0478966	2.18049e-05
10045	1	100	44	500	0.141918	0.119079	0.0539718	0.0651073	0.0228393	0.883741	0.0478317	1.10814	0.0535712	2.22794e-05
10046	1	100	46	500	0.152056	0.123795	0.0546743	0.0691208	0.0282607	0.879689	0.0470085	1.10967	0.0538031	2.24003e-05
10047	1	100	42	500	0.159163	0.128128	0.0571414	0.0709867	0.0310348	0.876075	0.0492171	1.11224	0.0556713	2.21931e-05
10048	1	100	47	500	0.155926	0.128135	0.0598765	0.0682584	0.0277915	0.874923	0.0568617	1.11264	0.0656533	2.20448e-05
10049	1	100	46	500	0.1566	0.130147	0.0634043	0.0667431	0.0264525	0.872727	0.0561698	1.11624	0.0672448	2.17682e-05
10050	1	100	42	500	0.166047	0.136779	0.06562	0.0711586	0.0292685	0.867335	0.0544237	1.12195	0.0616855	2.16024e-05
10051	1	100	43	500	0.168573	0.137613	0.0647665	0.0728469	0.0309597	0.865502	0.0626614	1.12026	0.0738861	2.20112e-05
10052	1	100	44	500	0.183323	0.146659	0.0695563	0.0771028	0.0366636	0.859251	0.0547013	1.1286	0.0661748	2.24398e-05
10053	1	100	45	500	0.187172	0.150464	0.0715709	0.0788928	0.0367086	0.853451	0.0668607	1.12883	0.0793126	2.25168e-05
10054	1	100	43	500	0.188732	0.15308	0.0733066	0.0797732	0.0356526	0.853283	0.0566078	1.13639	0.0677581	2.23524e-05
10055	1	100	43	500	0.194935	0.158066	0.0769338	0.0811322	0.0368688	0.848559	0.058359	1.1406	0.0706771	2.22154e-05
10056	1	100	57	500	0.200941	0.164416	0.0776229	0.0867932	0.0365252	0.843058	0.0638222	1.148	0.0800467	2.23921e-05
10057	1	100	52	500	0.210505	0.168447	0.0790853	0.0893613	0.042058	0.83837	0.0698471	1.14731	0.088843	2.27689e-05
10058	1	100	48	500	0.208435	0.17139	0.083473	0.0879174	0.0370447	0.835821	0.0697088	1.15291	0.0887982	2.28654e-05
10059	1	100	37	500	0.211869	0.178237	0.088474	0.089763	0.0336322	0.830723	0.0645065	1.16485	0.0827248	2.32034e-05
10060	1	100	47	500	0.222621	0.188152	0.0922966	0.0958554	0.034469	0.822666	0.061001	1.17635	0.0805176	2.33606e-05
10061	1	100	45	500	0.216076	0.188709	0.0945754	0.0941332	0.0273678	0.820736	0.0658942	1.17996	0.0882866	2.35556e-05
10062	1	100	45	500	0.218109	0.190237	0.0905653	0.0996722	0.0278717	0.81954	0.0722706	1.18129	0.0925902	2.39122e-05
10063	1	100	41	500	0.221145	0.195606	0.0934612	0.102144	0.0255392	0.814851	0.0731434	1.18945	0.096278	2.33449e-05
10064	1	100	44	500	0.233987	0.205934	0.101114	0.10482	0.0280533	0.806405	0.0720582	1.19976	0.0922805	2.2735e-05
10065	1	100	37	500	0.238583	0.211643	0.105422	0.106221	0.0269397	0.801227	0.073468	1.20684	0.0970402	2.27379e-05
10066	1	100	47	500	0.243099	0.21539	0.107032	0.108358	0.0277095	0.798423	0.0717605	1.21109	0.0959869	2.23076e-05
10067	1	100	46	500	0.240308	0.216072	0.109746	0.106326	0.0242358	0.797146	0.0763227	1.21246	0.0975443	2.20117e-05
10068	1	100	52	500	0.245078	0.220781	0.111312	0.109469	0.0242975	0.793032	0.0740254	1.21859	0.0985901	2.25438e-05
10069	1	100	40	500	0.25078	0.231394	0.120721	0.110673	0.019386	0.782662	0.0810401	1.23061	0.105978	2.18324e-05
10070	1	100	45	500	0.263693	0.24173	0.125258	0.116471	0.0219633	0.774962	0.0818648	1.24267	0.10732	2.21352e-05
10071	1	100	43	500	0.27068	0.251096	0.132799	0.118297	0.0195842	0.766126	0.0807081	1.25374	0.107454	2.18913e-05
10072	1	100	46	500	0.285514	0.262731	0.145718	0.117013	0.0227831	0.756319	0.0820294	1.26545	0.112367	2.17794e-05
10073	1	100	46	500	0.290282	0.268633	0.147936	0.120696	0.0216487	0.751822	0.0822632	1.27376	0.113492	2.20014e-05
10074	1	100	49	500	0.292531	0.269895	0.147425	0.122469	0.0226365	0.752021	0.082691	1.27559	0.111275	2.23392e-05
10075	1	100	48	500	0.295009	0.274231	0.150529	0.123702	0.0207781	0.74746	0.0826674	1.28079	0.11311	2.26885e-05
10076	1	100	46	500	0.305224	0.284974	0.163515	0.121459	0.0202503	0.738495	0.0841154	1.29451	0.116778	2.21545e-05
10077	1	100	52	500	0.309648	0.292169	0.171074	0.121095	0.0174791	0.731906	0.0844648	1.30301	0.117753	2.2003e-05
10078	1	100	45	500	0.312249	0.29579	0.180127	0.115663	0.0164597	0.72903	0.0832627	1.30898	0.116196	2.17214e-05
10079	1	100	38	500	0.309492	0.298441	0.187388	0.111053	0.0110506	0.726049	0.0810135	1.31421	0.11171	2.14115e-05
10080	1	100	48	500	0.324228	0.310115	0.201706	0.108409	0.014113	0.716973	0.0832645	1.32674	0.113903	2.0529e-05
10081	1	100	42	500	0.330834	0.315852	0.20699	0.108862	0.0149816	0.711658	0.0814199	1.33193	0.111611	2.0557e-05
10082	1	100	41	500	0.329697	0.318791	0.210904	0.107887	0.0109058	0.70873	0.0828278	1.33718	0.111692	2.05201e-05
10083	1	100	38	500	0.350841	0.334027	0.233947	0.10008	0.0168132	0.696351	0.0790511	1.35178	0.107059	1.92394e-05
10084	1	100	39	500	0.361512	0.345185	0.249052	0.0961325	0.016327	0.685535	0.0797747	1.36348	0.119278	1.88891e-05
10085	1	100	43	500	0.373196	0.35847	0.273762	0.0847072	0.014726	0.674888	0.0701105	1.38219	0.102034	1.78197e-05
10086	1	100	45	500	0.382453	0.363485	0.279127	0.0843575	0.0189683	0.671471	0.0713082	1.38656	0.103674	1.82409e-05
10087	1	100	42	500	0.380253	0.363846	0.278699	0.0851475	0.0164064	0.671061	0.0704378	1.38867	0.104018	1.87535e-05
10088	1	100	52	500	0.391544	0.375803	0.296385	0.0794182	0.0157415	0.661294	0.0658069	1.4023	0.100238	1.83808e-05
10089	1	100	45	500	0.395903	0.381685	0.307262	0.0744225	0.0142186	0.655771	0.0607619	1.41093	0.0935232	1.80476e-05
10090	1	100	40	500	0.397299	0.383832	0.310131	0.0737016	0.0134664	0.654297	0.0632573	1.41379	0.0979528	1.84148e-05
10091	1	100	48	500	0.399335	0.388662	0.317168	0.0714937	0.0106729	0.650163	0.0605939	1.4213	0.0944091	1.825e-05
10092	1	100	44	500	0.408629	0.398022	0.333711	0.064311	0.0106067	0.643359	0.0579724	1.43274	0.0933659	1.74969e-05
10093	1	100	34	500	0.411657	0.40425	0.343993	0.0602564	0.00740772	0.63786	0.0556649	1.4423	0.0901785	1.73939e-05
10094	1	100	47	500	0.419326	0.409364	0.346472	0.0628923	0.00996181	0.634782	0.0552275	1.44719	0.090529	1.77367e-05
10095	1	100	39	500	0.42744	0.416057	0.355507	0.0605498	0.0113826	0.629881	0.0520521	1.45447	0.0873636	1.76011e-05
10096	1	100	42	500	0.431502	0.420975	0.363713	0.0572618	0.0105277	0.626162	0.0473022	1.46148	0.0788742	1.74916e-05
10097	1	100	44	500	0.431298	0.419899	0.364167	0.0557321	0.0113991	0.626361	0.0452133	1.45881	0.0777912	1.74295e-05
10098	1	100	44	500	0.439319	0.424657	0.37029	0.0543669	0.0146623	0.623087	0.0434086	1.46304	0.0815548	1.74839e-05
10099	1	100	44	500	0.43926	0.42684	0.376248	0.0505915	0.0124205	0.62099	0.0417717	1.46668	0.0774229	1.74293e-05
10100	1	100	46	500	0.445353	0.433515	0.385462	0.0480526	0.0118383	0.616254	0.04065	1.47579	0.0767957	1.7352e-05
10101	1	100	39	500	0.447307	0.434585	0.387813	0.0467718	0.012722	0.615094	0.0387621	1.47689	0.0761948	1.7178e-05
