Generation	PopulationID	SampleSize	UniqueMutations	PopulationSize	totalLoad	RelzLoad	RelzLoadHomo	RelzLoadHetero	MskLoad	MeanFitness	SdFitness	MeanFitnessCached	SdFitnessCached	Heterozygosity	
10001	1	100	60	500	0.412775	0.376187	0.310738	0.0654484	0.0365878	0.658334	0.0496185	1.30723	0.0603859	4.3139e-05
10002	1	100	69	500	0.415833	0.375705	0.309104	0.0666016	0.0401278	0.658695	0.0516285	1.31047	0.0644602	4.42952e-05
10003	1	100	57	500	0.418605	0.379957	0.312863	0.0670936	0.0386477	0.655175	0.053886	1.31479	0.066144	4.46091e-05
10004	1	100	67	500	0.427617	0.389272	0.322266	0.0670056	0.0383459	0.649158	0.0528544	1.32263	0.0647464	4.34633e-05
10005	1	100	58	500	0.432366	0.391322	0.325311	0.0660112	0.0410435	0.648138	0.0514895	1.32372	0.0630897	4.3235e-05
10006	1	100	50	500	0.428319	0.392542	0.327687	0.0648558	0.0357769	0.646429	0.0520835	1.32522	0.0624042	4.29917e-05
10007	1	100	53	500	0.422144	0.389242	0.326588	0.0626541	0.0329014	0.648598	0.0528476	1.32695	0.0647291	4.38405e-05
10008	1	100	51	500	0.41711	0.392874	0.333919	0.0589548	0.0242367	0.644585	0.0530554	1.33145	0.0621137	4.28433e-05
10009	1	100	60	500	0.430304	0.395997	0.333239	0.0627575	0.0343068	0.643755	0.050875	1.33275	0.0630134	4.31421e-05
10010	1	100	56	500	0.425473	0.396303	0.335239	0.0610644	0.0291699	0.642392	0.0503127	1.3348	0.0676396	4.31686e-05
10011	1	100	50	500	0.175937	0.14469	0.0841924	0.060498	0.0312467	0.860223	0.0704556	1.0666	0.0493917	4.29088e-05
10012	1	100	49	500	0.177941	0.143027	0.081724	0.0613029	0.0349142	0.861514	0.0710502	1.06498	0.0527116	4.36155e-05
10013	1	100	52	500	0.176036	0.145814	0.0858964	0.0599179	0.0302214	0.859038	0.0717548	1.06883	0.0504593	4.31234e-05
10014	1	100	50	500	0.181917	0.152783	0.094459	0.0583237	0.0291344	0.853259	0.0665393	1.07759	0.0461109	4.22928e-05
10015	1	100	45	500	0.181548	0.15596	0.0988434	0.0571171	0.0255876	0.850115	0.0693419	1.08146	0.0465991	4.17431e-05
10016	1	100	53	500	0.189784	0.161618	0.103691	0.0579274	0.0281657	0.846013	0.0647916	1.08718	0.0446893	4.12178e-05
10017	1	100	52	500	0.190428	0.162744	0.103388	0.0593563	0.0276839	0.844152	0.0680194	1.08849	0.0463861	4.19818e-05
10018	1	100	53	500	0.198595	0.166612	0.106564	0.0600485	0.0319828	0.841862	0.0692813	1.08979	0.0468291	4.155e-05
10019	1	100	49	500	0.193792	0.165599	0.107368	0.0582314	0.0281931	0.842328	0.0664342	1.09171	0.0456964	4.13692e-05
10020	1	100	51	500	0.188806	0.165447	0.108817	0.0566297	0.0233594	0.841471	0.065589	1.09465	0.0450795	4.12547e-05
10021	1	100	51	500	0.186632	0.165152	0.109478	0.0556735	0.0214803	0.840234	0.0657331	1.09419	0.0451423	4.14721e-05
10022	1	100	41	500	0.193334	0.1661	0.108081	0.0580184	0.0272341	0.840742	0.0666146	1.09493	0.0446429	4.14875e-05
10023	1	100	54	500	0.196943	0.167748	0.111386	0.0563624	0.0291946	0.83872	0.0647315	1.09661	0.0473506	4.17465e-05
10024	1	100	55	500	0.19831	0.166851	0.108958	0.0578928	0.0314594	0.838762	0.0690428	1.09653	0.0492568	4.25269e-05
10025	1	100	68	500	0.207709	0.171059	0.112048	0.0590109	0.0366496	0.83627	0.0671932	1.09817	0.0477752	4.20796e-05
10026	1	100	60	500	0.196688	0.169837	0.115096	0.0547404	0.0268515	0.836118	0.0666402	1.10202	0.0474592	4.24433e-05
10027	1	100	55	500	0.200112	0.173826	0.119144	0.0546814	0.0262866	0.832208	0.0642105	1.10255	0.045307	4.20703e-05
10028	1	100	60	500	0.202893	0.176835	0.121271	0.0555641	0.0260586	0.83049	0.0605915	1.10401	0.0431583	4.17616e-05
10029	1	100	61	500	0.206833	0.183357	0.129722	0.0536355	0.0234757	0.824796	0.0593107	1.10695	0.0420656	4.04806e-05
10030	1	100	50	500	0.205055	0.180273	0.127399	0.052874	0.0247818	0.827028	0.0578101	1.10885	0.037822	4.15253e-05
10031	1	100	65	500	0.209907	0.180046	0.126252	0.0537944	0.0298609	0.826926	0.0571902	1.10692	0.0404083	4.21213e-05
10032	1	100	58	500	0.202174	0.17952	0.128517	0.0510039	0.0226535	0.826527	0.0577632	1.10894	0.0413513	4.24462e-05
10033	1	100	57	500	0.210815	0.182573	0.132428	0.0501457	0.028242	0.823631	0.0544132	1.11264	0.0420297	4.22086e-05
10034	1	100	58	500	0.217435	0.186749	0.134967	0.0517817	0.0306862	0.821936	0.0533581	1.11541	0.0388837	4.19324e-05
10035	1	100	56	500	0.211758	0.185376	0.136277	0.0490989	0.0263823	0.821019	0.055591	1.11507	0.0403953	4.1825e-05
10036	1	100	60	500	0.20976	0.187233	0.136228	0.0510044	0.0225269	0.820984	0.0550218	1.11908	0.0366884	4.18382e-05
10037	1	100	59	500	0.216087	0.190036	0.138622	0.0514133	0.0260511	0.819247	0.0520742	1.11904	0.0354969	4.14825e-05
10038	1	100	61	500	0.223794	0.195339	0.145779	0.0495603	0.0284549	0.81407	0.0508112	1.11993	0.0371873	4.04217e-05
10039	1	100	52	500	0.21886	0.194303	0.146802	0.0475008	0.0245564	0.814591	0.0521053	1.12223	0.0364728	4.0208e-05
10040	1	100	48	500	0.22487	0.196807	0.148988	0.0478188	0.028063	0.812381	0.0515686	1.12207	0.0371942	4.03728e-05
10041	1	100	51	500	0.222381	0.195763	0.147772	0.0479907	0.0266181	0.813386	0.0526145	1.1219	0.0384045	4.10631e-05
10042	1	100	52	500	0.223057	0.197254	0.149464	0.0477898	0.0258031	0.812157	0.0499795	1.12195	0.0370489	4.05998e-05
10043	1	100	45	500	0.227336	0.201579	0.156545	0.0450343	0.0257569	0.807471	0.0478357	1.12353	0.0361268	3.92848e-05
10044	1	100	55	500	0.232909	0.206132	0.160263	0.0458692	0.0267772	0.80468	0.0477308	1.1248	0.0343464	3.8611e-05
10045	1	100	45	500	0.235096	0.207643	0.161522	0.0461215	0.027453	0.802314	0.0501381	1.12354	0.0407462	3.85631e-05
10046	1	100	48	500	0.232343	0.20739	0.163197	0.0441929	0.0249531	0.80315	0.0474707	1.12515	0.0365643	3.82883e-05
10047	1	100	43	500	0.22969	0.208386	0.164834	0.0435516	0.0213038	0.801689	0.0467507	1.12793	0.0351321	3.89179e-05
10048	1	100	43	500	0.230351	0.211383	0.169102	0.042281	0.0189682	0.798911	0.0452485	1.12926	0.0332778	3.80688e-05
10049	1	100	45	500	0.233264	0.211343	0.167337	0.0440054	0.0219209	0.800087	0.0455333	1.1314	0.0330027	3.80612e-05
10050	1	100	43	500	0.2295	0.208336	0.165019	0.0433172	0.0211638	0.802396	0.0472969	1.13183	0.0340069	3.85986e-05
10051	1	100	41	500	0.225087	0.205909	0.161859	0.0440504	0.0191774	0.804557	0.0466901	1.13326	0.0321094	3.92337e-05
10052	1	100	42	500	0.226352	0.207161	0.16343	0.0437312	0.0191906	0.803538	0.0475326	1.13494	0.0325551	3.93005e-05
10053	1	100	41	500	0.223613	0.206456	0.162909	0.0435477	0.017157	0.803474	0.0483898	1.13517	0.033596	3.97194e-05
10054	1	100	46	500	0.221814	0.204152	0.16099	0.0431624	0.017662	0.805141	0.0492374	1.13677	0.03465	3.97647e-05
10055	1	100	42	500	0.221396	0.204532	0.163491	0.0410408	0.0168641	0.804361	0.0496053	1.13834	0.0356825	3.93611e-05
10056	1	100	38	500	0.220886	0.203369	0.162634	0.040735	0.0175172	0.806525	0.0471548	1.13804	0.0369709	3.94855e-05
10057	1	100	42	500	0.217424	0.202391	0.162	0.0403904	0.0150337	0.80735	0.0471454	1.13868	0.0353604	3.98853e-05
10058	1	100	42	500	0.217397	0.203624	0.162678	0.0409461	0.0137726	0.805325	0.046764	1.13859	0.0329862	4.00404e-05
10059	1	100	43	500	0.224326	0.205283	0.165005	0.0402771	0.0190438	0.804022	0.0470309	1.13795	0.0324614	4.03255e-05
10060	1	100	39	500	0.221858	0.20641	0.166472	0.0399378	0.0154479	0.802541	0.047392	1.14023	0.0320709	4.05199e-05
10061	1	100	40	500	0.215565	0.200945	0.162822	0.0381231	0.0146198	0.807091	0.0459592	1.14103	0.0318449	4.12967e-05
10062	1	100	50	500	0.218874	0.203729	0.161644	0.0420854	0.0151449	0.805593	0.0472574	1.14142	0.0335617	4.1208e-05
10063	1	100	51	500	0.22491	0.20694	0.165526	0.0414134	0.0179704	0.803517	0.0442178	1.14389	0.036775	4.04731e-05
10064	1	100	45	500	0.222689	0.209173	0.171349	0.0378237	0.0135162	0.80064	0.04285	1.14498	0.0308833	4.0011e-05
10065	1	100	57	500	0.225287	0.21157	0.174282	0.0372876	0.0137175	0.798743	0.0412016	1.14507	0.029916	3.97271e-05
10066	1	100	52	500	0.223935	0.209262	0.171937	0.037325	0.0146732	0.801003	0.0416637	1.14407	0.0301345	4.01163e-05
10067	1	100	43	500	0.224316	0.211714	0.176149	0.0355651	0.0126014	0.797957	0.0423621	1.14332	0.0301639	3.95497e-05
10068	1	100	45	500	0.224649	0.212254	0.178947	0.0333072	0.0123941	0.797261	0.039973	1.1433	0.0297746	3.90892e-05
10069	1	100	51	500	0.227593	0.211531	0.178488	0.0330427	0.016062	0.798829	0.0388106	1.14504	0.0277546	3.9404e-05
10070	1	100	49	500	0.233804	0.213836	0.180901	0.0329354	0.0199683	0.796683	0.0380019	1.14245	0.0308646	3.9682e-05
10071	1	100	44	500	0.231197	0.214143	0.182227	0.0319154	0.017054	0.795877	0.0386545	1.1428	0.0347992	3.97443e-05
10072	1	100	47	500	0.230388	0.21452	0.184355	0.030165	0.0158679	0.795159	0.0380581	1.14421	0.0339258	3.97207e-05
10073	1	100	47	500	0.232995	0.214898	0.184843	0.0300548	0.0180971	0.794823	0.0348709	1.14496	0.0333648	4.0065e-05
10074	1	100	46	500	0.233398	0.218261	0.187687	0.0305745	0.0151371	0.79201	0.0345403	1.14706	0.0307937	3.99659e-05
10075	1	100	46	500	0.240988	0.218651	0.185467	0.0331844	0.0223366	0.79287	0.0357561	1.14721	0.0298855	4.05237e-05
10076	1	100	43	500	0.233692	0.213776	0.180817	0.0329593	0.0199156	0.795691	0.0359917	1.14504	0.0321418	4.13689e-05
10077	1	100	48	500	0.228045	0.209778	0.178142	0.0316361	0.018267	0.799643	0.0337881	1.14841	0.0308772	4.13446e-05
10078	1	100	47	500	0.224014	0.210477	0.177663	0.0328147	0.013537	0.798545	0.0343206	1.14901	0.0292784	4.16617e-05
10079	1	100	52	500	0.225257	0.210637	0.177745	0.0328924	0.0146194	0.799916	0.0346059	1.15099	0.0266883	4.16725e-05
10080	1	100	50	500	0.224754	0.21077	0.177977	0.0327936	0.0139835	0.799337	0.0342842	1.1505	0.0265494	4.16748e-05
10081	1	100	52	500	0.225996	0.211049	0.178606	0.0324432	0.0149466	0.799512	0.0339793	1.1514	0.0247547	4.21368e-05
10082	1	100	49	500	0.22402	0.210177	0.178043	0.0321346	0.0138423	0.800164	0.0334679	1.15174	0.0256025	4.19493e-05
10083	1	100	55	500	0.226745	0.211708	0.179409	0.0322996	0.015037	0.799128	0.0339088	1.15362	0.0255063	4.19188e-05
10084	1	100	53	500	0.227552	0.212438	0.178324	0.0341142	0.0151147	0.798686	0.0346694	1.15446	0.0263666	4.23487e-05
10085	1	100	43	500	0.224502	0.210321	0.178457	0.0318642	0.0141801	0.799203	0.0351844	1.15687	0.0248117	4.21615e-05
10086	1	100	56	500	0.2307	0.215691	0.18235	0.0333413	0.0150093	0.795339	0.035081	1.15851	0.0260168	4.19091e-05
10087	1	100	50	500	0.229617	0.216144	0.182618	0.0335259	0.0134728	0.795026	0.0346413	1.15895	0.0259991	4.21885e-05
10088	1	100	50	500	0.231879	0.217923	0.183476	0.0344471	0.0139565	0.793503	0.0357605	1.15948	0.0282924	4.22498e-05
10089	1	100	51	500	0.231388	0.216705	0.183827	0.0328778	0.0146829	0.794823	0.033553	1.15893	0.0263929	4.23907e-05
10090	1	100	48	500	0.2347	0.217352	0.183221	0.0341305	0.0173485	0.793389	0.0347838	1.15824	0.0287526	4.26985e-05
10091	1	100	52	500	0.231575	0.215772	0.181895	0.0338763	0.0158035	0.794898	0.0338619	1.16073	0.0268373	4.30045e-05
10092	1	100	51	500	0.230077	0.214589	0.180607	0.0339819	0.0154887	0.79607	0.0337005	1.16138	0.026265	4.32023e-05
10093	1	100	55	500	0.227287	0.212765	0.179492	0.0332733	0.0145226	0.797188	0.0341341	1.15928	0.0278366	4.36739e-05
10094	1	100	52	500	0.229962	0.213772	0.180409	0.0333625	0.0161904	0.797008	0.0334843	1.15937	0.0270096	4.40761e-05
10095	1	100	54	500	0.226685	0.21309	0.181095	0.031995	0.0135948	0.797089	0.0335787	1.16003	0.0257489	4.40075e-05
10096	1	100	56	500	0.230371	0.212273	0.180793	0.0314801	0.0180979	0.798251	0.0333852	1.15882	0.0264166	4.46181e-05
10097	1	100	53	500	0.234199	0.214982	0.182534	0.0324473	0.0192178	0.795832	0.0348015	1.16065	0.0282023	4.45203e-05
10098	1	100	59	500	0.076671	0.060403	0.0297983	0.0306047	0.016268	0.939719	0.0413177	1.00577	0.022396	4.48262e-05
10099	1	100	52	500	0.0786798	0.0612958	0.0301422	0.0311536	0.017384	0.93962	0.0408646	1.00648	0.0229758	4.51388e-05
10100	1	100	51	500	0.075807	0.0616195	0.0314084	0.0302112	0.0141874	0.937679	0.040146	1.00552	0.0246494	4.53515e-05
10101	1	100	53	500	0.0778584	0.058739	0.0285761	0.0301629	0.0191194	0.941841	0.0398315	1.00483	0.0242738	4.5575e-05
