Generation	PopulationID	SampleSize	UniqueMutations	PopulationSize	totalLoad	RelzLoad	RelzLoadHomo	RelzLoadHetero	MskLoad	MeanFitness	SdFitness	MeanFitnessCached	SdFitnessCached	Heterozygosity	
10001	1	100	42	500	0.491777	0.480821	0.397657	0.0831645	0.0109552	0.571183	0.036626	1.51976	0.0453498	3.39692e-05
10002	1	100	45	500	0.494045	0.481418	0.399564	0.0818535	0.0126271	0.570629	0.0363379	1.51973	0.0447186	3.43642e-05
10003	1	100	39	500	0.494418	0.4804	0.398911	0.0814889	0.0140187	0.571724	0.0364614	1.51675	0.0414314	3.43565e-05
10004	1	100	40	500	0.497181	0.48147	0.402741	0.0787287	0.015711	0.570759	0.035904	1.51707	0.0419232	3.30669e-05
10005	1	100	48	500	0.496157	0.481909	0.409941	0.0719674	0.0142484	0.569711	0.0349984	1.51557	0.0389823	3.08957e-05
10006	1	100	45	500	0.498517	0.479109	0.403299	0.0758101	0.0194078	0.57126	0.0366715	1.5114	0.0417788	3.17816e-05
10007	1	100	52	500	0.509604	0.484382	0.409116	0.0752669	0.0252221	0.568233	0.0377452	1.50968	0.0541547	3.14011e-05
10008	1	100	41	500	0.503845	0.484967	0.423489	0.0614782	0.0188777	0.566371	0.035194	1.51267	0.0516473	2.89843e-05
10009	1	100	40	500	0.497429	0.484382	0.428043	0.0563391	0.0130463	0.566177	0.0318963	1.51731	0.0405278	2.85094e-05
10010	1	100	43	500	0.502967	0.484863	0.423715	0.0611477	0.0181038	0.567664	0.0327574	1.51718	0.0392652	2.9683e-05
10011	1	100	49	500	0.495978	0.482869	0.42232	0.0605488	0.013109	0.568913	0.0334159	1.5181	0.0394325	2.99069e-05
10012	1	100	35	500	0.493964	0.48196	0.424231	0.0577293	0.0120043	0.568516	0.0335822	1.51692	0.0446789	2.99242e-05
10013	1	100	47	500	0.501671	0.483643	0.42124	0.0624034	0.0180276	0.568746	0.0371957	1.51605	0.0497291	3.03412e-05
10014	1	100	40	500	0.493496	0.480138	0.407495	0.0726434	0.0133576	0.571133	0.0409214	1.51386	0.0504505	3.24475e-05
10015	1	100	48	500	0.500832	0.483315	0.418351	0.0649639	0.0175173	0.569011	0.0398412	1.51587	0.0519459	3.01896e-05
10016	1	100	47	500	0.493271	0.482002	0.414971	0.0670309	0.0112691	0.569705	0.0393066	1.51811	0.0524027	3.05791e-05
10017	1	100	49	500	0.498142	0.481189	0.406364	0.0748245	0.016953	0.571702	0.0418531	1.51604	0.0564089	3.16851e-05
10018	1	100	47	500	0.495296	0.481242	0.407842	0.0734009	0.0140534	0.571217	0.0394805	1.51672	0.0501184	3.18053e-05
10019	1	100	47	500	0.501422	0.487258	0.426646	0.0606122	0.0141645	0.565837	0.0337843	1.5231	0.0472793	3.00726e-05
10020	1	100	47	500	0.497746	0.486977	0.430591	0.0563869	0.0107682	0.565245	0.0324513	1.52291	0.0441533	2.92321e-05
10021	1	100	48	500	0.500472	0.488359	0.430826	0.0575333	0.0121132	0.564901	0.0312372	1.5256	0.0433346	2.99243e-05
10022	1	100	45	500	0.499969	0.488758	0.437768	0.0509907	0.0112109	0.563756	0.0293616	1.52566	0.0416839	2.92186e-05
10023	1	100	42	500	0.498648	0.4875	0.436651	0.0508487	0.0111478	0.56435	0.0296907	1.52553	0.0427855	2.90049e-05
10024	1	100	51	500	0.502727	0.489276	0.441198	0.0480776	0.0134514	0.562887	0.0302426	1.52361	0.0469145	2.85596e-05
10025	1	100	48	500	0.50234	0.489044	0.438507	0.0505374	0.0132958	0.563853	0.0305698	1.52421	0.0432407	2.81655e-05
10026	1	100	53	500	0.508459	0.489985	0.435107	0.0548785	0.0184739	0.563812	0.0318115	1.5235	0.0434124	2.81056e-05
10027	1	100	50	500	0.517132	0.495561	0.442231	0.0533302	0.0215712	0.56008	0.0296291	1.52861	0.0503989	2.79168e-05
10028	1	100	48	500	0.516927	0.496878	0.439738	0.0571398	0.0200496	0.55913	0.0313505	1.53187	0.0537183	2.89671e-05
10029	1	100	43	500	0.515844	0.496775	0.434004	0.0627709	0.0190685	0.55989	0.0343689	1.53357	0.057741	2.99758e-05
10030	1	100	45	500	0.518368	0.499246	0.437408	0.0618376	0.0191227	0.558037	0.0309862	1.53603	0.0570552	2.98677e-05
10031	1	100	47	500	0.512887	0.498809	0.429966	0.0688429	0.0140788	0.558025	0.0342268	1.53846	0.0650499	3.17767e-05
10032	1	100	50	500	0.519734	0.500676	0.429826	0.0708505	0.0190581	0.55777	0.0349563	1.53871	0.0602874	3.17931e-05
10033	1	100	43	500	0.519655	0.500095	0.426918	0.0731764	0.0195602	0.557577	0.0359113	1.53729	0.0641482	3.25535e-05
10034	1	100	43	500	0.525037	0.505828	0.434159	0.0716694	0.0192093	0.554056	0.0340499	1.54465	0.0622526	3.19678e-05
10035	1	100	47	500	0.525375	0.507128	0.432778	0.0743493	0.0182472	0.553629	0.0328094	1.54806	0.06448	3.23371e-05
10036	1	100	44	500	0.524492	0.505059	0.429109	0.0759501	0.0194326	0.554429	0.0375671	1.5417	0.0667306	3.2321e-05
10037	1	100	50	500	0.537834	0.510599	0.423668	0.0869311	0.0272346	0.552359	0.0360413	1.54753	0.0708728	3.43569e-05
10038	1	100	43	500	0.540099	0.51682	0.432951	0.0838691	0.0232789	0.548043	0.0331408	1.5566	0.0660943	3.40616e-05
10039	1	100	39	500	0.548137	0.519843	0.433947	0.0858956	0.0282943	0.54554	0.0329129	1.55869	0.067629	3.43754e-05
10040	1	100	51	500	0.55592	0.52293	0.436577	0.0863526	0.0329898	0.54514	0.0327474	1.55737	0.0658551	3.44288e-05
10041	1	100	47	500	0.5519	0.521439	0.431888	0.089551	0.0304604	0.544781	0.0328544	1.56031	0.0694607	3.61056e-05
10042	1	100	47	500	0.553736	0.524429	0.425536	0.0988938	0.0293061	0.542425	0.0377012	1.56061	0.0803985	3.77614e-05
10043	1	100	49	500	0.56643	0.529006	0.433583	0.0954229	0.0374237	0.540283	0.0334211	1.56473	0.0747767	3.73345e-05
10044	1	100	45	500	0.563077	0.528746	0.440198	0.0885479	0.0343318	0.539401	0.0285499	1.5671	0.0725966	3.66062e-05
10045	1	100	47	500	0.573096	0.535525	0.441083	0.0944425	0.0375705	0.536355	0.0263286	1.57212	0.0706001	3.81761e-05
10046	1	100	48	500	0.570198	0.53591	0.440673	0.0952377	0.0342875	0.534761	0.0308201	1.57111	0.0781833	3.849e-05
10047	1	100	56	500	0.57896	0.539796	0.442425	0.0973708	0.0391642	0.53356	0.027248	1.57598	0.0799211	3.89903e-05
10048	1	100	58	500	0.586517	0.542806	0.441755	0.101051	0.0437108	0.532554	0.0281998	1.57735	0.0758096	3.94669e-05
10049	1	100	55	500	0.574536	0.540933	0.443044	0.097889	0.0336023	0.532189	0.0294228	1.57773	0.0791844	3.93253e-05
10050	1	100	54	500	0.583743	0.544523	0.440079	0.104444	0.0392202	0.531616	0.0297642	1.58376	0.0796114	4.02884e-05
10051	1	100	54	500	0.579456	0.54641	0.438942	0.107468	0.0330452	0.530398	0.0272257	1.59183	0.077863	4.15766e-05
10052	1	100	54	500	0.578537	0.54862	0.439794	0.108827	0.0299163	0.528215	0.0319391	1.59467	0.0901312	4.17546e-05
10053	1	100	48	500	0.582495	0.548455	0.440298	0.108157	0.03404	0.527852	0.0300985	1.58984	0.0847678	4.19758e-05
10054	1	100	55	500	0.58756	0.548111	0.439182	0.108928	0.039449	0.529839	0.030158	1.58828	0.0791328	4.20233e-05
10055	1	100	54	500	0.592492	0.550601	0.439322	0.111279	0.0418911	0.529007	0.0301946	1.5896	0.0809885	4.20312e-05
10056	1	100	56	500	0.583771	0.551336	0.437795	0.113541	0.0324348	0.527715	0.0296788	1.59743	0.0801096	4.27961e-05
10057	1	100	54	500	0.58283	0.551793	0.440092	0.111701	0.0310377	0.527174	0.0284628	1.60236	0.0791877	4.31005e-05
10058	1	100	48	500	0.584766	0.553307	0.441606	0.111701	0.0314593	0.52588	0.0294902	1.60735	0.0881517	4.35206e-05
10059	1	100	44	500	0.253597	0.214252	0.0987026	0.115549	0.0393456	0.799586	0.0419241	1.19518	0.0608766	4.39044e-05
10060	1	100	45	500	0.257653	0.219536	0.10193	0.117605	0.038117	0.794156	0.042352	1.20407	0.0613169	4.44921e-05
10061	1	100	50	500	0.269472	0.224443	0.102934	0.121509	0.0450293	0.791444	0.0473559	1.2034	0.0664575	4.46429e-05
10062	1	100	48	500	0.264707	0.223192	0.10222	0.120972	0.0415146	0.79272	0.0430185	1.20411	0.058706	4.53344e-05
10063	1	100	41	500	0.267591	0.22697	0.105022	0.121948	0.0406206	0.788889	0.0435031	1.20826	0.0615171	4.53134e-05
10064	1	100	48	500	0.272752	0.229399	0.107379	0.12202	0.0433521	0.786882	0.0465867	1.21016	0.0643632	4.53242e-05
10065	1	100	43	500	0.258615	0.22542	0.106236	0.119184	0.0331951	0.789436	0.0409031	1.21182	0.058795	4.56713e-05
10066	1	100	46	500	0.25597	0.22638	0.108355	0.118026	0.0295902	0.788942	0.0392696	1.21655	0.0573607	4.54063e-05
10067	1	100	51	500	0.265059	0.230329	0.112504	0.117824	0.0347308	0.786854	0.0379233	1.22014	0.0545427	4.50241e-05
10068	1	100	48	500	0.268634	0.231515	0.113276	0.118239	0.0371193	0.785408	0.0405121	1.21951	0.0583992	4.51535e-05
10069	1	100	52	500	0.278949	0.236561	0.117916	0.118645	0.0423875	0.780791	0.0421301	1.22041	0.0634754	4.49741e-05
10070	1	100	54	500	0.284496	0.241368	0.125444	0.115924	0.0431282	0.777075	0.0386516	1.22633	0.05801	4.37012e-05
10071	1	100	48	500	0.286673	0.241357	0.123655	0.117702	0.0453163	0.776186	0.0448322	1.22286	0.0675644	4.43424e-05
10072	1	100	51	500	0.298722	0.246936	0.12947	0.117466	0.0517864	0.773479	0.039179	1.22837	0.0571734	4.37114e-05
10073	1	100	54	500	0.290785	0.244008	0.126991	0.117017	0.0467768	0.775855	0.0404889	1.22777	0.0556073	4.40867e-05
10074	1	100	57	500	0.294525	0.246681	0.13167	0.115011	0.0478443	0.773522	0.0383486	1.23021	0.0568182	4.37421e-05
10075	1	100	53	500	0.301642	0.249255	0.134102	0.115153	0.052387	0.771381	0.0421755	1.22915	0.0606323	4.3494e-05
10076	1	100	58	500	0.307145	0.252478	0.138582	0.113896	0.0546672	0.768422	0.0456712	1.22919	0.0628785	4.3278e-05
10077	1	100	45	500	0.315568	0.255984	0.144631	0.111353	0.0595845	0.765695	0.0465368	1.22996	0.0639266	4.24485e-05
10078	1	100	48	500	0.313346	0.254268	0.140609	0.113659	0.0590783	0.768023	0.0399569	1.2315	0.0564005	4.30378e-05
10079	1	100	57	500	0.316976	0.257527	0.150652	0.106875	0.0594488	0.76447	0.0428447	1.23522	0.0598475	4.15556e-05
10080	1	100	52	500	0.308286	0.25572	0.149653	0.106067	0.0525661	0.765033	0.0417679	1.23601	0.0598611	4.17235e-05
10081	1	100	57	500	0.311066	0.256192	0.147152	0.10904	0.0548734	0.765153	0.0422203	1.23516	0.0604923	4.27092e-05
10082	1	100	45	500	0.307352	0.257311	0.156002	0.101308	0.0500406	0.762963	0.0373378	1.23953	0.0565991	4.13274e-05
10083	1	100	50	500	0.307888	0.258147	0.159252	0.0988951	0.0497412	0.761559	0.049306	1.23888	0.0750207	4.10103e-05
10084	1	100	48	500	0.30972	0.260325	0.164075	0.0962505	0.0493948	0.761696	0.0376703	1.24352	0.0571052	4.00099e-05
10085	1	100	56	500	0.305168	0.262001	0.173559	0.0884422	0.0431664	0.758146	0.0549759	1.24607	0.0855262	3.87733e-05
10086	1	100	53	500	0.303172	0.263381	0.178892	0.0844889	0.0397902	0.759495	0.0345938	1.25484	0.0478693	3.81072e-05
10087	1	100	52	500	0.30341	0.264578	0.182987	0.0815912	0.038832	0.758624	0.0336416	1.25673	0.0470486	3.76267e-05
10088	1	100	57	500	0.314545	0.269898	0.192952	0.0769458	0.0446467	0.753777	0.0422926	1.25812	0.0640342	3.62515e-05
10089	1	100	55	500	0.309067	0.267896	0.186386	0.0815109	0.0411703	0.753537	0.043691	1.25512	0.0680817	3.6921e-05
10090	1	100	55	500	0.315215	0.272939	0.198251	0.074688	0.0422755	0.750643	0.0319898	1.26243	0.0498367	3.45049e-05
10091	1	100	64	500	0.320338	0.274221	0.199376	0.074845	0.0461168	0.751126	0.031684	1.26345	0.0454267	3.42892e-05
10092	1	100	53	500	0.322143	0.275049	0.20243	0.0726186	0.0470939	0.750316	0.0303118	1.26297	0.0446996	3.36079e-05
10093	1	100	55	500	0.315384	0.273755	0.202328	0.0714272	0.0416287	0.750434	0.0314018	1.26453	0.0458317	3.36532e-05
10094	1	100	54	500	0.314988	0.276152	0.211551	0.064602	0.0388355	0.748669	0.0284952	1.26936	0.0411582	3.20933e-05
10095	1	100	57	500	0.316727	0.278722	0.217243	0.0614782	0.0380059	0.74625	0.0285719	1.27331	0.042898	3.15301e-05
10096	1	100	62	500	0.310648	0.278914	0.218553	0.0603602	0.0317348	0.745631	0.0278414	1.27672	0.0436236	3.17068e-05
10097	1	100	59	500	0.302581	0.276734	0.22542	0.051314	0.0258472	0.74734	0.0256426	1.27877	0.0377437	3.01028e-05
10098	1	100	57	500	0.303408	0.277188	0.223957	0.0532305	0.0262201	0.746134	0.0345907	1.2765	0.0552911	3.11719e-05
10099	1	100	57	500	0.308916	0.27885	0.229607	0.0492433	0.0300653	0.745506	0.0277797	1.27808	0.0439153	3.00925e-05
10100	1	100	47	500	0.304287	0.28149	0.236943	0.0445475	0.0227965	0.743063	0.0249661	1.28347	0.0375701	2.79847e-05
10101	1	100	54	500	0.309848	0.281628	0.233202	0.0484261	0.0282202	0.744147	0.0282791	1.28152	0.0430068	2.9233e-05
