Generation	PopulationID	SampleSize	UniqueMutations	PopulationSize	totalLoad	RelzLoad	RelzLoadHomo	RelzLoadHetero	MskLoad	MeanFitness	SdFitness	MeanFitnessCached	SdFitnessCached	Heterozygosity	
10001	1	100	60	500	0.134901	0.104068	0.0832607	0.0208069	0.0308332	0.896686	0.0241705	1.07496	0.0278154	3.87199e-05
10002	1	100	41	500	0.13408	0.101851	0.0846331	0.0172176	0.0322298	0.9009	0.0192433	1.07327	0.0209442	3.72103e-05
10003	1	100	35	500	0.158802	0.109216	0.0844034	0.0248128	0.0495858	0.895731	0.0236912	1.07278	0.0289533	4.18511e-05
10004	1	100	31	500	0.158663	0.110454	0.0861176	0.0243362	0.0482088	0.893857	0.0280532	1.07516	0.0300418	4.18022e-05
10005	1	100	28	500	0.156863	0.108063	0.0861306	0.0219321	0.0488005	0.893881	0.0539628	1.06681	0.0642739	3.99129e-05
10006	1	100	21	500	0.175455	0.111072	0.0869936	0.0240783	0.0643829	0.899499	0.0275794	1.06051	0.0299683	3.9604e-05
10007	1	100	19	500	0.193029	0.114658	0.0831938	0.0314638	0.0783712	0.897022	0.0314699	1.05231	0.0363641	3.97564e-05
10008	1	100	18	500	0.178199	0.108647	0.0844866	0.0241603	0.069552	0.89926	0.0286638	1.05713	0.0355414	3.94364e-05
10009	1	100	15	500	0.163073	0.101437	0.0784602	0.0229763	0.0616367	0.903764	0.0290586	1.06018	0.0319401	3.79449e-05
10010	1	100	13	500	0.174961	0.105502	0.0803576	0.0251448	0.0694584	0.900769	0.0324173	1.05633	0.0389853	3.84814e-05
10011	1	100	13	500	0.130989	0.0931215	0.076159	0.0169625	0.0378671	0.908916	0.0262706	1.06663	0.0294626	3.85131e-05
10012	1	100	13	500	0.135516	0.0938774	0.0745099	0.0193674	0.0416388	0.904465	0.064148	1.05707	0.0726386	3.90106e-05
10013	1	100	11	500	0.125308	0.09291	0.0776022	0.0153079	0.0323977	0.910023	0.0225078	1.06857	0.0276036	3.87227e-05
10014	1	100	9	500	0.138204	0.0993059	0.0850852	0.0142207	0.0388981	0.904737	0.0237896	1.06913	0.0282786	3.87776e-05
10015	1	100	8	500	0.141315	0.099575	0.0839444	0.0156306	0.0417398	0.905535	0.0256656	1.06829	0.0278138	3.9501e-05
10016	1	100	8	500	0.152674	0.103421	0.0854539	0.0179672	0.0492527	0.897472	0.0665043	1.05755	0.0766796	3.98408e-05
10017	1	100	10	500	0.162591	0.108282	0.09013	0.0181518	0.0543088	0.890605	0.0816664	1.05198	0.0945582	3.73939e-05
10018	1	100	10	500	0.155043	0.106603	0.0924311	0.0141718	0.0484403	0.892848	0.0682246	1.06068	0.0807387	3.47939e-05
10019	1	100	8	500	0.128088	0.0956554	0.0839253	0.01173	0.0324325	0.907463	0.0222811	1.07438	0.024784	3.49163e-05
10020	1	100	9	500	0.129975	0.0939504	0.0787635	0.0151869	0.0360244	0.909205	0.0223184	1.07027	0.0274719	3.62351e-05
10021	1	100	8	500	0.13653	0.0939032	0.0748365	0.0190667	0.042627	0.910205	0.0269436	1.06574	0.027729	3.6135e-05
10022	1	100	8	500	0.131128	0.0941106	0.0789753	0.0151353	0.0370179	0.909143	0.0196221	1.07099	0.0266798	3.21405e-05
10023	1	100	9	500	0.11031	0.0887071	0.0777619	0.0109452	0.0216029	0.911762	0.0194087	1.07515	0.0261084	3.1039e-05
10024	1	100	10	500	0.0938304	0.0834815	0.0734701	0.0100114	0.0103489	0.917427	0.0156233	1.07679	0.0200219	2.78234e-05
10025	1	100	14	500	0.0952104	0.0875258	0.0820188	0.00550701	0.00768463	0.912917	0.011536	1.08303	0.0147428	2.58296e-05
10026	1	100	12	500	0.0972278	0.0868917	0.0801811	0.00671062	0.0103361	0.913476	0.0134743	1.08095	0.0169785	2.52172e-05
10027	1	100	9	500	0.0959065	0.0862608	0.0793532	0.0069076	0.00964571	0.914006	0.013309	1.08062	0.0162764	2.77675e-05
10028	1	100	12	500	0.0979452	0.0858796	0.0766854	0.00919422	0.0120655	0.914907	0.0154478	1.07871	0.0183483	3.01799e-05
10029	1	100	13	500	0.104707	0.0886712	0.0797595	0.00891176	0.016036	0.912368	0.0151556	1.07906	0.0172061	3.15021e-05
10030	1	100	14	500	0.109454	0.0913697	0.0834255	0.00794416	0.0180843	0.908869	0.0130023	1.07942	0.01949	3.42223e-05
10031	1	100	11	500	0.106681	0.0909596	0.0840384	0.00692119	0.0157218	0.910134	0.0140155	1.08176	0.0145111	3.27891e-05
10032	1	100	13	500	0.0916514	0.0854743	0.0793986	0.00607573	0.00617712	0.914785	0.0122618	1.0811	0.0168862	3.2062e-05
10033	1	100	12	500	0.0899952	0.0852791	0.0799987	0.00528045	0.00471611	0.914695	0.0115953	1.08188	0.0165449	2.71978e-05
10034	1	100	11	500	0.0899411	0.0843763	0.0776359	0.00674034	0.00556487	0.915891	0.0130788	1.08028	0.0173497	2.60684e-05
10035	1	100	11	500	0.0899192	0.0817706	0.0712544	0.0105162	0.0081486	0.919073	0.0157993	1.07578	0.0209927	2.96901e-05
10036	1	100	13	500	0.0928364	0.0838475	0.0748065	0.00904092	0.00898898	0.916667	0.0155085	1.0778	0.0203017	2.6095e-05
10037	1	100	9	500	0.0945996	0.0863841	0.079834	0.00655006	0.00821555	0.914188	0.0128797	1.08031	0.0167309	2.43609e-05
10038	1	100	11	500	0.10388	0.0871315	0.0772146	0.00991684	0.0167482	0.913174	0.0205034	1.07602	0.0236725	2.56357e-05
10039	1	100	9	500	0.0931994	0.0867488	0.0816754	0.00507332	0.00645062	0.912663	0.013918	1.08101	0.0172527	2.3618e-05
10040	1	100	12	500	0.0925184	0.0883938	0.0861477	0.00224611	0.00412461	0.911919	0.00671907	1.08525	0.0088558	2.25602e-05
10041	1	100	11	500	0.0935115	0.0877822	0.084121	0.00366123	0.00572934	0.912321	0.00883808	1.08345	0.0120835	2.40501e-05
10042	1	100	10	500	0.0949814	0.0886141	0.0853818	0.00323232	0.00636721	0.911347	0.00920524	1.0841	0.0116124	2.47501e-05
10043	1	100	11	500	0.0951453	0.0878693	0.0835719	0.00429743	0.00727603	0.912477	0.00960788	1.08305	0.0121976	2.51717e-05
10044	1	100	8	500	0.0917594	0.08727	0.0839187	0.00335125	0.00448939	0.913004	0.00878352	1.08426	0.0116585	2.35011e-05
10045	1	100	11	500	0.0916569	0.0867707	0.0827972	0.00397353	0.00488624	0.913204	0.0088502	1.08381	0.0134854	2.28711e-05
10046	1	100	10	500	0.0929219	0.0849386	0.0761055	0.00883304	0.00798338	0.915609	0.0148	1.07957	0.018967	2.78578e-05
10047	1	100	11	500	0.0927701	0.0850792	0.077884	0.00719519	0.0076909	0.914792	0.0127921	1.07945	0.0214259	2.77451e-05
10048	1	100	12	500	0.0948259	0.0881988	0.0844741	0.00372472	0.00662708	0.911455	0.0128941	1.08281	0.0156348	2.46907e-05
10049	1	100	12	500	0.0930492	0.08785	0.0848251	0.0030249	0.00519922	0.912142	0.00836371	1.08437	0.0107915	2.07437e-05
10050	1	100	9	500	0.00817819	0.00213101	0.000612828	0.00151818	0.00604718	0.998168	0.00407495	0.998283	0.00411441	2.10992e-05
10051	1	100	7	500	0.00609454	0.0015155	0.000363653	0.00115185	0.00457904	0.998632	0.00377027	0.998752	0.00379115	2.11185e-05
10052	1	100	8	500	0.0059272	0.00148756	0.000369161	0.0011184	0.00443964	0.998216	0.0045586	0.998559	0.00465673	2.13914e-05
10053	1	100	8	500	0.00773524	0.00219291	0.000623439	0.00156947	0.00554232	0.997946	0.00542462	0.998522	0.00552879	2.39961e-05
10054	1	100	8	500	0.00932515	0.00249844	0.000783976	0.00171447	0.00682671	0.996667	0.012064	0.997009	0.0120817	2.29045e-05
10055	1	100	11	500	0.0140845	0.00526599	0.00119384	0.00407215	0.00881847	0.993364	0.0193251	0.99718	0.0201031	2.28511e-05
10056	1	100	8	500	0.0122633	0.00503505	0.000833228	0.00420183	0.00722821	0.99514	0.0125011	1.00012	0.0113626	2.1592e-05
10057	1	100	10	500	0.021711	0.00733131	0.00127226	0.00605905	0.0143797	0.993183	0.014987	0.998219	0.0158511	2.26895e-05
10058	1	100	10	500	0.0247179	0.00886253	0.00182839	0.00703413	0.0158554	0.992269	0.0158813	0.998615	0.0169998	1.91859e-05
10059	1	100	13	500	0.0237075	0.00880407	0.00200793	0.00679614	0.0149034	0.990527	0.0230432	0.996972	0.0242421	1.83371e-05
10060	1	100	11	500	0.0264891	0.0100749	0.00218741	0.00788747	0.0164142	0.99122	0.0160146	0.999058	0.017512	2.27653e-05
10061	1	100	13	500	0.0266651	0.00927592	0.00206419	0.00721172	0.0173892	0.991727	0.0183145	0.997585	0.0184309	2.0434e-05
10062	1	100	10	500	0.0240175	0.00875025	0.00196597	0.00678429	0.0152673	0.990544	0.0240402	0.996767	0.0241308	2.1716e-05
10063	1	100	11	500	0.023014	0.00732089	0.00163285	0.00568804	0.0156932	0.991904	0.0203543	0.995488	0.0207397	2.2806e-05
10064	1	100	9	500	0.0143643	0.00538785	0.00103355	0.0043543	0.00897643	0.994806	0.0127433	0.999343	0.0132057	2.10541e-05
10065	1	100	11	500	0.0133927	0.00597225	0.000850298	0.00512196	0.00742042	0.994366	0.013702	1.00106	0.0138749	1.98003e-05
10066	1	100	13	500	0.00812205	0.00382044	0.000358285	0.00346216	0.00430161	0.996127	0.0115725	1.00121	0.0108762	2.14841e-05
10067	1	100	12	500	0.00620481	0.00264568	0.000298259	0.00234742	0.00355914	0.997353	0.00944236	1.00029	0.00775365	2.21227e-05
10068	1	100	11	500	0.00508345	0.00396586	0.000254061	0.0037118	0.00111759	0.995504	0.0137476	1.00253	0.0129305	2.21166e-05
10069	1	100	14	500	0.00874986	0.00605691	0.000355989	0.00570092	0.00269295	0.99378	0.0196888	1.00426	0.0168268	1.99146e-05
10070	1	100	12	500	0.0131504	0.00843765	0.000727905	0.00770975	0.00471276	0.991504	0.0193109	1.00542	0.0181325	2.14679e-05
10071	1	100	15	500	0.0156638	0.0113142	0.00115812	0.0101561	0.00434959	0.988795	0.0220027	1.00872	0.0204749	2.28874e-05
10072	1	100	13	500	0.0214545	0.0175437	0.00289412	0.0146496	0.00391083	0.982438	0.0296419	1.01433	0.025601	2.6925e-05
10073	1	100	13	500	0.0286324	0.0251398	0.00592676	0.0192131	0.00349257	0.975283	0.0292177	1.02197	0.0266874	2.95985e-05
10074	1	100	9	500	0.0312245	0.02786	0.007245	0.020615	0.00336444	0.972395	0.0334582	1.02406	0.0289318	3.02103e-05
10075	1	100	13	500	0.0354125	0.0310379	0.00890657	0.0221314	0.0043746	0.968618	0.0362718	1.02597	0.0307907	3.18154e-05
10076	1	100	10	500	0.0426276	0.0383236	0.0132645	0.0250591	0.00430405	0.961558	0.0402544	1.03199	0.034017	3.17315e-05
10077	1	100	11	500	0.0510993	0.0452048	0.0180957	0.0271092	0.00589442	0.955061	0.0414619	1.03709	0.032802	3.24649e-05
10078	1	100	13	500	0.048781	0.0445506	0.0176027	0.0269479	0.00423045	0.955942	0.0373854	1.03778	0.0311675	3.19011e-05
10079	1	100	10	500	0.0406156	0.0367749	0.0121809	0.024594	0.00384066	0.963711	0.0356844	1.03191	0.0301049	3.05776e-05
10080	1	100	11	500	0.0439584	0.0375927	0.0116615	0.0259312	0.00636569	0.963247	0.0358211	1.03181	0.0299404	3.08399e-05
10081	1	100	8	500	0.0517863	0.0434721	0.0161186	0.0273535	0.00831414	0.956397	0.0380853	1.03619	0.0303827	3.21672e-05
10082	1	100	11	500	0.0498684	0.0427044	0.0143855	0.0283189	0.007164	0.957617	0.0417634	1.03521	0.034376	3.15729e-05
10083	1	100	8	500	0.0664101	0.0548826	0.0244053	0.0304773	0.0115275	0.94556	0.0396102	1.04279	0.0352925	3.31967e-05
10084	1	100	8	500	0.0619798	0.0542459	0.0252847	0.0289612	0.00773393	0.945862	0.0427831	1.04404	0.0348651	3.31888e-05
10085	1	100	7	500	0.0646397	0.0550603	0.0256087	0.0294517	0.00957934	0.945737	0.041152	1.04476	0.0351318	3.2934e-05
10086	1	100	7	500	0.0731627	0.0619468	0.0318932	0.0300536	0.0112159	0.938492	0.0435659	1.04849	0.0369296	3.35956e-05
10087	1	100	8	500	0.0671929	0.0592749	0.0300166	0.0292582	0.00791798	0.940946	0.0452083	1.04852	0.0371943	3.40244e-05
10088	1	100	8	500	0.0572908	0.0525641	0.0244075	0.0281565	0.00472672	0.948019	0.040262	1.04536	0.0336152	3.30386e-05
10089	1	100	6	500	0.0519433	0.0478245	0.0204	0.0274245	0.00411882	0.952676	0.0358381	1.04217	0.0311119	3.27373e-05
10090	1	100	8	500	0.0623935	0.0591375	0.0310721	0.0280655	0.00325598	0.941454	0.0415416	1.05155	0.0337357	3.33182e-05
10091	1	100	8	500	0.0592234	0.0562588	0.0282838	0.0279751	0.00296458	0.944416	0.0374962	1.04965	0.0309487	3.29618e-05
10092	1	100	8	500	0.0576765	0.0548054	0.0269087	0.0278967	0.00287111	0.945614	0.0412536	1.0482	0.0339672	3.3188e-05
10093	1	100	10	500	0.065881	0.0626805	0.0346564	0.0280241	0.00320045	0.937785	0.0406476	1.05377	0.0313994	3.52011e-05
10094	1	100	10	500	0.0578815	0.0544922	0.0264912	0.028001	0.00338931	0.945992	0.0404036	1.04766	0.0328437	3.3421e-05
10095	1	100	9	500	0.0510538	0.0474457	0.0201881	0.0272576	0.00360815	0.953227	0.037433	1.042	0.031564	3.34605e-05
10096	1	100	7	500	0.0471983	0.0433189	0.0168493	0.0264697	0.00387932	0.95708	0.0392939	1.03797	0.0324437	3.35865e-05
10097	1	100	9	500	0.0529418	0.0479278	0.0203187	0.027609	0.00501403	0.952421	0.0407897	1.04105	0.0328579	3.42637e-05
10098	1	100	9	500	0.0534692	0.0455113	0.0177816	0.0277297	0.00795787	0.954966	0.0393864	1.03776	0.0329138	3.37136e-05
10099	1	100	11	500	0.0557734	0.0458958	0.017712	0.0281838	0.00987763	0.954457	0.0417135	1.03697	0.0362661	3.24731e-05
10100	1	100	10	500	0.064965	0.0528736	0.0230965	0.0297771	0.0120914	0.948112	0.040912	1.04156	0.0338938	3.19581e-05
10101	1	100	10	500	0.0598034	0.051814	0.0230331	0.0287809	0.00798949	0.948808	0.0428905	1.04279	0.0364297	3.02658e-05
