Generation	PopulationID	SampleSize	UniqueMutations	PopulationSize	totalLoad	RelzLoad	RelzLoadHomo	RelzLoadHetero	MskLoad	MeanFitness	SdFitness	MeanFitnessCached	SdFitnessCached	Heterozygosity	
10001	1	100	59	500	0.304602	0.283174	0.249856	0.0333189	0.0214278	0.723621	0.0236492	1.27415	0.0356767	4.74321e-05
10002	1	100	44	500	0.305115	0.291822	0.248227	0.0435957	0.0132925	0.718862	0.0269183	1.29078	0.0402994	4.80039e-05
10003	1	100	37	500	0.301485	0.289261	0.247389	0.0418724	0.0122237	0.721044	0.0305156	1.28912	0.0438566	4.55811e-05
10004	1	100	35	500	0.30743	0.294564	0.252424	0.0421399	0.0128664	0.717053	0.0272623	1.29536	0.0425185	4.57928e-05
10005	1	100	31	500	0.306834	0.294607	0.258922	0.0356855	0.0122263	0.716115	0.0287699	1.2947	0.0459221	4.6112e-05
10006	1	100	34	500	0.321438	0.310262	0.266105	0.0441574	0.0111758	0.704606	0.0257614	1.31479	0.0450711	4.45573e-05
10007	1	100	34	500	0.332343	0.31529	0.271735	0.0435552	0.0170531	0.700304	0.0300472	1.31431	0.0523515	4.25815e-05
10008	1	100	32	500	0.332508	0.31047	0.258204	0.0522663	0.0220383	0.705682	0.0292998	1.30633	0.0435979	4.30877e-05
10009	1	100	26	500	0.312709	0.296735	0.25442	0.042315	0.0159742	0.715119	0.0279543	1.29531	0.042087	4.42534e-05
10010	1	100	30	500	0.316007	0.296851	0.253186	0.0436648	0.0191556	0.715275	0.0253766	1.29214	0.0416143	4.28267e-05
10011	1	100	29	500	0.315471	0.298622	0.254351	0.0442707	0.0168495	0.712518	0.0319253	1.29326	0.0535285	4.47151e-05
10012	1	100	26	500	0.318886	0.298786	0.261972	0.0368141	0.0200997	0.713424	0.0250871	1.2927	0.0422978	4.26255e-05
10013	1	100	20	500	0.0482994	0.0353929	0.00766373	0.0277292	0.0129065	0.965602	0.03165	1.02705	0.0310071	3.99146e-05
10014	1	100	22	500	0.0500979	0.0330853	0.00654782	0.0265375	0.0170126	0.968176	0.0339416	1.02176	0.0315621	3.89622e-05
10015	1	100	22	500	0.0437798	0.027424	0.00452026	0.0229038	0.0163558	0.97355	0.0311793	1.01685	0.0280452	3.8635e-05
10016	1	100	20	500	0.0314291	0.0216498	0.00306893	0.0185808	0.00977931	0.978686	0.031017	1.01514	0.0274934	3.63357e-05
10017	1	100	21	500	0.0347077	0.0264791	0.00485872	0.0216203	0.00822862	0.974232	0.0325378	1.02035	0.0303658	3.76227e-05
10018	1	100	21	500	0.0357622	0.0252162	0.00401555	0.0212006	0.010546	0.975134	0.030681	1.01753	0.0251432	3.65309e-05
10019	1	100	20	500	0.0398924	0.0267994	0.00427697	0.0225224	0.013093	0.97289	0.0299489	1.01668	0.0279331	3.91338e-05
10020	1	100	22	500	0.0336214	0.0260128	0.00437226	0.0216405	0.00760858	0.974265	0.0293893	1.02088	0.0282484	3.67873e-05
10021	1	100	23	500	0.0310499	0.0232707	0.00364962	0.0196211	0.00777922	0.976812	0.0289218	1.0178	0.0270485	3.53391e-05
10022	1	100	21	500	0.0234667	0.0199079	0.00269026	0.0172177	0.00355872	0.979771	0.0262064	1.01681	0.0253419	3.42149e-05
10023	1	100	19	500	0.0239724	0.0175627	0.00206621	0.0154965	0.00640966	0.982419	0.0277049	1.01326	0.0233456	3.52257e-05
10024	1	100	21	500	0.0235839	0.0191849	0.00239841	0.0167865	0.00439905	0.980927	0.0270917	1.0161	0.0257371	3.51467e-05
10025	1	100	20	500	0.0316503	0.0224196	0.00304445	0.0193751	0.00923073	0.977941	0.0295438	1.01668	0.02827	3.52554e-05
10026	1	100	22	500	0.0293391	0.0195492	0.00233681	0.0172124	0.00978985	0.980796	0.0277384	1.01363	0.0261459	3.47836e-05
10027	1	100	22	500	0.0274205	0.017986	0.00200281	0.0159832	0.00943445	0.982066	0.0253223	1.01235	0.0240459	3.481e-05
10028	1	100	22	500	0.0516787	0.0248018	0.00343659	0.0213652	0.0268769	0.976729	0.0342189	1.00862	0.0266223	3.65591e-05
10029	1	100	21	500	0.0506042	0.0236622	0.00328933	0.0203729	0.026942	0.977545	0.0329904	1.00736	0.0281931	3.76605e-05
10030	1	100	24	500	0.0821615	0.0342473	0.00687009	0.0273772	0.0479142	0.969792	0.0375731	1.00412	0.0302049	4.00618e-05
10031	1	100	26	500	0.121783	0.0469507	0.0138408	0.0331099	0.0748319	0.962774	0.0443656	0.995443	0.029174	4.22049e-05
10032	1	100	26	500	0.11104	0.0415365	0.0125138	0.0290227	0.0695034	0.960885	0.0812558	0.986633	0.0762741	4.05336e-05
10033	1	100	21	500	0.0757825	0.0255405	0.00545735	0.0200832	0.050242	0.971254	0.0790771	0.987425	0.0741775	3.81421e-05
10034	1	100	23	500	0.0886019	0.0297763	0.00776513	0.0220111	0.0588256	0.975051	0.03379	0.991923	0.0226386	4.15661e-05
10035	1	100	23	500	0.12504	0.0420841	0.013191	0.0288932	0.0829554	0.966407	0.0384433	0.985587	0.0255364	4.48556e-05
10036	1	100	21	500	0.119925	0.0398161	0.0121767	0.0276394	0.0801085	0.965985	0.0590762	0.98317	0.0520035	4.42246e-05
10037	1	100	20	500	0.125977	0.0418227	0.0132256	0.0285971	0.0841547	0.959671	0.0847982	0.976241	0.0790326	4.47751e-05
10038	1	100	23	500	0.124173	0.0396371	0.0118629	0.0277742	0.0845363	0.963915	0.0764989	0.977832	0.0687478	4.45241e-05
10039	1	100	23	500	0.143839	0.048168	0.0164168	0.0317512	0.0956708	0.960239	0.0674432	0.977476	0.0596883	4.45972e-05
10040	1	100	20	500	0.1427	0.0475532	0.0158257	0.0317275	0.0951469	0.964406	0.0393587	0.982687	0.0268355	4.38429e-05
10041	1	100	19	500	0.0903547	0.0274888	0.00648827	0.0210005	0.0628659	0.977468	0.0355024	0.988583	0.0229551	3.88708e-05
10042	1	100	22	500	0.0746848	0.022811	0.00476661	0.0180444	0.0518738	0.980326	0.0345658	0.991091	0.0227479	3.82812e-05
10043	1	100	21	500	0.086478	0.0249313	0.00499646	0.0199348	0.0615468	0.979131	0.0439797	0.988481	0.0340826	3.41546e-05
10044	1	100	24	500	0.120765	0.0364589	0.00964098	0.026818	0.0843057	0.97149	0.0471896	0.98346	0.0351279	3.96203e-05
10045	1	100	21	500	0.122804	0.0381873	0.0112088	0.0269785	0.0846167	0.970993	0.0508683	0.983131	0.0388252	3.9752e-05
10046	1	100	19	500	0.137366	0.040507	0.0107641	0.029743	0.0968585	0.968135	0.0566823	0.979445	0.0460297	3.95186e-05
10047	1	100	19	500	0.15239	0.0457444	0.0136617	0.0320826	0.106646	0.958752	0.120912	0.970148	0.107702	3.96162e-05
10048	1	100	19	500	0.273236	0.092822	0.0407015	0.0521205	0.180414	0.939805	0.0760789	0.955115	0.0619943	4.33185e-05
10049	1	100	18	500	0.211467	0.0677228	0.0256905	0.0420323	0.143744	0.949112	0.0912234	0.961918	0.0825121	4.10084e-05
10050	1	100	18	500	0.135012	0.0388533	0.0108065	0.0280468	0.0961585	0.964297	0.0787346	0.97284	0.0715495	3.62281e-05
10051	1	100	20	500	0.1299	0.0350033	0.00789112	0.0271122	0.0948966	0.96042	0.103092	0.966286	0.0971599	3.4497e-05
10052	1	100	19	500	0.0777957	0.020966	0.00438196	0.016584	0.0568297	0.982719	0.0428723	0.987309	0.0335368	3.35166e-05
10053	1	100	20	500	0.0754996	0.0191435	0.00345817	0.0156853	0.0563561	0.983153	0.0363711	0.986233	0.0308588	3.21219e-05
10054	1	100	19	500	0.079945	0.0208917	0.00501135	0.0158803	0.0590533	0.976226	0.0716115	0.97802	0.0686462	3.38734e-05
10055	1	100	18	500	0.0515313	0.0142532	0.00440991	0.00984325	0.0372781	0.986462	0.0352861	0.987455	0.0338837	3.29081e-05
10056	1	100	19	500	0.0560895	0.0157277	0.004505	0.0112227	0.0403618	0.984399	0.0333763	0.986571	0.0299397	3.67177e-05
10057	1	100	18	500	0.0164246	0.00595549	0.0031345	0.00282099	0.0104691	0.994205	0.0133113	0.994588	0.0114488	2.83026e-05
10058	1	100	12	500	0.0098453	0.00343518	0.00183265	0.00160253	0.00641012	0.995632	0.0104518	0.995663	0.0104618	2.60632e-05
10059	1	100	10	500	0.0095326	0.00326271	0.00169524	0.00156747	0.00626989	0.997734	0.00197583	0.997772	0.00200137	2.69929e-05
10060	1	100	15	500	0.0130852	0.00455862	0.00242699	0.00213163	0.00852653	0.995766	0.0104128	0.995817	0.0104088	3.04273e-05
10061	1	100	12	500	0.0278601	0.00719285	0.00202602	0.00516682	0.0206673	0.992846	0.0187273	0.992983	0.0187424	2.51356e-05
10062	1	100	13	500	0.0128319	0.00371359	0.00143401	0.00227958	0.00911831	0.99595	0.0100103	0.996122	0.00948584	2.33028e-05
10063	1	100	14	500	0.0242773	0.00648125	0.00195896	0.00452229	0.017796	0.994253	0.0151081	0.994574	0.0151438	2.81547e-05
10064	1	100	18	500	0.0431298	0.0108811	0.00276022	0.00812087	0.0322487	0.989704	0.0223117	0.989823	0.0223614	2.9038e-05
10065	1	100	18	500	0.049436	0.0122091	0.0029024	0.00930671	0.0372268	0.989	0.025042	0.988999	0.025042	2.94461e-05
10066	1	100	20	500	0.0537526	0.0132204	0.00308741	0.010133	0.0405322	0.987463	0.0279913	0.987463	0.0279913	3.23287e-05
10067	1	100	18	500	0.0634726	0.0160802	0.00423205	0.0118481	0.0473925	0.979379	0.0513101	0.979379	0.0513101	3.31887e-05
10068	1	100	20	500	0.0641567	0.0159028	0.00383926	0.0120635	0.048254	0.985154	0.0298864	0.985465	0.0300294	3.1096e-05
10069	1	100	13	500	0.0494386	0.0126425	0.00344349	0.00919901	0.0367961	0.989273	0.026024	0.989285	0.0260287	2.96312e-05
10070	1	100	15	500	0.079147	0.0204576	0.0057852	0.0146724	0.0586894	0.983118	0.0340948	0.983118	0.0340947	3.04645e-05
10071	1	100	15	500	0.0858249	0.0224759	0.00663864	0.0158373	0.063349	0.981058	0.0361306	0.981226	0.0362139	3.49317e-05
10072	1	100	15	500	0.138603	0.0403254	0.0157559	0.0245695	0.0982779	0.971352	0.0442884	0.971352	0.0442884	3.99384e-05
10073	1	100	17	500	0.158662	0.0478287	0.0201204	0.0277083	0.110833	0.965709	0.046191	0.965759	0.046227	4.03245e-05
10074	1	100	15	500	0.0968127	0.0267587	0.00924523	0.0175135	0.070054	0.980067	0.0383384	0.980067	0.0383384	3.92866e-05
10075	1	100	14	500	0.0866435	0.0233366	0.00750984	0.0158267	0.063307	0.98141	0.0358217	0.981454	0.0358422	3.81436e-05
10076	1	100	18	500	0.0684465	0.018459	0.00596218	0.0124969	0.0499875	0.983063	0.0317781	0.983091	0.0317908	3.92252e-05
10077	1	100	16	500	0.042193	0.0119514	0.00439104	0.00756039	0.0302416	0.99011	0.0212947	0.99011	0.0212947	3.82366e-05
10078	1	100	15	500	0.0483035	0.0138311	0.00521298	0.0086181	0.0344724	0.986949	0.0257648	0.987001	0.0257893	3.84574e-05
10079	1	100	15	500	0.0335956	0.00950892	0.00348726	0.00602166	0.0240867	0.991729	0.0180128	0.991806	0.0180398	3.83078e-05
10080	1	100	17	500	0.0504287	0.0134871	0.00425169	0.0092354	0.0369416	0.988009	0.0240132	0.988096	0.0240532	3.68087e-05
10081	1	100	13	500	0.0237497	0.0068662	0.00264532	0.00422088	0.0168835	0.993044	0.017209	0.993138	0.0171997	3.54355e-05
10082	1	100	12	500	0.0157628	0.00460711	0.00181818	0.00278893	0.0111557	0.996158	0.00679476	0.996158	0.00679476	3.32935e-05
10083	1	100	10	500	0.0144853	0.00442947	0.0019155	0.00251397	0.0100559	0.995876	0.00623087	0.996083	0.00633278	3.31256e-05
10084	1	100	9	500	0.0141376	0.00429893	0.00183925	0.00245967	0.00983869	0.996572	0.00544114	0.996584	0.00544705	3.2299e-05
10085	1	100	11	500	0.0135707	0.00414606	0.00178991	0.00235616	0.00942462	0.996045	0.00662031	0.996045	0.00662031	3.27541e-05
10086	1	100	10	500	0.0105943	0.00310269	0.00122979	0.0018729	0.0074916	0.997097	0.00533932	0.997298	0.00538888	2.85336e-05
10087	1	100	12	500	0.0109079	0.00324668	0.00133138	0.0019153	0.0076612	0.996904	0.00690228	0.996904	0.00690228	2.92135e-05
10088	1	100	11	500	0.01204	0.00404759	0.00192559	0.002122	0.00799244	0.996256	0.00759911	0.996502	0.00755336	3.59183e-05
10089	1	100	11	500	0.0171481	0.00525883	0.00228651	0.00297232	0.0118893	0.995689	0.00811176	0.995715	0.00812047	3.47176e-05
10090	1	100	13	500	0.0241078	0.00795548	0.0039174	0.00403808	0.0161523	0.993315	0.0115333	0.993315	0.0115333	3.57362e-05
10091	1	100	12	500	0.0173359	0.00675228	0.00410637	0.00264591	0.0105836	0.991595	0.0149316	0.991769	0.0149702	3.62016e-05
10092	1	100	11	500	0.0209851	0.00699732	0.00350038	0.00349694	0.0139878	0.993537	0.0114169	0.993537	0.0114169	3.31191e-05
10093	1	100	11	500	0.0180542	0.00643782	0.00353373	0.00290409	0.0116164	0.995118	0.00813049	0.995118	0.00813049	3.41028e-05
10094	1	100	13	500	0.0298156	0.00983029	0.00479992	0.00503038	0.0199853	0.989914	0.0164835	0.98999	0.0165065	3.18675e-05
10095	1	100	13	500	0.0347031	0.0108635	0.00490358	0.00595991	0.0238396	0.98908	0.0164276	0.98908	0.0164276	3.52637e-05
10096	1	100	12	500	0.0360088	0.0123118	0.00638753	0.00592425	0.023697	0.987919	0.0177166	0.988192	0.0178762	3.81601e-05
10097	1	100	13	500	0.0334105	0.0110316	0.00543688	0.00559473	0.0223789	0.991721	0.0121628	0.991721	0.0121628	4.01459e-05
10098	1	100	14	500	0.035192	0.0110899	0.00506443	0.00602552	0.0241021	0.990629	0.0133666	0.990701	0.0133402	4.08791e-05
10099	1	100	13	500	0.0234344	0.00732054	0.00329208	0.00402846	0.0161139	0.994739	0.00627508	0.994739	0.00627508	3.90616e-05
10100	1	100	14	500	0.0179911	0.00630807	0.00338732	0.00292075	0.011683	0.99379	0.0110924	0.994287	0.0112425	4.05332e-05
10101	1	100	9	500	0.0206018	0.00749654	0.00422021	0.00327633	0.0131053	0.995116	0.00459213	0.995116	0.00459214	3.96211e-05
