Generation	PopulationID	SampleSize	UniqueMutations	PopulationSize	totalLoad	RelzLoad	RelzLoadHomo	RelzLoadHetero	MskLoad	MeanFitness	SdFitness	MeanFitnessCached	SdFitnessCached	Heterozygosity	
10001	1	100	45	500	0.230306	0.209142	0.151472	0.0576702	0.0211638	0.800349	0.0335411	1.2043	0.0433791	2.14454e-05
10002	1	100	31	500	0.242288	0.212488	0.148075	0.0644122	0.0297999	0.799555	0.0365759	1.20408	0.0493212	2.18014e-05
10003	1	100	28	500	0.248136	0.220943	0.158565	0.0623782	0.0271926	0.792307	0.0341923	1.21533	0.0465891	2.05763e-05
10004	1	100	25	500	0.225794	0.211323	0.157278	0.0540451	0.0144709	0.799346	0.0310078	1.21176	0.0447778	2.02579e-05
10005	1	100	22	500	0.216018	0.201842	0.149188	0.0526547	0.0141756	0.807174	0.0317837	1.2004	0.041337	2.14769e-05
10006	1	100	20	500	0.206716	0.196054	0.146222	0.0498325	0.0106621	0.811242	0.0328191	1.19552	0.0411382	2.15217e-05
10007	1	100	19	500	0.202964	0.189393	0.140392	0.0490003	0.0135717	0.817437	0.0309296	1.18551	0.0383024	2.1118e-05
10008	1	100	17	500	0.203523	0.191087	0.140132	0.050955	0.0124354	0.815893	0.0210688	1.18903	0.0317815	2.16395e-05
10009	1	100	15	500	0.205784	0.194287	0.148585	0.0457023	0.0114965	0.812411	0.0257905	1.19285	0.0356448	2.08706e-05
10010	1	100	22	500	0.227899	0.197502	0.146393	0.051109	0.0303968	0.808963	0.0330538	1.18368	0.0544048	2.16383e-05
10011	1	100	17	500	0.23845	0.198562	0.144899	0.0536628	0.0398888	0.80994	0.0372686	1.17988	0.0569865	2.21734e-05
10012	1	100	18	500	0.24679	0.1991	0.131724	0.0673762	0.0476901	0.812639	0.0376347	1.17466	0.0564402	2.29358e-05
10013	1	100	21	500	0.240289	0.205186	0.141775	0.0634117	0.0351025	0.80405	0.0379202	1.18805	0.0611994	2.21881e-05
10014	1	100	18	500	0.221014	0.198533	0.146189	0.0523434	0.0224813	0.806229	0.0381737	1.18602	0.0584807	2.13283e-05
10015	1	100	24	500	0.237948	0.200774	0.149153	0.0516209	0.0371743	0.806459	0.0379255	1.18307	0.0584147	2.01131e-05
10016	1	100	18	500	0.225702	0.197839	0.153851	0.0439882	0.0278631	0.80854	0.0287613	1.18572	0.0474541	1.98497e-05
10017	1	100	17	500	0.208159	0.195388	0.153781	0.0416072	0.0127704	0.811665	0.0244326	1.19386	0.0319852	2.01005e-05
10018	1	100	17	500	0.211031	0.195428	0.149473	0.0459557	0.0156028	0.811846	0.0240646	1.19185	0.0320594	2.14204e-05
10019	1	100	21	500	0.213644	0.196073	0.150483	0.0455905	0.0175706	0.811352	0.0236452	1.19132	0.033149	2.25351e-05
10020	1	100	22	500	0.209625	0.193406	0.149708	0.0436978	0.0162193	0.813648	0.0234867	1.18963	0.037613	2.26451e-05
10021	1	100	18	500	0.218176	0.199095	0.154867	0.044228	0.0190806	0.808698	0.0214401	1.19405	0.0291905	2.20251e-05
10022	1	100	17	500	0.223721	0.20296	0.160495	0.0424652	0.0207613	0.805224	0.0189776	1.19757	0.0307465	2.11071e-05
10023	1	100	14	500	0.227552	0.20656	0.166291	0.0402684	0.0209924	0.801488	0.0241022	1.20111	0.0378935	2.12709e-05
10024	1	100	14	500	0.0696171	0.0549495	0.0141168	0.0408328	0.0146676	0.945956	0.0285677	1.04692	0.0282305	2.04057e-05
10025	1	100	12	500	0.0782732	0.0604419	0.0170472	0.0433947	0.0178313	0.939484	0.0299154	1.04783	0.0256345	2.03959e-05
10026	1	100	11	500	0.0797085	0.0613397	0.0183476	0.0429922	0.0183688	0.940683	0.0300098	1.05004	0.0273369	2.04958e-05
10027	1	100	10	500	0.0763493	0.0590862	0.0174436	0.0416426	0.0172631	0.943101	0.0327705	1.0459	0.0275169	2.09449e-05
10028	1	100	14	500	0.0868675	0.0664895	0.0216238	0.0448657	0.020378	0.934973	0.0349733	1.04923	0.0298269	2.07022e-05
10029	1	100	13	500	0.0865232	0.0668722	0.0218949	0.0449773	0.0196509	0.933352	0.0400127	1.04798	0.030747	2.04199e-05
10030	1	100	14	500	0.0748648	0.0600513	0.0180256	0.0420258	0.0148135	0.93994	0.0406211	1.04629	0.032202	2.03692e-05
10031	1	100	12	500	0.0861078	0.0678406	0.0231827	0.0446579	0.0182672	0.934851	0.0326648	1.05159	0.024984	2.03498e-05
10032	1	100	15	500	0.0890202	0.070043	0.024434	0.045609	0.0189773	0.929755	0.0446495	1.04897	0.0337802	1.99498e-05
10033	1	100	12	500	0.0944092	0.071998	0.0247128	0.0472852	0.0224112	0.932347	0.0302467	1.05512	0.0210966	1.96725e-05
10034	1	100	15	500	0.0868671	0.0666417	0.0207371	0.0459045	0.0202254	0.936666	0.0239338	1.05277	0.0193314	1.97463e-05
10035	1	100	14	500	0.0829498	0.0674262	0.0226658	0.0447604	0.0155236	0.934437	0.0316355	1.05416	0.0241903	2.00537e-05
10036	1	100	12	500	0.0845912	0.0667769	0.021906	0.0448709	0.0178143	0.935683	0.0317745	1.05073	0.0244702	2.02395e-05
10037	1	100	11	500	0.0847929	0.0678899	0.023025	0.044865	0.0169029	0.931831	0.0389312	1.04999	0.0301611	1.93193e-05
10038	1	100	13	500	0.0828186	0.0669154	0.0243505	0.0425649	0.0159033	0.936469	0.0219909	1.05486	0.0171792	1.89325e-05
10039	1	100	13	500	0.0897147	0.0710949	0.0275134	0.0435815	0.0186198	0.932819	0.0239326	1.05545	0.0166687	1.88675e-05
10040	1	100	11	500	0.0906867	0.0717928	0.026944	0.0448489	0.0188939	0.928517	0.0366999	1.05166	0.0291745	1.87298e-05
10041	1	100	14	500	0.0866442	0.0687725	0.0250041	0.0437684	0.0178717	0.933762	0.028673	1.05327	0.0214608	1.90683e-05
10042	1	100	13	500	0.0778872	0.0630132	0.0201466	0.0428666	0.014874	0.936566	0.0374834	1.04823	0.028712	2.06572e-05
10043	1	100	15	500	0.0810205	0.0660645	0.0245801	0.0414844	0.014956	0.936373	0.0242486	1.05487	0.0190779	1.97898e-05
10044	1	100	14	500	0.079326	0.0663642	0.0253504	0.0410138	0.0129618	0.935441	0.0206943	1.0564	0.0160994	1.88602e-05
10045	1	100	18	500	0.0765729	0.0647178	0.0245681	0.0401497	0.0118552	0.935127	0.0294739	1.05383	0.0237882	1.90209e-05
10046	1	100	18	500	0.0701935	0.0632506	0.024917	0.0383335	0.00694296	0.937415	0.0242693	1.05765	0.0237464	1.83421e-05
10047	1	100	15	500	0.0699549	0.0662164	0.0258561	0.0403603	0.00373843	0.934742	0.0225466	1.0622	0.0210179	1.81292e-05
10048	1	100	13	500	0.0713398	0.0652937	0.0228396	0.0424541	0.00604602	0.935778	0.0199001	1.06046	0.0178893	1.95205e-05
10049	1	100	16	500	0.0675744	0.0638585	0.0241571	0.0397014	0.00371591	0.937001	0.0188551	1.06017	0.017377	1.82034e-05
10050	1	100	11	500	0.0682603	0.0644013	0.0272411	0.0371602	0.00385899	0.93596	0.019341	1.05949	0.0178885	1.75423e-05
10051	1	100	14	500	0.0810656	0.0644657	0.0228435	0.0416222	0.0166	0.936629	0.0216562	1.05363	0.0233545	1.9677e-05
10052	1	100	12	500	0.0772663	0.0611602	0.0222796	0.0388807	0.0161061	0.940312	0.0227411	1.05037	0.0218125	2.04403e-05
10053	1	100	11	500	0.0768161	0.0595864	0.0221601	0.0374264	0.0172297	0.941556	0.0196107	1.04776	0.0236733	2.07276e-05
10054	1	100	13	500	0.084932	0.0640947	0.0234547	0.04064	0.0208372	0.937638	0.0213631	1.04998	0.0270779	2.04938e-05
10055	1	100	14	500	0.0860284	0.06546	0.0260323	0.0394278	0.0205684	0.93657	0.020803	1.05154	0.0251707	1.86531e-05
10056	1	100	13	500	0.0767608	0.0664537	0.0304341	0.0360196	0.0103071	0.934182	0.0234243	1.05771	0.0293537	1.76651e-05
10057	1	100	15	500	0.094711	0.0723684	0.0319174	0.040451	0.0223426	0.928942	0.0283091	1.05764	0.0367042	1.7732e-05
10058	1	100	10	500	0.114109	0.081252	0.033822	0.04743	0.0328568	0.920594	0.038309	1.06006	0.0464419	1.74151e-05
10059	1	100	12	500	0.11587	0.0824148	0.0329765	0.0494383	0.0334553	0.919855	0.0365863	1.06162	0.0472666	1.80821e-05
10060	1	100	17	500	0.106352	0.0805627	0.0334407	0.047122	0.0257892	0.921291	0.0396819	1.0643	0.0466374	1.83903e-05
10061	1	100	15	500	0.0894562	0.0766127	0.0311948	0.0454178	0.0128436	0.924535	0.0281292	1.06702	0.0313105	1.89512e-05
10062	1	100	11	500	0.10182	0.0781502	0.0299561	0.0481942	0.0236694	0.923436	0.033835	1.06286	0.0422005	1.94216e-05
10063	1	100	20	500	0.100786	0.0756441	0.0281771	0.047467	0.0251416	0.925974	0.0336095	1.0602	0.039069	1.95344e-05
10064	1	100	8	500	0.0726399	0.0705142	0.0299743	0.0405399	0.00212564	0.930597	0.0255113	1.06681	0.0255217	1.88015e-05
10065	1	100	12	500	0.0749184	0.0727066	0.0323769	0.0403298	0.00221184	0.928266	0.0221776	1.06852	0.0221659	1.84977e-05
10066	1	100	15	500	0.0772261	0.0748096	0.0305558	0.0442537	0.00241655	0.926538	0.0266532	1.07123	0.0270079	1.9729e-05
10067	1	100	11	500	0.0787908	0.0756808	0.0283388	0.0473421	0.00310999	0.925681	0.0283528	1.07225	0.0292852	2.02368e-05
10068	1	100	7	500	0.072811	0.0705384	0.0257955	0.0447429	0.00227266	0.930642	0.0295773	1.06706	0.0298449	2.05945e-05
10069	1	100	10	500	0.0720109	0.0691374	0.0248608	0.0442766	0.0028735	0.932203	0.0270021	1.06613	0.0266075	2.0822e-05
10070	1	100	11	500	0.0702615	0.0677776	0.0239194	0.0438582	0.00248395	0.933545	0.0337496	1.06475	0.0337432	2.08386e-05
10071	1	100	10	500	0.0750249	0.0724931	0.0280482	0.0444449	0.00253178	0.928333	0.0258607	1.06835	0.0246706	2.05349e-05
10072	1	100	15	500	0.077292	0.0733597	0.0305179	0.0428418	0.00393233	0.928051	0.028559	1.06871	0.0282665	2.02634e-05
10073	1	100	10	500	0.074966	0.0707202	0.0275637	0.0431565	0.00424575	0.930043	0.0252559	1.06531	0.0233348	2.04499e-05
10074	1	100	11	500	0.0754184	0.070742	0.0267137	0.0440283	0.0046764	0.929965	0.0295231	1.06536	0.0287016	2.09236e-05
10075	1	100	10	500	0.0712637	0.0681663	0.0266333	0.0415331	0.00309741	0.932089	0.0304511	1.06342	0.0280443	2.11707e-05
10076	1	100	13	500	0.0730422	0.0665867	0.0253461	0.0412407	0.00645551	0.934203	0.0273782	1.06038	0.0247658	2.13191e-05
10077	1	100	13	500	0.0929829	0.0759191	0.0287129	0.0472062	0.0170637	0.925809	0.0323372	1.06394	0.0324554	2.08108e-05
10078	1	100	13	500	0.0771754	0.0730031	0.0306777	0.0423254	0.00417231	0.928311	0.0278893	1.06811	0.0254383	2.12929e-05
10079	1	100	14	500	0.0779226	0.0701085	0.028611	0.0414975	0.00781417	0.930927	0.0283162	1.06298	0.0259496	2.09057e-05
10080	1	100	10	500	0.0774285	0.0739898	0.0338152	0.0401746	0.00343862	0.927387	0.027431	1.06841	0.0251866	1.98686e-05
10081	1	100	11	500	0.0801243	0.0771274	0.0405196	0.0366078	0.0029969	0.923967	0.0264087	1.07077	0.0236424	1.87686e-05
10082	1	100	12	500	0.0801261	0.0767578	0.0418142	0.0349436	0.00336827	0.924167	0.0255022	1.07004	0.0218216	1.88016e-05
10083	1	100	12	500	0.0936236	0.0881071	0.0494502	0.0386569	0.00551655	0.913527	0.0267954	1.07972	0.0230666	1.77402e-05
10084	1	100	13	500	0.0916518	0.0862932	0.049509	0.0367842	0.00535862	0.91508	0.0273089	1.0773	0.0229343	1.75154e-05
10085	1	100	13	500	0.099142	0.090662	0.0489352	0.0417268	0.00847997	0.911645	0.0272772	1.0798	0.0236074	1.82968e-05
10086	1	100	17	500	0.0989884	0.0905227	0.0482492	0.0422735	0.00846572	0.912036	0.0282977	1.08047	0.0247356	1.87101e-05
10087	1	100	15	500	0.0924181	0.0833864	0.042522	0.0408644	0.00903172	0.918299	0.031064	1.07333	0.0267797	1.93247e-05
10088	1	100	13	500	0.0935636	0.082897	0.0375255	0.0453715	0.0106666	0.919398	0.0324545	1.07257	0.0283857	2.08025e-05
10089	1	100	15	500	0.0880019	0.0796021	0.0371568	0.0424453	0.00839974	0.922032	0.0297348	1.07046	0.025114	2.0289e-05
10090	1	100	14	500	0.0887557	0.0805277	0.0384073	0.0421204	0.008228	0.921568	0.0306299	1.07181	0.0265887	2.05147e-05
10091	1	100	12	500	0.0929931	0.0822965	0.0334782	0.0488184	0.0106966	0.920423	0.0324934	1.07176	0.0287855	2.2161e-05
10092	1	100	13	500	0.0918879	0.0823097	0.0369078	0.0454019	0.00957829	0.919816	0.0337115	1.07202	0.0291986	2.12305e-05
10093	1	100	16	500	0.0958223	0.0863788	0.0421953	0.0441835	0.00944346	0.915337	0.0310991	1.07524	0.027313	2.06218e-05
10094	1	100	12	500	0.10041	0.0894466	0.0433185	0.046128	0.0109637	0.91348	0.0298177	1.07703	0.0266597	2.10316e-05
10095	1	100	11	500	0.096573	0.0864524	0.0421646	0.0442878	0.0101206	0.91614	0.0302455	1.07525	0.0263486	2.08871e-05
10096	1	100	11	500	0.0961714	0.0866671	0.0437191	0.042948	0.00950429	0.915369	0.0342746	1.07527	0.029544	2.0731e-05
10097	1	100	12	500	0.0995142	0.088642	0.0499304	0.0387116	0.0108722	0.913336	0.0280343	1.07632	0.0234741	1.95829e-05
10098	1	100	14	500	0.113288	0.0953075	0.059792	0.0355154	0.0179806	0.906989	0.0279491	1.07765	0.0230141	1.8114e-05
10099	1	100	16	500	0.117678	0.101491	0.0628553	0.0386353	0.0161873	0.901708	0.0274763	1.08476	0.0251921	1.84167e-05
10100	1	100	20	500	0.109743	0.0995028	0.0637547	0.0357481	0.0102403	0.902573	0.0206964	1.08447	0.0171215	1.79334e-05
10101	1	100	12	500	0.112025	0.101388	0.0626791	0.0387086	0.0106371	0.901976	0.0212825	1.08732	0.0184591	1.82949e-05
