Generation	PopulationID	SampleSize	UniqueMutations	PopulationSize	totalLoad	RelzLoad	RelzLoadHomo	RelzLoadHetero	MskLoad	MeanFitness	SdFitness	MeanFitnessCached	SdFitnessCached	Heterozygosity	
10001	1	100	51	500	0.0719733	0.0562374	0.0131134	0.043124	0.0157359	0.942168	0.059514	1.04433	0.0635118	3.65391e-05
10002	1	100	30	500	0.101952	0.0765585	0.0239237	0.0526348	0.0253931	0.924258	0.0636749	1.06161	0.0671763	3.61457e-05
10003	1	100	25	500	0.0911658	0.0711932	0.0225034	0.0486897	0.0199726	0.929933	0.0513723	1.05942	0.0528499	3.56639e-05
10004	1	100	28	500	0.108512	0.0848303	0.0305809	0.0542495	0.0236816	0.916635	0.0652458	1.0701	0.0710958	3.56319e-05
10005	1	100	25	500	0.122911	0.0957133	0.0367983	0.0589151	0.0271979	0.907126	0.0606315	1.07895	0.0690298	3.49567e-05
10006	1	100	22	500	0.113356	0.0955947	0.0420562	0.0535385	0.0177611	0.904038	0.0633112	1.0849	0.0686163	3.29075e-05
10007	1	100	21	500	0.107964	0.095389	0.0435552	0.0518338	0.0125752	0.904709	0.054423	1.08831	0.0587848	3.28215e-05
10008	1	100	18	500	0.116653	0.106219	0.0541454	0.0520735	0.0104341	0.894492	0.067418	1.09948	0.0702782	3.18141e-05
10009	1	100	20	500	0.141439	0.121947	0.067242	0.0547053	0.0194921	0.88025	0.0614403	1.10985	0.0633058	3.0906e-05
10010	1	100	18	500	0.139051	0.123409	0.0734853	0.0499239	0.0156413	0.877797	0.0564979	1.11306	0.05717	2.88759e-05
10011	1	100	20	500	0.129778	0.118067	0.0692206	0.0488462	0.0117112	0.882027	0.0560836	1.10906	0.0597584	2.90888e-05
10012	1	100	17	500	0.125237	0.118143	0.0723521	0.045791	0.00709359	0.882411	0.0625454	1.11236	0.0640472	2.86499e-05
10013	1	100	16	500	0.116481	0.108289	0.0602896	0.0479998	0.00819151	0.892488	0.0660812	1.10166	0.0676364	3.13056e-05
10014	1	100	17	500	0.104528	0.0984426	0.0503494	0.0480932	0.00608533	0.901856	0.0640553	1.0935	0.0646999	3.03656e-05
10015	1	100	15	500	0.105895	0.0999717	0.0518832	0.0480885	0.00592378	0.900565	0.0575979	1.09549	0.0583194	3.00407e-05
10016	1	100	15	500	0.116905	0.108466	0.0604597	0.0480068	0.0084388	0.892415	0.0644128	1.10158	0.0657732	3.00843e-05
10017	1	100	18	500	0.111381	0.0982764	0.0483881	0.0498883	0.0131047	0.903406	0.0598136	1.08808	0.0616295	3.11543e-05
10018	1	100	18	500	0.118233	0.103903	0.0538134	0.0500891	0.0143307	0.898083	0.0667486	1.09291	0.0701153	3.15854e-05
10019	1	100	20	500	0.112138	0.0930832	0.0421003	0.050983	0.0190547	0.909418	0.0617374	1.07792	0.0660382	3.28341e-05
10020	1	100	16	500	0.10539	0.0896932	0.039849	0.0498442	0.0156966	0.911068	0.0597429	1.07431	0.0685292	3.21799e-05
10021	1	100	14	500	0.114648	0.101173	0.051194	0.0499794	0.0134742	0.899137	0.0591952	1.08677	0.0702453	3.12871e-05
10022	1	100	11	500	0.118165	0.106092	0.0567296	0.0493627	0.0120724	0.894854	0.0597363	1.09487	0.0664478	2.97859e-05
10023	1	100	11	500	0.113482	0.102982	0.0538792	0.049103	0.0105002	0.896924	0.0570097	1.09319	0.0647228	2.99365e-05
10024	1	100	14	500	0.116271	0.107723	0.0595997	0.0481235	0.00854762	0.891927	0.0662611	1.09967	0.0716192	2.9219e-05
10025	1	100	13	500	0.0893627	0.079089	0.0317713	0.0473177	0.0102737	0.92202	0.0576782	1.07082	0.0605933	2.97381e-05
10026	1	100	12	500	0.0878109	0.0779925	0.0309034	0.047089	0.00981841	0.922515	0.062388	1.0703	0.0653027	3.02754e-05
10027	1	100	12	500	0.0761665	0.0670179	0.0229302	0.0440878	0.00914859	0.932398	0.0553983	1.0586	0.0607961	2.99855e-05
10028	1	100	14	500	0.0901647	0.0800974	0.0326494	0.0474479	0.0100673	0.920657	0.0626313	1.07133	0.0660421	3.13869e-05
10029	1	100	15	500	0.0924043	0.0843168	0.0364448	0.047872	0.00808747	0.915342	0.0589498	1.07754	0.0619838	2.98984e-05
10030	1	100	16	500	0.0836063	0.0767748	0.0303929	0.0463818	0.00683152	0.923702	0.0602548	1.072	0.0605159	2.92737e-05
10031	1	100	14	500	0.0822225	0.0742522	0.028242	0.0460102	0.00797024	0.926534	0.0542937	1.06869	0.0551793	2.98633e-05
10032	1	100	16	500	0.0818828	0.0735152	0.0276763	0.0458388	0.00836768	0.926921	0.0614427	1.06703	0.062446	3.0823e-05
10033	1	100	16	500	0.081004	0.0732001	0.0273995	0.0458006	0.00780394	0.927274	0.0571425	1.06787	0.0548279	2.90989e-05
10034	1	100	16	500	0.0938199	0.0801019	0.0317188	0.0483831	0.013718	0.92103	0.0639831	1.07125	0.0592196	3.01142e-05
10035	1	100	14	500	0.0827637	0.0672734	0.0216362	0.0456373	0.0154903	0.933117	0.0586725	1.05727	0.0523121	2.63853e-05
10036	1	100	15	500	0.0862857	0.0769719	0.0298184	0.0471535	0.00931378	0.9238	0.0610903	1.07104	0.057503	2.83021e-05
10037	1	100	14	500	0.0934433	0.0867665	0.0388379	0.0479286	0.00667684	0.913514	0.0648099	1.08189	0.0606208	2.89576e-05
10038	1	100	18	500	0.100656	0.0803784	0.0305597	0.0498188	0.0202778	0.920341	0.0715231	1.06784	0.0616924	2.83684e-05
10039	1	100	18	500	0.105701	0.087358	0.0367848	0.0505731	0.0183429	0.913766	0.0718797	1.07618	0.0678646	2.93883e-05
10040	1	100	17	500	0.11434	0.0979283	0.0472131	0.0507152	0.0164122	0.903129	0.0726365	1.08675	0.0638172	3.12747e-05
10041	1	100	15	500	0.108996	0.101199	0.0527131	0.048486	0.0077965	0.900386	0.0655829	1.09466	0.0624454	3.27275e-05
10042	1	100	16	500	0.113587	0.106684	0.0575319	0.0491526	0.00690208	0.894499	0.0697742	1.10058	0.0663646	3.26613e-05
10043	1	100	15	500	0.115415	0.10661	0.0562876	0.0503221	0.00880488	0.895345	0.0681078	1.0996	0.0653351	3.35993e-05
10044	1	100	18	500	0.11312	0.0992582	0.0480371	0.051221	0.013862	0.902403	0.0647061	1.08742	0.0569598	3.33783e-05
10045	1	100	18	500	0.111455	0.0970962	0.0446889	0.0524073	0.0143588	0.904596	0.0660874	1.08479	0.0587862	3.37123e-05
10046	1	100	16	500	0.114761	0.0989929	0.0442894	0.0547034	0.0157679	0.904162	0.069353	1.08635	0.0638876	3.34069e-05
10047	1	100	17	500	0.114495	0.0946293	0.0401986	0.0544307	0.0198657	0.910551	0.0682232	1.07815	0.0625641	3.30637e-05
10048	1	100	19	500	0.110816	0.0904509	0.0358958	0.0545551	0.0203652	0.914095	0.0773887	1.07529	0.072047	3.29726e-05
10049	1	100	17	500	0.103781	0.0837241	0.031034	0.05269	0.0200566	0.919553	0.0684251	1.06988	0.060779	3.15751e-05
10050	1	100	17	500	0.109366	0.0891607	0.0357804	0.0533804	0.0202051	0.913735	0.0670095	1.07418	0.0605094	3.25714e-05
10051	1	100	17	500	0.11622	0.095273	0.0419877	0.0532854	0.0209468	0.908491	0.0722419	1.07983	0.0636281	3.43312e-05
10052	1	100	18	500	0.129896	0.106834	0.0509997	0.0558343	0.0230618	0.897522	0.0685643	1.08836	0.0589716	3.59836e-05
10053	1	100	15	500	0.137267	0.115133	0.0579009	0.0572325	0.0221334	0.889995	0.0653239	1.09847	0.0598972	3.6501e-05
10054	1	100	17	500	0.125444	0.108495	0.055795	0.0526998	0.0169489	0.894105	0.0631052	1.09657	0.0589136	3.53382e-05
10055	1	100	22	500	0.1482	0.124173	0.0721394	0.0520338	0.0240266	0.878553	0.0668442	1.10842	0.0639921	3.51576e-05
10056	1	100	19	500	0.126	0.110864	0.0593552	0.0515087	0.0151366	0.888722	0.0667404	1.09746	0.0606557	3.21091e-05
10057	1	100	17	500	0.153246	0.127763	0.0773404	0.0504221	0.0254839	0.87545	0.0647239	1.1095	0.0605151	3.19103e-05
10058	1	100	20	500	0.188337	0.151301	0.104539	0.0467618	0.0370359	0.848704	0.0629916	1.12156	0.0718749	3.08236e-05
10059	1	100	16	500	0.165404	0.138797	0.0914166	0.0473807	0.0266064	0.864041	0.058483	1.12046	0.0573745	3.10386e-05
10060	1	100	16	500	0.162147	0.139192	0.0937347	0.0454572	0.0229554	0.863524	0.0561023	1.12293	0.0571499	2.99264e-05
10061	1	100	13	500	0.174554	0.154636	0.117669	0.0369665	0.0199188	0.847005	0.0560296	1.13632	0.0526846	2.74481e-05
10062	1	100	16	500	0.186285	0.166445	0.135658	0.030787	0.0198401	0.83561	0.0541178	1.14582	0.0495976	2.48994e-05
10063	1	100	12	500	0.188398	0.168415	0.138288	0.0301269	0.0199826	0.836024	0.0508769	1.14781	0.0461243	2.34134e-05
10064	1	100	7	500	0.167672	0.153749	0.118799	0.0349499	0.0139234	0.84939	0.0516698	1.14043	0.0479303	2.44739e-05
10065	1	100	8	500	0.164547	0.151004	0.114799	0.0362048	0.0135428	0.85064	0.0547199	1.13634	0.0508407	2.49599e-05
10066	1	100	8	500	0.158073	0.14773	0.111724	0.0360067	0.0103429	0.853624	0.0585898	1.13775	0.0542356	2.51635e-05
10067	1	100	11	500	0.16262	0.151121	0.11687	0.0342511	0.0114985	0.850135	0.049787	1.14184	0.0448879	2.48323e-05
10068	1	100	9	500	0.169289	0.156799	0.125446	0.0313526	0.0124902	0.843419	0.0499718	1.14508	0.0456735	2.40777e-05
10069	1	100	5	500	0.171184	0.158362	0.127996	0.0303665	0.0128214	0.842936	0.0494702	1.14839	0.0464271	2.3428e-05
10070	1	100	14	500	0.159318	0.153197	0.122229	0.0309678	0.006121	0.847362	0.0533558	1.14761	0.0513474	2.43882e-05
10071	1	100	10	500	0.145659	0.139253	0.100898	0.038355	0.00640622	0.861336	0.0636986	1.13346	0.0612409	2.75391e-05
10072	1	100	6	500	0.131067	0.128238	0.0869576	0.0412801	0.00282968	0.871915	0.0594424	1.12503	0.0582571	2.87893e-05
10073	1	100	8	500	0.136935	0.130457	0.0886053	0.0418519	0.00647796	0.870154	0.0610221	1.12504	0.0577405	2.89038e-05
10074	1	100	8	500	0.135709	0.128393	0.0855311	0.0428623	0.00731539	0.872332	0.0568914	1.1225	0.0538828	2.93445e-05
10075	1	100	8	500	0.154269	0.14479	0.108026	0.036764	0.00947884	0.856012	0.058398	1.13691	0.0549915	2.65104e-05
10076	1	100	10	500	0.162426	0.151587	0.117837	0.0337505	0.0108382	0.84974	0.0585678	1.14263	0.0550138	2.58734e-05
10077	1	100	7	500	0.167829	0.160701	0.134498	0.026203	0.00712788	0.840071	0.045403	1.15422	0.0441829	2.29461e-05
10078	1	100	5	500	0.167635	0.162917	0.139289	0.0236286	0.00471733	0.837658	0.0429629	1.15762	0.040604	2.14571e-05
10079	1	100	8	500	0.173136	0.170891	0.154602	0.016289	0.00224535	0.829092	0.0370977	1.16656	0.0368149	1.90035e-05
10080	1	100	5	500	0.170819	0.170555	0.154913	0.0156418	0.000264065	0.8289	0.037854	1.16671	0.0378172	1.8438e-05
10081	1	100	8	500	0.175385	0.170466	0.152605	0.0178612	0.00491824	0.829867	0.0401219	1.16502	0.0410576	1.92319e-05
10082	1	100	6	500	0.169419	0.166062	0.145533	0.0205289	0.00335672	0.834281	0.0422639	1.1617	0.040606	1.9985e-05
10083	1	100	5	500	0.175134	0.169824	0.15127	0.0185543	0.00531003	0.830588	0.0390736	1.16413	0.0376981	1.90233e-05
10084	1	100	13	500	0.173719	0.166094	0.14364	0.0224544	0.00762468	0.834068	0.0416744	1.15908	0.0405231	1.96816e-05
10085	1	100	9	500	0.178737	0.166186	0.141548	0.0246381	0.0125509	0.834705	0.0405633	1.15679	0.0442506	2.00652e-05
10086	1	100	12	500	0.173262	0.159459	0.129208	0.0302512	0.0138029	0.84112	0.0485477	1.14872	0.0478061	2.234e-05
10087	1	100	11	500	0.180709	0.161532	0.130409	0.0311224	0.0191772	0.839325	0.0554923	1.14661	0.0558164	2.3178e-05
10088	1	100	9	500	0.214066	0.169871	0.13276	0.0371108	0.0441951	0.834332	0.0604807	1.14078	0.0630883	2.39691e-05
10089	1	100	8	500	0.19111	0.168996	0.141694	0.0273019	0.0221144	0.832875	0.047436	1.15318	0.0479608	2.20838e-05
10090	1	100	10	500	0.199623	0.172885	0.146087	0.0267976	0.0267379	0.829684	0.0429283	1.15393	0.0420407	2.0702e-05
10091	1	100	11	500	0.222432	0.177328	0.142803	0.0345242	0.0451048	0.829244	0.0478928	1.14376	0.0489639	2.03701e-05
10092	1	100	16	500	0.221157	0.177132	0.143677	0.0334554	0.0440247	0.825087	0.0646541	1.1396	0.0733663	1.89785e-05
10093	1	100	9	500	0.203079	0.165634	0.128395	0.0372385	0.0374454	0.838245	0.0478803	1.13985	0.0500475	2.11272e-05
10094	1	100	9	500	0.209567	0.162227	0.117981	0.0442456	0.0473408	0.84388	0.057777	1.12892	0.0528576	2.38511e-05
10095	1	100	11	500	0.220887	0.163871	0.115704	0.0481664	0.0570164	0.844021	0.0554975	1.12316	0.0586966	2.40473e-05
10096	1	100	11	500	0.215809	0.166282	0.123403	0.0428792	0.0495273	0.840008	0.0607193	1.13157	0.0583805	2.22154e-05
10097	1	100	12	500	0.214536	0.166216	0.124191	0.0420247	0.0483207	0.839406	0.0576023	1.13298	0.0560274	2.26772e-05
10098	1	100	13	500	0.221974	0.17015	0.128383	0.0417669	0.051824	0.836683	0.056241	1.13348	0.0442594	2.16864e-05
10099	1	100	15	500	0.234213	0.18291	0.14379	0.0391198	0.0513036	0.824377	0.0532154	1.14734	0.0561452	1.94207e-05
10100	1	100	11	500	0.248913	0.190139	0.152132	0.0380069	0.0587736	0.81772	0.0518561	1.14618	0.0569397	1.67868e-05
10101	1	100	11	500	0.251154	0.191522	0.148944	0.0425779	0.0596319	0.817408	0.0545099	1.15085	0.0606526	1.84099e-05
