Generation	PopulationID	SampleSize	UniqueMutations	PopulationSize	totalLoad	RelzLoad	RelzLoadHomo	RelzLoadHetero	MskLoad	MeanFitness	SdFitness	MeanFitnessCached	SdFitnessCached	Heterozygosity	
10001	1	100	42	500	0.054197	0.0391029	0.00607265	0.0330303	0.015094	0.960359	0.0330191	1.02991	0.0362653	2.57696e-05
10002	1	100	33	500	0.0552442	0.0426712	0.00712554	0.0355457	0.012573	0.957913	0.0359313	1.03557	0.0374381	2.50179e-05
10003	1	100	29	500	0.0562122	0.0450936	0.00751813	0.0375755	0.0111186	0.955717	0.0396142	1.03902	0.0404111	2.44451e-05
10004	1	100	28	500	0.0714357	0.0592459	0.0146348	0.0446111	0.0121898	0.941633	0.0441389	1.0523	0.0458656	2.22504e-05
10005	1	100	24	500	0.0671626	0.057005	0.0139602	0.0430449	0.0101576	0.94389	0.0391006	1.0515	0.0397457	2.19046e-05
10006	1	100	28	500	0.0756813	0.0653393	0.018547	0.0467923	0.010342	0.935409	0.0351298	1.0595	0.0357341	2.14813e-05
10007	1	100	24	500	0.0817629	0.0692274	0.0215256	0.0477018	0.0125355	0.931823	0.0410678	1.06232	0.0435151	2.03243e-05
10008	1	100	19	500	0.0647678	0.0588319	0.0216248	0.0372071	0.00593592	0.941642	0.0292839	1.05562	0.0294403	2.00358e-05
10009	1	100	21	500	0.062712	0.0569459	0.0192107	0.0377352	0.00576612	0.943542	0.0292775	1.05405	0.0314281	2.04826e-05
10010	1	100	16	500	0.0653267	0.0588896	0.0201662	0.0387233	0.00643718	0.940476	0.0352194	1.05402	0.0345179	2.09436e-05
10011	1	100	15	500	0.0727418	0.0644364	0.0248598	0.0395767	0.00830535	0.936425	0.0289561	1.05966	0.0288076	1.91011e-05
10012	1	100	17	500	0.0629631	0.0570691	0.0210334	0.0360357	0.00589402	0.943546	0.0264755	1.05388	0.026221	2.04407e-05
10013	1	100	16	500	0.0646486	0.0585502	0.0214589	0.0370914	0.00609839	0.942515	0.0308564	1.05518	0.0313425	1.97462e-05
10014	1	100	18	500	0.0741135	0.0635203	0.0275386	0.0359817	0.0105932	0.937832	0.0282937	1.0576	0.0289756	1.73496e-05
10015	1	100	17	500	0.0855107	0.0661459	0.0282574	0.0378885	0.0193647	0.935973	0.0271191	1.05486	0.0217981	1.79462e-05
10016	1	100	13	500	0.0754686	0.0625078	0.0279247	0.0345831	0.0129608	0.938569	0.0276889	1.05526	0.02323	1.77403e-05
10017	1	100	19	500	0.0882599	0.068141	0.0309412	0.0371998	0.0201189	0.934098	0.0240802	1.05623	0.0227287	1.76445e-05
10018	1	100	15	500	0.0901161	0.0708953	0.0306772	0.0402181	0.0192208	0.930578	0.0321709	1.05777	0.0259043	1.86204e-05
10019	1	100	17	500	0.0862042	0.0717533	0.0330272	0.0387261	0.0144509	0.929563	0.0271347	1.06326	0.0228142	1.78897e-05
10020	1	100	15	500	0.0861978	0.0735597	0.0316715	0.0418881	0.0126381	0.927261	0.0284279	1.06532	0.0244698	1.85798e-05
10021	1	100	13	500	0.109641	0.0807863	0.0346365	0.0461498	0.0288551	0.92385	0.0264052	1.0611	0.0215264	1.93495e-05
10022	1	100	12	500	0.109904	0.0811627	0.0350022	0.0461605	0.0287413	0.920895	0.0405361	1.05868	0.0365422	1.92444e-05
10023	1	100	14	500	0.117485	0.0831886	0.0361129	0.0470757	0.034296	0.915252	0.0538267	1.05191	0.0490876	1.91931e-05
10024	1	100	16	500	0.107819	0.0796305	0.0346127	0.0450178	0.0281886	0.922172	0.0272823	1.06183	0.0231182	1.89383e-05
10025	1	100	12	500	0.088952	0.076314	0.0378482	0.0384658	0.0126381	0.924487	0.0211435	1.06821	0.0188895	1.68744e-05
10026	1	100	10	500	0.0898216	0.0802783	0.0394593	0.040819	0.00954329	0.922463	0.0164757	1.07338	0.0128224	1.74819e-05
10027	1	100	9	500	0.106338	0.0868559	0.0426194	0.0442365	0.0194816	0.916551	0.0242604	1.07074	0.0193516	1.80321e-05
10028	1	100	12	500	0.103863	0.0847854	0.0413479	0.0434375	0.0190781	0.917716	0.0259009	1.06813	0.0197381	1.79982e-05
10029	1	100	12	500	0.0939242	0.0805208	0.0397724	0.0407484	0.0134034	0.91915	0.0261498	1.06666	0.0205838	1.76323e-05
10030	1	100	10	500	0.101734	0.0860841	0.0429568	0.0431273	0.0156496	0.917331	0.0220576	1.07025	0.0164226	1.79228e-05
10031	1	100	11	500	0.107005	0.0907779	0.0470873	0.0436906	0.016227	0.914502	0.0244711	1.06971	0.0170492	1.81393e-05
10032	1	100	12	500	0.111875	0.0941526	0.0503798	0.0437728	0.0177226	0.907985	0.0305954	1.06904	0.0228729	1.82297e-05
10033	1	100	14	500	0.110596	0.0922523	0.0480087	0.0442436	0.0183439	0.912439	0.021751	1.07336	0.0180401	1.85971e-05
10034	1	100	13	500	0.104354	0.0870202	0.0430945	0.0439257	0.0173342	0.914159	0.0271821	1.07144	0.0203285	1.84409e-05
10035	1	100	12	500	0.100249	0.0846059	0.0422857	0.0423202	0.0156433	0.919537	0.0159664	1.0723	0.014085	1.84403e-05
10036	1	100	11	500	0.105005	0.0885954	0.0448213	0.0437742	0.0164096	0.915628	0.0170403	1.07546	0.0157804	1.8341e-05
10037	1	100	10	500	0.102156	0.0878828	0.0452892	0.0425935	0.0142729	0.915003	0.0209353	1.07678	0.0183958	1.82743e-05
10038	1	100	10	500	0.0978034	0.0857755	0.0435408	0.0422347	0.0120278	0.917147	0.0176074	1.07765	0.0186406	1.85062e-05
10039	1	100	11	500	0.0996826	0.08769	0.0457565	0.0419335	0.0119926	0.914546	0.0181758	1.08036	0.0194242	1.81556e-05
10040	1	100	11	500	0.102455	0.0889553	0.0467073	0.042248	0.0134995	0.91295	0.0195436	1.08034	0.0195503	1.84894e-05
10041	1	100	9	500	0.10399	0.0933426	0.05531	0.0380326	0.0106469	0.908692	0.0209284	1.08674	0.022329	1.75749e-05
10042	1	100	10	500	0.0992795	0.0893946	0.0481712	0.0412233	0.00988492	0.912269	0.0227275	1.0802	0.0198062	1.98249e-05
10043	1	100	15	500	0.10104	0.0907906	0.0497611	0.0410295	0.0102496	0.911722	0.022041	1.08439	0.0216495	1.87245e-05
10044	1	100	12	500	0.105001	0.096872	0.0586801	0.0381919	0.00812939	0.90471	0.0223005	1.09019	0.0219565	1.7862e-05
10045	1	100	11	500	0.109736	0.0988304	0.0611727	0.0376576	0.0109061	0.905297	0.0189094	1.0899	0.019379	1.90729e-05
10046	1	100	13	500	0.104752	0.096914	0.060377	0.0365369	0.00783758	0.903644	0.023262	1.0898	0.0238285	1.84166e-05
10047	1	100	14	500	0.105748	0.0983	0.0646772	0.0336228	0.00744806	0.904012	0.0188027	1.0937	0.0196838	1.76079e-05
10048	1	100	12	500	0.106069	0.0990993	0.0671485	0.0319508	0.0069697	0.90186	0.0210728	1.09382	0.0219521	1.65287e-05
10049	1	100	13	500	0.105516	0.100128	0.0680856	0.0320429	0.00538716	0.90172	0.0184412	1.09764	0.019222	1.60744e-05
10050	1	100	11	500	0.109086	0.101	0.0654158	0.0355837	0.00808653	0.90132	0.0216782	1.09543	0.023433	1.85375e-05
10051	1	100	12	500	0.118698	0.103806	0.0667279	0.0370785	0.0148918	0.900239	0.0208858	1.09342	0.0204852	1.96108e-05
10052	1	100	12	500	0.119862	0.103205	0.0631823	0.0400231	0.0166562	0.900535	0.0255182	1.0912	0.026512	2.06163e-05
10053	1	100	15	500	0.117496	0.100023	0.0618467	0.0381766	0.0174722	0.903713	0.0212497	1.08762	0.0200016	2.10031e-05
10054	1	100	13	500	0.111808	0.100137	0.061386	0.0387507	0.0116713	0.902926	0.0231371	1.09021	0.0244879	2.10673e-05
10055	1	100	14	500	0.11484	0.102334	0.0576271	0.0447071	0.0125057	0.901764	0.0307612	1.09224	0.032082	2.30182e-05
10056	1	100	12	500	0.127301	0.113441	0.0678545	0.0455862	0.0138606	0.891357	0.0365031	1.09989	0.0346221	2.27528e-05
10057	1	100	14	500	0.130274	0.116441	0.0688602	0.0475807	0.0138331	0.88796	0.0384474	1.10336	0.0427277	2.34805e-05
10058	1	100	13	500	0.123073	0.109753	0.0702858	0.0394671	0.0133202	0.895349	0.026221	1.09937	0.028985	2.29851e-05
10059	1	100	13	500	0.120423	0.108532	0.0676427	0.040889	0.0118912	0.895894	0.0306654	1.10042	0.0342481	2.31231e-05
10060	1	100	16	500	0.119581	0.105284	0.0645669	0.0407171	0.0142973	0.898644	0.0287492	1.09535	0.0287695	2.41515e-05
10061	1	100	16	500	0.119429	0.101646	0.0570045	0.0446413	0.0177827	0.902547	0.0247518	1.08897	0.0270504	2.50387e-05
10062	1	100	16	500	0.111582	0.0998164	0.0564945	0.0433219	0.0117659	0.902176	0.0276053	1.08953	0.0283559	2.48214e-05
10063	1	100	19	500	0.125022	0.108296	0.0659257	0.0423707	0.0167251	0.897937	0.0261197	1.09166	0.0266676	2.5799e-05
10064	1	100	15	500	0.122785	0.108231	0.0700616	0.0381689	0.0145541	0.896905	0.0258425	1.09485	0.0290779	2.49641e-05
10065	1	100	12	500	0.126572	0.113296	0.0776676	0.0356288	0.0132756	0.892141	0.0222732	1.10306	0.025017	2.38173e-05
10066	1	100	15	500	0.116501	0.105401	0.0663372	0.0390635	0.0111006	0.897571	0.0274785	1.09667	0.0295768	2.42663e-05
10067	1	100	16	500	0.110595	0.101446	0.0629255	0.0385205	0.00914866	0.901498	0.0205627	1.09621	0.0220269	2.36643e-05
10068	1	100	15	500	0.105522	0.0982048	0.0587433	0.0394615	0.00731743	0.904266	0.0234281	1.09477	0.0254493	2.35429e-05
10069	1	100	16	500	0.11428	0.105782	0.0692314	0.0365508	0.00849754	0.896777	0.0222534	1.10055	0.0258298	2.32676e-05
10070	1	100	18	500	0.11082	0.100156	0.0595843	0.0405722	0.0106635	0.902047	0.026724	1.09205	0.0273155	2.44742e-05
10071	1	100	16	500	0.111703	0.102746	0.0639303	0.0388159	0.00895634	0.899647	0.027055	1.09703	0.0280477	2.3816e-05
10072	1	100	18	500	0.119563	0.105799	0.0681714	0.0376275	0.0137639	0.897844	0.023435	1.09693	0.0260709	2.37275e-05
10073	1	100	19	500	0.120732	0.109613	0.0759953	0.0336175	0.0111195	0.89355	0.0238889	1.10158	0.0266515	2.2245e-05
10074	1	100	13	500	0.113229	0.106004	0.0695306	0.036473	0.00722546	0.896427	0.0246672	1.10167	0.0276412	2.27305e-05
10075	1	100	12	500	0.112123	0.103901	0.0670533	0.0368481	0.00822188	0.898951	0.0225597	1.09856	0.0242764	2.36962e-05
10076	1	100	17	500	0.103982	0.0979266	0.059661	0.0382656	0.00605554	0.90411	0.0229975	1.09488	0.024218	2.38273e-05
10077	1	100	16	500	0.105977	0.0987886	0.0606115	0.0381771	0.00718872	0.903502	0.019683	1.09457	0.0218351	2.45271e-05
10078	1	100	15	500	0.112133	0.106345	0.0699839	0.0363609	0.00578764	0.89592	0.0215203	1.10422	0.0234296	2.30446e-05
10079	1	100	11	500	0.113732	0.105422	0.0680081	0.0374143	0.00830993	0.897081	0.0238375	1.09966	0.0266983	2.41813e-05
10080	1	100	11	500	0.114149	0.10514	0.0696597	0.0354806	0.00900874	0.897549	0.0213786	1.10038	0.0240129	2.30658e-05
10081	1	100	15	500	0.116619	0.107503	0.0725665	0.0349368	0.00911589	0.895229	0.0206816	1.10282	0.0249905	2.20744e-05
10082	1	100	11	500	0.116223	0.109495	0.0766922	0.0328025	0.00672796	0.892598	0.0224633	1.1055	0.0261814	2.11754e-05
10083	1	100	12	500	0.105605	0.103595	0.0635128	0.0400825	0.00200962	0.898319	0.0261799	1.10447	0.028963	2.15443e-05
10084	1	100	12	500	0.105124	0.102219	0.0631548	0.0390637	0.0029057	0.89966	0.0260504	1.10221	0.0284699	2.168e-05
10085	1	100	14	500	0.102062	0.100343	0.0586777	0.0416656	0.00171884	0.901526	0.025128	1.10115	0.0272476	2.24059e-05
10086	1	100	14	500	0.0960192	0.0942841	0.0523861	0.041898	0.00173512	0.907075	0.027504	1.0946	0.0285518	2.22267e-05
10087	1	100	10	500	0.107825	0.0972908	0.0518314	0.0454594	0.0105347	0.904502	0.0307984	1.09308	0.0342882	2.23119e-05
10088	1	100	9	500	0.0987546	0.0984962	0.0547452	0.043751	0.000258388	0.903304	0.0270597	1.10013	0.0291813	2.26204e-05
10089	1	100	8	500	0.098096	0.0978561	0.0562252	0.0416309	0.000239949	0.903577	0.0241188	1.09921	0.0255827	2.17859e-05
10090	1	100	7	500	0.102769	0.102671	0.0610737	0.0415973	9.77533e-05	0.899096	0.0234209	1.10457	0.0256878	2.18839e-05
10091	1	100	10	500	0.108462	0.107294	0.0679239	0.0393699	0.00116778	0.894849	0.0231048	1.10877	0.0251506	2.07301e-05
10092	1	100	13	500	0.11622	0.110746	0.07051	0.0402361	0.0054742	0.891584	0.0264074	1.10994	0.0293491	2.144e-05
10093	1	100	7	500	0.109628	0.109319	0.0688956	0.0404236	0.000308513	0.893117	0.0231875	1.1116	0.0254482	2.1646e-05
10094	1	100	5	500	0.10886	0.108772	0.0704709	0.0383009	8.8367e-05	0.893447	0.0219633	1.11093	0.0239996	2.15342e-05
10095	1	100	6	500	0.106738	0.106692	0.0697155	0.0369766	4.54347e-05	0.895039	0.0210007	1.10852	0.0232146	2.10233e-05
10096	1	100	7	500	0.105419	0.104368	0.0661634	0.0382044	0.00105096	0.897198	0.0234345	1.1059	0.0256107	2.15324e-05
10097	1	100	8	500	0.123709	0.110228	0.065936	0.044292	0.0134813	0.892262	0.0327774	1.10503	0.0359017	2.12603e-05
10098	1	100	8	500	0.132793	0.111219	0.066196	0.0450225	0.0215745	0.891718	0.0350835	1.10096	0.0359288	2.13718e-05
10099	1	100	6	500	0.141457	0.111784	0.064868	0.0469161	0.0296735	0.889352	0.0402511	1.09965	0.0413967	2.26382e-05
10100	1	100	9	500	0.124172	0.105067	0.0613075	0.0437597	0.0191049	0.897444	0.0319829	1.09611	0.0325677	2.25165e-05
10101	1	100	7	500	0.141326	0.108655	0.0621834	0.0464719	0.0326711	0.894735	0.0359595	1.09119	0.0384368	2.2575e-05
