Generation	PopulationID	SampleSize	UniqueMutations	PopulationSize	totalLoad	RelzLoad	RelzLoadHomo	RelzLoadHetero	MskLoad	MeanFitness	SdFitness	MeanFitnessCached	SdFitnessCached	Heterozygosity	
10001	1	100	55	500	0.305123	0.267327	0.188337	0.0789905	0.0377958	0.754309	0.0421204	1.24317	0.0648148	4.0779e-05
10002	1	100	42	500	0.321864	0.276584	0.193479	0.0831056	0.0452795	0.748776	0.0441559	1.24145	0.0706236	4.05436e-05
10003	1	100	37	500	0.297886	0.256408	0.189497	0.0669112	0.0414781	0.764102	0.0376728	1.22276	0.0543746	4.02501e-05
10004	1	100	34	500	0.293672	0.258038	0.197286	0.0607519	0.035634	0.764519	0.037196	1.22627	0.0526234	3.98454e-05
10005	1	100	34	500	0.298158	0.253947	0.186009	0.0679384	0.0442104	0.76833	0.0428161	1.2117	0.0592327	4.29693e-05
10006	1	100	33	500	0.324078	0.265178	0.19716	0.0680176	0.0589001	0.762414	0.0445018	1.2204	0.0524389	4.2494e-05
10007	1	100	31	500	0.307238	0.253437	0.194264	0.0591728	0.0538011	0.766574	0.0415434	1.21081	0.0489311	4.17499e-05
10008	1	100	36	500	0.305756	0.247973	0.184744	0.0632294	0.0577833	0.775258	0.0428162	1.20693	0.054027	4.32043e-05
10009	1	100	41	500	0.293284	0.241673	0.180329	0.0613445	0.0516113	0.776974	0.039397	1.20861	0.0511476	4.34059e-05
10010	1	100	29	500	0.310263	0.257886	0.187435	0.0704513	0.0523765	0.765228	0.0454263	1.22825	0.0578192	4.40635e-05
10011	1	100	33	500	0.290894	0.249517	0.17843	0.0710872	0.0413765	0.77087	0.0482982	1.23077	0.0653603	4.32247e-05
10012	1	100	27	500	0.277671	0.246665	0.181585	0.0650795	0.0310058	0.771512	0.0428838	1.23465	0.0528924	4.14195e-05
10013	1	100	27	500	0.284787	0.247825	0.182145	0.0656803	0.0369626	0.77203	0.0429119	1.23192	0.0672571	4.23851e-05
10014	1	100	28	500	0.293096	0.254996	0.190126	0.0648705	0.0380997	0.765242	0.0413237	1.23859	0.061688	4.10932e-05
10015	1	100	24	500	0.106786	0.0869805	0.033154	0.0538265	0.0198057	0.917748	0.0441437	1.06986	0.044895	3.99756e-05
10016	1	100	25	500	0.106725	0.0851442	0.0307179	0.0544262	0.0215808	0.919328	0.0425567	1.0686	0.0467385	3.95484e-05
10017	1	100	22	500	0.106812	0.0870948	0.0324882	0.0546066	0.0197172	0.916603	0.0432321	1.07025	0.0479987	3.88284e-05
10018	1	100	23	500	0.112989	0.0893389	0.028722	0.0606169	0.0236496	0.915585	0.048844	1.07044	0.0555573	4.01432e-05
10019	1	100	19	500	0.109634	0.0882589	0.029572	0.0586868	0.0213756	0.916825	0.0442694	1.07142	0.0534536	3.86522e-05
10020	1	100	22	500	0.11526	0.099762	0.0357936	0.0639684	0.0154983	0.905555	0.0464355	1.08855	0.0541547	3.95491e-05
10021	1	100	20	500	0.114675	0.100877	0.037118	0.0637587	0.0137986	0.904798	0.0490217	1.09173	0.0567138	3.96762e-05
10022	1	100	19	500	0.106503	0.0953255	0.0337622	0.0615632	0.0111771	0.908489	0.0528047	1.08613	0.0599464	4.04769e-05
10023	1	100	23	500	0.12088	0.107712	0.0467172	0.0609951	0.0131676	0.898284	0.0483717	1.09563	0.0566432	3.7237e-05
10024	1	100	20	500	0.118815	0.105938	0.0459037	0.0600345	0.0128767	0.899838	0.0422336	1.09323	0.0478502	3.77392e-05
10025	1	100	18	500	0.124245	0.10925	0.0443781	0.0648717	0.0149954	0.896028	0.0491098	1.09523	0.0567615	3.84989e-05
10026	1	100	20	500	0.133605	0.118611	0.0461678	0.0724436	0.0149937	0.887022	0.0509503	1.10624	0.0612652	3.76673e-05
10027	1	100	18	500	0.126808	0.114697	0.0431103	0.0715867	0.0121107	0.891664	0.0525381	1.10569	0.0639451	3.88059e-05
10028	1	100	20	500	0.112056	0.0992122	0.0358746	0.0633376	0.0128439	0.906866	0.0455686	1.08706	0.0549016	3.6944e-05
10029	1	100	19	500	0.12135	0.108806	0.0399497	0.0688566	0.0125437	0.897236	0.0547192	1.09779	0.067055	3.70825e-05
10030	1	100	18	500	0.123327	0.110679	0.041175	0.0695039	0.0126483	0.895638	0.0471036	1.09954	0.0578011	3.75411e-05
10031	1	100	20	500	0.120787	0.107642	0.0413108	0.0663316	0.0131448	0.898168	0.048909	1.09574	0.0571928	3.72769e-05
10032	1	100	17	500	0.123745	0.110154	0.0414004	0.068754	0.0135906	0.896076	0.0507348	1.09604	0.0597233	3.79009e-05
10033	1	100	16	500	0.109436	0.0957061	0.032129	0.0635771	0.0137302	0.910484	0.0472216	1.08274	0.0580776	3.68118e-05
10034	1	100	18	500	0.104673	0.0909913	0.0304578	0.0605335	0.0136821	0.913998	0.0491244	1.07627	0.0585599	3.64472e-05
10035	1	100	18	500	0.0928181	0.0785266	0.0268037	0.051723	0.0142915	0.925985	0.0437913	1.06129	0.0521574	3.45927e-05
10036	1	100	18	500	0.0764552	0.0634199	0.0225471	0.0408729	0.0130352	0.93925	0.0394892	1.04271	0.0471238	3.00543e-05
10037	1	100	19	500	0.0796978	0.0652434	0.0228	0.0424434	0.0144544	0.936922	0.0414629	1.04278	0.0473086	3.03704e-05
10038	1	100	16	500	0.0792632	0.0647336	0.0237122	0.0410214	0.0145296	0.938417	0.0382077	1.04187	0.0443746	2.90549e-05
10039	1	100	18	500	0.0943954	0.0770976	0.0252147	0.0518829	0.0172978	0.927074	0.0396849	1.05456	0.0464991	3.17832e-05
10040	1	100	16	500	0.0950526	0.076102	0.0265765	0.0495255	0.0189506	0.928216	0.0455286	1.05168	0.0466427	3.28741e-05
10041	1	100	20	500	0.0942053	0.0765132	0.025001	0.0515122	0.0176921	0.927017	0.0439648	1.05319	0.0511919	3.28622e-05
10042	1	100	18	500	0.11084	0.0927325	0.0295272	0.0632053	0.0181073	0.91166	0.0516735	1.07225	0.0608225	3.65518e-05
10043	1	100	15	500	0.108068	0.0935058	0.0295547	0.0639511	0.0145622	0.911417	0.0480003	1.07738	0.0599572	3.5259e-05
10044	1	100	16	500	0.103146	0.0882315	0.0272483	0.0609833	0.0149145	0.91576	0.0531804	1.06951	0.0655157	3.35328e-05
10045	1	100	17	500	0.116146	0.0992166	0.0318356	0.0673811	0.0169296	0.904324	0.0496118	1.07924	0.0561595	3.66873e-05
10046	1	100	14	500	0.116041	0.100457	0.0327153	0.0677412	0.0155841	0.904602	0.0486514	1.08454	0.0589387	3.80337e-05
10047	1	100	18	500	0.123813	0.105038	0.0341689	0.0708692	0.0187753	0.900385	0.0486769	1.08757	0.0590833	3.90296e-05
10048	1	100	20	500	0.125309	0.105439	0.034759	0.0706799	0.0198696	0.901168	0.0479255	1.0868	0.0573807	4.01892e-05
10049	1	100	16	500	0.134428	0.116003	0.0427487	0.0732538	0.0184258	0.889498	0.0529934	1.09827	0.0648776	4.18099e-05
10050	1	100	19	500	0.151876	0.131866	0.052405	0.0794614	0.02001	0.876761	0.0518878	1.11821	0.061794	4.25367e-05
10051	1	100	18	500	0.164481	0.144281	0.0623786	0.0819019	0.0202009	0.86454	0.0558663	1.13164	0.0651986	4.28231e-05
10052	1	100	22	500	0.162963	0.143769	0.0642854	0.079484	0.019194	0.864711	0.0545166	1.13179	0.0636497	4.28229e-05
10053	1	100	22	500	0.168272	0.151384	0.0729792	0.0784049	0.0168881	0.857641	0.0495098	1.14311	0.0589048	4.23958e-05
10054	1	100	22	500	0.162959	0.146673	0.0704792	0.0761935	0.0162863	0.861145	0.0596747	1.13774	0.070839	4.1908e-05
10055	1	100	22	500	0.157668	0.13773	0.0599078	0.0778223	0.0199381	0.870539	0.0528972	1.12394	0.0620392	4.37635e-05
10056	1	100	25	500	0.167287	0.142287	0.0614091	0.0808776	0.0250006	0.866396	0.0539126	1.12447	0.0643834	4.43997e-05
10057	1	100	23	500	0.164473	0.141718	0.0619378	0.0797804	0.0227549	0.865244	0.0536767	1.12387	0.0642401	4.42614e-05
10058	1	100	25	500	0.163865	0.13935	0.0596312	0.0797193	0.0245147	0.869932	0.0550819	1.12378	0.0660373	4.45668e-05
10059	1	100	23	500	0.167122	0.142119	0.0618825	0.0802369	0.0250024	0.868535	0.0514773	1.12495	0.0584745	4.42865e-05
10060	1	100	23	500	0.162938	0.143141	0.0662922	0.0768487	0.0197967	0.865742	0.054071	1.13148	0.0645196	4.37074e-05
10061	1	100	25	500	0.175575	0.155054	0.0781104	0.0769438	0.0205212	0.854238	0.0503304	1.14152	0.0629287	4.21379e-05
10062	1	100	22	500	0.165469	0.14571	0.0685937	0.077116	0.0197595	0.863439	0.0506041	1.13251	0.0620848	4.34302e-05
10063	1	100	25	500	0.16965	0.150457	0.0741611	0.0762958	0.0191934	0.857242	0.0547377	1.13591	0.0659042	4.28752e-05
10064	1	100	20	500	0.168379	0.151124	0.0773866	0.0737376	0.0172544	0.85785	0.0479688	1.14144	0.0574273	4.28336e-05
10065	1	100	23	500	0.158061	0.135749	0.0607171	0.0750318	0.0223118	0.872925	0.0516271	1.11771	0.0603496	4.50745e-05
10066	1	100	22	500	0.155323	0.126982	0.0518224	0.0751597	0.0283411	0.882669	0.0510748	1.10457	0.0615038	4.55687e-05
10067	1	100	26	500	0.154214	0.12502	0.0505112	0.0745086	0.0291941	0.883907	0.05129	1.10138	0.0617595	4.56803e-05
10068	1	100	26	500	0.150862	0.118429	0.0440071	0.0744219	0.0324327	0.889843	0.0534834	1.09274	0.0604858	4.6156e-05
10069	1	100	22	500	0.146681	0.114305	0.0420192	0.0722854	0.0323763	0.892706	0.0524913	1.0898	0.0649104	4.57401e-05
10070	1	100	23	500	0.160965	0.125526	0.0490103	0.0765157	0.0354386	0.882772	0.0542392	1.1023	0.067675	4.62759e-05
10071	1	100	22	500	0.176638	0.130961	0.0502797	0.0806817	0.0456766	0.878627	0.0569361	1.10008	0.0740139	4.65212e-05
10072	1	100	22	500	0.178855	0.140294	0.0598406	0.0804538	0.0385604	0.867221	0.0587336	1.11523	0.0752617	4.6265e-05
10073	1	100	22	500	0.175918	0.136419	0.0538274	0.0825915	0.0394992	0.871538	0.0547263	1.10498	0.0643346	4.67839e-05
10074	1	100	26	500	0.165082	0.121963	0.0434598	0.0785035	0.0431184	0.88719	0.058321	1.08871	0.0759162	4.56412e-05
10075	1	100	22	500	0.15441	0.113935	0.0398849	0.0740503	0.0404746	0.894104	0.0550605	1.08033	0.0642547	4.48424e-05
10076	1	100	23	500	0.180333	0.125729	0.0474013	0.0783273	0.0546039	0.88641	0.050757	1.08105	0.0659808	4.54032e-05
10077	1	100	18	500	0.188022	0.12839	0.0487292	0.0796608	0.0596324	0.88369	0.0493205	1.08124	0.0661346	4.46955e-05
10078	1	100	16	500	0.215603	0.136876	0.0560123	0.0808642	0.0787264	0.879889	0.0572362	1.0712	0.0714489	4.40322e-05
10079	1	100	18	500	0.187013	0.117883	0.0455645	0.0723187	0.0691302	0.893997	0.0553652	1.0588	0.0728437	4.21349e-05
10080	1	100	19	500	0.196851	0.114381	0.045908	0.0684734	0.0824695	0.890048	0.0982401	1.03065	0.120887	3.92738e-05
10081	1	100	17	500	0.206267	0.121161	0.0509331	0.0702281	0.0851059	0.892302	0.0733197	1.04242	0.0940207	4.02099e-05
10082	1	100	17	500	0.225116	0.127941	0.0534167	0.0745244	0.0971753	0.891342	0.0595813	1.03777	0.0712936	4.09078e-05
10083	1	100	18	500	0.244618	0.139527	0.0614491	0.0780783	0.105091	0.874915	0.106519	1.02986	0.133492	4.16805e-05
10084	1	100	19	500	0.219595	0.134041	0.0540823	0.0799586	0.0855545	0.881365	0.0661836	1.06078	0.0899221	4.4217e-05
10085	1	100	17	500	0.215882	0.134589	0.0526028	0.0819863	0.0812929	0.873611	0.0939134	1.06081	0.124129	4.52636e-05
10086	1	100	21	500	0.226974	0.148073	0.0600288	0.0880438	0.0789018	0.868346	0.0586757	1.08559	0.0758424	4.67826e-05
10087	1	100	18	500	0.263509	0.162376	0.0714826	0.0908935	0.101133	0.853287	0.0958785	1.0652	0.138737	4.64842e-05
10088	1	100	20	500	0.264904	0.160759	0.0690813	0.0916775	0.104145	0.867291	0.0519044	1.07101	0.0791253	4.63756e-05
10089	1	100	17	500	0.258396	0.162221	0.0686162	0.0936045	0.0961748	0.862161	0.0532253	1.07706	0.0763115	4.67745e-05
10090	1	100	17	500	0.252653	0.165863	0.0704635	0.0953999	0.0867893	0.846069	0.0842985	1.08163	0.115695	4.76092e-05
10091	1	100	17	500	0.224801	0.158526	0.0643025	0.0942232	0.0662749	0.857708	0.0562295	1.10089	0.0806935	4.67715e-05
10092	1	100	16	500	0.239987	0.148102	0.0560187	0.0920834	0.0918846	0.866901	0.087274	1.06174	0.111891	4.59588e-05
10093	1	100	16	500	0.193678	0.138532	0.0510679	0.0874637	0.0551467	0.865831	0.0872321	1.08473	0.113315	4.72293e-05
10094	1	100	17	500	0.174518	0.13896	0.0557224	0.0832373	0.0355584	0.870063	0.0515372	1.11549	0.0659787	4.67139e-05
10095	1	100	19	500	0.183488	0.138127	0.054674	0.0834533	0.0453608	0.870049	0.0491356	1.10801	0.0779345	4.54937e-05
10096	1	100	19	500	0.191615	0.143369	0.0596492	0.0837199	0.0482459	0.863387	0.0508561	1.10971	0.07685	4.45076e-05
10097	1	100	21	500	0.178875	0.139323	0.0562904	0.0830325	0.039552	0.870062	0.0459215	1.11387	0.0614591	4.44491e-05
10098	1	100	20	500	0.186125	0.145987	0.0597492	0.0862378	0.0401383	0.863942	0.0540482	1.11838	0.0738234	4.50017e-05
10099	1	100	23	500	0.170124	0.132296	0.0494533	0.0828428	0.0378282	0.875007	0.0571513	1.10396	0.074103	4.36703e-05
10100	1	100	22	500	0.187975	0.142766	0.0539239	0.0888419	0.0452095	0.868661	0.0532306	1.10778	0.0627796	4.50579e-05
10101	1	100	22	500	0.200843	0.136871	0.0485634	0.0883074	0.063972	0.874088	0.0509763	1.08987	0.0587566	4.33995e-05
