Generation	PopulationID	SampleSize	UniqueMutations	PopulationSize	totalLoad	RelzLoad	RelzLoadHomo	RelzLoadHetero	MskLoad	MeanFitness	SdFitness	MeanFitnessCached	SdFitnessCached	Heterozygosity	
10001	1	100	45	500	0.21579	0.195952	0.153337	0.0426154	0.0198377	0.811385	0.0442475	1.18272	0.0654531	2.68199e-05
10002	1	100	30	500	0.0795719	0.0608455	0.0161879	0.0446576	0.0187264	0.941945	0.046425	1.0435	0.0509955	2.75065e-05
10003	1	100	27	500	0.0760902	0.055908	0.0133456	0.0425624	0.0201822	0.946085	0.0510467	1.03738	0.0555474	2.74083e-05
10004	1	100	26	500	0.055674	0.0401927	0.00824804	0.0319447	0.0154813	0.961225	0.0452674	1.02516	0.0476473	2.59192e-05
10005	1	100	23	500	0.0524639	0.0377173	0.00767661	0.0300407	0.0147465	0.961895	0.0419879	1.02136	0.0410922	2.61834e-05
10006	1	100	21	500	0.0615175	0.0476168	0.011779	0.0358378	0.0139007	0.955456	0.0446145	1.03107	0.0437907	2.7137e-05
10007	1	100	22	500	0.0692916	0.0515872	0.0141337	0.0374535	0.0177043	0.951556	0.0435726	1.03029	0.0449536	2.72587e-05
10008	1	100	21	500	0.072763	0.0567167	0.016303	0.0404138	0.0160462	0.94612	0.0462707	1.03461	0.0467888	2.7337e-05
10009	1	100	20	500	0.0704093	0.0547661	0.0154176	0.0393485	0.0156431	0.947921	0.0460483	1.03322	0.0469369	2.78271e-05
10010	1	100	22	500	0.0870248	0.0717863	0.0206454	0.0511409	0.0152385	0.928135	0.0551628	1.05139	0.060848	2.76224e-05
10011	1	100	18	500	0.0803565	0.0684117	0.0188176	0.0495941	0.0119448	0.934263	0.0540963	1.05742	0.0574099	2.57096e-05
10012	1	100	17	500	0.0864538	0.0778048	0.0263491	0.0514557	0.00864901	0.922423	0.0576707	1.06882	0.062511	2.4067e-05
10013	1	100	16	500	0.0879903	0.0811054	0.0295088	0.0515966	0.00688487	0.919525	0.058062	1.07578	0.0596167	2.19833e-05
10014	1	100	17	500	0.0811192	0.0745134	0.0246003	0.0499131	0.0066058	0.92647	0.0591824	1.07018	0.0607545	2.25071e-05
10015	1	100	16	500	0.0778815	0.0728215	0.024252	0.0485695	0.00505998	0.92768	0.0606225	1.06958	0.0616321	2.05049e-05
10016	1	100	17	500	0.0897193	0.0821339	0.0293235	0.0528105	0.00758537	0.919263	0.0612012	1.07723	0.0616862	2.09461e-05
10017	1	100	19	500	0.0803474	0.0716441	0.0212023	0.0504418	0.00870336	0.92977	0.051518	1.06564	0.052347	2.16919e-05
10018	1	100	18	500	0.068364	0.0599054	0.0146664	0.045239	0.00845854	0.94157	0.0620413	1.05407	0.062734	2.11892e-05
10019	1	100	18	500	0.0746962	0.0624467	0.0155329	0.0469138	0.0122495	0.938807	0.0510223	1.05125	0.0523994	2.42912e-05
10020	1	100	15	500	0.0876896	0.0722676	0.0212649	0.0510027	0.015422	0.932505	0.0543548	1.05747	0.0557274	2.64089e-05
10021	1	100	17	500	0.0873781	0.071935	0.0207272	0.0512077	0.0154431	0.929822	0.0576758	1.05556	0.0608767	2.60479e-05
10022	1	100	18	500	0.0811624	0.0667812	0.0183426	0.0484386	0.0143812	0.934577	0.0551888	1.05054	0.0595182	2.69505e-05
10023	1	100	14	500	0.0829238	0.0691631	0.0193896	0.0497735	0.0137606	0.931646	0.0552405	1.05375	0.0590665	2.6639e-05
10024	1	100	14	500	0.0653838	0.053925	0.0121019	0.0418231	0.0114588	0.948156	0.0527512	1.04451	0.0536437	2.56479e-05
10025	1	100	17	500	0.0748966	0.0631744	0.0161156	0.0470588	0.0117222	0.937286	0.0586284	1.05251	0.0605723	2.45733e-05
10026	1	100	17	500	0.0737665	0.0640192	0.0169515	0.0470678	0.00974727	0.937097	0.0596999	1.05544	0.0607127	2.55928e-05
10027	1	100	14	500	0.0843802	0.0734114	0.0221765	0.0512349	0.0109687	0.92818	0.0578949	1.06477	0.0602812	2.4867e-05
10028	1	100	13	500	0.0926436	0.0820672	0.027922	0.0541452	0.0105764	0.919167	0.0551987	1.07336	0.0572884	2.44298e-05
10029	1	100	15	500	0.0912985	0.08007	0.0267731	0.0532969	0.0112286	0.919632	0.0603577	1.06989	0.0636229	2.42608e-05
10030	1	100	15	500	0.0951868	0.0855116	0.0321526	0.053359	0.00967515	0.915659	0.060063	1.079	0.0613023	2.21635e-05
10031	1	100	14	500	0.115819	0.107011	0.0524293	0.054582	0.00880781	0.89379	0.0638264	1.10144	0.0665848	2.08996e-05
10032	1	100	16	500	0.132737	0.120888	0.065235	0.0556533	0.0118484	0.880502	0.059633	1.11211	0.0657526	2.13743e-05
10033	1	100	14	500	0.146141	0.135474	0.0855141	0.0499594	0.0106675	0.865063	0.0551815	1.12725	0.0620825	1.87849e-05
10034	1	100	14	500	0.14887	0.137051	0.0862039	0.0508469	0.0118188	0.864916	0.0591372	1.12921	0.0626314	1.9682e-05
10035	1	100	14	500	0.139115	0.128457	0.0774796	0.0509777	0.0106578	0.872351	0.0608953	1.12089	0.0653295	1.93081e-05
10036	1	100	16	500	0.133904	0.122876	0.0723866	0.0504889	0.0110285	0.877812	0.0602244	1.11543	0.0629424	1.76085e-05
10037	1	100	16	500	0.167589	0.158064	0.120805	0.0372595	0.00952514	0.843211	0.0510623	1.15299	0.0538213	1.54974e-05
10038	1	100	18	500	0.162797	0.153512	0.114879	0.0386331	0.00928526	0.84747	0.048504	1.14805	0.0481139	1.52328e-05
10039	1	100	19	500	0.165233	0.152626	0.109779	0.0428464	0.0126076	0.848632	0.0544913	1.14466	0.0567359	1.52961e-05
10040	1	100	16	500	0.166885	0.156464	0.117644	0.0388193	0.0104213	0.844985	0.0512919	1.15073	0.0542631	1.47766e-05
10041	1	100	15	500	0.167901	0.158694	0.121876	0.0368181	0.00920654	0.841573	0.0517589	1.15275	0.0538729	1.57682e-05
10042	1	100	14	500	0.168632	0.159352	0.124302	0.03505	0.00927951	0.841521	0.0481404	1.15349	0.0509671	1.40535e-05
10043	1	100	14	500	0.177723	0.167222	0.133704	0.0335177	0.0105013	0.832953	0.0478211	1.15894	0.0534246	1.39038e-05
10044	1	100	17	500	0.182958	0.172461	0.140368	0.0320937	0.0104965	0.829598	0.0506782	1.16718	0.0553676	1.37087e-05
10045	1	100	13	500	0.194898	0.184555	0.152386	0.0321692	0.0103431	0.818382	0.0449804	1.18047	0.0503423	1.23824e-05
10046	1	100	11	500	0.192617	0.184502	0.154346	0.030156	0.00811511	0.817747	0.0433818	1.18097	0.0554433	1.11363e-05
10047	1	100	10	500	0.188472	0.181353	0.147955	0.0333975	0.00711874	0.821689	0.0486435	1.17893	0.0582667	1.18026e-05
10048	1	100	9	500	0.184258	0.177989	0.145891	0.0320982	0.00626888	0.824201	0.0480867	1.17482	0.0577282	1.19495e-05
10049	1	100	10	500	0.179088	0.17169	0.139652	0.0320385	0.00739746	0.829722	0.0486428	1.16662	0.0626817	1.26762e-05
10050	1	100	12	500	0.188326	0.182809	0.154986	0.0278231	0.00551681	0.819488	0.0410826	1.18115	0.0490902	1.25798e-05
10051	1	100	15	500	0.186868	0.180908	0.151831	0.029077	0.00596017	0.821507	0.0427487	1.17854	0.0503236	1.34485e-05
10052	1	100	16	500	0.189863	0.182812	0.150657	0.0321552	0.00705059	0.819988	0.0419785	1.18013	0.0499939	1.40733e-05
10053	1	100	9	500	0.198849	0.191884	0.16459	0.0272938	0.00696441	0.81001	0.0399675	1.19199	0.0494555	1.40947e-05
10054	1	100	13	500	0.210952	0.20707	0.183491	0.0235791	0.00388192	0.797074	0.0311544	1.20873	0.0409953	1.34297e-05
10055	1	100	11	500	0.210518	0.208345	0.187975	0.02037	0.00217333	0.795728	0.0270583	1.21109	0.0381372	1.3414e-05
10056	1	100	6	500	0.0238218	0.0221314	0.00421405	0.0179173	0.00169044	0.977507	0.0290392	1.02084	0.0295815	1.42054e-05
10057	1	100	7	500	0.0275134	0.0273007	0.00667841	0.0206223	0.000212694	0.972567	0.0323202	1.02703	0.0318475	1.41764e-05
10058	1	100	6	500	0.0221257	0.0219197	0.00311832	0.0188013	0.000206078	0.977903	0.0321024	1.02162	0.0325119	1.34343e-05
10059	1	100	7	500	0.0316612	0.0316479	0.00608037	0.0255675	1.33248e-05	0.968042	0.0306596	1.03131	0.0313554	1.42768e-05
10060	1	100	9	500	0.0321988	0.0317242	0.00401234	0.0277118	0.000474606	0.968327	0.0345517	1.03153	0.035021	1.36749e-05
10061	1	100	8	500	0.0340754	0.0340641	0.00479227	0.0292719	1.12738e-05	0.965983	0.0341	1.03423	0.0346252	1.42271e-05
10062	1	100	6	500	0.0422707	0.042262	0.00675261	0.0355094	8.62591e-06	0.957827	0.0431781	1.04234	0.0440596	1.38351e-05
10063	1	100	12	500	0.0584926	0.0548793	0.0111515	0.0437279	0.0036133	0.945772	0.0472565	1.05352	0.0497906	1.49628e-05
10064	1	100	10	500	0.0553652	0.0552307	0.0132576	0.0419731	0.000134521	0.944673	0.0386909	1.05501	0.0402329	1.45082e-05
10065	1	100	14	500	0.0589708	0.0570712	0.0125571	0.0445141	0.00189957	0.943534	0.0430773	1.05662	0.0448188	1.56479e-05
10066	1	100	11	500	0.0724397	0.0678212	0.0174498	0.0503713	0.00461855	0.933077	0.0466486	1.06572	0.0457757	1.52793e-05
10067	1	100	8	500	0.0810552	0.0753125	0.0207323	0.0545802	0.0057427	0.925875	0.0462863	1.07248	0.0471626	1.54869e-05
10068	1	100	12	500	0.0873289	0.0776821	0.0207112	0.056971	0.00964672	0.924459	0.0458932	1.07199	0.0471984	1.57712e-05
10069	1	100	10	500	0.0973947	0.0865472	0.0269102	0.0596371	0.0108475	0.914756	0.0523276	1.07816	0.0534321	1.59029e-05
10070	1	100	10	500	0.0933413	0.082283	0.0247614	0.0575216	0.0110584	0.919482	0.0501954	1.07488	0.0499745	1.62576e-05
10071	1	100	11	500	0.103918	0.0950015	0.0384642	0.0565372	0.00891655	0.906477	0.0475017	1.08973	0.0475999	1.44726e-05
10072	1	100	10	500	0.10508	0.0955249	0.036582	0.0589428	0.00955499	0.906382	0.0467918	1.08984	0.0473918	1.48173e-05
10073	1	100	12	500	0.10984	0.10019	0.0418429	0.0583469	0.00965034	0.902189	0.0445195	1.09468	0.0466673	1.5321e-05
10074	1	100	14	500	0.112237	0.102031	0.0424311	0.0595995	0.0102065	0.900401	0.0477504	1.09604	0.0485522	1.56349e-05
10075	1	100	9	500	0.114804	0.0993039	0.0407249	0.058579	0.0154998	0.902024	0.0478079	1.08864	0.053055	1.60608e-05
10076	1	100	11	500	0.121015	0.103189	0.041282	0.0619071	0.0178261	0.899229	0.0442928	1.0927	0.0527655	1.6574e-05
10077	1	100	10	500	0.137419	0.119337	0.0559692	0.0633676	0.0180826	0.883124	0.0403074	1.11014	0.0519607	1.57355e-05
10078	1	100	14	500	0.143342	0.123163	0.0636053	0.059558	0.0201784	0.87931	0.044308	1.11184	0.0515963	1.60543e-05
10079	1	100	13	500	0.130682	0.11068	0.0529821	0.0576975	0.0200027	0.891217	0.0443941	1.09997	0.052769	1.63117e-05
10080	1	100	14	500	0.14728	0.123394	0.0656969	0.0576975	0.0238855	0.879223	0.0381653	1.11024	0.0486242	1.6031e-05
10081	1	100	13	500	0.140231	0.117983	0.0641255	0.0538576	0.0222482	0.883504	0.0471939	1.10606	0.0551717	1.64292e-05
10082	1	100	13	500	0.154495	0.125731	0.0706907	0.0550403	0.0287643	0.876409	0.0450183	1.10725	0.0566614	1.64099e-05
10083	1	100	14	500	0.136719	0.115605	0.0663119	0.0492933	0.0211138	0.886074	0.0432847	1.10263	0.0465603	1.60731e-05
10084	1	100	12	500	0.131899	0.121058	0.0810799	0.039978	0.010841	0.880443	0.044734	1.11407	0.0447949	1.46314e-05
10085	1	100	14	500	0.133145	0.119518	0.0753489	0.0441694	0.0136266	0.882024	0.0549729	1.10918	0.0532494	1.62009e-05
10086	1	100	15	500	0.120031	0.110145	0.0684777	0.0416675	0.00988578	0.890562	0.0509093	1.10145	0.047425	1.6086e-05
10087	1	100	13	500	0.123908	0.114096	0.0716236	0.042472	0.00981257	0.886883	0.0491707	1.10764	0.0484951	1.61977e-05
10088	1	100	17	500	0.128207	0.120168	0.0828586	0.037309	0.00803961	0.880703	0.0481709	1.11506	0.0469502	1.52898e-05
10089	1	100	13	500	0.123949	0.117058	0.0802781	0.0367803	0.00689063	0.883838	0.053819	1.11271	0.0522657	1.50083e-05
10090	1	100	12	500	0.143484	0.136584	0.11196	0.0246241	0.00690064	0.862692	0.0417782	1.12945	0.0411583	1.15189e-05
10091	1	100	13	500	0.147494	0.135936	0.105722	0.0302136	0.0115577	0.864745	0.0474797	1.12657	0.0471819	1.30838e-05
10092	1	100	13	500	0.151184	0.138584	0.108731	0.0298531	0.0125995	0.861327	0.0444759	1.12612	0.0442762	1.30071e-05
10093	1	100	11	500	0.14986	0.135918	0.101184	0.034734	0.0139417	0.865961	0.0471841	1.12174	0.0437522	1.3705e-05
10094	1	100	11	500	0.149186	0.133183	0.0961196	0.0370631	0.0160033	0.867438	0.0506602	1.11529	0.0456311	1.50789e-05
10095	1	100	10	500	0.17376	0.142993	0.0951891	0.0478038	0.0307673	0.859485	0.0554219	1.10807	0.0472287	1.66182e-05
10096	1	100	12	500	0.157418	0.126718	0.0749561	0.0517623	0.0306998	0.876538	0.0532739	1.09731	0.0477705	1.8164e-05
10097	1	100	13	500	0.17417	0.138408	0.0871645	0.0512436	0.0357622	0.868836	0.0504646	1.10338	0.0429257	1.79868e-05
10098	1	100	11	500	0.169213	0.137934	0.0874074	0.0505261	0.0312792	0.866236	0.0505312	1.10319	0.0412455	1.83993e-05
10099	1	100	10	500	0.173282	0.143667	0.101676	0.041991	0.029615	0.861058	0.049363	1.1131	0.0427555	1.6472e-05
10100	1	100	11	500	0.167609	0.139585	0.0980882	0.041497	0.0280235	0.864552	0.049306	1.111	0.040305	1.66784e-05
10101	1	100	16	500	0.174825	0.147603	0.107562	0.0400411	0.0272222	0.85767	0.0492887	1.11021	0.0382869	1.60263e-05
