Generation	PopulationID	SampleSize	UniqueMutations	PopulationSize	totalLoad	RelzLoad	RelzLoadHomo	RelzLoadHetero	MskLoad	MeanFitness	SdFitness	MeanFitnessCached	SdFitnessCached	Heterozygosity	
10001	1	100	60	500	0.355794	0.324423	0.260856	0.0635666	0.0313719	0.71088	0.0464102	1.33059	0.0713428	3.42058e-05
10002	1	100	45	500	0.212258	0.187802	0.126463	0.0613392	0.0244557	0.824094	0.0470035	1.1766	0.0513382	3.70722e-05
10003	1	100	39	500	0.210791	0.185046	0.124369	0.0606768	0.0257451	0.826152	0.0491332	1.17445	0.0623591	3.65338e-05
10004	1	100	43	500	0.222448	0.187199	0.12355	0.0636492	0.0352492	0.824664	0.0551403	1.17104	0.0654559	3.70216e-05
10005	1	100	32	500	0.224805	0.191986	0.129077	0.0629095	0.032819	0.819688	0.0611108	1.17252	0.0652174	3.57562e-05
10006	1	100	30	500	0.231355	0.213353	0.139741	0.0736123	0.018002	0.803589	0.0509572	1.20731	0.0651056	3.43649e-05
10007	1	100	30	500	0.233838	0.213664	0.140746	0.0729176	0.0201742	0.801745	0.0606231	1.20183	0.0660391	3.40309e-05
10008	1	100	27	500	0.231397	0.210845	0.13739	0.073455	0.0205526	0.806466	0.0629192	1.20192	0.0730413	3.45708e-05
10009	1	100	23	500	0.229613	0.210517	0.139996	0.0705206	0.0190963	0.805821	0.0525288	1.19935	0.0670366	3.28961e-05
10010	1	100	22	500	0.219793	0.200357	0.131307	0.0690502	0.0194362	0.813461	0.0670922	1.18806	0.0719119	3.32887e-05
10011	1	100	24	500	0.237204	0.216513	0.142192	0.0743216	0.0206911	0.799972	0.0682821	1.20348	0.0773161	3.27122e-05
10012	1	100	23	500	0.225485	0.206775	0.137471	0.069304	0.0187106	0.809963	0.050583	1.20076	0.0599441	3.37395e-05
10013	1	100	26	500	0.238666	0.220396	0.142272	0.078124	0.01827	0.796903	0.075628	1.21049	0.0758972	3.29055e-05
10014	1	100	23	500	0.218218	0.199007	0.12641	0.0725965	0.0192108	0.815188	0.0600154	1.18998	0.0688215	3.42867e-05
10015	1	100	19	500	0.221156	0.2029	0.129698	0.0732019	0.018256	0.810832	0.0693334	1.19207	0.0688155	3.3141e-05
10016	1	100	15	500	0.115795	0.098058	0.0246986	0.0733593	0.0177369	0.905922	0.0604383	1.08287	0.0602984	3.36254e-05
10017	1	100	14	500	0.116221	0.0982475	0.0259038	0.0723437	0.017973	0.90455	0.073095	1.0797	0.0740489	3.32024e-05
10018	1	100	17	500	0.112954	0.0935426	0.0234373	0.0701053	0.0194113	0.909424	0.0691601	1.07166	0.0682774	3.25789e-05
10019	1	100	15	500	0.127953	0.10932	0.0312378	0.0780821	0.0186335	0.893671	0.0688977	1.08892	0.0731067	3.2731e-05
10020	1	100	18	500	0.140505	0.122013	0.0382082	0.0838052	0.0184918	0.88223	0.0757056	1.10264	0.0738497	3.22378e-05
10021	1	100	19	500	0.15347	0.134045	0.0494288	0.0846165	0.0194242	0.867592	0.0876593	1.10757	0.0737738	3.16271e-05
10022	1	100	17	500	0.165763	0.144121	0.0575133	0.0866081	0.0216417	0.862336	0.0741127	1.12166	0.0816117	3.12439e-05
10023	1	100	23	500	0.178268	0.157037	0.0711552	0.0858819	0.0212304	0.846399	0.0838966	1.13016	0.0806315	3.11574e-05
10024	1	100	20	500	0.183145	0.161592	0.078305	0.0832867	0.0215534	0.843763	0.079052	1.13499	0.0752407	3.01538e-05
10025	1	100	23	500	0.19341	0.171324	0.0910061	0.0803183	0.0220852	0.833179	0.0948876	1.13907	0.0876431	2.94288e-05
10026	1	100	21	500	0.195091	0.172516	0.0934453	0.0790706	0.0225748	0.832112	0.0865672	1.14295	0.0830788	2.94914e-05
10027	1	100	21	500	0.1916	0.168647	0.0894555	0.0791918	0.0229522	0.836935	0.0806365	1.1387	0.0801108	3.01861e-05
10028	1	100	23	500	0.200982	0.17944	0.101349	0.078091	0.0215418	0.824818	0.0862374	1.15451	0.0872393	2.89316e-05
10029	1	100	23	500	0.205502	0.188102	0.115852	0.0722497	0.0173999	0.81534	0.0747687	1.17333	0.0827311	2.70795e-05
10030	1	100	20	500	0.224068	0.20875	0.150625	0.0581247	0.0153177	0.793195	0.0758005	1.19482	0.0834268	2.3677e-05
10031	1	100	23	500	0.239391	0.222116	0.172387	0.049729	0.0172753	0.780986	0.066559	1.20613	0.0724087	2.22133e-05
10032	1	100	19	500	0.251731	0.22656	0.175457	0.0511031	0.0251716	0.776808	0.0696221	1.19947	0.0667434	2.26094e-05
10033	1	100	18	500	0.252557	0.232859	0.19288	0.0399794	0.0196979	0.770431	0.0626988	1.2154	0.0662578	1.9847e-05
10034	1	100	17	500	0.246542	0.230313	0.193323	0.0369904	0.0162286	0.77163	0.0576871	1.21727	0.0582454	1.77561e-05
10035	1	100	17	500	0.240632	0.228778	0.189248	0.03953	0.0118536	0.773316	0.0610422	1.2196	0.0656496	1.73913e-05
10036	1	100	17	500	0.243829	0.232041	0.197979	0.0340621	0.0117886	0.769769	0.0616555	1.2229	0.0675894	1.62811e-05
10037	1	100	14	500	0.243581	0.231418	0.193642	0.0377765	0.0121624	0.771111	0.0541327	1.22132	0.0563159	1.70986e-05
10038	1	100	14	500	0.242528	0.231242	0.194887	0.0363553	0.0112857	0.771212	0.0593985	1.22305	0.0620867	1.6955e-05
10039	1	100	17	500	0.23498	0.220926	0.177745	0.0431811	0.014054	0.781213	0.0600311	1.21177	0.060081	1.7922e-05
10040	1	100	18	500	0.245146	0.22782	0.186472	0.0413476	0.0173267	0.773459	0.065924	1.21438	0.0730771	1.76643e-05
10041	1	100	15	500	0.247267	0.234737	0.19886	0.0358764	0.0125309	0.765389	0.0539996	1.22525	0.0657909	1.42655e-05
10042	1	100	14	500	0.254081	0.237616	0.207131	0.0304858	0.0164642	0.764339	0.0509359	1.22679	0.0552985	1.36663e-05
10043	1	100	11	500	0.250576	0.238773	0.21006	0.0287129	0.0118036	0.762523	0.048748	1.23065	0.0559239	1.34117e-05
10044	1	100	10	500	0.249258	0.23659	0.208816	0.027774	0.0126682	0.76253	0.0549344	1.2256	0.0766937	1.39505e-05
10045	1	100	9	500	0.248424	0.236379	0.208761	0.0276182	0.0120451	0.764665	0.0535313	1.22766	0.0622059	1.42909e-05
10046	1	100	8	500	0.243817	0.237024	0.212791	0.0242332	0.00679326	0.763173	0.050457	1.23199	0.0592185	1.31422e-05
10047	1	100	10	500	0.24876	0.242673	0.223546	0.0191275	0.00608696	0.757845	0.0440637	1.2388	0.0485495	1.22534e-05
10048	1	100	8	500	0.246932	0.241101	0.22075	0.0203508	0.00583128	0.759353	0.0452504	1.23704	0.0505464	1.26367e-05
10049	1	100	14	500	0.24487	0.239456	0.217907	0.021549	0.005414	0.761174	0.0467202	1.2359	0.0515589	1.24265e-05
10050	1	100	9	500	0.246976	0.241675	0.222115	0.0195599	0.00530058	0.758811	0.0447306	1.23815	0.0492324	1.24644e-05
10051	1	100	12	500	0.246774	0.242436	0.224001	0.0184344	0.0043382	0.757666	0.0441545	1.23925	0.0522963	1.15613e-05
10052	1	100	9	500	0.247305	0.242586	0.224057	0.0185294	0.00471811	0.757789	0.043707	1.23921	0.0483189	1.15817e-05
10053	1	100	7	500	0.251791	0.248299	0.235561	0.0127386	0.00349167	0.75185	0.0367485	1.24581	0.0404611	9.83916e-06
10054	1	100	9	500	0.258107	0.25455	0.247579	0.00697164	0.00355691	0.745476	0.0270958	1.25169	0.0302083	8.42876e-06
10055	1	100	10	500	0.268325	0.258489	0.252126	0.00636289	0.00983597	0.741948	0.0240972	1.25233	0.0294415	7.86654e-06
10056	1	100	6	500	0.259509	0.257847	0.255115	0.00273198	0.00166237	0.74214	0.016642	1.25647	0.0186756	7.3011e-06
10057	1	100	7	500	0.00285584	0.00073864	0.00020934	0.0005293	0.0021172	0.99882	0.00544166	0.99892	0.00546234	6.54146e-06
10058	1	100	6	500	0.00905633	0.00209223	0.0003512	0.00174103	0.00696411	0.997334	0.0113424	0.997334	0.0113424	7.12118e-06
10059	1	100	5	500	0.0167925	0.00409229	0.000917239	0.00317505	0.0127002	0.99582	0.0167045	0.995935	0.0167182	7.28112e-06
10060	1	100	9	500	0.0393136	0.0100971	0.00279298	0.00730411	0.0292165	0.990899	0.0231061	0.990899	0.0231061	6.99665e-06
10061	1	100	7	500	0.0597951	0.0160203	0.0050766	0.0109437	0.0437748	0.986289	0.0283029	0.986289	0.0283029	7.48425e-06
10062	1	100	10	500	0.0833757	0.023301	0.00828238	0.0150187	0.0600747	0.982269	0.0325136	0.982269	0.0325136	7.84053e-06
10063	1	100	8	500	0.0802833	0.0219723	0.00739456	0.0145778	0.058311	0.983606	0.0324122	0.983606	0.0324122	7.98204e-06
10064	1	100	10	500	0.0792318	0.0212631	0.00677091	0.0144922	0.0579687	0.974648	0.101067	0.974754	0.101008	8.31269e-06
10065	1	100	10	500	0.0837439	0.0228584	0.00763701	0.0152214	0.0608855	0.982671	0.0330966	0.982843	0.0331862	8.38172e-06
10066	1	100	9	500	0.0601774	0.0153155	0.00409997	0.0112155	0.044862	0.987626	0.0284505	0.987815	0.0285274	8.19852e-06
10067	1	100	8	500	0.0635401	0.0164168	0.00463602	0.0117808	0.0471233	0.981511	0.0768099	0.981511	0.0768099	7.76644e-06
10068	1	100	10	500	0.0580344	0.0147362	0.00391161	0.0108246	0.0432982	0.981799	0.0842426	0.981838	0.0842499	8.1304e-06
10069	1	100	7	500	0.0465108	0.0116211	0.00289868	0.00872242	0.0348897	0.990115	0.0250318	0.990115	0.0250318	8.6131e-06
10070	1	100	8	500	0.0434965	0.010864	0.00270591	0.00815812	0.0326325	0.990534	0.024139	0.990534	0.024139	8.9421e-06
10071	1	100	11	500	0.044151	0.0107373	0.00238387	0.00835342	0.0334137	0.991018	0.0243157	0.991046	0.0243168	9.81113e-06
10072	1	100	7	500	0.0270597	0.00639027	0.00122291	0.00516736	0.0206694	0.993603	0.0193338	0.993603	0.0193338	9.93448e-06
10073	1	100	9	500	0.0192074	0.00479732	0.00119479	0.00360253	0.0144101	0.995052	0.0156726	0.995052	0.0156726	9.75502e-06
10074	1	100	7	500	0.0279471	0.00676695	0.0014719	0.00529505	0.0211802	0.993743	0.0193286	0.993743	0.0193286	1.03486e-05
10075	1	100	8	500	0.0247355	0.00573677	0.0009871	0.00474967	0.0189987	0.994361	0.0171119	0.994663	0.0172085	1.01907e-05
10076	1	100	10	500	0.0282042	0.00645039	0.00101194	0.00543845	0.0217538	0.993965	0.0196516	0.994006	0.0196644	1.00094e-05
10077	1	100	8	500	0.0164989	0.00382978	0.0006625	0.00316728	0.0126691	0.99629	0.0131023	0.99629	0.0131023	9.43045e-06
10078	1	100	7	500	0.0237515	0.00541532	0.000831274	0.00458404	0.0183362	0.99484	0.0154041	0.994957	0.0154266	9.27625e-06
10079	1	100	9	500	0.014984	0.00360906	0.000765333	0.00284373	0.0113749	0.996658	0.0119818	0.996789	0.0120178	8.41318e-06
10080	1	100	8	500	0.0172394	0.00388511	0.000546546	0.00333857	0.0133543	0.996149	0.0148031	0.996149	0.0148031	8.67323e-06
10081	1	100	7	500	0.00545632	0.00151356	0.000527874	0.000985688	0.00394275	0.998147	0.00880605	0.998264	0.00882996	8.95944e-06
10082	1	100	7	500	0.00726257	0.00217075	0.000897789	0.00127296	0.00509183	0.997645	0.00738162	0.998081	0.00750698	8.99019e-06
10083	1	100	9	500	0.00688618	0.0021849	0.000992686	0.00119221	0.00470129	0.997988	0.00447992	0.998022	0.00449498	9.36022e-06
10084	1	100	8	500	0.0111382	0.00321039	0.00122843	0.00198195	0.00792781	0.996971	0.0064818	0.996993	0.00648484	9.61649e-06
10085	1	100	10	500	0.020885	0.00589664	0.00214956	0.00374708	0.0149883	0.994522	0.0108282	0.994522	0.0108282	9.35682e-06
10086	1	100	8	500	0.0276465	0.00780355	0.00284281	0.00496075	0.019843	0.993603	0.00975087	0.993805	0.00985188	8.9986e-06
10087	1	100	8	500	0.0308266	0.00914978	0.00373058	0.0054192	0.0216768	0.991968	0.0120859	0.992034	0.0121157	9.22106e-06
10088	1	100	9	500	0.0311782	0.00976899	0.00441669	0.00535231	0.0214092	0.992123	0.0113262	0.992359	0.0113047	9.79595e-06
10089	1	100	9	500	0.0424229	0.0126662	0.00522698	0.00743919	0.0297568	0.984089	0.0486458	0.98421	0.0486853	8.92461e-06
10090	1	100	7	500	0.0274807	0.00787582	0.00297459	0.00490123	0.0196049	0.991556	0.0291517	0.991556	0.0291517	9.669e-06
10091	1	100	8	500	0.0229532	0.00633644	0.00218225	0.00415419	0.0166168	0.994261	0.0106065	0.994296	0.0105965	8.95243e-06
10092	1	100	10	500	0.0161098	0.00427925	0.00132163	0.00295763	0.0118305	0.996445	0.00793426	0.996519	0.00794691	9.23624e-06
10093	1	100	10	500	0.0255785	0.00680359	0.00210986	0.00469373	0.0187749	0.994158	0.0114769	0.994418	0.0108323	8.08972e-06
10094	1	100	13	500	0.0417905	0.0114992	0.00392643	0.00757281	0.0302912	0.990838	0.0133342	0.990982	0.0134326	8.37166e-06
10095	1	100	11	500	0.0356542	0.00994598	0.00301618	0.0069298	0.0257082	0.991893	0.0135179	0.992992	0.0125208	9.19193e-06
10096	1	100	8	500	0.0276538	0.00739217	0.00232677	0.0050654	0.0202616	0.993293	0.0129577	0.993293	0.0129577	9.43782e-06
10097	1	100	9	500	0.0260227	0.00655381	0.00168087	0.00487294	0.0194689	0.992977	0.0143692	0.992988	0.0143748	1.0048e-05
10098	1	100	9	500	0.0340064	0.0087361	0.00241853	0.00631757	0.0252703	0.989617	0.0359001	0.990086	0.0360328	1.00126e-05
10099	1	100	13	500	0.0404187	0.0108695	0.00316831	0.00770118	0.0295492	0.991261	0.0144999	0.991896	0.0148651	9.66956e-06
10100	1	100	14	500	0.0409007	0.0106274	0.00264138	0.00798599	0.0302733	0.991117	0.0142853	0.991958	0.0146993	1.03537e-05
10101	1	100	10	500	0.0435372	0.0124525	0.00405734	0.00839515	0.0310847	0.986548	0.0383122	0.987811	0.0387334	1.07821e-05
