Generation	PopulationID	SampleSize	UniqueMutations	PopulationSize	totalLoad	RelzLoad	RelzLoadHomo	RelzLoadHetero	MskLoad	MeanFitness	SdFitness	MeanFitnessCached	SdFitnessCached	Heterozygosity	
10001	1	100	54	500	0.289771	0.273684	0.138768	0.134916	0.0160869	0.750276	0.0407571	1.2874	0.0628911	3.22406e-05
10002	1	100	37	500	0.303076	0.272095	0.130163	0.141932	0.0309807	0.754116	0.0440711	1.27812	0.0674771	3.22782e-05
10003	1	100	29	500	0.27801	0.249899	0.115055	0.134845	0.0281104	0.771095	0.0311322	1.25089	0.049468	3.15234e-05
10004	1	100	29	500	0.281628	0.25148	0.111505	0.139975	0.030148	0.769924	0.0312988	1.25063	0.0485664	3.32702e-05
10005	1	100	26	500	0.27125	0.244797	0.106247	0.13855	0.0264528	0.775589	0.0297187	1.24715	0.0433415	3.34802e-05
10006	1	100	22	500	0.263106	0.242442	0.108165	0.134278	0.020664	0.777841	0.0289575	1.24686	0.0399933	3.28318e-05
10007	1	100	18	500	0.259515	0.243294	0.111162	0.132132	0.0162213	0.776839	0.0294929	1.2491	0.0395767	3.24961e-05
10008	1	100	18	500	0.263486	0.244489	0.112696	0.131794	0.0189967	0.775117	0.0324088	1.24607	0.040281	3.37501e-05
10009	1	100	18	500	0.259954	0.240977	0.109687	0.13129	0.0189773	0.779831	0.0286356	1.2437	0.0350906	3.39666e-05
10010	1	100	18	500	0.253914	0.235488	0.106255	0.129233	0.0184252	0.784328	0.0278337	1.23935	0.0357374	3.27823e-05
10011	1	100	19	500	0.24595	0.23158	0.112288	0.119292	0.01437	0.787216	0.0276138	1.23737	0.0360059	3.11648e-05
10012	1	100	16	500	0.254955	0.238738	0.113673	0.125065	0.0162176	0.781272	0.0328146	1.24331	0.0383432	3.20005e-05
10013	1	100	18	500	0.243188	0.230349	0.114213	0.116136	0.0128388	0.787062	0.0312516	1.23629	0.0356132	3.03678e-05
10014	1	100	17	500	0.243353	0.227003	0.105079	0.121924	0.0163501	0.789709	0.0266609	1.22956	0.032461	3.07121e-05
10015	1	100	17	500	0.237452	0.223567	0.10167	0.121896	0.0138859	0.792719	0.0187245	1.22928	0.0261205	3.04642e-05
10016	1	100	20	500	0.232376	0.220118	0.0981898	0.121928	0.0122577	0.793913	0.0217133	1.22374	0.0269157	3.00714e-05
10017	1	100	17	500	0.231376	0.219329	0.0970311	0.122298	0.0120466	0.796677	0.0134102	1.22628	0.0210986	2.84231e-05
10018	1	100	16	500	0.238663	0.222826	0.0998405	0.122985	0.0158374	0.793807	0.0147572	1.22656	0.0239547	2.78208e-05
10019	1	100	15	500	0.249574	0.225336	0.109266	0.11607	0.024238	0.793067	0.0121588	1.2226	0.0224522	2.65166e-05
10020	1	100	14	500	0.259593	0.230948	0.103095	0.127853	0.0286449	0.789207	0.0162979	1.22304	0.0250308	2.93024e-05
10021	1	100	17	500	0.262679	0.230767	0.100963	0.129804	0.0319115	0.789242	0.0208553	1.22044	0.0384649	2.91971e-05
10022	1	100	16	500	0.267956	0.233715	0.0991746	0.134541	0.0342407	0.788501	0.0135259	1.223	0.022806	3.04293e-05
10023	1	100	15	500	0.268207	0.232637	0.0985872	0.13405	0.0355696	0.788813	0.0149993	1.21876	0.0268415	3.08707e-05
10024	1	100	13	500	0.262477	0.231321	0.106533	0.124787	0.0311559	0.78875	0.0195248	1.2225	0.0257914	2.94395e-05
10025	1	100	17	500	0.281019	0.237434	0.109325	0.128109	0.0435853	0.784779	0.0291351	1.21359	0.0503391	3.00269e-05
10026	1	100	16	500	0.274193	0.233904	0.10884	0.125064	0.040289	0.786061	0.0292801	1.21484	0.0494629	3.0338e-05
10027	1	100	16	500	0.259755	0.228609	0.106215	0.122394	0.0311462	0.79084	0.017449	1.22147	0.0254594	3.04477e-05
10028	1	100	19	500	0.257635	0.225603	0.112445	0.113158	0.0320321	0.793044	0.0181771	1.21756	0.0293579	2.84995e-05
10029	1	100	16	500	0.257613	0.225474	0.119204	0.106271	0.0321386	0.79334	0.0160375	1.21649	0.0259319	2.67448e-05
10030	1	100	17	500	0.244503	0.218176	0.122593	0.0955836	0.0263269	0.798245	0.0136363	1.21276	0.0257672	2.50412e-05
10031	1	100	17	500	0.232545	0.214828	0.123028	0.0918008	0.0177166	0.800157	0.0125687	1.21513	0.0191469	2.53525e-05
10032	1	100	18	500	0.230345	0.215823	0.122556	0.0932675	0.0145219	0.799457	0.0128293	1.21953	0.0184693	2.52408e-05
10033	1	100	15	500	0.227349	0.216156	0.118377	0.097779	0.0111932	0.798577	0.0127336	1.22213	0.0193195	2.67541e-05
10034	1	100	21	500	0.234594	0.220689	0.127332	0.0933573	0.0139051	0.79455	0.0121085	1.22536	0.0187975	2.73104e-05
10035	1	100	18	500	0.236393	0.221005	0.136315	0.08469	0.0153879	0.793813	0.0139562	1.22413	0.0210561	2.56382e-05
10036	1	100	18	500	0.23892	0.221317	0.128865	0.0924518	0.0176026	0.794155	0.0131547	1.22269	0.0199716	2.76021e-05
10037	1	100	17	500	0.241032	0.221812	0.137406	0.0844056	0.0192204	0.793608	0.0150584	1.22258	0.0215959	2.56713e-05
10038	1	100	17	500	0.247432	0.221655	0.127183	0.0944714	0.025777	0.79492	0.0137137	1.21819	0.0176793	2.77406e-05
10039	1	100	20	500	0.249497	0.22637	0.127378	0.0989925	0.0231268	0.790959	0.0134052	1.22412	0.0194604	2.92465e-05
10040	1	100	17	500	0.256732	0.228088	0.130307	0.0977814	0.0286442	0.789369	0.0146724	1.22219	0.0202718	2.93883e-05
10041	1	100	15	500	0.259064	0.229364	0.127113	0.102251	0.0296995	0.789219	0.0151826	1.22292	0.0210305	3.0415e-05
10042	1	100	17	500	0.263446	0.230154	0.126049	0.104105	0.0332924	0.787819	0.0177754	1.21905	0.0252886	3.10188e-05
10043	1	100	18	500	0.253114	0.226938	0.114139	0.1128	0.0261761	0.791647	0.0153608	1.22266	0.020342	3.16336e-05
10044	1	100	18	500	0.24201	0.223149	0.111806	0.111344	0.018861	0.794622	0.0133012	1.22208	0.0197404	3.21228e-05
10045	1	100	17	500	0.255145	0.228716	0.107182	0.121534	0.0264287	0.790141	0.0187894	1.21998	0.0230806	3.3624e-05
10046	1	100	15	500	0.263508	0.233563	0.102526	0.131037	0.0299448	0.788144	0.0178591	1.22018	0.0239051	3.46279e-05
10047	1	100	18	500	0.270666	0.238114	0.103112	0.135002	0.0325519	0.78542	0.0181748	1.22174	0.0269719	3.52961e-05
10048	1	100	19	500	0.279838	0.23844	0.0996961	0.138744	0.0413975	0.782753	0.0267881	1.21261	0.0385693	3.60505e-05
10049	1	100	21	500	0.281706	0.234847	0.0988283	0.136019	0.0468587	0.788023	0.0176544	1.21114	0.0241122	3.55563e-05
10050	1	100	22	500	0.264713	0.228612	0.114108	0.114504	0.0361012	0.788792	0.0199731	1.21458	0.0263838	3.18993e-05
10051	1	100	21	500	0.264008	0.228825	0.111444	0.117381	0.0351831	0.790847	0.013505	1.21786	0.0206184	3.25685e-05
10052	1	100	18	500	0.275237	0.232741	0.108695	0.124046	0.0424956	0.786984	0.0213415	1.21243	0.029328	3.47895e-05
10053	1	100	16	500	0.271846	0.232263	0.107344	0.124919	0.0395825	0.789411	0.0180006	1.21381	0.021327	3.56372e-05
10054	1	100	19	500	0.274886	0.23139	0.109427	0.121963	0.0434954	0.790502	0.0151926	1.21173	0.01987	3.49864e-05
10055	1	100	16	500	0.282574	0.233704	0.120005	0.113699	0.04887	0.788686	0.0143733	1.21032	0.0238288	3.3151e-05
10056	1	100	17	500	0.284427	0.235178	0.126831	0.108346	0.0492499	0.787261	0.0190096	1.2101	0.023866	3.17988e-05
10057	1	100	16	500	0.287078	0.239405	0.132987	0.106418	0.0476728	0.784677	0.0142926	1.21607	0.0257795	3.20782e-05
10058	1	100	18	500	0.28921	0.238795	0.124633	0.114162	0.0504148	0.779181	0.0487344	1.20269	0.0760471	3.33681e-05
10059	1	100	21	500	0.306811	0.244742	0.12677	0.117972	0.0620691	0.774658	0.0517042	1.19561	0.0800366	3.26925e-05
10060	1	100	19	500	0.281733	0.234394	0.119709	0.114686	0.0473383	0.787683	0.0159382	1.21356	0.025724	3.24451e-05
10061	1	100	22	500	0.292449	0.238534	0.113935	0.124599	0.0539153	0.784683	0.0215241	1.20909	0.0319805	3.4075e-05
10062	1	100	18	500	0.275563	0.233368	0.113322	0.120046	0.0421947	0.786438	0.0297961	1.21204	0.0463789	3.32958e-05
10063	1	100	18	500	0.279195	0.234606	0.109687	0.124919	0.0445882	0.785982	0.0335476	1.21141	0.0499359	3.38017e-05
10064	1	100	19	500	0.29012	0.239382	0.113171	0.12621	0.0507386	0.785785	0.0155902	1.21348	0.025457	3.43819e-05
10065	1	100	20	500	0.296483	0.242311	0.106885	0.135426	0.0541723	0.784236	0.0210634	1.21037	0.0278244	3.72747e-05
10066	1	100	18	500	0.281044	0.235595	0.108331	0.127264	0.0454492	0.787753	0.0165094	1.21421	0.02556	3.62606e-05
10067	1	100	17	500	0.28421	0.237119	0.105576	0.131543	0.0470905	0.786999	0.0215064	1.21285	0.0268861	3.69293e-05
10068	1	100	20	500	0.279329	0.234726	0.101525	0.133201	0.0446025	0.787586	0.0212676	1.20889	0.0337562	3.73587e-05
10069	1	100	18	500	0.271022	0.231171	0.104572	0.126599	0.0398512	0.7904	0.0199167	1.21258	0.0279294	3.52355e-05
10070	1	100	21	500	0.280235	0.234082	0.100612	0.13347	0.0461536	0.787945	0.0259996	1.20827	0.0339381	3.67723e-05
10071	1	100	19	500	0.284404	0.239291	0.103376	0.135915	0.0451129	0.786381	0.0185982	1.21451	0.0248628	3.78397e-05
10072	1	100	18	500	0.274687	0.235277	0.104089	0.131188	0.0394099	0.783165	0.0386016	1.20998	0.0568298	3.60529e-05
10073	1	100	19	500	0.290685	0.241081	0.101689	0.139392	0.049604	0.785697	0.0211468	1.20857	0.0267896	3.87966e-05
10074	1	100	17	500	0.278264	0.237131	0.100631	0.1365	0.0411328	0.785517	0.0239651	1.21056	0.0296208	3.76655e-05
10075	1	100	15	500	0.286424	0.237679	0.105183	0.132497	0.048745	0.787425	0.0173274	1.20973	0.0276125	3.63194e-05
10076	1	100	16	500	0.285819	0.237565	0.111854	0.125711	0.0482536	0.781555	0.0455095	1.20282	0.068319	3.42004e-05
10077	1	100	14	500	0.268398	0.231041	0.116746	0.114295	0.0373564	0.78968	0.0186737	1.21641	0.0215056	3.17909e-05
10078	1	100	15	500	0.273429	0.231447	0.108661	0.122786	0.0419822	0.790987	0.0148477	1.21241	0.0227458	3.46393e-05
10079	1	100	16	500	0.295198	0.241221	0.118144	0.123077	0.0539772	0.786566	0.01836	1.20827	0.0248081	3.38577e-05
10080	1	100	14	500	0.291815	0.240117	0.117304	0.122812	0.0516985	0.779816	0.0506791	1.20036	0.078388	3.43264e-05
10081	1	100	16	500	0.284889	0.237646	0.113575	0.124071	0.0472433	0.783195	0.0371069	1.20765	0.0525612	3.48584e-05
10082	1	100	15	500	0.301049	0.246673	0.11811	0.128562	0.0543761	0.782221	0.0183352	1.21478	0.0281096	3.58672e-05
10083	1	100	16	500	0.300365	0.246003	0.121989	0.124014	0.0543617	0.781471	0.0214448	1.21223	0.0297405	3.53032e-05
10084	1	100	16	500	0.322747	0.258179	0.132918	0.125261	0.0645686	0.774316	0.0418876	1.20253	0.0646045	3.52804e-05
10085	1	100	15	500	0.344283	0.271569	0.143978	0.127591	0.0727147	0.767598	0.0525787	1.19188	0.082098	3.61484e-05
10086	1	100	15	500	0.329271	0.260329	0.130186	0.130143	0.0689416	0.771369	0.0497996	1.1931	0.0752996	3.75382e-05
10087	1	100	14	500	0.330082	0.259576	0.131402	0.128175	0.0705062	0.772534	0.0564763	1.18585	0.0852254	3.68887e-05
10088	1	100	14	500	0.320348	0.254303	0.128621	0.125681	0.0660453	0.780639	0.0363094	1.19687	0.0537532	3.63084e-05
10089	1	100	15	500	0.329521	0.260732	0.134287	0.126445	0.0687891	0.768962	0.0635564	1.18251	0.0960962	3.68337e-05
10090	1	100	22	500	0.311006	0.248957	0.13255	0.116407	0.0620497	0.785806	0.0174469	1.20148	0.0232404	3.43133e-05
10091	1	100	18	500	0.320351	0.255113	0.137975	0.117138	0.0652376	0.776287	0.0617279	1.18065	0.0855109	3.48428e-05
10092	1	100	17	500	0.322767	0.257239	0.142846	0.114393	0.0655282	0.779275	0.0545444	1.17995	0.0739104	3.37394e-05
10093	1	100	7	500	0.245496	0.186157	0.0769187	0.109238	0.0593394	0.825877	0.0773675	1.10608	0.0957391	3.28095e-05
10094	1	100	9	500	0.254992	0.192096	0.0820292	0.110067	0.0628952	0.823151	0.0763886	1.1035	0.0963842	3.28635e-05
10095	1	100	8	500	0.238625	0.182252	0.0780958	0.104156	0.0563737	0.820715	0.0899614	1.1003	0.114636	3.13434e-05
10096	1	100	8	500	0.226747	0.173498	0.0793092	0.0941888	0.0532491	0.84425	0.0373052	1.12224	0.0421579	2.79364e-05
10097	1	100	11	500	0.216665	0.16895	0.0714631	0.0974866	0.0477156	0.846605	0.0238228	1.12914	0.0182323	2.9064e-05
10098	1	100	12	500	0.218397	0.169026	0.0688807	0.100145	0.0493711	0.845959	0.0414944	1.12431	0.0433213	2.90033e-05
10099	1	100	12	500	0.221999	0.172044	0.0678051	0.104239	0.0499549	0.837476	0.0581281	1.11915	0.0677243	3.02075e-05
10100	1	100	13	500	0.213177	0.167639	0.0659474	0.101692	0.045538	0.843322	0.0441139	1.12559	0.0484664	2.97909e-05
10101	1	100	10	500	0.201732	0.161882	0.0661663	0.0957153	0.0398508	0.849432	0.0197434	1.13257	0.0195664	2.90526e-05
