Generation	PopulationID	SampleSize	UniqueMutations	PopulationSize	totalLoad	RelzLoad	RelzLoadHomo	RelzLoadHetero	MskLoad	MeanFitness	SdFitness	MeanFitnessCached	SdFitnessCached	Heterozygosity	
10001	1	100	59	500	0.411104	0.367536	0.279169	0.0883669	0.0435678	0.677581	0.0383976	1.32345	0.0558435	5.93983e-05
10002	1	100	51	500	0.416125	0.366516	0.26412	0.102395	0.0496098	0.682976	0.0297299	1.33274	0.0541018	6.72569e-05
10003	1	100	47	500	0.423256	0.373458	0.262912	0.110546	0.0497984	0.680302	0.0364128	1.34487	0.0587201	6.79745e-05
10004	1	100	43	500	0.422166	0.374112	0.264644	0.109468	0.0480545	0.678518	0.034247	1.35138	0.0523816	6.6042e-05
10005	1	100	42	500	0.414301	0.367024	0.259411	0.107612	0.0472775	0.684823	0.0335979	1.3422	0.0669219	6.57594e-05
10006	1	100	43	500	0.406242	0.358215	0.247819	0.110397	0.0480271	0.690343	0.0344337	1.32802	0.0769579	6.85229e-05
10007	1	100	42	500	0.414524	0.367213	0.263698	0.103515	0.0473109	0.684442	0.0308993	1.33683	0.0555127	6.76628e-05
10008	1	100	40	500	0.429535	0.376487	0.268291	0.108196	0.0530476	0.676848	0.0387774	1.33401	0.0741735	6.78727e-05
10009	1	100	36	500	0.440746	0.380143	0.271593	0.10855	0.0606034	0.674676	0.0269014	1.33717	0.0621979	6.82883e-05
10010	1	100	38	500	0.431608	0.375543	0.271422	0.104121	0.0560646	0.679342	0.0325642	1.34241	0.0687425	6.84431e-05
10011	1	100	33	500	0.417911	0.364649	0.271126	0.0935221	0.0532624	0.68462	0.021481	1.33356	0.0777873	6.85148e-05
10012	1	100	35	500	0.417561	0.361337	0.262348	0.0989892	0.0562237	0.693079	0.0188248	1.32684	0.0625701	6.99191e-05
10013	1	100	31	500	0.425189	0.366029	0.258143	0.107886	0.0591604	0.685965	0.02007	1.32272	0.0743052	7.0784e-05
10014	1	100	34	500	0.423611	0.367369	0.262084	0.105285	0.0562425	0.68433	0.0210003	1.31887	0.0795875	7.01272e-05
10015	1	100	31	500	0.418845	0.361546	0.249023	0.112524	0.0572988	0.689041	0.0209455	1.30976	0.0870352	7.11386e-05
10016	1	100	33	500	0.417076	0.36349	0.248008	0.115482	0.0535868	0.687038	0.0226824	1.32602	0.0777436	7.17279e-05
10017	1	100	30	500	0.419169	0.365855	0.258183	0.107672	0.0533133	0.687671	0.0215807	1.33396	0.0681246	7.1418e-05
10018	1	100	34	500	0.42354	0.368379	0.260471	0.107908	0.0551615	0.685136	0.0244247	1.34751	0.0741382	7.24444e-05
10019	1	100	32	500	0.438338	0.369099	0.250493	0.118606	0.0692386	0.682465	0.0278629	1.34461	0.0817994	7.33566e-05
10020	1	100	35	500	0.428521	0.369072	0.270846	0.0982267	0.0594481	0.68081	0.0272983	1.35084	0.0812178	7.00527e-05
10021	1	100	31	500	0.40507	0.361523	0.263763	0.0977603	0.0435468	0.68789	0.0245312	1.35403	0.076196	6.99936e-05
10022	1	100	32	500	0.40053	0.352561	0.244387	0.108174	0.0479683	0.694678	0.02312	1.33527	0.0709439	7.18263e-05
10023	1	100	33	500	0.399435	0.352851	0.243157	0.109694	0.0465834	0.693945	0.0225381	1.32983	0.0799737	7.18594e-05
10024	1	100	28	500	0.397251	0.353673	0.250466	0.103207	0.043578	0.695874	0.0222881	1.33407	0.0672759	7.02982e-05
10025	1	100	33	500	0.404844	0.356216	0.247776	0.108439	0.0486284	0.691916	0.0200345	1.33021	0.0736003	7.06749e-05
10026	1	100	32	500	0.404384	0.358529	0.259414	0.0991142	0.0458558	0.689866	0.0209341	1.34837	0.063622	6.91326e-05
10027	1	100	33	500	0.404604	0.358749	0.263082	0.0956676	0.0458547	0.690761	0.0202579	1.3519	0.0626173	6.82546e-05
10028	1	100	31	500	0.400067	0.357788	0.257025	0.100763	0.0422797	0.6903	0.0183529	1.35735	0.0629414	6.68548e-05
10029	1	100	31	500	0.398603	0.358682	0.257057	0.101625	0.0399212	0.686872	0.0259894	1.35863	0.0756116	6.65977e-05
10030	1	100	32	500	0.411242	0.362184	0.2676	0.0945846	0.0490576	0.68705	0.0220378	1.36697	0.0519246	6.25178e-05
10031	1	100	33	500	0.41519	0.363257	0.279947	0.0833105	0.0519333	0.685319	0.0220354	1.3586	0.0621287	6.31936e-05
10032	1	100	25	500	0.266898	0.218224	0.141999	0.0762252	0.0486743	0.799102	0.0273298	1.18231	0.0660259	6.23276e-05
10033	1	100	22	500	0.268722	0.215492	0.13473	0.0807616	0.0532304	0.8073	0.0228661	1.17564	0.0574173	6.41109e-05
10034	1	100	23	500	0.27767	0.217309	0.132353	0.0849559	0.0603609	0.804386	0.0230928	1.17956	0.0438546	6.21699e-05
10035	1	100	25	500	0.280171	0.219573	0.136135	0.0834386	0.0605979	0.801831	0.0247115	1.18198	0.0541546	6.07015e-05
10036	1	100	23	500	0.313626	0.229071	0.137904	0.0911663	0.0845553	0.792935	0.033072	1.17807	0.0529754	6.03648e-05
10037	1	100	27	500	0.319234	0.236096	0.156651	0.0794452	0.0831376	0.786429	0.0281438	1.19174	0.0512779	5.14363e-05
10038	1	100	26	500	0.342941	0.24269	0.156985	0.0857052	0.100251	0.784555	0.0330081	1.18356	0.0529868	5.5072e-05
10039	1	100	29	500	0.325229	0.23905	0.161141	0.0779085	0.0861791	0.785547	0.0331461	1.19231	0.0523801	5.15336e-05
10040	1	100	29	500	0.349073	0.251457	0.179781	0.071676	0.0976159	0.777906	0.0313135	1.19256	0.0575203	4.1914e-05
10041	1	100	30	500	0.325062	0.243629	0.170019	0.0736098	0.0814328	0.776719	0.0620994	1.19409	0.100353	4.70584e-05
10042	1	100	29	500	0.339233	0.24902	0.179133	0.0698868	0.0902128	0.778063	0.0341057	1.19655	0.0541225	4.16091e-05
10043	1	100	26	500	0.32703	0.242283	0.159781	0.0825019	0.0847472	0.783182	0.0319852	1.19164	0.0488504	5.24355e-05
10044	1	100	28	500	0.359014	0.254043	0.168125	0.0859176	0.104971	0.778253	0.0357767	1.18135	0.0553576	5.17337e-05
10045	1	100	25	500	0.367807	0.255543	0.176854	0.0786887	0.112264	0.779642	0.0355456	1.1701	0.0658249	5.35506e-05
10046	1	100	26	500	0.370137	0.257326	0.190048	0.0672777	0.112811	0.778127	0.0451461	1.17384	0.0679221	4.49151e-05
10047	1	100	26	500	0.373248	0.258553	0.182705	0.0758478	0.114695	0.772269	0.0639025	1.17541	0.0918004	4.32443e-05
10048	1	100	24	500	0.352437	0.251707	0.17396	0.077747	0.10073	0.762731	0.120916	1.15998	0.178134	4.36551e-05
10049	1	100	23	500	0.338297	0.244981	0.161741	0.0832403	0.0933154	0.78282	0.0373727	1.18747	0.0479577	4.58962e-05
10050	1	100	22	500	0.298773	0.233167	0.151236	0.0819311	0.0656055	0.789093	0.0332158	1.19833	0.0457114	4.61894e-05
10051	1	100	23	500	0.30254	0.23352	0.147222	0.0862973	0.0690202	0.789094	0.036079	1.19469	0.0463379	4.9534e-05
10052	1	100	24	500	0.338023	0.248573	0.169146	0.0794269	0.0894502	0.780788	0.0381059	1.19436	0.0421444	4.56186e-05
10053	1	100	25	500	0.316439	0.239984	0.169258	0.0707253	0.0764552	0.780211	0.0665854	1.1913	0.095981	4.10172e-05
10054	1	100	22	500	0.303613	0.238615	0.168732	0.0698831	0.0649978	0.783745	0.0412696	1.20431	0.0393883	3.98288e-05
10055	1	100	24	500	0.336229	0.251287	0.167094	0.084193	0.0849422	0.777201	0.0443496	1.20039	0.0450056	4.43716e-05
10056	1	100	27	500	0.324255	0.242907	0.145802	0.0971045	0.0813478	0.783065	0.0401298	1.1949	0.0515607	5.19015e-05
10057	1	100	23	500	0.331985	0.245705	0.151838	0.093867	0.0862799	0.781764	0.036777	1.19485	0.0484119	5.12658e-05
10058	1	100	23	500	0.334661	0.251164	0.148647	0.102517	0.0834974	0.77194	0.0796112	1.19161	0.123219	5.42001e-05
10059	1	100	19	500	0.338183	0.252638	0.152463	0.100175	0.0855454	0.778556	0.0302245	1.20053	0.0527973	5.25092e-05
10060	1	100	19	500	0.347039	0.257628	0.161924	0.0957037	0.0894107	0.774201	0.0339354	1.19772	0.0492617	5.08271e-05
10061	1	100	18	500	0.334723	0.252132	0.168565	0.0835671	0.082591	0.775827	0.0310802	1.19772	0.0523056	4.54304e-05
10062	1	100	25	500	0.327841	0.246664	0.157651	0.0890125	0.0811769	0.779332	0.0340812	1.19796	0.0501939	4.66003e-05
10063	1	100	21	500	0.35593	0.253488	0.148971	0.104517	0.102442	0.774934	0.0583024	1.18616	0.0885888	5.21835e-05
10064	1	100	20	500	0.357813	0.256556	0.162685	0.0938713	0.101257	0.775132	0.0347462	1.19356	0.0490661	4.84079e-05
10065	1	100	21	500	0.349483	0.252381	0.158826	0.0935552	0.0971023	0.777401	0.0337436	1.19554	0.045037	4.69313e-05
10066	1	100	21	500	0.368453	0.261811	0.166038	0.095773	0.106642	0.76944	0.0345666	1.19602	0.0511192	4.72291e-05
10067	1	100	23	500	0.43462	0.290078	0.183993	0.106085	0.144542	0.75856	0.0359325	1.18469	0.0536897	5.136e-05
10068	1	100	24	500	0.446207	0.295264	0.182221	0.113043	0.150943	0.751345	0.0807874	1.16791	0.122314	5.33741e-05
10069	1	100	22	500	0.426932	0.288211	0.183049	0.105162	0.138721	0.759596	0.0380233	1.18583	0.057173	5.26507e-05
10070	1	100	19	500	0.395324	0.276282	0.179922	0.0963592	0.119042	0.753061	0.096912	1.17855	0.149636	5.14684e-05
10071	1	100	20	500	0.460875	0.308417	0.201841	0.106576	0.152458	0.741131	0.0947263	1.16452	0.149296	5.43651e-05
10072	1	100	20	500	0.507534	0.341057	0.230879	0.110178	0.166477	0.711614	0.153277	1.12045	0.243695	5.8388e-05
10073	1	100	22	500	0.457288	0.313938	0.208397	0.105541	0.14335	0.740169	0.0954249	1.16749	0.154543	5.62973e-05
10074	1	100	24	500	0.458382	0.308853	0.193937	0.114917	0.149529	0.747231	0.0746507	1.17231	0.120311	5.91203e-05
10075	1	100	22	500	0.438087	0.30044	0.197599	0.102841	0.137647	0.737085	0.121533	1.15871	0.19315	5.90816e-05
10076	1	100	23	500	0.400968	0.28555	0.197581	0.0879689	0.115418	0.752647	0.0790548	1.18939	0.126167	5.58226e-05
10077	1	100	23	500	0.379301	0.276697	0.191101	0.0855963	0.102604	0.7537	0.0774052	1.20005	0.127665	5.58647e-05
10078	1	100	25	500	0.401032	0.280253	0.188891	0.0913613	0.120779	0.760456	0.0321652	1.20012	0.0539719	5.30215e-05
10079	1	100	23	500	0.421848	0.287172	0.188508	0.0986641	0.134676	0.7507	0.0845035	1.18021	0.133836	5.35391e-05
10080	1	100	22	500	0.438608	0.29342	0.183552	0.109868	0.145188	0.743779	0.0995192	1.16731	0.155449	5.5826e-05
10081	1	100	20	500	0.440717	0.294642	0.186637	0.108005	0.146075	0.757982	0.0359401	1.18507	0.0538666	5.69025e-05
10082	1	100	24	500	0.445217	0.298002	0.200532	0.0974694	0.147215	0.745806	0.0918582	1.16932	0.143993	5.26035e-05
10083	1	100	24	500	0.48079	0.31654	0.216203	0.100337	0.16425	0.741243	0.0868882	1.15717	0.133773	5.40865e-05
10084	1	100	20	500	0.513803	0.332607	0.218422	0.114185	0.181196	0.736653	0.0877793	1.15153	0.137384	5.78812e-05
10085	1	100	26	500	0.536138	0.343026	0.208706	0.134321	0.193112	0.728449	0.0867377	1.14726	0.134768	6.58448e-05
10086	1	100	19	500	0.534051	0.347215	0.233577	0.113638	0.186836	0.711843	0.141527	1.12306	0.225326	5.99186e-05
10087	1	100	21	500	0.509833	0.336138	0.236994	0.0991436	0.173696	0.719143	0.131057	1.1338	0.207906	5.66758e-05
10088	1	100	20	500	0.467337	0.309005	0.207676	0.101329	0.158332	0.750366	0.0347661	1.18344	0.0577882	5.60369e-05
10089	1	100	20	500	0.483337	0.317552	0.213886	0.103666	0.165785	0.743485	0.0680599	1.17112	0.110017	5.66681e-05
10090	1	100	19	500	0.489073	0.319004	0.21482	0.104184	0.170069	0.730904	0.113494	1.14875	0.181409	5.45216e-05
10091	1	100	23	500	0.528923	0.347711	0.261773	0.0859381	0.181212	0.735283	0.0821382	1.148	0.128581	4.73017e-05
10092	1	100	19	500	0.51127	0.347984	0.281594	0.0663901	0.163287	0.722819	0.128168	1.12916	0.200529	4.45842e-05
10093	1	100	16	500	0.449522	0.307904	0.242047	0.0658577	0.141618	0.742296	0.0903157	1.16332	0.147551	4.51006e-05
10094	1	100	16	500	0.464441	0.318441	0.24429	0.0741509	0.146001	0.731638	0.120248	1.15159	0.192669	5.08175e-05
10095	1	100	19	500	0.418878	0.293536	0.218736	0.0747996	0.125342	0.756759	0.0324219	1.1947	0.0570311	5.23674e-05
10096	1	100	17	500	0.40896	0.282665	0.208395	0.0742695	0.126295	0.760874	0.0332955	1.19314	0.0652004	4.8074e-05
10097	1	100	18	500	0.430233	0.295075	0.221443	0.0736316	0.135159	0.756241	0.0423939	1.18686	0.0698745	4.97613e-05
10098	1	100	18	500	0.429229	0.299266	0.235795	0.0634705	0.129963	0.742584	0.105839	1.16663	0.169318	4.76957e-05
10099	1	100	18	500	0.478364	0.328492	0.254012	0.0744797	0.149872	0.73726	0.0942379	1.16111	0.151398	5.4543e-05
10100	1	100	15	500	0.345573	0.210926	0.134103	0.0768237	0.134647	0.823325	0.128464	1.0449	0.16558	5.8617e-05
10101	1	100	15	500	0.353986	0.216188	0.140092	0.0760959	0.137798	0.820799	0.130962	1.04014	0.1688	5.82682e-05
