Generation	PopulationID	SampleSize	UniqueMutations	PopulationSize	totalLoad	RelzLoad	RelzLoadHomo	RelzLoadHetero	MskLoad	MeanFitness	SdFitness	MeanFitnessCached	SdFitnessCached	Heterozygosity	
10001	1	100	56	500	0.32181	0.267674	0.166136	0.101538	0.0541359	0.743868	0.0822553	1.21818	0.0806267	2.6983e-05
10002	1	100	37	500	0.330206	0.272009	0.173697	0.0983119	0.0581964	0.742751	0.0690529	1.22781	0.0716516	2.67913e-05
10003	1	100	33	500	0.316032	0.261791	0.168501	0.0932898	0.0542412	0.753209	0.0653418	1.224	0.0577483	2.55257e-05
10004	1	100	33	500	0.315894	0.261501	0.165458	0.0960431	0.0543929	0.752489	0.0687299	1.22391	0.0632368	2.62546e-05
10005	1	100	25	500	0.328763	0.264195	0.16109	0.103105	0.0645683	0.748673	0.0813531	1.20872	0.0807693	2.73116e-05
10006	1	100	25	500	0.333177	0.265705	0.163505	0.1022	0.0674722	0.752747	0.0664652	1.21701	0.0604018	2.81655e-05
10007	1	100	26	500	0.341582	0.269955	0.17209	0.0978659	0.0716263	0.743012	0.0847758	1.20522	0.0850592	2.77617e-05
10008	1	100	26	500	0.353523	0.279004	0.179965	0.0990389	0.0745195	0.741132	0.0648454	1.22665	0.0666565	2.76149e-05
10009	1	100	20	500	0.346112	0.274521	0.172634	0.101887	0.0715906	0.74383	0.0637213	1.22379	0.0658274	2.70287e-05
10010	1	100	20	500	0.32985	0.269507	0.16169	0.107817	0.0603426	0.743311	0.0672039	1.21816	0.0889814	2.66518e-05
10011	1	100	23	500	0.324013	0.266796	0.156967	0.109829	0.057217	0.748172	0.0819743	1.21767	0.0732216	2.71575e-05
10012	1	100	19	500	0.316565	0.263594	0.158035	0.105559	0.0529705	0.751187	0.0621017	1.22961	0.0655067	2.7432e-05
10013	1	100	16	500	0.332363	0.288807	0.22052	0.068287	0.0435565	0.725608	0.0482944	1.25684	0.0532182	2.66261e-05
10014	1	100	19	500	0.350485	0.299824	0.225656	0.0741677	0.0506613	0.718001	0.0561118	1.25159	0.0692839	2.69374e-05
10015	1	100	16	500	0.35786	0.30371	0.225406	0.0783039	0.0541498	0.71562	0.0595091	1.24772	0.065705	2.68719e-05
10016	1	100	21	500	0.347833	0.297046	0.221118	0.0759278	0.050787	0.720416	0.045937	1.25772	0.0545668	2.66247e-05
10017	1	100	17	500	0.344867	0.293258	0.217185	0.0760731	0.051609	0.723632	0.054132	1.25253	0.0567264	2.74061e-05
10018	1	100	22	500	0.351544	0.298162	0.229565	0.0685967	0.0533821	0.718408	0.0572766	1.25022	0.0625135	2.75231e-05
10019	1	100	20	500	0.388507	0.305588	0.225236	0.0803522	0.0829186	0.715573	0.0626788	1.23885	0.0729319	2.79601e-05
10020	1	100	18	500	0.380187	0.301848	0.230684	0.0711643	0.0783387	0.714537	0.0726413	1.23839	0.0768628	2.76887e-05
10021	1	100	21	500	0.372616	0.310706	0.243663	0.0670437	0.0619094	0.708282	0.0487922	1.25829	0.0635907	2.81704e-05
10022	1	100	20	500	0.375969	0.316179	0.24962	0.0665593	0.0597899	0.706263	0.0473359	1.26328	0.0535759	2.85478e-05
10023	1	100	21	500	0.381973	0.319253	0.245983	0.0732706	0.0627199	0.702826	0.0569595	1.25208	0.0709622	2.89694e-05
10024	1	100	22	500	0.366672	0.306584	0.232831	0.0737528	0.0600882	0.714723	0.0534863	1.25479	0.0642189	2.93521e-05
10025	1	100	16	500	0.355158	0.293284	0.209428	0.0838559	0.0618737	0.725924	0.0601357	1.23462	0.0663941	2.96644e-05
10026	1	100	15	500	0.36083	0.301628	0.228965	0.0726631	0.0592018	0.714662	0.0567011	1.24348	0.0873193	3.00644e-05
10027	1	100	21	500	0.344664	0.286439	0.211837	0.0746021	0.0582247	0.730803	0.0547734	1.2405	0.0761864	3.00403e-05
10028	1	100	19	500	0.346596	0.285235	0.212268	0.0729667	0.0613607	0.724114	0.0647291	1.22671	0.0886469	2.93751e-05
10029	1	100	19	500	0.353367	0.293379	0.23484	0.0585398	0.0599874	0.716596	0.0500862	1.24089	0.0844923	2.85695e-05
10030	1	100	16	500	0.353157	0.286704	0.221195	0.0655093	0.0664532	0.72105	0.0500861	1.22056	0.103867	2.80959e-05
10031	1	100	18	500	0.356175	0.291574	0.226295	0.0652795	0.0646012	0.720616	0.0472207	1.23642	0.0924641	2.91365e-05
10032	1	100	13	500	0.334457	0.295397	0.258429	0.0369675	0.0390609	0.713979	0.0289094	1.26256	0.046169	2.8045e-05
10033	1	100	15	500	0.343787	0.293673	0.243032	0.0506409	0.0501144	0.716309	0.0371237	1.25643	0.0747685	2.8961e-05
10034	1	100	16	500	0.341719	0.294658	0.256171	0.0384873	0.0470606	0.714026	0.0271772	1.26137	0.0475975	2.78651e-05
10035	1	100	15	500	0.351938	0.294231	0.238889	0.0553422	0.0577074	0.709561	0.0588257	1.23701	0.117319	2.92093e-05
10036	1	100	14	500	0.356233	0.29523	0.236182	0.0590485	0.0610029	0.71673	0.0353879	1.24563	0.0530728	3.00007e-05
10037	1	100	15	500	0.382073	0.304786	0.248049	0.0567374	0.0772869	0.709528	0.0368117	1.24318	0.0687365	2.96192e-05
10038	1	100	15	500	0.375673	0.301423	0.242006	0.0594166	0.0742503	0.710235	0.0390212	1.24001	0.0796235	3.00863e-05
10039	1	100	14	500	0.36879	0.296509	0.230544	0.0659643	0.0722818	0.718585	0.035246	1.23964	0.059178	3.04853e-05
10040	1	100	15	500	0.377174	0.297	0.221803	0.075197	0.0801734	0.723367	0.035319	1.23707	0.0609349	3.0512e-05
10041	1	100	15	500	0.383707	0.299086	0.221008	0.0780783	0.0846211	0.722663	0.0369162	1.23251	0.0598941	3.11452e-05
10042	1	100	14	500	0.358192	0.295537	0.235918	0.0596198	0.0626545	0.716588	0.0358758	1.24608	0.0725763	3.07351e-05
10043	1	100	14	500	0.361655	0.302563	0.253521	0.0490426	0.0590915	0.707887	0.0396046	1.25199	0.0847147	3.09575e-05
10044	1	100	17	500	0.363455	0.305167	0.260809	0.0443579	0.0582881	0.706326	0.0468584	1.25136	0.0609717	3.12518e-05
10045	1	100	16	500	0.350073	0.301749	0.264594	0.0371543	0.0483241	0.710351	0.0306788	1.2645	0.0464086	3.11163e-05
10046	1	100	16	500	0.358255	0.301098	0.254023	0.0470755	0.057157	0.710448	0.0359705	1.25545	0.0848369	3.16848e-05
10047	1	100	22	500	0.346973	0.301192	0.258533	0.0426591	0.0457807	0.71085	0.0256989	1.26633	0.0424132	3.16269e-05
10048	1	100	17	500	0.33823	0.298445	0.260587	0.0378582	0.0397848	0.71158	0.0261016	1.27005	0.04123	3.07917e-05
10049	1	100	20	500	0.329748	0.298095	0.272054	0.0260413	0.0316529	0.70913	0.0234215	1.27051	0.0372106	2.96368e-05
10050	1	100	16	500	0.31278	0.29175	0.277771	0.0139791	0.02103	0.712583	0.0150589	1.27203	0.0254763	2.81331e-05
10051	1	100	18	500	0.313364	0.290662	0.275405	0.0152573	0.0227018	0.714079	0.0145772	1.27136	0.025884	2.76887e-05
10052	1	100	13	500	0.306375	0.287573	0.273487	0.0140858	0.0188016	0.715637	0.013324	1.272	0.0265224	2.65804e-05
10053	1	100	13	500	0.306885	0.289614	0.280545	0.00906819	0.0172713	0.713846	0.0103995	1.27437	0.0188712	2.61335e-05
10054	1	100	16	500	0.308633	0.289599	0.278145	0.011454	0.0190336	0.713715	0.0136774	1.27176	0.0232545	2.60747e-05
10055	1	100	18	500	0.311535	0.287091	0.265964	0.0211276	0.0244431	0.716528	0.0178533	1.26672	0.0345996	2.80955e-05
10056	1	100	16	500	0.313947	0.286303	0.260721	0.0255819	0.027644	0.718946	0.0192693	1.26638	0.0360723	2.81116e-05
10057	1	100	17	500	0.32642	0.291853	0.272306	0.0195465	0.0345671	0.711885	0.0217487	1.26346	0.039473	2.75061e-05
10058	1	100	17	500	0.333026	0.291806	0.264753	0.0270523	0.0412202	0.714397	0.0256647	1.2603	0.0445083	2.90612e-05
10059	1	100	15	500	0.339541	0.288724	0.247422	0.0413021	0.0508165	0.720015	0.0293714	1.25048	0.0579819	2.96045e-05
10060	1	100	17	500	0.334312	0.290426	0.260322	0.0301035	0.0438864	0.717636	0.0295884	1.25665	0.0503153	2.984e-05
10061	1	100	15	500	0.324068	0.291624	0.265461	0.0261632	0.0324439	0.713158	0.023127	1.2576	0.0397213	2.86887e-05
10062	1	100	18	500	0.324812	0.290816	0.26063	0.0301857	0.0339966	0.716132	0.0231821	1.25947	0.0400088	3.0836e-05
10063	1	100	16	500	0.324268	0.286565	0.246314	0.0402508	0.0377032	0.721119	0.025144	1.25553	0.0459801	3.22547e-05
10064	1	100	14	500	0.324987	0.286929	0.246682	0.0402466	0.0380583	0.721353	0.0248009	1.25439	0.0462889	3.26128e-05
10065	1	100	16	500	0.323226	0.28757	0.252229	0.0353418	0.0356554	0.717315	0.0273421	1.25447	0.0618861	3.26494e-05
10066	1	100	17	500	0.319572	0.286805	0.254603	0.0322013	0.0327667	0.713059	0.0307522	1.25184	0.0823193	3.18912e-05
10067	1	100	17	500	0.313589	0.288786	0.266624	0.0221616	0.0248031	0.71592	0.0194521	1.26531	0.0344439	3.20258e-05
10068	1	100	18	500	0.313002	0.287193	0.261167	0.026026	0.0258087	0.716816	0.0213773	1.26225	0.0377141	3.21237e-05
10069	1	100	17	500	0.312112	0.290883	0.276503	0.0143799	0.0212286	0.713921	0.0151699	1.26985	0.0280854	3.09508e-05
10070	1	100	15	500	0.309707	0.286768	0.265326	0.0214429	0.0229383	0.716733	0.0186511	1.26635	0.0361189	3.15954e-05
10071	1	100	15	500	0.316737	0.286013	0.255382	0.030631	0.0307237	0.719553	0.0208763	1.26206	0.0413542	3.25323e-05
10072	1	100	17	500	0.32553	0.286238	0.2476	0.0386378	0.0392921	0.721595	0.0217177	1.258	0.0461148	3.28795e-05
10073	1	100	19	500	0.320097	0.286572	0.255946	0.0306262	0.0335251	0.717217	0.0247536	1.26021	0.0649057	3.22461e-05
10074	1	100	19	500	0.316689	0.286627	0.258644	0.0279833	0.0300615	0.718374	0.0185272	1.26329	0.0415053	3.20663e-05
10075	1	100	16	500	0.327727	0.2868	0.247514	0.039286	0.0409276	0.718029	0.0289185	1.25258	0.0730514	3.28503e-05
10076	1	100	16	500	0.323167	0.284956	0.24534	0.039616	0.0382108	0.722431	0.0218605	1.2574	0.0475385	3.21845e-05
10077	1	100	15	500	0.324159	0.286786	0.250629	0.0361568	0.0373726	0.720344	0.0230713	1.25715	0.046049	3.30239e-05
10078	1	100	14	500	0.324964	0.284904	0.241514	0.0433901	0.0400599	0.722203	0.0264387	1.2524	0.04964	3.32067e-05
10079	1	100	18	500	0.326816	0.287088	0.247136	0.0399528	0.0397276	0.719454	0.0252616	1.25344	0.0501412	3.35026e-05
10080	1	100	17	500	0.327225	0.286668	0.245936	0.040732	0.0405565	0.721251	0.0215689	1.2555	0.0478582	3.37006e-05
10081	1	100	19	500	0.334364	0.285593	0.232006	0.0535866	0.048771	0.726108	0.0255196	1.24821	0.0532539	3.40634e-05
10082	1	100	19	500	0.337204	0.285303	0.226544	0.0587592	0.0519006	0.72365	0.0333264	1.24021	0.083257	3.38077e-05
10083	1	100	21	500	0.333095	0.285958	0.235887	0.0500709	0.0471375	0.720299	0.0312409	1.24436	0.0775637	3.42276e-05
10084	1	100	18	500	0.333478	0.289999	0.258914	0.0310844	0.0434798	0.712575	0.0285314	1.25539	0.0722854	3.20392e-05
10085	1	100	20	500	0.339478	0.294657	0.274831	0.0198262	0.0448213	0.710752	0.0181413	1.26446	0.0361722	3.05838e-05
10086	1	100	13	500	0.0737599	0.019004	0.00531503	0.013689	0.0547559	0.982816	0.0272706	0.982816	0.0272706	3.1477e-05
10087	1	100	12	500	0.0393055	0.0106779	0.00352101	0.00715689	0.0286276	0.989055	0.0214317	0.989056	0.0214317	3.06991e-05
10088	1	100	9	500	0.037344	0.0101092	0.00330051	0.0068087	0.0272348	0.991326	0.0172406	0.991326	0.0172406	3.02129e-05
10089	1	100	10	500	0.0210463	0.00702455	0.00351912	0.00350543	0.0140217	0.992926	0.0118934	0.992986	0.0119211	3.14559e-05
10090	1	100	16	500	0.0248777	0.00808148	0.00384909	0.00423239	0.0167962	0.991957	0.0122304	0.992497	0.0123736	3.23236e-05
10091	1	100	13	500	0.0258323	0.00912351	0.00494632	0.00417719	0.0167088	0.991848	0.0118741	0.991848	0.0118741	3.21732e-05
10092	1	100	15	500	0.0362628	0.0131989	0.00743297	0.00576596	0.0230639	0.986964	0.0187929	0.986971	0.0187661	3.2724e-05
10093	1	100	13	500	0.0397737	0.0139469	0.00749019	0.0064567	0.0258268	0.988164	0.0167961	0.988164	0.0167961	3.28045e-05
10094	1	100	17	500	0.046455	0.0182045	0.0111418	0.00706263	0.0282505	0.982244	0.027389	0.982601	0.026523	3.21218e-05
10095	1	100	15	500	0.0466965	0.0181199	0.0109757	0.00714415	0.0285766	0.987456	0.0165012	0.987944	0.0158699	3.23908e-05
10096	1	100	15	500	0.045976	0.0178757	0.0108506	0.00702508	0.0281003	0.980174	0.0273624	0.980208	0.0272808	3.29325e-05
10097	1	100	14	500	0.0470456	0.0198446	0.0130443	0.00680026	0.027201	0.981161	0.0252648	0.981161	0.0252648	3.22974e-05
10098	1	100	16	500	0.0505795	0.0183727	0.010321	0.00805169	0.0322068	0.98383	0.0216673	0.98383	0.0216673	3.30939e-05
10099	1	100	15	500	0.0485332	0.0181345	0.0105348	0.00759969	0.0303987	0.98538	0.0181503	0.98538	0.0181503	3.25353e-05
10100	1	100	15	500	0.0533382	0.0215656	0.0136224	0.00794316	0.0317726	0.981801	0.0212227	0.981801	0.0212227	3.26804e-05
10101	1	100	13	500	0.0498751	0.0220461	0.0150888	0.00695726	0.027829	0.978541	0.0294125	0.978541	0.0294125	3.20842e-05
