Generation	PopulationID	SampleSize	UniqueMutations	PopulationSize	totalLoad	RelzLoad	RelzLoadHomo	RelzLoadHetero	MskLoad	MeanFitness	SdFitness	MeanFitnessCached	SdFitnessCached	Heterozygosity	
10001	1	100	52	500	0.243628	0.225785	0.192957	0.0328278	0.0178433	0.787606	0.0212649	1.22726	0.0277153	2.19786e-05
10002	1	100	32	500	0.229567	0.221037	0.176656	0.0443811	0.00852954	0.79255	0.0242895	1.2293	0.0310689	2.43542e-05
10003	1	100	25	500	0.239435	0.230416	0.192721	0.0376946	0.00901951	0.784734	0.0256008	1.23965	0.034953	2.30249e-05
10004	1	100	25	500	0.23504	0.224874	0.190763	0.0341114	0.0101661	0.789249	0.0201535	1.23217	0.0276272	2.28189e-05
10005	1	100	20	500	0.232712	0.22784	0.199212	0.028628	0.00487244	0.786408	0.0185925	1.23881	0.025039	2.20519e-05
10006	1	100	24	500	0.229145	0.224403	0.200342	0.0240613	0.00474206	0.786993	0.0180892	1.23785	0.0241748	2.21527e-05
10007	1	100	24	500	0.233129	0.227707	0.208369	0.0193382	0.0054219	0.786031	0.0157344	1.23798	0.0204017	2.07357e-05
10008	1	100	20	500	0.227461	0.224798	0.204671	0.0201268	0.00266277	0.788404	0.0132338	1.23621	0.0161426	2.17049e-05
10009	1	100	19	500	0.227155	0.221992	0.191968	0.0300241	0.00516303	0.791245	0.0172205	1.23147	0.0209785	2.36607e-05
10010	1	100	21	500	0.2299	0.22155	0.189528	0.0320215	0.00834981	0.790544	0.0218522	1.22843	0.0335575	2.29839e-05
10011	1	100	21	500	0.232882	0.224123	0.200884	0.0232391	0.00875851	0.789314	0.0162709	1.23122	0.0196926	2.20057e-05
10012	1	100	22	500	0.236784	0.226622	0.209116	0.0175059	0.0101621	0.787236	0.0146212	1.23283	0.0191538	2.0614e-05
10013	1	100	21	500	0.234812	0.22666	0.214682	0.011978	0.00815231	0.786857	0.014439	1.23465	0.0178078	2.00548e-05
10014	1	100	21	500	0.227859	0.223707	0.212905	0.0108019	0.00415229	0.789277	0.019701	1.23388	0.0235685	1.97465e-05
10015	1	100	17	500	0.231991	0.227954	0.22165	0.00630433	0.00403726	0.785079	0.0117383	1.23942	0.0151111	2.0133e-05
10016	1	100	22	500	0.228836	0.225741	0.22095	0.00479106	0.00309536	0.787289	0.0123676	1.23669	0.0149013	1.989e-05
10017	1	100	19	500	0.227714	0.224013	0.214818	0.00919529	0.00370073	0.788963	0.0181323	1.2345	0.0215206	2.04648e-05
10018	1	100	19	500	0.226785	0.22105	0.205097	0.0159523	0.00573555	0.791926	0.0242982	1.22995	0.0289324	2.18974e-05
10019	1	100	19	500	0.222301	0.216121	0.19425	0.0218706	0.00618019	0.79644	0.0299813	1.22422	0.0340713	2.25854e-05
10020	1	100	18	500	0.223956	0.216019	0.192154	0.0238646	0.00793776	0.795267	0.0332708	1.22039	0.0400042	2.22741e-05
10021	1	100	27	500	0.224886	0.216428	0.193023	0.0234044	0.00845896	0.79651	0.0320252	1.22267	0.0370192	2.25281e-05
10022	1	100	20	500	0.227548	0.219129	0.199346	0.0197829	0.00841888	0.793881	0.0275011	1.22534	0.0320119	2.19764e-05
10023	1	100	14	500	0.229576	0.219609	0.200222	0.0193879	0.00996659	0.794052	0.026197	1.2244	0.0314949	2.16233e-05
10024	1	100	15	500	0.225616	0.2188	0.1987	0.0201002	0.00681604	0.794258	0.0267011	1.22643	0.0302042	2.20505e-05
10025	1	100	14	500	0.2231	0.216706	0.191663	0.0250438	0.00639368	0.796064	0.0308759	1.22461	0.0362558	2.27419e-05
10026	1	100	14	500	0.229297	0.224454	0.211617	0.0128372	0.00484282	0.788708	0.0210881	1.23421	0.0259828	2.10028e-05
10027	1	100	11	500	0.227335	0.220457	0.202233	0.0182234	0.0068783	0.792564	0.0257639	1.22801	0.0302634	2.19857e-05
10028	1	100	14	500	0.221784	0.216175	0.194428	0.0217469	0.00560895	0.79604	0.0293574	1.22419	0.0335009	2.25003e-05
10029	1	100	15	500	0.232304	0.21839	0.189984	0.0284068	0.013914	0.795488	0.0324717	1.22139	0.0378296	2.39786e-05
10030	1	100	13	500	0.235758	0.220017	0.198726	0.0212906	0.015741	0.793807	0.028569	1.2209	0.0302903	2.24882e-05
10031	1	100	13	500	0.231588	0.219715	0.201365	0.0183505	0.0118729	0.793448	0.0264302	1.22378	0.02905	2.08214e-05
10032	1	100	10	500	0.233426	0.22459	0.216054	0.00853566	0.00883658	0.788703	0.0173563	1.23134	0.01962	2.03582e-05
10033	1	100	9	500	0.225525	0.222158	0.21392	0.00823807	0.00336679	0.790418	0.0181013	1.23236	0.020704	1.99287e-05
10034	1	100	8	500	0.230072	0.225569	0.222873	0.00269506	0.00450323	0.78709	0.00976132	1.23569	0.0114462	1.74838e-05
10035	1	100	11	500	0.228603	0.224965	0.220993	0.00397239	0.00363801	0.787911	0.0118915	1.23529	0.01382	1.89161e-05
10036	1	100	14	500	0.230314	0.224956	0.21973	0.00522596	0.00535827	0.787984	0.0135594	1.23419	0.0156539	1.92052e-05
10037	1	100	13	500	0.227582	0.224833	0.221359	0.0034743	0.00274817	0.787844	0.0103845	1.23581	0.0146618	1.86928e-05
10038	1	100	14	500	0.232957	0.225802	0.220675	0.00512682	0.00715545	0.787094	0.0165387	1.23374	0.022384	1.95668e-05
10039	1	100	16	500	0.24814	0.22868	0.219929	0.00875142	0.0194601	0.785228	0.0196208	1.22974	0.0262657	1.92836e-05
10040	1	100	14	500	0.264426	0.231162	0.215716	0.0154457	0.0332638	0.78412	0.0249342	1.2232	0.0422685	2.03623e-05
10041	1	100	12	500	0.248761	0.224514	0.205588	0.0189269	0.0242462	0.789445	0.0312102	1.22177	0.0386008	2.2382e-05
10042	1	100	13	500	0.252125	0.228467	0.216124	0.0123438	0.0236576	0.785877	0.026103	1.22662	0.035016	2.191e-05
10043	1	100	12	500	0.236306	0.223204	0.210148	0.0130563	0.0131018	0.789519	0.0261362	1.22739	0.0321748	2.22041e-05
10044	1	100	11	500	0.224327	0.223787	0.22004	0.00374747	0.000540073	0.78822	0.0153931	1.23488	0.0199733	2.21942e-05
10045	1	100	10	500	0.224126	0.22385	0.220443	0.00340706	0.000276419	0.788723	0.0120451	1.23613	0.0140148	2.26684e-05
10046	1	100	6	500	0.222634	0.222447	0.216882	0.00556491	0.000186811	0.79003	0.015407	1.23472	0.0178978	2.24239e-05
10047	1	100	9	500	0.221787	0.22146	0.214249	0.00721152	0.000327067	0.790734	0.0178289	1.23325	0.0209488	2.24357e-05
10048	1	100	8	500	0.221118	0.220918	0.212941	0.00797783	0.000199623	0.790905	0.0194949	1.2328	0.0236952	2.30951e-05
10049	1	100	10	500	0.22903	0.222544	0.207498	0.0150458	0.00648629	0.79032	0.0259896	1.23099	0.0326206	2.34679e-05
10050	1	100	13	500	0.239069	0.224443	0.20675	0.0176936	0.0146255	0.789292	0.0283179	1.22823	0.0346924	2.37815e-05
10051	1	100	12	500	0.234374	0.225073	0.207317	0.0177564	0.00930067	0.787808	0.028823	1.23112	0.0342588	2.35715e-05
10052	1	100	12	500	0.231383	0.220642	0.204583	0.0160585	0.010741	0.792397	0.0252396	1.22586	0.0282396	2.40187e-05
10053	1	100	10	500	0.23459	0.220683	0.201919	0.0187635	0.013907	0.793018	0.0269364	1.22339	0.0294767	2.43387e-05
10054	1	100	13	500	0.236647	0.224796	0.214171	0.010625	0.0118501	0.788655	0.0187996	1.22943	0.0235558	2.3658e-05
10055	1	100	11	500	0.227792	0.216152	0.193233	0.0229194	0.0116401	0.796663	0.0299671	1.22067	0.0327886	2.58627e-05
10056	1	100	12	500	0.232902	0.219537	0.200317	0.0192201	0.0133646	0.793334	0.0273135	1.22285	0.0312842	2.53898e-05
10057	1	100	14	500	0.221249	0.211137	0.182459	0.0286777	0.0101124	0.801056	0.0332505	1.21629	0.0372188	2.69532e-05
10058	1	100	11	500	0.21806	0.210705	0.183216	0.0274884	0.00735487	0.800989	0.0329725	1.2169	0.0363934	2.69661e-05
10059	1	100	12	500	0.223287	0.213004	0.186915	0.0260895	0.0102826	0.799223	0.0319736	1.21838	0.0358979	2.74149e-05
10060	1	100	13	500	0.224454	0.21735	0.199448	0.0179025	0.00710435	0.795033	0.0270321	1.22497	0.0307251	2.44964e-05
10061	1	100	14	500	0.238968	0.226553	0.219016	0.00753629	0.0124148	0.786917	0.0167368	1.23154	0.0205741	2.19029e-05
10062	1	100	12	500	0.22672	0.220866	0.20911	0.0117556	0.00585437	0.791682	0.0220705	1.22959	0.025589	2.10856e-05
10063	1	100	11	500	0.221923	0.221335	0.213791	0.00754348	0.000588418	0.790828	0.0174716	1.23316	0.0213011	2.10402e-05
10064	1	100	14	500	0.221501	0.22098	0.212922	0.00805822	0.000521201	0.791338	0.0184247	1.23297	0.0213921	2.00575e-05
10065	1	100	13	500	0.21801	0.217518	0.204119	0.013399	0.000492113	0.794592	0.0234238	1.22929	0.0271355	2.10829e-05
10066	1	100	10	500	0.220313	0.219923	0.210317	0.00960659	0.000390121	0.792028	0.0202028	1.23217	0.0235015	2.00777e-05
10067	1	100	11	500	0.224354	0.223729	0.219961	0.00376869	0.000624929	0.788619	0.0130371	1.23577	0.0154873	1.4688e-05
10068	1	100	10	500	0.224876	0.22384	0.219969	0.00387153	0.00103631	0.788646	0.0127962	1.23555	0.0149551	1.26661e-05
10069	1	100	13	500	0.227884	0.225179	0.222269	0.00291057	0.00270501	0.78747	0.0102873	1.236	0.0120713	1.22539e-05
10070	1	100	12	500	0.00803723	0.00171063	0.00012898	0.00158165	0.0063266	0.997861	0.00755063	0.998764	0.00775008	1.11499e-05
10071	1	100	12	500	0.033759	0.0078289	0.000961909	0.00686699	0.0259301	0.992219	0.0191492	0.993317	0.018892	1.11031e-05
10072	1	100	8	500	0.00953352	0.00208616	0.000224326	0.00186184	0.00744735	0.997999	0.00669345	0.997999	0.00669345	9.6401e-06
10073	1	100	7	500	0.0124718	0.00280013	0.000382214	0.00241792	0.00967168	0.997367	0.00812491	0.997381	0.00812923	9.53344e-06
10074	1	100	8	500	0.00863127	0.00187448	0.000185288	0.0016892	0.00675678	0.998204	0.00651775	0.998316	0.0065476	9.22317e-06
10075	1	100	10	500	0.00757136	0.00161747	0.000128999	0.00148847	0.00595389	0.998384	0.00575631	0.998384	0.0057563	8.44782e-06
10076	1	100	6	500	0.00186722	0.000395307	2.73304e-05	0.000367977	0.00147191	0.999544	0.00193654	0.99957	0.00194242	8.04016e-06
10077	1	100	4	500	0.00499527	0.00104987	6.35212e-05	0.00098635	0.0039454	0.998732	0.00618667	0.998819	0.00620374	7.20276e-06
10078	1	100	5	500	0.00903928	0.00198859	0.00022592	0.00176267	0.00705069	0.998108	0.0071922	0.998144	0.00720159	8.34585e-06
10079	1	100	4	500	0.00109873	0.000253551	1.94981e-05	0.000234053	0.000845178	0.999662	0.00180821	0.999707	0.00181616	9.04699e-06
10080	1	100	4	500	4.43439e-05	8.90425e-06	4.43439e-08	8.85991e-06	3.54396e-05	0.999726	0.00342244	0.999726	0.00342244	8.97533e-06
10081	1	100	4	500	4.46204e-05	3.39079e-05	4.46204e-08	3.38632e-05	1.07125e-05	0.999921	0.00116616	0.999983	0.00116875	7.98858e-06
10082	1	100	3	500	0.00022392	4.51304e-05	4.32996e-07	4.46974e-05	0.00017879	0.999786	0.00280394	0.999804	0.00280524	8.13983e-06
10083	1	100	8	500	0.0131668	0.00280523	0.000194102	0.00261113	0.0103616	0.997227	0.00921798	0.997267	0.00914008	8.46625e-06
10084	1	100	3	500	0.00488552	0.00102076	5.4566e-05	0.000966191	0.00386476	0.998978	0.00465083	0.998978	0.00465083	8.45391e-06
10085	1	100	3	500	5.0657e-05	1.01719e-05	5.0657e-08	1.01213e-05	4.0485e-05	0.999376	0.00836459	0.999376	0.00836459	9.34143e-06
10086	1	100	3	500	0.00117702	0.000236346	1.17702e-06	0.000235169	0.000940675	0.999332	0.00569027	0.999478	0.00570548	8.9959e-06
10087	1	100	4	500	0.00011667	7.59753e-05	1.1667e-07	7.58586e-05	4.06949e-05	0.99961	0.00446448	0.999741	0.00447404	9.6579e-06
10088	1	100	4	500	0.0072413	0.00151702	8.59564e-05	0.00143107	0.00572427	0.998102	0.0115812	0.998102	0.0115812	9.33814e-06
10089	1	100	4	500	0.0119737	0.0025856	0.000238578	0.00234702	0.00938809	0.995549	0.0176406	0.995549	0.0176406	1.01283e-05
10090	1	100	5	500	0.00514656	0.00106435	4.37937e-05	0.00102055	0.00408221	0.99874	0.00835299	0.999194	0.00840904	1.01397e-05
10091	1	100	4	500	9.76422e-06	2.05345e-06	1.2576e-07	1.92769e-06	7.71076e-06	0.999893	0.00151759	0.999893	0.00151759	1.03386e-05
10092	1	100	5	500	0.000331815	6.66941e-05	4.13964e-07	6.62802e-05	0.000265121	0.999878	0.00163951	0.99992	0.00164205	1.04214e-05
10093	1	100	6	500	5.26719e-05	1.06695e-05	1.68896e-07	1.05006e-05	4.20024e-05	0.99996	0.000525312	0.99996	0.000525311	1.04069e-05
10094	1	100	6	500	0.000314586	6.32617e-05	4.3061e-07	6.2831e-05	0.000251324	0.999528	0.00516319	0.999652	0.00515853	1.05361e-05
10095	1	100	8	500	0.00066565	0.000234853	6.13099e-06	0.000228722	0.000430797	0.999608	0.00348671	0.999986	0.00350873	1.06981e-05
10096	1	100	5	500	0.000627916	0.000127059	1.84514e-06	0.000125214	0.000500857	0.999738	0.00348594	0.999738	0.00348594	1.10696e-05
10097	1	100	6	500	0.00024629	5.48126e-05	6.94325e-06	4.78693e-05	0.000191477	0.999917	0.000371897	0.999917	0.000371898	1.11077e-05
10098	1	100	6	500	0.000272694	6.06544e-05	7.64448e-06	5.30099e-05	0.00021204	0.999903	0.000340304	0.999903	0.000340306	1.15283e-05
10099	1	100	8	500	0.000498257	0.000116442	1.29442e-05	0.000103498	0.000381815	0.999761	0.00255703	1.00001	0.00256739	1.16209e-05
10100	1	100	8	500	0.00231346	0.00056962	3.81887e-05	0.000531431	0.00174384	0.999374	0.00304935	0.999567	0.00308278	1.13652e-05
10101	1	100	8	500	0.00200447	0.000427844	3.3688e-05	0.000394156	0.00157662	0.999509	0.00267442	0.999553	0.00267284	1.14898e-05
