Generation	PopulationID	SampleSize	UniqueMutations	PopulationSize	totalLoad	RelzLoad	RelzLoadHomo	RelzLoadHetero	MskLoad	MeanFitness	SdFitness	MeanFitnessCached	SdFitnessCached	Heterozygosity	
10001	1	100	32	500	0.18515	0.165627	0.0825692	0.0830577	0.0195227	0.839624	0.0255511	1.14705	0.0285893	3.10247e-05
10002	1	100	26	500	0.171614	0.157416	0.0748129	0.0826034	0.014198	0.848504	0.0261255	1.1539	0.0275032	3.16595e-05
10003	1	100	22	500	0.15849	0.15142	0.0723628	0.079057	0.00706999	0.853991	0.0290755	1.15241	0.0305143	3.00969e-05
10004	1	100	17	500	0.161973	0.154626	0.0754558	0.0791697	0.00734763	0.85068	0.0268203	1.1552	0.0291643	3.13184e-05
10005	1	100	21	500	0.161326	0.154334	0.0783522	0.0759818	0.00699233	0.851578	0.0168808	1.1558	0.0199779	3.0793e-05
10006	1	100	17	500	0.151653	0.148819	0.0786272	0.0701923	0.00283357	0.85585	0.0146511	1.15143	0.0152789	3.0618e-05
10007	1	100	21	500	0.170357	0.155617	0.0758442	0.0797724	0.0147408	0.849698	0.0225182	1.15218	0.0246149	3.15163e-05
10008	1	100	22	500	0.190348	0.159729	0.0772042	0.082525	0.0306183	0.846987	0.0251014	1.14652	0.0288223	3.01327e-05
10009	1	100	17	500	0.200415	0.16312	0.0780831	0.0850369	0.0372948	0.845231	0.0238699	1.14532	0.0290533	3.09985e-05
10010	1	100	18	500	0.204403	0.16462	0.0780661	0.0865542	0.0397827	0.84387	0.0286505	1.14474	0.031617	3.07122e-05
10011	1	100	17	500	0.226888	0.172814	0.0803561	0.0924578	0.0540738	0.836831	0.0277688	1.14412	0.0341691	3.15976e-05
10012	1	100	15	500	0.214499	0.16866	0.0790419	0.0896179	0.045839	0.840162	0.0246154	1.14513	0.0297801	3.07826e-05
10013	1	100	15	500	0.208465	0.168984	0.0803695	0.0886148	0.0394812	0.839531	0.0230909	1.1492	0.0290114	3.16212e-05
10014	1	100	16	500	0.203891	0.171242	0.0880276	0.0832148	0.032649	0.835113	0.0231981	1.15564	0.0286877	3.09358e-05
10015	1	100	17	500	0.207654	0.17692	0.107377	0.0695432	0.0307343	0.829162	0.0215899	1.16132	0.0293281	2.86921e-05
10016	1	100	15	500	0.204582	0.176772	0.114668	0.0621035	0.0278097	0.829529	0.0235634	1.16228	0.0246153	2.88947e-05
10017	1	100	16	500	0.246886	0.19113	0.125961	0.0651684	0.0557558	0.814508	0.0692911	1.14483	0.0952937	2.85813e-05
10018	1	100	16	500	0.208952	0.178459	0.116767	0.0616925	0.0304928	0.823105	0.0561355	1.15638	0.0749155	2.83195e-05
10019	1	100	16	500	0.178653	0.168095	0.0961704	0.0719248	0.0105583	0.836288	0.0200831	1.16459	0.0180619	3.10451e-05
10020	1	100	14	500	0.174731	0.166383	0.0919623	0.0744206	0.00834835	0.838242	0.0174872	1.16461	0.018317	3.20588e-05
10021	1	100	17	500	0.184475	0.166878	0.0885535	0.0783247	0.0175972	0.839094	0.0185242	1.1599	0.0219725	3.18154e-05
10022	1	100	17	500	0.171708	0.163592	0.083244	0.0803479	0.00811571	0.842145	0.0170446	1.16381	0.0197086	3.20735e-05
10023	1	100	19	500	0.163382	0.161071	0.0804219	0.0806491	0.00231125	0.84392	0.0167054	1.16421	0.0164441	3.25611e-05
10024	1	100	17	500	0.163989	0.162191	0.0854498	0.076741	0.0017978	0.8417	0.0194247	1.16441	0.0180634	3.19236e-05
10025	1	100	13	500	0.159524	0.158132	0.0773902	0.0807415	0.00139224	0.84683	0.0177201	1.16199	0.0177503	3.20828e-05
10026	1	100	12	500	0.16498	0.163385	0.0820927	0.0812927	0.00159435	0.841872	0.0197499	1.16785	0.0199974	3.15665e-05
10027	1	100	13	500	0.164487	0.162379	0.08085	0.0815287	0.00210806	0.842807	0.0196485	1.16581	0.0196759	3.1265e-05
10028	1	100	11	500	0.163382	0.161056	0.0786735	0.082383	0.00232503	0.844783	0.0185638	1.16463	0.019379	3.19773e-05
10029	1	100	11	500	0.164947	0.162356	0.0780762	0.0842798	0.00259075	0.843708	0.0225828	1.16484	0.0252309	3.08591e-05
10030	1	100	12	500	0.168361	0.165706	0.0805358	0.0851701	0.00265523	0.840541	0.024961	1.1679	0.0280735	3.13432e-05
10031	1	100	19	500	0.169625	0.164643	0.080984	0.0836587	0.00498257	0.841967	0.0212202	1.16581	0.0241012	3.25829e-05
10032	1	100	19	500	0.165929	0.162317	0.0798305	0.0824866	0.00361237	0.843009	0.0224313	1.16311	0.0242147	3.32538e-05
10033	1	100	15	500	0.166459	0.162989	0.0815206	0.0814685	0.00346994	0.842291	0.0186051	1.16374	0.0187355	3.2399e-05
10034	1	100	16	500	0.169422	0.166224	0.0924386	0.0737858	0.00319729	0.838655	0.0196768	1.16423	0.0174498	3.15875e-05
10035	1	100	14	500	0.167306	0.16319	0.0856253	0.0775642	0.00411651	0.841919	0.0189358	1.16206	0.016678	3.23298e-05
10036	1	100	12	500	0.163955	0.160107	0.0808311	0.0792755	0.00384808	0.845163	0.0178792	1.159	0.0148521	3.1988e-05
10037	1	100	12	500	0.162522	0.159913	0.0798536	0.0800595	0.00260871	0.845755	0.0177689	1.16147	0.0154379	3.25795e-05
10038	1	100	13	500	0.162262	0.159261	0.0795585	0.0797028	0.00300034	0.846356	0.017755	1.15973	0.0157305	3.2671e-05
10039	1	100	13	500	0.159663	0.156791	0.0775022	0.0792883	0.00287227	0.84883	0.0170872	1.15669	0.0155902	3.20013e-05
10040	1	100	16	500	0.167531	0.157484	0.077341	0.0801427	0.0100473	0.846998	0.0198357	1.15166	0.0185573	3.208e-05
10041	1	100	11	500	0.160585	0.154792	0.0771394	0.0776523	0.00579288	0.851626	0.0151729	1.15435	0.0155277	3.16969e-05
10042	1	100	11	500	0.15608	0.153372	0.0772356	0.076136	0.0027085	0.851906	0.0169294	1.15414	0.015399	3.18792e-05
10043	1	100	10	500	0.154421	0.15178	0.0760156	0.075764	0.00264096	0.853535	0.0186903	1.1526	0.0179224	3.18889e-05
10044	1	100	10	500	0.153999	0.151093	0.077352	0.0737412	0.00290609	0.854181	0.0177359	1.15074	0.0154854	3.12146e-05
10045	1	100	11	500	0.151945	0.149171	0.0804872	0.068684	0.00277357	0.855434	0.016412	1.14879	0.0139511	3.03041e-05
10046	1	100	12	500	0.154423	0.149472	0.0814778	0.0679946	0.00495082	0.856134	0.0140523	1.15015	0.0147129	2.95402e-05
10047	1	100	10	500	0.151394	0.14892	0.0813076	0.0676119	0.00247442	0.856276	0.0158183	1.15044	0.0147197	2.83608e-05
10048	1	100	10	500	0.151195	0.14848	0.0822322	0.0662481	0.00271521	0.856912	0.0130422	1.15009	0.0148965	2.7097e-05
10049	1	100	12	500	0.152072	0.147452	0.0849088	0.0625433	0.00461945	0.857542	0.0155251	1.14727	0.0173201	2.60523e-05
10050	1	100	13	500	0.153853	0.149085	0.0823161	0.0667685	0.00476871	0.856921	0.0127187	1.1485	0.0126805	2.70673e-05
10051	1	100	7	500	0.152567	0.146789	0.0870964	0.0596927	0.0057776	0.858475	0.012395	1.14507	0.0108867	2.52231e-05
10052	1	100	10	500	0.150614	0.145475	0.0901801	0.0552945	0.0051389	0.85974	0.0119268	1.14502	0.0125697	2.31787e-05
10053	1	100	11	500	0.153487	0.145915	0.0913913	0.0545235	0.00757236	0.859516	0.0129846	1.14353	0.0112698	2.34893e-05
10054	1	100	10	500	0.156328	0.146892	0.0924609	0.0544315	0.00943537	0.859096	0.0122851	1.14318	0.0129217	2.34352e-05
10055	1	100	7	500	0.163229	0.146635	0.0950958	0.0515389	0.0165939	0.859102	0.0151518	1.13996	0.0191075	2.17667e-05
10056	1	100	11	500	0.165747	0.147101	0.0946641	0.0524372	0.018646	0.858248	0.0187277	1.13911	0.0211314	2.13571e-05
10057	1	100	9	500	0.167136	0.148282	0.0909551	0.0573273	0.018854	0.857687	0.0171317	1.14068	0.0239077	2.2793e-05
10058	1	100	10	500	0.186292	0.151085	0.100771	0.0503136	0.0352068	0.85604	0.0213415	1.13377	0.0313992	1.94219e-05
10059	1	100	12	500	0.171288	0.1463	0.103634	0.0426664	0.0249875	0.858922	0.0198589	1.13498	0.0234955	1.80365e-05
10060	1	100	8	500	0.172513	0.147455	0.0984594	0.048996	0.0250581	0.857758	0.0202151	1.13607	0.0251846	1.96041e-05
10061	1	100	9	500	0.21231	0.158566	0.101003	0.0575627	0.0537449	0.850914	0.027744	1.12831	0.036318	2.02379e-05
10062	1	100	7	500	0.212798	0.159223	0.104317	0.0549057	0.053575	0.849975	0.0302089	1.12651	0.0401752	1.96342e-05
10063	1	100	9	500	0.233922	0.165645	0.107887	0.0577578	0.0682772	0.847207	0.029963	1.12241	0.0408571	1.9884e-05
10064	1	100	10	500	0.218633	0.161522	0.101777	0.0597441	0.0571112	0.849168	0.0278042	1.12755	0.0380552	2.11516e-05
10065	1	100	10	500	0.225552	0.164873	0.105699	0.0591746	0.0606785	0.847886	0.0293905	1.1274	0.0419266	2.03545e-05
10066	1	100	11	500	0.232385	0.166453	0.11417	0.0522833	0.0659313	0.847468	0.0313448	1.12451	0.0420335	1.82748e-05
10067	1	100	11	500	0.21517	0.158738	0.115281	0.043457	0.0564316	0.852245	0.0274999	1.12474	0.038406	1.65383e-05
10068	1	100	8	500	0.203276	0.15388	0.119392	0.0344875	0.0493962	0.849147	0.0763058	1.11735	0.100619	1.45768e-05
10069	1	100	9	500	0.179132	0.147254	0.11362	0.0336349	0.0318774	0.859121	0.0213079	1.13176	0.0276824	1.52585e-05
10070	1	100	9	500	0.152437	0.141515	0.106423	0.0350924	0.0109221	0.863113	0.0126162	1.13907	0.0178317	1.65855e-05
10071	1	100	10	500	0.155667	0.142492	0.104786	0.0377066	0.0131746	0.862538	0.0144986	1.13902	0.0185843	1.78701e-05
10072	1	100	9	500	0.152412	0.14185	0.104342	0.0375079	0.0105617	0.863072	0.0148354	1.13986	0.0165378	1.79788e-05
10073	1	100	10	500	0.156776	0.144201	0.0975909	0.0466103	0.012575	0.860861	0.015254	1.14102	0.0209968	2.11159e-05
10074	1	100	11	500	0.15527	0.143429	0.0991616	0.0442669	0.0118415	0.861696	0.0136124	1.14058	0.01957	2.01156e-05
10075	1	100	10	500	0.161558	0.144167	0.104104	0.040063	0.0173914	0.860962	0.0181134	1.13776	0.0230067	1.83752e-05
10076	1	100	8	500	0.183344	0.151243	0.101019	0.0502243	0.0321014	0.855935	0.0254206	1.13528	0.0295921	2.0049e-05
10077	1	100	16	500	0.216374	0.161983	0.114713	0.0472701	0.0543908	0.849327	0.0380178	1.13019	0.0310889	1.62448e-05
10078	1	100	14	500	0.260071	0.181307	0.125231	0.0560756	0.0787639	0.830488	0.0961231	1.1149	0.117246	1.56283e-05
10079	1	100	7	500	0.241916	0.176202	0.104114	0.0720885	0.0657141	0.840325	0.0468619	1.13339	0.0328243	2.18734e-05
10080	1	100	9	500	0.230471	0.16489	0.11358	0.0513102	0.0655811	0.843597	0.077379	1.1144	0.102499	1.85076e-05
10081	1	100	8	500	0.246781	0.170701	0.122209	0.0484919	0.0760801	0.846404	0.0331404	1.11666	0.0439039	1.70608e-05
10082	1	100	9	500	0.301827	0.195737	0.138717	0.0570198	0.10609	0.812724	0.146432	1.07232	0.19387	1.77176e-05
10083	1	100	8	500	0.260271	0.176685	0.121601	0.0550841	0.0835864	0.844004	0.0338219	1.11473	0.045158	1.94671e-05
10084	1	100	12	500	0.314914	0.202109	0.143399	0.0587094	0.112806	0.822669	0.105202	1.08739	0.13893	1.82885e-05
10085	1	100	12	500	0.27428	0.18068	0.144282	0.0363984	0.0935998	0.843392	0.0350557	1.10833	0.044896	1.32801e-05
10086	1	100	10	500	0.33124	0.20851	0.168687	0.0398226	0.122731	0.817823	0.122001	1.07238	0.159566	1.27236e-05
10087	1	100	7	500	0.116446	0.0355018	0.0152658	0.020236	0.080944	0.976578	0.0376645	0.976662	0.0377171	8.95946e-06
10088	1	100	5	500	0.114568	0.0344655	0.0144399	0.0200257	0.0801026	0.968844	0.0968762	0.96892	0.0969007	9.85939e-06
10089	1	100	5	500	0.11959	0.037403	0.0168562	0.0205469	0.0821875	0.967858	0.0973308	0.967947	0.0973601	9.67326e-06
10090	1	100	7	500	0.0890745	0.0252924	0.00934682	0.0159455	0.0637821	0.982097	0.0346016	0.982115	0.0345663	1.04212e-05
10091	1	100	3	500	0.0814034	0.0225316	0.00781365	0.014718	0.0588718	0.983576	0.0334021	0.983576	0.0334021	1.04805e-05
10092	1	100	4	500	0.0382294	0.00906217	0.00171893	0.00734324	0.0291672	0.992235	0.0243342	0.992344	0.0243687	1.02695e-05
10093	1	100	3	500	0.0119285	0.00252442	0.000173413	0.00235101	0.00940404	0.997455	0.0140565	0.997515	0.014067	1.00432e-05
10094	1	100	6	500	0.00703579	0.00144523	4.75833e-05	0.00139764	0.00559057	0.99846	0.0106804	0.998586	0.0106977	9.79483e-06
10095	1	100	8	500	0.00115616	0.000233941	3.3872e-06	0.000230554	0.000922216	0.999492	0.0060983	0.999539	0.00610208	9.633e-06
10096	1	100	4	500	2.75857e-05	6.21456e-06	8.71786e-07	5.34278e-06	2.13711e-05	0.999972	0.000284881	0.999972	0.000284882	9.19512e-06
10097	1	100	5	500	0.000119458	2.6169e-05	2.8466e-06	2.33224e-05	9.32895e-05	0.999899	0.000991598	0.999899	0.000991597	9.63509e-06
10098	1	100	10	500	0.000929914	0.00019164	7.07178e-06	0.000184568	0.000738274	0.999368	0.0101054	0.99938	0.0101061	1.03683e-05
10099	1	100	5	500	8.92885e-05	1.91859e-05	1.66026e-06	1.75257e-05	7.01026e-05	0.999948	0.000701082	1.00001	0.000698285	1.06421e-05
10100	1	100	5	500	0.000110985	2.39249e-05	2.15997e-06	2.17649e-05	8.70596e-05	0.999947	0.000391966	0.999971	0.000361845	1.10223e-05
10101	1	100	5	500	9.34196e-05	1.92408e-05	6.9604e-07	1.85447e-05	7.41789e-05	0.999928	0.00119216	0.999928	0.00119216	1.06449e-05
