Generation	PopulationID	SampleSize	UniqueMutations	PopulationSize	totalLoad	RelzLoad	RelzLoadHomo	RelzLoadHetero	MskLoad	MeanFitness	SdFitness	MeanFitnessCached	SdFitnessCached	Heterozygosity	
10001	1	100	66	500	0.277046	0.253723	0.159102	0.0946204	0.0233234	0.767078	0.0445983	1.21052	0.0650367	5.27643e-05
10002	1	100	45	500	0.263939	0.248753	0.163562	0.0851907	0.0151859	0.773085	0.0330085	1.21123	0.0458368	5.19263e-05
10003	1	100	37	500	0.275003	0.259757	0.17561	0.0841469	0.0152462	0.764097	0.0249852	1.22158	0.0485841	5.01766e-05
10004	1	100	34	500	0.276767	0.25726	0.176045	0.0812148	0.019507	0.766721	0.0215541	1.21308	0.0451131	5.03469e-05
10005	1	100	32	500	0.281414	0.258372	0.178028	0.0803438	0.0230423	0.765931	0.0242544	1.21232	0.0472317	5.02082e-05
10006	1	100	33	500	0.284609	0.264908	0.186958	0.0779497	0.0197013	0.760556	0.0229874	1.21953	0.0405382	4.75212e-05
10007	1	100	32	500	0.284606	0.263109	0.188182	0.0749274	0.021497	0.761953	0.0242898	1.21476	0.0388757	4.59845e-05
10008	1	100	29	500	0.29183	0.261026	0.191016	0.0700096	0.030804	0.763961	0.0220947	1.20292	0.041619	4.48904e-05
10009	1	100	28	500	0.287717	0.260166	0.179682	0.0804839	0.027551	0.764791	0.0216017	1.20965	0.0396157	4.79858e-05
10010	1	100	28	500	0.293786	0.260566	0.196032	0.0645334	0.0332205	0.764424	0.0212694	1.19995	0.039348	4.35099e-05
10011	1	100	26	500	0.177806	0.139835	0.0806049	0.0592297	0.0379715	0.865862	0.0285177	1.11221	0.0405137	4.41226e-05
10012	1	100	24	500	0.17896	0.137667	0.0783142	0.0593531	0.0412932	0.86637	0.0481929	1.10352	0.0657464	4.5368e-05
10013	1	100	23	500	0.171059	0.135699	0.0717562	0.0639424	0.03536	0.872302	0.0214335	1.11331	0.0330447	4.62e-05
10014	1	100	24	500	0.153568	0.130567	0.0672936	0.0632737	0.0230004	0.875617	0.0213421	1.11702	0.0269974	4.69081e-05
10015	1	100	22	500	0.156449	0.135384	0.0736908	0.0616929	0.0210649	0.870546	0.0239135	1.1217	0.0348367	4.55156e-05
10016	1	100	21	500	0.154453	0.134881	0.0784898	0.0563911	0.0195725	0.87084	0.0252388	1.12103	0.0321873	4.40235e-05
10017	1	100	26	500	0.148256	0.132086	0.0826532	0.0494324	0.0161703	0.872867	0.0255227	1.12081	0.0325877	4.24702e-05
10018	1	100	24	500	0.161251	0.135405	0.083169	0.0522362	0.0258456	0.868277	0.0300057	1.11904	0.0398828	4.13543e-05
10019	1	100	24	500	0.153842	0.135989	0.0787806	0.0572089	0.0178522	0.868533	0.0244057	1.12727	0.0345879	4.13923e-05
10020	1	100	28	500	0.158867	0.129373	0.0739726	0.0554	0.0294941	0.874254	0.0278387	1.11161	0.0355357	4.17959e-05
10021	1	100	21	500	0.188559	0.134335	0.077625	0.0567095	0.0542242	0.870892	0.0360117	1.10164	0.0492664	3.99439e-05
10022	1	100	21	500	0.164112	0.127917	0.074336	0.0535811	0.0361945	0.876691	0.0270654	1.10441	0.0341343	4.07444e-05
10023	1	100	20	500	0.197342	0.135526	0.072724	0.0628015	0.0618166	0.873728	0.0325221	1.0939	0.0393638	4.25481e-05
10024	1	100	20	500	0.179003	0.131738	0.0700478	0.0616906	0.0472644	0.874885	0.0301459	1.10233	0.0415208	4.2599e-05
10025	1	100	20	500	0.15933	0.124353	0.069405	0.0549475	0.0349778	0.879758	0.0286397	1.10352	0.0364706	3.8876e-05
10026	1	100	15	500	0.135942	0.117128	0.0703752	0.0467533	0.0188134	0.885651	0.0229488	1.1075	0.0253485	3.65001e-05
10027	1	100	17	500	0.111793	0.110476	0.0741525	0.0363232	0.00131721	0.890963	0.0117453	1.11052	0.0138888	3.22793e-05
10028	1	100	15	500	0.111995	0.108968	0.0688761	0.0400918	0.003027	0.892419	0.00742129	1.10824	0.00923694	3.41303e-05
10029	1	100	14	500	0.11004	0.10754	0.0770281	0.0305119	0.00249995	0.89351	0.00324116	1.10699	0.00394909	2.67695e-05
10030	1	100	13	500	0.108428	0.107321	0.0806884	0.0266329	0.00110637	0.893444	0.00231502	1.10696	0.00279523	2.71653e-05
10031	1	100	15	500	0.108162	0.107199	0.0810602	0.0261384	0.000962957	0.893419	0.00198957	1.1069	0.00239182	2.58266e-05
10032	1	100	12	500	0.108476	0.107306	0.0882852	0.0190212	0.0011699	0.893427	0.00134177	1.10688	0.00157057	2.26522e-05
10033	1	100	14	500	0.108651	0.107412	0.0895686	0.0178434	0.00123858	0.893223	0.00185798	1.10676	0.0022176	2.2532e-05
10034	1	100	12	500	0.108293	0.107233	0.0842268	0.0230065	0.00105938	0.893446	0.00180575	1.10699	0.00208427	2.42532e-05
10035	1	100	12	500	0.109015	0.107546	0.0903527	0.0171932	0.00146934	0.892788	0.00396079	1.10677	0.00487148	2.37152e-05
10036	1	100	13	500	0.109209	0.10763	0.0849816	0.0226483	0.00157908	0.892912	0.00443914	1.10643	0.00543578	2.73022e-05
10037	1	100	11	500	0.109451	0.107742	0.0889313	0.0188104	0.00170889	0.893019	0.00219265	1.10647	0.00267008	2.59796e-05
10038	1	100	12	500	0.110019	0.108013	0.0905278	0.0174854	0.00200602	0.89241	0.00401067	1.10574	0.00493357	2.74408e-05
10039	1	100	11	500	0.110371	0.108027	0.090989	0.0170382	0.00234406	0.892725	0.00335036	1.10601	0.00411115	2.70355e-05
10040	1	100	16	500	0.112252	0.108564	0.0903059	0.0182582	0.00368764	0.892174	0.00486753	1.10533	0.00600265	2.76704e-05
10041	1	100	12	500	0.110418	0.108087	0.0917583	0.0163289	0.00233046	0.892838	0.00182586	1.10624	0.00220795	2.71184e-05
10042	1	100	13	500	0.111128	0.108294	0.0897233	0.0185702	0.00283427	0.892638	0.00226178	1.10605	0.0027163	2.82245e-05
10043	1	100	16	500	0.111817	0.108067	0.0834236	0.0246438	0.00374922	0.892557	0.00449626	1.10594	0.005543	2.74128e-05
10044	1	100	17	500	0.117483	0.109294	0.0758068	0.0334874	0.00818855	0.892186	0.00860233	1.10533	0.0106183	3.19285e-05
10045	1	100	16	500	0.110042	0.107657	0.0771735	0.0304832	0.0023851	0.893387	0.00168844	1.10688	0.00209291	3.01168e-05
10046	1	100	14	500	0.110465	0.107801	0.0820098	0.0257908	0.00266426	0.892894	0.0032737	1.10631	0.00401422	2.70715e-05
10047	1	100	15	500	0.110798	0.107904	0.0812824	0.0266212	0.00289429	0.892663	0.00550963	1.10593	0.00679254	2.56207e-05
10048	1	100	16	500	0.113179	0.108388	0.0746837	0.0337048	0.00479012	0.892993	0.0097814	1.1063	0.0121022	2.96998e-05
10049	1	100	18	500	0.112216	0.108304	0.0737615	0.0345425	0.0039123	0.892794	0.00488409	1.10609	0.00601746	3.12875e-05
10050	1	100	17	500	0.110538	0.107858	0.0715602	0.0362973	0.00268077	0.893321	0.0026199	1.10707	0.00338142	3.40638e-05
10051	1	100	15	500	0.111196	0.108103	0.0657203	0.0423832	0.00309203	0.893379	0.00578973	1.10688	0.00716626	3.75597e-05
10052	1	100	14	500	0.11114	0.108065	0.0733418	0.0347227	0.00307563	0.89288	0.00375342	1.10636	0.00448623	3.42448e-05
10053	1	100	14	500	0.110618	0.107863	0.0678412	0.0400213	0.00275562	0.893308	0.00301602	1.1068	0.00371031	3.74255e-05
10054	1	100	19	500	0.114658	0.108936	0.0647828	0.0441528	0.00572284	0.892503	0.0059811	1.10652	0.00749129	3.70671e-05
10055	1	100	21	500	0.117477	0.109559	0.0632194	0.0463393	0.00791818	0.892275	0.00769039	1.10614	0.00955668	3.62425e-05
10056	1	100	14	500	0.10982	0.107831	0.0587909	0.0490399	0.00198898	0.893314	0.00637466	1.10722	0.00797996	3.98004e-05
10057	1	100	16	500	0.110343	0.107991	0.0620412	0.0459495	0.00235268	0.893433	0.00243367	1.10735	0.00332424	3.71696e-05
10058	1	100	16	500	0.113735	0.10915	0.0670892	0.0420609	0.00458541	0.892283	0.00414144	1.10719	0.00574349	3.62004e-05
10059	1	100	19	500	0.118424	0.110559	0.0726525	0.0379061	0.00786492	0.890794	0.00874562	1.10646	0.0111382	3.2763e-05
10060	1	100	19	500	0.126414	0.112485	0.0732138	0.0392715	0.0139289	0.88929	0.00789586	1.10535	0.0111412	3.10744e-05
10061	1	100	21	500	0.130286	0.113521	0.0708276	0.0426931	0.0167656	0.888527	0.00984947	1.10464	0.0132429	3.2359e-05
10062	1	100	25	500	0.14492	0.117928	0.0702882	0.04764	0.0269916	0.885762	0.0122446	1.10208	0.0168228	3.68334e-05
10063	1	100	17	500	0.144974	0.117791	0.0698204	0.0479704	0.0271837	0.886095	0.0118546	1.10176	0.0156403	3.60142e-05
10064	1	100	17	500	0.145358	0.118469	0.0735737	0.0448953	0.0268889	0.884985	0.0154852	1.10164	0.0208051	3.61515e-05
10065	1	100	19	500	0.142295	0.117052	0.0703619	0.0466905	0.0252425	0.886556	0.0115857	1.10189	0.0145054	3.65064e-05
10066	1	100	18	500	0.130687	0.113954	0.0701824	0.043772	0.0167322	0.888893	0.00696358	1.10366	0.00972089	3.38339e-05
10067	1	100	17	500	0.121738	0.111664	0.0737915	0.0378721	0.0100749	0.890291	0.00481639	1.10564	0.00718079	3.04955e-05
10068	1	100	17	500	0.122376	0.111784	0.0744006	0.0373832	0.0105919	0.890108	0.00526272	1.10622	0.00764326	3.08706e-05
10069	1	100	18	500	0.122268	0.112258	0.0713405	0.0409174	0.0100103	0.889725	0.00496014	1.10722	0.00727287	3.34942e-05
10070	1	100	17	500	0.119647	0.111453	0.0716706	0.0397827	0.00819385	0.889168	0.00653461	1.10847	0.00886816	3.36144e-05
10071	1	100	23	500	0.121415	0.112353	0.0731729	0.0391799	0.00906182	0.889718	0.00565335	1.10794	0.00764029	3.29094e-05
10072	1	100	17	500	0.124837	0.113136	0.0736752	0.0394603	0.0117013	0.888207	0.00739646	1.10541	0.0107581	3.24525e-05
10073	1	100	16	500	0.124589	0.112864	0.0785052	0.0343586	0.011725	0.889449	0.00609692	1.10638	0.00788683	3.17294e-05
10074	1	100	15	500	0.119646	0.111631	0.0737194	0.0379118	0.0080153	0.889452	0.00666583	1.10665	0.00895682	3.41521e-05
10075	1	100	17	500	0.118842	0.111784	0.0709709	0.0408128	0.00705871	0.887712	0.0151292	1.10464	0.0197601	3.52916e-05
10076	1	100	21	500	0.115819	0.109951	0.0631333	0.0468176	0.00586759	0.891826	0.00500419	1.10767	0.00580298	3.64977e-05
10077	1	100	15	500	0.112789	0.109375	0.062623	0.046752	0.00341348	0.892119	0.0060225	1.10863	0.00777307	3.73186e-05
10078	1	100	14	500	0.113617	0.109919	0.0609748	0.0489438	0.00369812	0.891803	0.00467525	1.10907	0.00560629	3.8663e-05
10079	1	100	16	500	0.115624	0.110813	0.0631837	0.0476291	0.00481137	0.890881	0.00629028	1.10927	0.00847869	4.00949e-05
10080	1	100	13	500	0.116184	0.111109	0.0614476	0.0496616	0.00507434	0.890686	0.00581136	1.1096	0.00786885	4.09834e-05
10081	1	100	11	500	0.116966	0.111959	0.0614079	0.0505513	0.00500708	0.889863	0.00670939	1.11037	0.00838871	4.19807e-05
10082	1	100	13	500	0.122284	0.114169	0.0623624	0.0518068	0.00811455	0.887009	0.0151538	1.10879	0.0201148	4.4071e-05
10083	1	100	14	500	0.121969	0.113327	0.0607993	0.0525273	0.00864278	0.889289	0.00577062	1.10894	0.00825492	4.37606e-05
10084	1	100	12	500	0.121766	0.112698	0.0641411	0.0485569	0.00906808	0.889932	0.00568984	1.10777	0.00796683	4.06308e-05
10085	1	100	11	500	0.122577	0.112717	0.0784649	0.0342522	0.00985996	0.889487	0.00661384	1.10656	0.00826782	3.56563e-05
10086	1	100	12	500	0.121663	0.112496	0.0769787	0.0355174	0.00916653	0.889538	0.00666572	1.10684	0.00851031	3.57128e-05
10087	1	100	14	500	0.121495	0.112712	0.0781069	0.0346054	0.00878277	0.888664	0.0113414	1.10703	0.0149805	3.59211e-05
10088	1	100	13	500	0.122225	0.112792	0.0756841	0.0371083	0.00943225	0.887804	0.0161241	1.10562	0.0207588	3.73198e-05
10089	1	100	15	500	0.118499	0.1117	0.075758	0.035942	0.0067985	0.889355	0.011204	1.10772	0.0147112	3.77623e-05
10090	1	100	14	500	0.11754	0.111072	0.0849185	0.0261532	0.00646832	0.890116	0.00618759	1.10784	0.00839628	3.18291e-05
10091	1	100	13	500	0.117283	0.109682	0.0808892	0.0287932	0.00760013	0.891514	0.0088843	1.10536	0.0112682	2.8395e-05
10092	1	100	12	500	0.116666	0.10941	0.0722469	0.0371626	0.00725638	0.891	0.0129019	1.10388	0.0159651	3.20005e-05
10093	1	100	15	500	0.115694	0.109048	0.074027	0.0350211	0.00664586	0.892516	0.00468348	1.1059	0.00582069	2.95119e-05
10094	1	100	11	500	0.110747	0.107675	0.0756213	0.0320534	0.00307247	0.893318	0.00354744	1.10671	0.00435374	2.72865e-05
10095	1	100	15	500	0.114769	0.10871	0.0808391	0.027871	0.00605886	0.892472	0.00425815	1.10582	0.00526301	2.52138e-05
10096	1	100	10	500	0.113541	0.108318	0.0847583	0.0235593	0.0052229	0.892422	0.00571478	1.10564	0.00705944	2.22012e-05
10097	1	100	11	500	0.110466	0.107592	0.0815935	0.0259987	0.00287412	0.893242	0.00318692	1.10662	0.00389922	2.38269e-05
10098	1	100	10	500	0.10922	0.107322	0.0791378	0.0281838	0.00189857	0.893381	0.00465568	1.10679	0.00572197	2.48845e-05
10099	1	100	12	500	0.113541	0.108369	0.0822637	0.0261055	0.00517166	0.8927	0.00390199	1.10595	0.0047841	2.44861e-05
10100	1	100	11	500	0.112882	0.108238	0.0826719	0.0255665	0.00464321	0.892717	0.00392759	1.10612	0.00484998	2.37036e-05
10101	1	100	7	500	0.112806	0.108206	0.0756338	0.0325726	0.00459925	0.891288	0.01597	1.10421	0.0197662	2.64348e-05
