Generation	PopulationID	SampleSize	UniqueMutations	PopulationSize	totalLoad	RelzLoad	RelzLoadHomo	RelzLoadHetero	MskLoad	MeanFitness	SdFitness	MeanFitnessCached	SdFitnessCached	Heterozygosity	
10001	1	100	43	500	0.213556	0.202086	0.179294	0.0227918	0.0114704	0.799914	0.0185593	1.19652	0.0242779	2.46443e-05
10002	1	100	29	500	0.206194	0.198727	0.164404	0.0343226	0.00746693	0.804252	0.0214891	1.19659	0.0233393	2.62734e-05
10003	1	100	29	500	0.208471	0.197457	0.166576	0.0308804	0.0110141	0.805346	0.0182757	1.19172	0.0186152	2.54034e-05
10004	1	100	28	500	0.212831	0.201716	0.167234	0.034482	0.0111147	0.801852	0.0202777	1.19619	0.0229948	2.53917e-05
10005	1	100	27	500	0.211538	0.200753	0.169119	0.0316339	0.0107851	0.802866	0.0180883	1.19604	0.0219381	2.73996e-05
10006	1	100	22	500	0.204834	0.193999	0.152872	0.0411267	0.0108349	0.808901	0.0184552	1.18815	0.0180322	2.89805e-05
10007	1	100	23	500	0.207208	0.192964	0.141487	0.0514766	0.0142437	0.810811	0.0217162	1.18493	0.0193136	2.9001e-05
10008	1	100	28	500	0.208484	0.196011	0.151763	0.044248	0.0124731	0.808104	0.0203557	1.1903	0.0192237	2.66078e-05
10009	1	100	28	500	0.21724	0.198781	0.151136	0.047645	0.0184586	0.806572	0.0201562	1.18802	0.0210238	2.54988e-05
10010	1	100	24	500	0.21715	0.20126	0.155065	0.046195	0.0158898	0.804493	0.0218241	1.19207	0.0219626	2.4163e-05
10011	1	100	21	500	0.221233	0.204511	0.169046	0.0354644	0.016722	0.800058	0.0199625	1.19399	0.0217068	2.32998e-05
10012	1	100	19	500	0.226297	0.204158	0.168747	0.0354104	0.0221397	0.801492	0.0212629	1.18873	0.0221498	2.29597e-05
10013	1	100	20	500	0.222681	0.201669	0.160632	0.041037	0.0210111	0.802762	0.0230481	1.18486	0.023531	2.37691e-05
10014	1	100	19	500	0.232357	0.205684	0.183708	0.0219762	0.0266736	0.799292	0.0175592	1.18051	0.0198233	2.24054e-05
10015	1	100	18	500	0.235972	0.206679	0.187334	0.0193451	0.0292928	0.79877	0.0163883	1.17973	0.0174634	2.16939e-05
10016	1	100	22	500	0.248756	0.210693	0.190319	0.0203738	0.0380625	0.795525	0.0190399	1.17387	0.0235262	2.16801e-05
10017	1	100	20	500	0.265773	0.215472	0.195571	0.0199014	0.0503006	0.789723	0.0220503	1.16668	0.0294375	2.14752e-05
10018	1	100	18	500	0.298468	0.226173	0.203282	0.0228911	0.0722957	0.787463	0.0204845	1.1651	0.0269433	2.12474e-05
10019	1	100	16	500	0.306268	0.228496	0.205167	0.0233286	0.0777717	0.785016	0.0204027	1.16151	0.02862	2.1633e-05
10020	1	100	13	500	0.14188	0.0439875	0.0191751	0.0248124	0.0978929	0.962675	0.044044	0.96335	0.0442878	2.19217e-05
10021	1	100	12	500	0.140765	0.0443624	0.0194825	0.0248799	0.0964024	0.96663	0.0289191	0.968218	0.0295155	2.2734e-05
10022	1	100	15	500	0.115109	0.0384848	0.0188532	0.0196315	0.0766246	0.966656	0.0517958	0.967783	0.0524401	2.26785e-05
10023	1	100	12	500	0.110807	0.0387559	0.0203261	0.0184299	0.0720506	0.969064	0.0421312	0.969906	0.0425032	2.29098e-05
10024	1	100	13	500	0.101063	0.0361665	0.0194094	0.0167572	0.0648961	0.969966	0.0384035	0.971054	0.0390289	2.28553e-05
10025	1	100	13	500	0.110657	0.0433139	0.0256245	0.0176893	0.0673427	0.960797	0.0520332	0.962637	0.0527906	2.26842e-05
10026	1	100	14	500	0.10397	0.0382678	0.0211756	0.0170922	0.0657025	0.966747	0.0436666	0.968099	0.0440415	2.30407e-05
10027	1	100	15	500	0.120378	0.0427207	0.0222697	0.0204509	0.0776569	0.962555	0.0484867	0.964666	0.0484768	2.33213e-05
10028	1	100	18	500	0.151908	0.0548191	0.0286398	0.0261794	0.0970889	0.948212	0.0677427	0.952318	0.0685535	2.34792e-05
10029	1	100	15	500	0.151671	0.0547747	0.0283839	0.0263908	0.096896	0.947617	0.0677877	0.952332	0.0691697	2.36391e-05
10030	1	100	15	500	0.165377	0.0613891	0.0338475	0.0275417	0.103988	0.94763	0.0604628	0.950784	0.0600334	2.39077e-05
10031	1	100	16	500	0.167219	0.0622904	0.0336736	0.0286169	0.104929	0.956024	0.0384099	0.961285	0.0355766	2.42721e-05
10032	1	100	17	500	0.159022	0.0611564	0.0350642	0.0260921	0.097866	0.948557	0.0605155	0.951975	0.061198	2.44507e-05
10033	1	100	18	500	0.155604	0.0608945	0.0353859	0.0255086	0.0947092	0.937456	0.0884188	0.941104	0.088872	2.46409e-05
10034	1	100	18	500	0.172908	0.0685867	0.0401722	0.0284145	0.104322	0.940942	0.0784257	0.945944	0.0793704	2.48063e-05
10035	1	100	19	500	0.165128	0.0643273	0.0371708	0.0271565	0.100801	0.945628	0.0792687	0.949674	0.0798273	2.49322e-05
10036	1	100	21	500	0.164717	0.0639346	0.0369203	0.0270143	0.100782	0.945958	0.0684517	0.94962	0.067322	2.47859e-05
10037	1	100	17	500	0.150673	0.0569687	0.0314451	0.0255236	0.0937041	0.955596	0.0520742	0.959937	0.0526504	2.55372e-05
10038	1	100	16	500	0.133873	0.0483744	0.0240938	0.0242806	0.0854984	0.95643	0.0633813	0.962371	0.0633056	2.60701e-05
10039	1	100	19	500	0.124626	0.0427855	0.0193826	0.0234029	0.0818409	0.958941	0.0547241	0.965132	0.0548672	2.53877e-05
10040	1	100	19	500	0.136742	0.0471354	0.0220984	0.0250371	0.0896065	0.955954	0.0640163	0.961415	0.0647987	2.60416e-05
10041	1	100	19	500	0.155551	0.0557279	0.028088	0.0276398	0.0998234	0.963828	0.0192509	0.969621	0.0179703	2.62092e-05
10042	1	100	19	500	0.180341	0.0696643	0.0391033	0.030561	0.110676	0.942294	0.0728656	0.948867	0.0722341	2.60503e-05
10043	1	100	21	500	0.205244	0.0918136	0.0598066	0.032007	0.113431	0.907841	0.116197	0.915286	0.116981	2.45277e-05
10044	1	100	18	500	0.22447	0.101341	0.0663144	0.0350268	0.123129	0.906627	0.115495	0.916762	0.117644	2.40653e-05
10045	1	100	22	500	0.207048	0.0868731	0.0517768	0.0350963	0.120175	0.918131	0.103708	0.929032	0.106319	2.42095e-05
10046	1	100	21	500	0.191365	0.0808716	0.0485326	0.032339	0.110493	0.920376	0.10613	0.930236	0.109477	2.47984e-05
10047	1	100	23	500	0.178644	0.0715597	0.0399856	0.0315741	0.107084	0.941324	0.0774021	0.951289	0.0783918	2.60299e-05
10048	1	100	21	500	0.161114	0.0606873	0.0324131	0.0282742	0.100427	0.950389	0.0719743	0.957156	0.0722167	2.63705e-05
10049	1	100	19	500	0.174293	0.0700002	0.0417531	0.0282471	0.104293	0.951041	0.0624633	0.955798	0.0630256	2.77024e-05
10050	1	100	17	500	0.152297	0.0549627	0.0287538	0.0262089	0.097334	0.955219	0.0540144	0.959118	0.052539	2.6983e-05
10051	1	100	18	500	0.145385	0.0486224	0.0224768	0.0261457	0.0967624	0.960027	0.05087	0.964382	0.0510157	2.66242e-05
10052	1	100	20	500	0.14812	0.0500799	0.0232297	0.0268502	0.0980404	0.95521	0.0664534	0.960259	0.0651556	2.65738e-05
10053	1	100	19	500	0.142931	0.0511726	0.0256172	0.0255554	0.0917581	0.960102	0.0568992	0.96598	0.0560713	2.65994e-05
10054	1	100	18	500	0.146032	0.0535524	0.0282129	0.0253395	0.0924793	0.952377	0.0742308	0.957172	0.0738221	2.64095e-05
10055	1	100	19	500	0.115562	0.0379869	0.0166555	0.0213313	0.0775756	0.970855	0.0347341	0.975091	0.0309802	2.75364e-05
10056	1	100	19	500	0.110875	0.0360038	0.014637	0.0213668	0.0748712	0.96062	0.0657882	0.965989	0.0591463	2.6228e-05
10057	1	100	19	500	0.125347	0.0431419	0.0162691	0.0268728	0.0822049	0.965194	0.0436438	0.978588	0.0468121	2.61757e-05
10058	1	100	17	500	0.115239	0.0424963	0.0159839	0.0265123	0.0727428	0.962344	0.0549472	0.979873	0.0540944	2.44485e-05
10059	1	100	16	500	0.0789183	0.0280721	0.00779049	0.0202817	0.0508461	0.96757	0.0636194	0.983415	0.0614265	2.13756e-05
10060	1	100	15	500	0.0754935	0.0254623	0.0079458	0.0175165	0.0500312	0.97968	0.0214497	0.990499	0.0213846	2.28743e-05
10061	1	100	19	500	0.0587742	0.0191574	0.00468499	0.0144724	0.0396168	0.983558	0.0238643	0.99292	0.0241864	2.40884e-05
10062	1	100	16	500	0.0576616	0.0187805	0.00598585	0.0127946	0.0388811	0.979892	0.0366068	0.986032	0.0346138	2.51464e-05
10063	1	100	21	500	0.0558734	0.0185665	0.00494041	0.0136261	0.0373069	0.983153	0.0217494	0.992029	0.0234559	2.46945e-05
10064	1	100	21	500	0.0538752	0.0193464	0.00427127	0.0150751	0.0345288	0.982241	0.0235216	0.995455	0.0248387	2.37386e-05
10065	1	100	25	500	0.0582121	0.0223293	0.0041274	0.0182019	0.0358828	0.977883	0.0358322	0.997265	0.0364745	2.13522e-05
10066	1	100	20	500	0.0412916	0.0121131	0.00334455	0.00876859	0.0291785	0.987963	0.0189263	0.993909	0.0193633	2.2284e-05
10067	1	100	18	500	0.0297308	0.00948109	0.00211789	0.0073632	0.0202497	0.991069	0.0146206	0.995788	0.0126053	1.99508e-05
10068	1	100	13	500	0.0271348	0.00891822	0.00222649	0.00669173	0.0182166	0.992439	0.0126442	0.996845	0.00854839	1.91921e-05
10069	1	100	11	500	0.0131201	0.00402055	0.000754191	0.00326636	0.00909959	0.996389	0.0090414	0.998445	0.00642163	1.54279e-05
10070	1	100	11	500	0.0140008	0.00383856	0.000631458	0.0032071	0.0101622	0.994265	0.0284284	0.995515	0.0247667	1.45919e-05
10071	1	100	11	500	0.0181684	0.0052561	0.00128616	0.00396994	0.0129123	0.995513	0.0100903	0.997122	0.00594197	1.73728e-05
10072	1	100	11	500	0.0182909	0.00525647	0.00108887	0.0041676	0.0130344	0.995538	0.0102903	0.997416	0.00495261	1.4847e-05
10073	1	100	12	500	0.0156844	0.00445284	0.000756226	0.00369662	0.0112316	0.995904	0.0106934	0.997704	0.00692387	1.20451e-05
10074	1	100	12	500	0.0156746	0.00421509	0.00060835	0.00360674	0.0114595	0.996011	0.0108264	0.997873	0.0073152	1.13662e-05
10075	1	100	13	500	0.017136	0.004591	0.000750469	0.00384053	0.012545	0.996003	0.00889359	0.997429	0.00446635	1.08408e-05
10076	1	100	11	500	0.0115269	0.00314233	0.000470921	0.00267141	0.00838453	0.997156	0.0080235	0.998375	0.00382442	1.04718e-05
10077	1	100	10	500	0.0184388	0.00558155	0.00101026	0.00457129	0.0128572	0.99516	0.0107224	0.997942	0.00548388	1.22285e-05
10078	1	100	11	500	0.0241235	0.00753758	0.00160134	0.00593624	0.0165859	0.993134	0.0165512	0.996873	0.0129167	1.20636e-05
10079	1	100	11	500	0.0189356	0.00504196	0.000714897	0.00432707	0.0138937	0.994892	0.0118358	0.996629	0.00776442	1.01867e-05
10080	1	100	16	500	0.0242199	0.00659501	0.00113877	0.00545624	0.0176248	0.993967	0.0127148	0.996115	0.00890685	1.21373e-05
10081	1	100	12	500	0.0163062	0.00421658	0.000869386	0.0033472	0.0120896	0.996355	0.00816156	0.997154	0.00699715	1.21356e-05
10082	1	100	11	500	0.0142603	0.00338673	0.000447567	0.00293917	0.0108735	0.996799	0.00826705	0.997235	0.00702355	9.52297e-06
10083	1	100	9	500	0.0112256	0.00255153	0.000369078	0.00218245	0.0086741	0.997431	0.0077635	0.997459	0.00775066	8.37206e-06
10084	1	100	8	500	0.0107252	0.00265779	0.000640929	0.00201686	0.00806746	0.9974	0.00758484	0.997635	0.00766161	1.14616e-05
10085	1	100	9	500	0.0132511	0.00381408	0.00145482	0.00235927	0.00943706	0.997319	0.00541858	0.997325	0.00542189	1.44155e-05
10086	1	100	9	500	0.00937227	0.00282806	0.00119201	0.00163605	0.00654421	0.998006	0.00326763	0.99807	0.00330605	1.42986e-05
10087	1	100	9	500	0.010777	0.00381091	0.00169007	0.00212084	0.0069661	0.996807	0.00786775	0.997659	0.00816523	1.53269e-05
10088	1	100	9	500	0.00910314	0.00308429	0.00110155	0.00198274	0.00601885	0.997539	0.00490328	0.998507	0.0052799	1.3881e-05
10089	1	100	10	500	0.0141002	0.00363543	0.000722578	0.00291285	0.0104647	0.996593	0.0097719	0.997191	0.00977471	1.24697e-05
10090	1	100	10	500	0.0103585	0.00244342	0.000464659	0.00197876	0.00791503	0.997847	0.00729631	0.997847	0.0072963	1.14507e-05
10091	1	100	11	500	0.0237507	0.00586578	0.00136777	0.00449801	0.0178849	0.994411	0.0139338	0.994465	0.0139552	1.39515e-05
10092	1	100	10	500	0.0222705	0.00541333	0.00119903	0.0042143	0.0168572	0.995389	0.0123301	0.995389	0.0123301	1.35837e-05
10093	1	100	11	500	0.0107808	0.00256071	0.000505701	0.00205501	0.00822005	0.997588	0.00882077	0.997613	0.00882779	1.16641e-05
10094	1	100	10	500	0.00938809	0.00221639	0.000245583	0.0019708	0.00717171	0.997812	0.008252	0.998173	0.00833948	1.0209e-05
10095	1	100	15	500	0.0175667	0.00423176	0.000620773	0.00361099	0.0133349	0.996174	0.0111922	0.996741	0.0113148	1.15354e-05
10096	1	100	12	500	0.0164773	0.00391509	0.000484966	0.00343012	0.0125623	0.99621	0.0108609	0.996904	0.0110792	1.06929e-05
10097	1	100	11	500	0.0187358	0.00439185	0.00059052	0.00380133	0.014344	0.995934	0.0122279	0.996519	0.0123699	9.8971e-06
10098	1	100	9	500	0.0173224	0.00386996	0.000506837	0.00336312	0.0134525	0.996492	0.01168	0.996503	0.0116832	9.08842e-06
10099	1	100	9	500	0.0134178	0.002938	0.000318053	0.00261995	0.0104798	0.997012	0.0108076	0.997012	0.0108076	8.99681e-06
10100	1	100	5	500	0.000887197	0.0002068	2.44735e-05	0.000182326	0.000680398	0.999738	0.00127584	0.999855	0.00127436	7.19734e-06
10101	1	100	5	500	0.00148382	0.000349267	6.56281e-05	0.000283638	0.00113455	0.999536	0.00207379	0.999536	0.00207379	7.29057e-06
