Generation	PopulationID	SampleSize	UniqueMutations	PopulationSize	totalLoad	RelzLoad	RelzLoadHomo	RelzLoadHetero	MskLoad	MeanFitness	SdFitness	MeanFitnessCached	SdFitnessCached	Heterozygosity	
10001	1	100	46	500	0.44116	0.431143	0.388009	0.0431343	0.0100169	0.614168	0.041919	1.44871	0.0691667	2.02992e-05
10002	1	100	26	500	0.182937	0.169405	0.120767	0.0486377	0.0135325	0.833619	0.0566087	1.15075	0.0544108	2.02225e-05
10003	1	100	24	500	0.193031	0.17358	0.118714	0.054866	0.0194508	0.830975	0.051548	1.15383	0.0563208	2.06271e-05
10004	1	100	21	500	0.192324	0.17655	0.124715	0.0518352	0.0157731	0.828016	0.0599692	1.15701	0.0593589	1.95189e-05
10005	1	100	20	500	0.221587	0.193607	0.156403	0.0372039	0.0279799	0.812434	0.0479621	1.16496	0.0462684	1.91281e-05
10006	1	100	16	500	0.196017	0.178426	0.14219	0.0362361	0.0175916	0.82544	0.053952	1.15809	0.0543861	1.93352e-05
10007	1	100	15	500	0.185612	0.172113	0.134143	0.03797	0.0134988	0.830841	0.0597191	1.15448	0.0587204	1.95541e-05
10008	1	100	16	500	0.181819	0.171488	0.134319	0.0371698	0.0103304	0.831154	0.055538	1.15591	0.053655	1.97577e-05
10009	1	100	17	500	0.181398	0.172576	0.140164	0.0324121	0.0088213	0.829798	0.0557281	1.1567	0.0521036	1.93759e-05
10010	1	100	18	500	0.185835	0.178009	0.145915	0.0320942	0.00782602	0.824754	0.0555933	1.16378	0.0542891	1.95902e-05
10011	1	100	14	500	0.175673	0.169856	0.136995	0.0328609	0.00581682	0.832511	0.0515417	1.15815	0.0498234	1.93153e-05
10012	1	100	13	500	0.176271	0.170905	0.137457	0.0334481	0.00536604	0.831595	0.0528068	1.15938	0.0511423	1.94202e-05
10013	1	100	16	500	0.1782	0.172476	0.142661	0.0298148	0.00572397	0.829209	0.0524063	1.15852	0.0500093	1.95263e-05
10014	1	100	16	500	0.18284	0.176779	0.151418	0.025361	0.00606087	0.825625	0.0440112	1.16347	0.0420625	1.98091e-05
10015	1	100	16	500	0.175918	0.170682	0.141561	0.0291211	0.00523571	0.831238	0.0469974	1.15773	0.04328	1.99036e-05
10016	1	100	16	500	0.179944	0.175389	0.149884	0.0255052	0.00455495	0.826564	0.0443318	1.16296	0.0408691	1.97557e-05
10017	1	100	15	500	0.181134	0.177385	0.154139	0.0232462	0.00374867	0.824117	0.0472625	1.16513	0.0442488	2.01744e-05
10018	1	100	15	500	0.184466	0.180789	0.159579	0.0212103	0.00367664	0.821175	0.0410978	1.17046	0.0390542	1.90024e-05
10019	1	100	15	500	0.191353	0.188362	0.173068	0.0152942	0.00299144	0.813502	0.0341732	1.17802	0.0321398	1.86866e-05
10020	1	100	19	500	0.189848	0.186636	0.169596	0.0170401	0.00321185	0.815306	0.0359524	1.17703	0.0346996	1.95289e-05
10021	1	100	18	500	0.191242	0.186203	0.167895	0.0183079	0.0050399	0.81574	0.0360599	1.17526	0.0359162	2.0292e-05
10022	1	100	17	500	0.198025	0.191529	0.177464	0.0140648	0.00649648	0.810372	0.0306713	1.17914	0.0314492	2.01142e-05
10023	1	100	18	500	0.191052	0.187822	0.172355	0.0154676	0.00322908	0.814077	0.0345891	1.17683	0.0326813	2.079e-05
10024	1	100	17	500	0.191113	0.188226	0.172773	0.0154538	0.00288615	0.813445	0.0344621	1.17805	0.0330754	2.05563e-05
10025	1	100	21	500	0.192599	0.189233	0.175249	0.0139836	0.00336655	0.812139	0.0350385	1.17846	0.0354814	1.984e-05
10026	1	100	18	500	0.204374	0.195421	0.184623	0.0107986	0.0089523	0.80655	0.0262981	1.18115	0.026218	1.90095e-05
10027	1	100	17	500	0.201502	0.19409	0.18293	0.0111603	0.00741126	0.807544	0.0279996	1.18124	0.0268115	1.87009e-05
10028	1	100	14	500	0.209516	0.198834	0.190022	0.00881143	0.0106827	0.803682	0.0219419	1.18394	0.0213102	1.83071e-05
10029	1	100	18	500	0.205635	0.196183	0.186009	0.0101738	0.00945278	0.80586	0.0258362	1.18172	0.0249091	1.78233e-05
10030	1	100	19	500	0.227834	0.203352	0.19086	0.0124921	0.0244817	0.800416	0.0256108	1.17984	0.0263565	1.63667e-05
10031	1	100	17	500	0.218908	0.194519	0.17435	0.0201683	0.0243892	0.808831	0.0361144	1.1716	0.0386966	1.8542e-05
10032	1	100	18	500	0.238958	0.206075	0.190156	0.0159193	0.0328832	0.79431	0.0538836	1.1686	0.0729342	1.91225e-05
10033	1	100	16	500	0.239232	0.207917	0.195599	0.0123187	0.0313145	0.796681	0.0232959	1.17876	0.0280676	1.75755e-05
10034	1	100	10	500	0.0571746	0.0166941	0.00429851	0.0123956	0.0404805	0.984667	0.0256143	0.990993	0.025166	1.70491e-05
10035	1	100	11	500	0.07665	0.0216994	0.00575269	0.0159467	0.0549506	0.980559	0.0325152	0.986438	0.0329933	1.87991e-05
10036	1	100	14	500	0.0622721	0.0163333	0.00283349	0.0134998	0.0459388	0.984658	0.0315323	0.990293	0.0312866	1.92013e-05
10037	1	100	13	500	0.08373	0.0216935	0.00413756	0.017556	0.0620364	0.980247	0.0369542	0.985357	0.0361292	1.83789e-05
10038	1	100	12	500	0.0620848	0.0158269	0.00252332	0.0133036	0.0462579	0.985705	0.033831	0.990151	0.0328283	1.70267e-05
10039	1	100	12	500	0.0322691	0.00962305	0.00182861	0.00779444	0.022646	0.990844	0.02021	0.997026	0.0203087	1.57079e-05
10040	1	100	11	500	0.0288529	0.00896344	0.00176977	0.00719367	0.0198894	0.99126	0.0172744	0.997906	0.0164362	1.58699e-05
10041	1	100	11	500	0.0354804	0.0105113	0.00213947	0.0083718	0.0249692	0.989992	0.0212258	0.996457	0.0214869	1.49415e-05
10042	1	100	12	500	0.0251074	0.00823235	0.0019429	0.00628945	0.0168751	0.991855	0.0182443	0.99843	0.0194545	1.55635e-05
10043	1	100	11	500	0.0153238	0.00602831	0.00165672	0.00437159	0.0092955	0.993987	0.0128392	1.00055	0.0134683	1.41321e-05
10044	1	100	9	500	0.017692	0.00656601	0.0017246	0.0048414	0.011126	0.99317	0.0149551	1.00014	0.0151342	1.43932e-05
10045	1	100	10	500	0.0171849	0.00601122	0.00134816	0.00466305	0.0111737	0.994323	0.0144978	0.999923	0.014727	1.42975e-05
10046	1	100	9	500	0.0237702	0.007536	0.00154378	0.00599222	0.0162342	0.992475	0.0181232	0.998757	0.0189671	1.32924e-05
10047	1	100	11	500	0.00595904	0.00395	0.0014091	0.0025409	0.00200904	0.995987	0.00403539	1.00273	0.00420292	1.15357e-05
10048	1	100	10	500	0.00639782	0.0042144	0.00158463	0.00262977	0.00218342	0.99548	0.00619978	1.00268	0.0065806	1.11139e-05
10049	1	100	9	500	0.00599902	0.00430692	0.00165843	0.00264849	0.0016921	0.995694	0.00323466	1.00315	0.0034464	1.1431e-05
10050	1	100	9	500	0.006256	0.00476678	0.00217107	0.00259571	0.00148922	0.995191	0.00290135	1.00374	0.00333457	1.10022e-05
10051	1	100	11	500	0.00877561	0.00580921	0.00287728	0.00293193	0.00296641	0.994074	0.00676926	1.00389	0.00690625	1.19319e-05
10052	1	100	8	500	0.00911416	0.00595695	0.00293519	0.00302177	0.0031572	0.994018	0.00451137	1.00387	0.00374158	1.11588e-05
10053	1	100	14	500	0.0137774	0.00740484	0.00371833	0.00368652	0.00637258	0.992729	0.00541809	1.00372	0.00485797	1.11578e-05
10054	1	100	11	500	0.0144303	0.00781626	0.00381681	0.00399945	0.00661404	0.992239	0.00614551	1.00363	0.00612352	1.18547e-05
10055	1	100	12	500	0.0158928	0.00808299	0.00391051	0.00417248	0.00780981	0.992051	0.00700779	1.0031	0.00641475	1.25803e-05
10056	1	100	12	500	0.0204947	0.008452	0.00309991	0.00535209	0.0120427	0.991901	0.00756434	1.00119	0.00685262	1.28174e-05
10057	1	100	14	500	0.0189867	0.00837855	0.00349057	0.00488797	0.0106082	0.990811	0.0158288	1.00063	0.0150868	1.1709e-05
10058	1	100	15	500	0.016797	0.00777969	0.00330506	0.00447463	0.00901734	0.992296	0.0071466	1.002	0.00623561	1.12845e-05
10059	1	100	14	500	0.017786	0.00830639	0.0037862	0.00452019	0.00947959	0.992253	0.00660672	1.00254	0.00554244	1.12462e-05
10060	1	100	14	500	0.0160251	0.00765396	0.00334252	0.00431144	0.00837111	0.992831	0.00607428	1.00271	0.00513531	1.22411e-05
10061	1	100	12	500	0.0160304	0.00754428	0.00332132	0.00422296	0.00848611	0.992582	0.00567984	1.00245	0.00499275	1.10797e-05
10062	1	100	12	500	0.0151196	0.00757177	0.00310135	0.00447042	0.00754786	0.99265	0.00465703	1.00304	0.00525573	1.26803e-05
10063	1	100	14	500	0.0129634	0.0078714	0.00417103	0.00370037	0.00509199	0.992202	0.00408146	1.00469	0.00476654	1.27084e-05
10064	1	100	15	500	0.00996061	0.00729032	0.00377359	0.00351674	0.00267028	0.992671	0.00513288	1.00569	0.00539834	1.28361e-05
10065	1	100	10	500	0.0093029	0.0071773	0.00378732	0.00338998	0.0021256	0.99239	0.00664449	1.0054	0.00691824	1.20302e-05
10066	1	100	15	500	0.0135502	0.00894986	0.00442927	0.00452058	0.00460037	0.991029	0.00858014	1.00625	0.00914282	1.1988e-05
10067	1	100	13	500	0.0103309	0.00865905	0.00428406	0.00437499	0.00167184	0.990974	0.00553803	1.0074	0.00604659	1.15127e-05
10068	1	100	12	500	0.0110994	0.00909906	0.00351335	0.00558571	0.00200033	0.990802	0.00617337	1.00785	0.00644743	1.15041e-05
10069	1	100	6	500	0.00903258	0.00816071	0.00336835	0.00479236	0.000871867	0.991185	0.00861609	1.00656	0.00896337	1.2101e-05
10070	1	100	7	500	0.00854309	0.00775377	0.00247605	0.00527772	0.000789329	0.991944	0.00725422	1.00668	0.00746418	1.18035e-05
10071	1	100	12	500	0.0120476	0.00968976	0.00344188	0.00624788	0.00235789	0.990279	0.00798715	1.00769	0.00822655	1.27254e-05
10072	1	100	11	500	0.0129639	0.00902709	0.0029617	0.00606539	0.00393681	0.990976	0.00760279	1.00624	0.00786826	1.25509e-05
10073	1	100	9	500	0.0109184	0.0084848	0.00326034	0.00522447	0.00243363	0.991555	0.00605694	1.00632	0.00655503	1.29221e-05
10074	1	100	11	500	0.0110713	0.00889241	0.00318828	0.00570413	0.0021789	0.991123	0.00601042	1.00711	0.00637791	1.25323e-05
10075	1	100	7	500	0.012571	0.0103942	0.00331615	0.00707805	0.00217679	0.989432	0.00985075	1.00881	0.0103377	1.22433e-05
10076	1	100	12	500	0.0162524	0.0109156	0.00306438	0.00785119	0.00533681	0.989157	0.0105724	1.00796	0.00938587	1.17389e-05
10077	1	100	8	500	0.0186671	0.0118967	0.00370402	0.00819263	0.00677042	0.988046	0.0118671	1.00778	0.00943677	1.15458e-05
10078	1	100	9	500	0.0210651	0.0124233	0.00354528	0.00887798	0.00864187	0.987245	0.0151354	1.00691	0.0141467	1.21367e-05
10079	1	100	10	500	0.0330666	0.0166821	0.00487818	0.011804	0.0163844	0.98068	0.0456177	1.00305	0.0431722	1.26297e-05
10080	1	100	7	500	0.025729	0.0148811	0.00424133	0.0106398	0.0108479	0.983519	0.0338538	1.0065	0.0315268	1.26085e-05
10081	1	100	9	500	0.0294881	0.0165955	0.00502758	0.0115679	0.0128925	0.983732	0.0157888	1.00883	0.0124576	1.32102e-05
10082	1	100	9	500	0.037197	0.0172914	0.00465128	0.0126401	0.0199056	0.983489	0.0173138	1.00567	0.0136062	1.24652e-05
10083	1	100	11	500	0.0410751	0.0168399	0.00408195	0.0127579	0.0242353	0.983694	0.0198995	1.00348	0.0165657	1.24527e-05
10084	1	100	12	500	0.0270506	0.0129962	0.00321296	0.00978325	0.0140544	0.987336	0.0173851	1.00464	0.011256	1.17639e-05
10085	1	100	10	500	0.0215749	0.0106043	0.00230433	0.00829997	0.0109706	0.989768	0.0136382	1.00453	0.0100624	1.22518e-05
10086	1	100	12	500	0.00940964	0.00747549	0.00196927	0.00550623	0.00193415	0.991733	0.0101904	1.00543	0.00956686	1.31498e-05
10087	1	100	10	500	0.0246175	0.0103745	0.00187005	0.00850447	0.014243	0.989953	0.0148973	1.00238	0.0100991	1.28392e-05
10088	1	100	10	500	0.0465738	0.0168893	0.00401376	0.0128755	0.0296846	0.985237	0.0201821	0.998394	0.0140943	1.21897e-05
10089	1	100	8	500	0.0501908	0.0194355	0.00533403	0.0141014	0.0307553	0.982991	0.0211733	0.999246	0.0161982	1.33193e-05
10090	1	100	11	500	0.0411253	0.0169551	0.00429216	0.0126629	0.0241703	0.984781	0.0212903	1.00164	0.0131569	1.28517e-05
10091	1	100	8	500	0.0358402	0.0146685	0.00327655	0.011392	0.0211717	0.986582	0.0188299	1.00184	0.0125409	1.3225e-05
10092	1	100	12	500	0.0234804	0.0102322	0.00192655	0.00830565	0.0132482	0.990194	0.0145833	1.00263	0.00912321	1.29473e-05
10093	1	100	8	500	0.0224714	0.0102165	0.00199182	0.0082247	0.0122549	0.990424	0.0142759	1.0031	0.00956909	1.22458e-05
10094	1	100	9	500	0.0220319	0.0102765	0.00195364	0.00832288	0.0117554	0.990307	0.0142532	1.00336	0.0094366	1.17947e-05
10095	1	100	7	500	0.0168206	0.00806395	0.0014107	0.00665325	0.00875665	0.991879	0.0152041	1.00331	0.0115192	1.17342e-05
10096	1	100	7	500	0.0191263	0.0080064	0.00137656	0.00662984	0.0111199	0.992448	0.0145928	1.00145	0.00774534	1.13447e-05
10097	1	100	9	500	0.017472	0.00713038	0.00104623	0.00608414	0.0103416	0.992778	0.015237	1.0013	0.0109358	1.03235e-05
10098	1	100	11	500	0.0142988	0.00649935	0.000884063	0.00561529	0.0077995	0.993735	0.012545	1.0022	0.00702985	1.02111e-05
10099	1	100	8	500	0.0040536	0.0034312	0.000534133	0.00289707	0.000622395	0.996602	0.00521982	1.00291	0.00458271	9.84562e-06
10100	1	100	8	500	0.0069786	0.00550061	0.00100212	0.00449849	0.00147799	0.994346	0.00902106	1.00396	0.00707487	1.09876e-05
10101	1	100	9	500	0.0076919	0.00552617	0.0010237	0.00450247	0.00216573	0.994311	0.00974682	1.00355	0.00772219	1.10284e-05
