Generation	PopulationID	SampleSize	UniqueMutations	PopulationSize	totalLoad	RelzLoad	RelzLoadHomo	RelzLoadHetero	MskLoad	MeanFitness	SdFitness	MeanFitnessCached	SdFitnessCached	Heterozygosity	
10001	1	100	65	500	0.109885	0.0722181	0.0214908	0.0507273	0.0376666	0.928642	0.0426733	1.0483	0.0442483	4.33528e-05
10002	1	100	49	500	0.126631	0.074706	0.0176152	0.0570908	0.051925	0.92819	0.043293	1.0454	0.0516104	4.43828e-05
10003	1	100	49	500	0.138966	0.0891932	0.0201238	0.0690693	0.0497732	0.914642	0.051016	1.05909	0.0546205	4.51176e-05
10004	1	100	47	500	0.15604	0.0941683	0.0250188	0.0691495	0.0618713	0.911838	0.0538697	1.05803	0.0550327	4.25806e-05
10005	1	100	44	500	0.130383	0.0747891	0.0169157	0.0578734	0.0555939	0.92828	0.047272	1.04167	0.0543232	4.45316e-05
10006	1	100	43	500	0.166336	0.086405	0.0177056	0.0686994	0.0799307	0.920133	0.0538289	1.03847	0.06748	4.62092e-05
10007	1	100	36	500	0.194283	0.0993476	0.0208056	0.078542	0.0949358	0.907175	0.0643021	1.03764	0.0756522	4.7217e-05
10008	1	100	34	500	0.161755	0.0784929	0.0155315	0.0629614	0.0832617	0.926494	0.0601028	1.02323	0.0690897	4.71954e-05
10009	1	100	32	500	0.137885	0.0812237	0.0168296	0.0643941	0.0566609	0.923443	0.0661194	1.04471	0.0647212	4.68742e-05
10010	1	100	34	500	0.146154	0.0904944	0.0190581	0.0714363	0.0556594	0.914456	0.0642615	1.05519	0.0727017	4.75326e-05
10011	1	100	38	500	0.182754	0.111654	0.0255671	0.0860868	0.0711005	0.895551	0.0651735	1.06721	0.0747252	4.87973e-05
10012	1	100	35	500	0.175483	0.0966697	0.0207435	0.0759262	0.0788129	0.911196	0.0618621	1.04695	0.0706496	4.9056e-05
10013	1	100	37	500	0.169172	0.0840951	0.0202606	0.0638345	0.0850765	0.923873	0.0472519	1.02913	0.0585618	4.79711e-05
10014	1	100	36	500	0.163611	0.0900665	0.0226419	0.0674245	0.0735446	0.91431	0.068072	1.03908	0.0791653	4.72571e-05
10015	1	100	38	500	0.173264	0.0865214	0.0203307	0.0661906	0.0867424	0.921343	0.0600804	1.03083	0.0552567	4.74982e-05
10016	1	100	32	500	0.178183	0.0898508	0.0233497	0.0665011	0.0883321	0.920127	0.0541171	1.0327	0.0636199	4.67746e-05
10017	1	100	31	500	0.1673	0.0926013	0.0209781	0.0716232	0.074699	0.910553	0.0836859	1.03812	0.0941083	4.58653e-05
10018	1	100	26	500	0.178503	0.0974645	0.0241556	0.0733089	0.0810381	0.910052	0.0685709	1.03853	0.0761292	4.55551e-05
10019	1	100	28	500	0.225266	0.115858	0.0279387	0.0879193	0.109408	0.896284	0.0605044	1.0417	0.0746657	4.59953e-05
10020	1	100	28	500	0.207127	0.113759	0.0269171	0.0868415	0.0933686	0.894666	0.078194	1.05009	0.0798888	4.60601e-05
10021	1	100	29	500	0.211538	0.10413	0.0249597	0.0791708	0.107408	0.908072	0.0643387	1.03063	0.0748518	4.60051e-05
10022	1	100	25	500	0.154908	0.0840257	0.0169485	0.0670772	0.0708824	0.921801	0.0708496	1.03634	0.0682843	4.45564e-05
10023	1	100	24	500	0.173071	0.0916706	0.0194985	0.072172	0.0814002	0.917355	0.0721903	1.03794	0.063462	4.45816e-05
10024	1	100	23	500	0.191451	0.110209	0.0268199	0.0833893	0.0812422	0.89827	0.0805923	1.05341	0.0707514	4.61546e-05
10025	1	100	23	500	0.174804	0.0957006	0.0234688	0.0722318	0.0791034	0.913911	0.0708335	1.03973	0.0723817	4.61971e-05
10026	1	100	22	500	0.187708	0.103024	0.0263404	0.0766835	0.0846844	0.895293	0.110379	1.02886	0.121792	4.60094e-05
10027	1	100	25	500	0.136119	0.0742804	0.0165842	0.0576962	0.0618391	0.929165	0.064418	1.02617	0.0688433	4.55719e-05
10028	1	100	20	500	0.0861084	0.042544	0.0084514	0.0340926	0.0435644	0.96151	0.0461222	1.01221	0.0421357	4.378e-05
10029	1	100	19	500	0.0969473	0.0435594	0.00982963	0.0337298	0.0533879	0.960358	0.0429699	1.00613	0.0466009	4.28466e-05
10030	1	100	20	500	0.0795471	0.0412363	0.00902116	0.0322152	0.0383107	0.96279	0.0442669	1.01319	0.0401866	4.2939e-05
10031	1	100	21	500	0.0809661	0.039459	0.0080933	0.0313657	0.041507	0.963921	0.0410139	1.01055	0.039841	4.21769e-05
10032	1	100	21	500	0.103209	0.0563641	0.0119137	0.0444504	0.0468446	0.948187	0.0492463	1.02287	0.0522739	4.30589e-05
10033	1	100	24	500	0.111564	0.0609533	0.0123587	0.0485946	0.0506107	0.936364	0.0826523	1.01706	0.0901482	4.31889e-05
10034	1	100	21	500	0.132273	0.0823792	0.0177214	0.0646577	0.0498936	0.923531	0.0598863	1.04818	0.066898	4.27188e-05
10035	1	100	23	500	0.107162	0.0607703	0.0118428	0.0489276	0.0463913	0.943264	0.0588656	1.02584	0.0577766	4.40505e-05
10036	1	100	20	500	0.124146	0.0614944	0.0114961	0.0499983	0.0626514	0.944851	0.0613915	1.01861	0.046462	4.41465e-05
10037	1	100	18	500	0.0865526	0.0483646	0.00991506	0.0384495	0.0381881	0.956116	0.05024	1.01932	0.0426771	4.37175e-05
10038	1	100	20	500	0.0767972	0.0453153	0.0102522	0.0350631	0.031482	0.957974	0.038662	1.01929	0.0409158	4.37017e-05
10039	1	100	19	500	0.0700175	0.0415166	0.00947056	0.0320461	0.0285009	0.95915	0.0400519	1.01968	0.041781	4.43965e-05
10040	1	100	17	500	0.0663274	0.0392064	0.00929372	0.0299127	0.027121	0.963849	0.0339181	1.01742	0.0355771	4.27616e-05
10041	1	100	21	500	0.068835	0.0438439	0.0126628	0.0311811	0.0249911	0.95949	0.0312625	1.02306	0.0325605	4.06274e-05
10042	1	100	18	500	0.0658558	0.0376276	0.0120035	0.025624	0.0282282	0.965331	0.0261028	1.01222	0.0325566	4.07167e-05
10043	1	100	17	500	0.0702425	0.0395081	0.0115311	0.027977	0.0307344	0.961873	0.032323	1.0093	0.0381361	4.19493e-05
10044	1	100	19	500	0.0748859	0.0400946	0.0125924	0.0275023	0.0347912	0.966292	0.0315396	1.0073	0.0360378	4.13963e-05
10045	1	100	18	500	0.0844757	0.0533556	0.0148958	0.0384599	0.0311201	0.951221	0.0441635	1.01993	0.0491248	4.251e-05
10046	1	100	19	500	0.0894307	0.0569082	0.0158595	0.0410488	0.0325225	0.948142	0.0532787	1.02197	0.0503732	4.29179e-05
10047	1	100	16	500	0.0943003	0.0614842	0.0178247	0.0436595	0.0328161	0.941907	0.0478853	1.0237	0.0524176	4.10028e-05
10048	1	100	17	500	0.100919	0.0686101	0.0199735	0.0486366	0.0323085	0.938868	0.0450422	1.03703	0.046054	3.8315e-05
10049	1	100	15	500	0.0952581	0.0642078	0.0189842	0.0452237	0.0310502	0.942338	0.0507938	1.03256	0.0498363	3.83499e-05
10050	1	100	18	500	0.0958845	0.0664218	0.019521	0.0469008	0.0294627	0.93967	0.0489813	1.03829	0.0521498	3.92983e-05
10051	1	100	19	500	0.0922723	0.062641	0.017449	0.045192	0.0296313	0.941702	0.0456359	1.03394	0.0438882	3.97849e-05
10052	1	100	18	500	0.0974131	0.0692406	0.0200674	0.0491733	0.0281725	0.93273	0.0503788	1.03715	0.0525487	3.60622e-05
10053	1	100	21	500	0.0932892	0.0678286	0.0220327	0.0457958	0.0254607	0.935171	0.040899	1.04173	0.0466204	3.40287e-05
10054	1	100	16	500	0.0857326	0.0633706	0.020427	0.0429436	0.022362	0.939553	0.0465963	1.03634	0.0383638	3.43738e-05
10055	1	100	16	500	0.0789505	0.0578428	0.0192195	0.0386233	0.0211077	0.944895	0.0410182	1.03218	0.048077	3.56776e-05
10056	1	100	19	500	0.0812659	0.0552078	0.0185701	0.0366378	0.026058	0.94781	0.0373174	1.02418	0.0419257	3.63199e-05
10057	1	100	20	500	0.0795191	0.0576948	0.0195861	0.0381087	0.0218243	0.942669	0.0436861	1.02266	0.0469678	3.63742e-05
10058	1	100	17	500	0.0856414	0.0612672	0.0214577	0.0398095	0.0243742	0.94213	0.0452045	1.02388	0.0479318	3.65207e-05
10059	1	100	19	500	0.081004	0.0566401	0.021609	0.0350311	0.0243639	0.945522	0.0345897	1.0129	0.049344	3.54143e-05
10060	1	100	18	500	0.0840076	0.0568329	0.0215534	0.0352795	0.0271747	0.946373	0.0380177	1.01009	0.0518821	3.6978e-05
10061	1	100	19	500	0.0963999	0.0645494	0.0234971	0.0410524	0.0318505	0.940749	0.0437356	1.01588	0.0555864	3.89004e-05
10062	1	100	17	500	0.0946521	0.0602126	0.0241107	0.0361018	0.0344396	0.946841	0.0426824	1.00766	0.0541965	4.0621e-05
10063	1	100	18	500	0.0939502	0.0605443	0.0243898	0.0361545	0.033406	0.944201	0.0484041	1.00546	0.0549064	3.98962e-05
10064	1	100	18	500	0.0963638	0.0649796	0.0251439	0.0398357	0.0313842	0.940275	0.0443036	1.01343	0.0571574	3.82435e-05
10065	1	100	18	500	0.102288	0.0727124	0.0271529	0.0455595	0.0295751	0.933125	0.0465785	1.02339	0.0561152	3.57047e-05
10066	1	100	21	500	0.107889	0.0767442	0.0285844	0.0481598	0.031145	0.92794	0.0615883	1.02373	0.0566854	3.92401e-05
10067	1	100	17	500	0.117957	0.0805876	0.0285176	0.05207	0.037369	0.922085	0.0584598	1.0244	0.0644748	3.87454e-05
10068	1	100	19	500	0.109115	0.079839	0.0279933	0.0518457	0.0292757	0.924226	0.0594926	1.03187	0.0609952	3.821e-05
10069	1	100	20	500	0.100589	0.0720944	0.0249795	0.0471149	0.0284947	0.933622	0.0410552	1.02891	0.0537773	3.83108e-05
10070	1	100	15	500	0.0920026	0.0660637	0.0240417	0.042022	0.0259389	0.938847	0.0419313	1.02214	0.0566106	3.59412e-05
10071	1	100	18	500	0.0921306	0.0713435	0.027447	0.0438964	0.0207871	0.931939	0.0388475	1.02338	0.0583255	3.10528e-05
10072	1	100	21	500	0.109459	0.0788395	0.0275186	0.0513209	0.0306199	0.926261	0.0427068	1.03272	0.0609397	3.38869e-05
10073	1	100	18	500	0.104061	0.0784303	0.0271385	0.0512918	0.025631	0.926529	0.0427579	1.03703	0.0562727	3.61381e-05
10074	1	100	15	500	0.0992348	0.0725494	0.0246448	0.0479046	0.0266854	0.931737	0.0434918	1.0318	0.057418	3.75447e-05
10075	1	100	16	500	0.102227	0.0750459	0.0251972	0.0498487	0.0271809	0.930192	0.0530534	1.03451	0.0548421	3.75954e-05
10076	1	100	17	500	0.124464	0.093003	0.0331809	0.0598221	0.0314612	0.910602	0.0525975	1.04441	0.0681131	3.87961e-05
10077	1	100	15	500	0.127555	0.0918174	0.0326569	0.0591604	0.0357381	0.919805	0.0571177	1.04736	0.060231	4.26368e-05
10078	1	100	15	500	0.140136	0.104272	0.0385996	0.0656722	0.0358643	0.905445	0.056991	1.05757	0.0592976	4.28199e-05
10079	1	100	16	500	0.142424	0.105177	0.0396432	0.065534	0.0372471	0.903973	0.0659773	1.05541	0.0615657	4.28072e-05
10080	1	100	19	500	0.143221	0.105089	0.0410767	0.0640125	0.0381322	0.902832	0.0638387	1.05109	0.0626557	4.2293e-05
10081	1	100	19	500	0.150968	0.111981	0.0437831	0.0681979	0.0389867	0.897966	0.0588936	1.06075	0.0633558	4.41195e-05
10082	1	100	20	500	0.158004	0.119871	0.0474362	0.0724349	0.038133	0.891075	0.0562925	1.07152	0.0556158	4.24578e-05
10083	1	100	20	500	0.154709	0.119248	0.0458198	0.0734287	0.0354603	0.891392	0.0574258	1.07656	0.0543167	4.13839e-05
10084	1	100	22	500	0.143488	0.108632	0.0389454	0.0696865	0.0348562	0.90203	0.0466876	1.07249	0.0557918	4.18089e-05
10085	1	100	19	500	0.138344	0.105027	0.0369361	0.0680913	0.0333166	0.901818	0.0500093	1.06563	0.0526516	4.05246e-05
10086	1	100	20	500	0.138393	0.101927	0.0353899	0.0665368	0.0364658	0.906596	0.0473156	1.06122	0.0557809	4.21571e-05
10087	1	100	19	500	0.120707	0.0868538	0.0306436	0.0562102	0.0338535	0.921088	0.0398677	1.0515	0.0469782	4.07692e-05
10088	1	100	18	500	0.125647	0.094935	0.0340487	0.0608864	0.0307121	0.91248	0.0438609	1.06299	0.0514107	3.78191e-05
10089	1	100	18	500	0.13625	0.10393	0.039285	0.0646454	0.0323192	0.901719	0.0506444	1.07008	0.0565527	3.45988e-05
10090	1	100	20	500	0.134796	0.103102	0.039491	0.0636109	0.0316943	0.903827	0.0487924	1.07073	0.0506587	3.45355e-05
10091	1	100	17	500	0.133445	0.107864	0.0433884	0.0644755	0.0255811	0.899106	0.0439418	1.07974	0.0492289	3.38226e-05
10092	1	100	20	500	0.1299	0.104877	0.0429722	0.0619049	0.0250232	0.900257	0.046315	1.07595	0.0523876	3.31537e-05
10093	1	100	18	500	0.122991	0.0992849	0.0410466	0.0582383	0.0237058	0.906145	0.0467653	1.07257	0.0478908	3.24437e-05
10094	1	100	21	500	0.121312	0.0978263	0.0420912	0.0557351	0.0234861	0.906937	0.0425538	1.07144	0.0457319	3.26097e-05
10095	1	100	21	500	0.125934	0.0991874	0.0379783	0.0612091	0.0267469	0.906269	0.0481807	1.06736	0.0524222	3.50648e-05
10096	1	100	17	500	0.131913	0.103041	0.0379415	0.0650997	0.0288717	0.903567	0.0471752	1.06945	0.053631	3.76806e-05
10097	1	100	19	500	0.156056	0.113842	0.0419406	0.0719018	0.0422134	0.895005	0.05213	1.07264	0.0576028	3.72723e-05
10098	1	100	23	500	0.152285	0.112374	0.0426481	0.0697262	0.0399105	0.895435	0.0545296	1.07445	0.052776	3.69048e-05
10099	1	100	22	500	0.133636	0.104413	0.0400351	0.0643779	0.0292234	0.903216	0.0466527	1.07461	0.0537536	3.78672e-05
10100	1	100	21	500	0.138735	0.108201	0.0401575	0.0680431	0.0305343	0.899295	0.0478613	1.07287	0.0571032	3.80166e-05
10101	1	100	20	500	0.127489	0.101479	0.0394934	0.0619861	0.0260091	0.904674	0.0484928	1.06977	0.0491359	3.59704e-05
