Generation	PopulationID	SampleSize	UniqueMutations	PopulationSize	totalLoad	RelzLoad	RelzLoadHomo	RelzLoadHetero	MskLoad	MeanFitness	SdFitness	MeanFitnessCached	SdFitnessCached	Heterozygosity	
10001	1	100	41	500	0.264168	0.241206	0.219143	0.0220626	0.0229619	0.772884	0.0277913	1.23406	0.0399835	2.45876e-05
10002	1	100	30	500	0.265225	0.236971	0.209772	0.0271996	0.0282541	0.7791	0.0312125	1.23042	0.0452427	2.40709e-05
10003	1	100	25	500	0.26674	0.238323	0.208903	0.0294199	0.0284175	0.777876	0.031251	1.23176	0.0459972	2.3646e-05
10004	1	100	26	500	0.276716	0.242858	0.21466	0.0281975	0.0338583	0.774781	0.0332997	1.23315	0.0488982	2.38494e-05
10005	1	100	26	500	0.284637	0.235636	0.196594	0.039042	0.049001	0.782131	0.0361759	1.21334	0.0493974	2.58229e-05
10006	1	100	24	500	0.267609	0.219725	0.168636	0.0510892	0.0478839	0.797243	0.0446849	1.19652	0.0669235	2.83677e-05
10007	1	100	25	500	0.273725	0.229005	0.184485	0.0445195	0.0447199	0.78774	0.0403925	1.20932	0.057322	2.77302e-05
10008	1	100	24	500	0.282033	0.23264	0.188206	0.0444336	0.0493934	0.784713	0.0399319	1.2112	0.0591622	2.7382e-05
10009	1	100	22	500	0.283596	0.239086	0.201404	0.0376813	0.0445106	0.778047	0.0387069	1.21865	0.0551988	2.53617e-05
10010	1	100	20	500	0.2895	0.245195	0.215205	0.0299902	0.0443045	0.773222	0.0331019	1.2255	0.0504848	2.29156e-05
10011	1	100	21	500	0.303152	0.251451	0.222296	0.0291546	0.0517016	0.769784	0.0363073	1.22392	0.0516385	2.21273e-05
10012	1	100	16	500	0.297245	0.252372	0.229499	0.0228739	0.0448721	0.76708	0.031219	1.23025	0.0484786	2.01619e-05
10013	1	100	16	500	0.284525	0.251668	0.235374	0.0162937	0.0328567	0.76601	0.0297279	1.23796	0.0478957	1.72637e-05
10014	1	100	17	500	0.28975	0.25478	0.238721	0.016059	0.0349703	0.765696	0.0212887	1.2392	0.0336742	1.79913e-05
10015	1	100	15	500	0.152889	0.11344	0.0966216	0.0168181	0.0394489	0.893249	0.0221998	1.08142	0.0246193	1.86705e-05
10016	1	100	16	500	0.160149	0.113977	0.0918723	0.0221049	0.0461714	0.890843	0.0317586	1.07057	0.0363607	1.94284e-05
10017	1	100	13	500	0.17945	0.120734	0.0932386	0.0274952	0.0587161	0.887793	0.0408067	1.05861	0.0409066	2.06805e-05
10018	1	100	14	500	0.184557	0.123683	0.0962376	0.0274457	0.0608734	0.883299	0.0564239	1.05464	0.0601674	1.9807e-05
10019	1	100	14	500	0.19848	0.132825	0.104634	0.0281909	0.0656549	0.876313	0.0589452	1.04749	0.0619761	2.09705e-05
10020	1	100	15	500	0.183613	0.126572	0.101223	0.0253483	0.0570416	0.88129	0.0456247	1.0557	0.0437651	2.07128e-05
10021	1	100	21	500	0.171099	0.122617	0.10054	0.022077	0.0484825	0.884746	0.0387972	1.06332	0.0408554	2.08547e-05
10022	1	100	20	500	0.16098	0.112202	0.0857351	0.0264672	0.0487778	0.893907	0.0408039	1.06125	0.0366061	2.16079e-05
10023	1	100	19	500	0.141384	0.10323	0.0779358	0.0252939	0.0381539	0.902601	0.0348631	1.06666	0.0343186	2.1478e-05
10024	1	100	13	500	0.133087	0.100891	0.076935	0.0239557	0.0321966	0.903657	0.0338243	1.06747	0.032497	2.08978e-05
10025	1	100	15	500	0.129827	0.0973629	0.0715508	0.0258121	0.0324643	0.908996	0.0264901	1.06728	0.0281879	2.14024e-05
10026	1	100	12	500	0.134537	0.101378	0.0771427	0.0242358	0.0331582	0.90238	0.0344355	1.06575	0.0346218	2.11751e-05
10027	1	100	13	500	0.138853	0.104858	0.0817886	0.0230699	0.0339944	0.902558	0.0290326	1.0707	0.0306109	2.14058e-05
10028	1	100	13	500	0.133472	0.0993239	0.0724174	0.0269065	0.0341479	0.905619	0.0373219	1.06049	0.0364149	2.18275e-05
10029	1	100	12	500	0.131544	0.0991926	0.0749693	0.0242233	0.0323519	0.903932	0.0310468	1.06711	0.0351327	2.20395e-05
10030	1	100	12	500	0.136184	0.101976	0.0779914	0.0239851	0.0342078	0.899136	0.0363128	1.06384	0.0374912	2.18212e-05
10031	1	100	14	500	0.131958	0.101495	0.0796488	0.0218463	0.0304633	0.903922	0.027451	1.07334	0.0253871	2.16799e-05
10032	1	100	19	500	0.13537	0.102746	0.0808449	0.021901	0.0326245	0.902958	0.0249375	1.07384	0.02529	2.19964e-05
10033	1	100	17	500	0.132311	0.10158	0.0801141	0.0214662	0.0307307	0.902012	0.0239581	1.07321	0.0365726	2.10564e-05
10034	1	100	14	500	0.126471	0.0973301	0.073847	0.023483	0.0291406	0.905933	0.027192	1.0695	0.0375378	2.15257e-05
10035	1	100	16	500	0.129934	0.101595	0.0818165	0.0197783	0.0283397	0.900895	0.028971	1.07481	0.0317053	2.12942e-05
10036	1	100	16	500	0.122708	0.0990846	0.0805927	0.0184919	0.0236233	0.903782	0.0230689	1.07902	0.0320873	2.05095e-05
10037	1	100	15	500	0.118074	0.0996432	0.0852947	0.0143485	0.0184311	0.900493	0.0223701	1.08326	0.0335939	1.93672e-05
10038	1	100	19	500	0.116613	0.100428	0.087879	0.0125489	0.0161851	0.901102	0.0203784	1.08737	0.023021	1.84243e-05
10039	1	100	13	500	0.118872	0.100706	0.086668	0.0140382	0.0181657	0.901151	0.0202082	1.08427	0.023444	1.9127e-05
10040	1	100	15	500	0.12475	0.105149	0.094542	0.010607	0.0196009	0.89684	0.0170844	1.089	0.0179379	1.98313e-05
10041	1	100	15	500	0.129424	0.108716	0.100644	0.00807152	0.0207083	0.892435	0.0191643	1.0906	0.0220123	1.8512e-05
10042	1	100	20	500	0.132231	0.108492	0.0981393	0.0103522	0.0237395	0.891261	0.0249454	1.08544	0.0292968	1.8831e-05
10043	1	100	15	500	0.133509	0.111788	0.105139	0.00664902	0.0217214	0.890991	0.00852477	1.09254	0.0145412	1.64715e-05
10044	1	100	15	500	0.0274567	0.00832714	0.00354475	0.00478239	0.0191296	0.992158	0.0109834	0.992628	0.0111268	1.64235e-05
10045	1	100	12	500	0.0229009	0.00774782	0.00395955	0.00378827	0.0151531	0.992531	0.0106815	0.992557	0.010699	1.60775e-05
10046	1	100	13	500	0.0191461	0.00630833	0.00309888	0.00320945	0.0128378	0.993788	0.00939036	0.993788	0.00939038	1.59581e-05
10047	1	100	6	500	0.0125224	0.0053615	0.00357127	0.00179023	0.0071609	0.994081	0.00864931	0.994081	0.00864933	1.4691e-05
10048	1	100	9	500	0.0153065	0.00590144	0.00355017	0.00235127	0.00940509	0.993481	0.0108308	0.993482	0.0108309	1.48133e-05
10049	1	100	7	500	0.0133742	0.00535164	0.00334601	0.00200563	0.00802251	0.995478	0.00697105	0.995478	0.00697106	1.43521e-05
10050	1	100	9	500	0.0208232	0.00738072	0.0040201	0.00336062	0.0134425	0.992395	0.0120765	0.992657	0.0122383	1.44495e-05
10051	1	100	9	500	0.0166744	0.00565895	0.00287188	0.00278707	0.0110155	0.99418	0.010759	0.994246	0.0107815	1.42274e-05
10052	1	100	6	500	0.0271458	0.00963326	0.00525513	0.00437813	0.0175125	0.989811	0.0312118	0.989833	0.0312177	1.51019e-05
10053	1	100	6	500	0.0326468	0.0119557	0.00678293	0.00517278	0.0206911	0.989951	0.0140543	0.98997	0.0140684	1.51381e-05
10054	1	100	6	500	0.0341776	0.0125979	0.00720293	0.00539494	0.0215798	0.99021	0.0140021	0.99021	0.0140021	1.51951e-05
10055	1	100	6	500	0.0271648	0.00989909	0.00558268	0.00431642	0.0172657	0.991558	0.0115172	0.991613	0.0115472	1.52501e-05
10056	1	100	8	500	0.0330189	0.0119751	0.00671411	0.00526097	0.0210439	0.990679	0.0130366	0.990679	0.0130366	1.5132e-05
10057	1	100	8	500	0.041417	0.0151593	0.00857507	0.00658423	0.0262577	0.988233	0.0149385	0.988271	0.0148608	1.52532e-05
10058	1	100	7	500	0.0373346	0.0129126	0.00680707	0.0061055	0.024422	0.989783	0.0135323	0.989783	0.0135323	1.47942e-05
10059	1	100	7	500	0.0426636	0.0157906	0.00907237	0.00671825	0.026873	0.985449	0.0308991	0.985453	0.0309009	1.50328e-05
10060	1	100	8	500	0.0468101	0.018422	0.0113249	0.00709703	0.0283881	0.986794	0.0147275	0.986867	0.0146778	1.52704e-05
10061	1	100	11	500	0.0526674	0.018273	0.00912783	0.00914513	0.0343944	0.979411	0.0419296	0.98035	0.0390521	1.52707e-05
10062	1	100	10	500	0.0547501	0.0192943	0.00984802	0.0094463	0.0354558	0.983403	0.0223939	0.984607	0.0216437	1.52819e-05
10063	1	100	8	500	0.0330665	0.0132422	0.00770375	0.00553844	0.0198243	0.986202	0.0291356	0.987343	0.0282098	1.56773e-05
10064	1	100	9	500	0.0360411	0.0159384	0.0092225	0.00671594	0.0201027	0.985722	0.0187274	0.989936	0.0145616	1.53527e-05
10065	1	100	12	500	0.0323915	0.0137497	0.00808254	0.00566716	0.0186418	0.987976	0.016064	0.989969	0.0122601	1.56505e-05
10066	1	100	14	500	0.0263832	0.0108287	0.00694004	0.00388864	0.0155545	0.990055	0.0127987	0.990055	0.0127987	1.57767e-05
10067	1	100	11	500	0.0223963	0.00910627	0.00578375	0.00332252	0.0132901	0.990646	0.0141644	0.990705	0.0141124	1.59907e-05
10068	1	100	13	500	0.0252086	0.009997	0.0061941	0.0038029	0.0152116	0.990898	0.0117508	0.990924	0.011757	1.60279e-05
10069	1	100	10	500	0.0267378	0.0109671	0.00697047	0.00399662	0.0157707	0.989673	0.014026	0.989779	0.0139412	1.61649e-05
10070	1	100	13	500	0.019055	0.00744034	0.00452192	0.00291843	0.0116147	0.992993	0.0102632	0.993022	0.0102821	1.63834e-05
10071	1	100	10	500	0.0160393	0.00626495	0.00382136	0.00244359	0.00977435	0.992897	0.0108488	0.992897	0.0108489	1.66111e-05
10072	1	100	10	500	0.0199554	0.00794864	0.00494695	0.00300169	0.0120068	0.992278	0.012559	0.992286	0.0125622	1.74628e-05
10073	1	100	11	500	0.0265518	0.0104128	0.0063425	0.00407028	0.016139	0.990095	0.0126426	0.990314	0.0127944	1.78795e-05
10074	1	100	10	500	0.0231234	0.00862402	0.00499917	0.00362484	0.0144994	0.991547	0.0106319	0.991547	0.0106319	1.87654e-05
10075	1	100	13	500	0.0222445	0.00772492	0.00409504	0.00362988	0.0145195	0.99324	0.00939117	0.99324	0.00939118	1.95197e-05
10076	1	100	11	500	0.0265939	0.00919318	0.004843	0.00435018	0.0174007	0.989693	0.0243884	0.989712	0.0243799	1.99826e-05
10077	1	100	11	500	0.0216649	0.00721515	0.00353363	0.00368152	0.0144497	0.994344	0.00978648	0.994479	0.0095645	1.98035e-05
10078	1	100	9	500	0.0189938	0.00632395	0.00315648	0.00316747	0.0126699	0.994784	0.00819105	0.994784	0.00819106	1.97796e-05
10079	1	100	13	500	0.0136488	0.00468546	0.00244463	0.00224083	0.00896332	0.995191	0.00872743	0.995376	0.00878676	1.99207e-05
10080	1	100	11	500	0.00769682	0.00362367	0.00258815	0.00103552	0.00407315	0.996692	0.00482054	0.996727	0.00484396	1.98414e-05
10081	1	100	8	500	0.00814249	0.00399829	0.00296223	0.00103605	0.00414421	0.996071	0.00654336	0.996071	0.00654337	2.0512e-05
10082	1	100	12	500	0.00902726	0.00379186	0.00245684	0.00133502	0.0052354	0.996201	0.00674891	0.996253	0.0066409	2.05493e-05
10083	1	100	11	500	0.0100928	0.00465633	0.00329721	0.00135912	0.00543646	0.995117	0.00770995	0.995117	0.00770997	2.06258e-05
10084	1	100	10	500	0.00968089	0.00474938	0.0035165	0.00123288	0.0049315	0.995664	0.00670852	0.995797	0.00675519	2.12599e-05
10085	1	100	12	500	0.0112284	0.00512543	0.00359969	0.00152574	0.00610297	0.994819	0.00820843	0.994819	0.00820844	2.17043e-05
10086	1	100	13	500	0.00897292	0.00428786	0.0031166	0.00117126	0.00468506	0.996397	0.00524612	0.99652	0.00518624	2.21368e-05
10087	1	100	14	500	0.00982947	0.00404223	0.00259541	0.00144681	0.00578725	0.99533	0.00800895	0.99533	0.00800896	2.17142e-05
10088	1	100	12	500	0.00853091	0.00414934	0.00304366	0.00110568	0.00438157	0.99547	0.00634587	0.995491	0.00636042	2.25754e-05
10089	1	100	10	500	0.00802574	0.00371104	0.00263237	0.00107867	0.00431469	0.995782	0.00680896	0.995782	0.00680897	2.30257e-05
10090	1	100	15	500	0.00996127	0.00517128	0.00396125	0.00121003	0.00478999	0.993839	0.00968438	0.993887	0.00967028	2.1542e-05
10091	1	100	12	500	0.0106814	0.00495925	0.00352871	0.00143054	0.00572214	0.994683	0.0078519	0.994683	0.00785191	2.1588e-05
10092	1	100	12	500	0.00818097	0.00393215	0.00286995	0.00106221	0.00424882	0.99664	0.00428687	0.99664	0.00428688	2.14136e-05
10093	1	100	12	500	0.00836679	0.00399442	0.00290132	0.00109309	0.00437238	0.996337	0.00467049	0.996402	0.00465506	2.17562e-05
10094	1	100	10	500	0.00901144	0.00469104	0.00361094	0.0010801	0.0043204	0.99558	0.00530658	0.995818	0.00534383	2.03727e-05
10095	1	100	11	500	0.0086611	0.00419996	0.00308468	0.00111528	0.00446114	0.995683	0.0056199	0.995683	0.00561992	2.12402e-05
10096	1	100	11	500	0.00726211	0.00343087	0.00247306	0.00095781	0.00383124	0.996059	0.00544709	0.996059	0.0054471	2.16023e-05
10097	1	100	11	500	0.00770059	0.00366683	0.00265839	0.00100844	0.00403377	0.996264	0.00513497	0.996264	0.00513497	2.07877e-05
10098	1	100	9	500	0.0073303	0.00351823	0.00256521	0.000953018	0.00381207	0.996382	0.00463129	0.996486	0.00461357	2.06419e-05
10099	1	100	9	500	0.00895862	0.00452195	0.00341278	0.00110917	0.00443667	0.994847	0.00572389	0.994847	0.0057239	2.03289e-05
10100	1	100	9	500	0.00879901	0.00423711	0.00309663	0.00114048	0.0045619	0.996473	0.00527143	0.996473	0.00527144	2.02654e-05
10101	1	100	7	500	0.00840654	0.00431859	0.0032966	0.00102199	0.00408795	0.995338	0.00652555	0.995338	0.00652556	2.05424e-05
