Generation	PopulationID	SampleSize	UniqueMutations	PopulationSize	totalLoad	RelzLoad	RelzLoadHomo	RelzLoadHetero	MskLoad	MeanFitness	SdFitness	MeanFitnessCached	SdFitnessCached	Heterozygosity	
10001	1	100	52	500	0.156971	0.142628	0.0992337	0.0433948	0.0143421	0.86036	0.0272264	1.13426	0.0349119	3.35098e-05
10002	1	100	38	500	0.17471	0.146137	0.101393	0.0447443	0.0285734	0.859693	0.0241119	1.13114	0.0308559	3.24837e-05
10003	1	100	38	500	0.179541	0.148107	0.104984	0.043123	0.031434	0.856305	0.0259303	1.12801	0.0294403	3.16414e-05
10004	1	100	35	500	0.182706	0.148646	0.108918	0.0397284	0.0340605	0.851589	0.0507933	1.12086	0.0635552	3.19277e-05
10005	1	100	34	500	0.187088	0.147813	0.102781	0.0450321	0.039275	0.858804	0.0226136	1.12537	0.0243858	3.3409e-05
10006	1	100	30	500	0.18551	0.146383	0.100865	0.0455179	0.0391267	0.857378	0.0403418	1.12011	0.0476225	3.20382e-05
10007	1	100	30	500	0.179999	0.143547	0.105575	0.0379725	0.0364522	0.86159	0.0239661	1.12084	0.0273371	3.07405e-05
10008	1	100	30	500	0.192702	0.15158	0.112096	0.0394842	0.0411219	0.856456	0.025117	1.12589	0.0297896	3.12776e-05
10009	1	100	27	500	0.192835	0.149803	0.104024	0.0457793	0.0430313	0.858309	0.0247731	1.12436	0.0263181	3.15142e-05
10010	1	100	27	500	0.181418	0.143113	0.0981929	0.0449206	0.0383043	0.861744	0.0220792	1.1188	0.0292098	2.97878e-05
10011	1	100	27	500	0.183343	0.141781	0.113183	0.0285981	0.0415615	0.864941	0.0206527	1.11605	0.0254387	2.64097e-05
10012	1	100	26	500	0.175142	0.14104	0.114871	0.0261687	0.0341023	0.863827	0.0195975	1.11817	0.0260086	2.72213e-05
10013	1	100	25	500	0.177285	0.142686	0.117725	0.0249612	0.034599	0.86322	0.0204771	1.11992	0.0242271	2.6146e-05
10014	1	100	24	500	0.180257	0.143581	0.116665	0.0269159	0.0366762	0.858704	0.0399561	1.11299	0.0446402	2.72334e-05
10015	1	100	18	500	0.0784316	0.0341771	0.0077807	0.0263964	0.0442544	0.96967	0.0269607	1.00477	0.0218307	2.76776e-05
10016	1	100	21	500	0.0929376	0.0410133	0.0109559	0.0300575	0.0519243	0.959072	0.0398175	1.00027	0.0361466	2.78623e-05
10017	1	100	18	500	0.101312	0.0469033	0.0133346	0.0335687	0.054409	0.959471	0.0249654	1.01026	0.0206291	2.95405e-05
10018	1	100	19	500	0.0872301	0.0409277	0.010108	0.0308197	0.0463025	0.96174	0.0261607	1.00816	0.0271304	2.90476e-05
10019	1	100	22	500	0.0900979	0.040652	0.0105257	0.0301262	0.0494459	0.961268	0.0257018	1.00259	0.0291671	2.88324e-05
10020	1	100	23	500	0.0848913	0.0398338	0.0100177	0.0298161	0.0450575	0.963658	0.0255321	1.00833	0.0260655	2.99101e-05
10021	1	100	19	500	0.0710263	0.0362678	0.00917417	0.0270937	0.0347585	0.967164	0.0215543	1.01383	0.023678	2.98374e-05
10022	1	100	16	500	0.0694691	0.0393343	0.00950941	0.0298249	0.0301348	0.962413	0.0225526	1.01728	0.0275789	3.06557e-05
10023	1	100	14	500	0.072296	0.045432	0.012438	0.032994	0.026864	0.954731	0.0336033	1.02107	0.0251158	3.25002e-05
10024	1	100	13	500	0.0821765	0.0492212	0.0137667	0.0354545	0.0329553	0.953392	0.0330393	1.02135	0.0273099	3.28249e-05
10025	1	100	16	500	0.0832352	0.0533192	0.017191	0.0361283	0.0299159	0.948196	0.0370272	1.02506	0.0392401	3.33768e-05
10026	1	100	15	500	0.0723173	0.0501787	0.0159151	0.0342636	0.0221385	0.952682	0.0252021	1.03088	0.0232964	3.33414e-05
10027	1	100	16	500	0.075424	0.0485075	0.0135432	0.0349644	0.0269165	0.954165	0.0249675	1.02928	0.0234349	3.32561e-05
10028	1	100	16	500	0.0632938	0.037684	0.00885971	0.0288243	0.0256098	0.963828	0.0191666	1.02259	0.0244617	3.15361e-05
10029	1	100	16	500	0.0751052	0.0387864	0.00897704	0.0298094	0.0363187	0.962802	0.0212847	1.01646	0.033116	3.13943e-05
10030	1	100	14	500	0.0687019	0.0372152	0.00939073	0.0278245	0.0314867	0.964272	0.0221347	1.01716	0.0268458	2.92397e-05
10031	1	100	14	500	0.0621013	0.0342661	0.00902566	0.0252404	0.0278352	0.967634	0.0188805	1.01725	0.0254327	2.7787e-05
10032	1	100	10	500	0.0624966	0.0343036	0.00921155	0.025092	0.028193	0.96825	0.0190469	1.01623	0.0258074	2.89069e-05
10033	1	100	14	500	0.0697404	0.0377648	0.011541	0.0262239	0.0319756	0.959593	0.0511041	1.01124	0.0617435	2.99457e-05
10034	1	100	16	500	0.0716028	0.0376441	0.0118467	0.0257974	0.0339587	0.966183	0.0170839	1.01528	0.0249247	2.99723e-05
10035	1	100	15	500	0.0719686	0.0371254	0.0117992	0.0253262	0.0348432	0.966689	0.0166549	1.01399	0.0275525	2.97545e-05
10036	1	100	16	500	0.0519189	0.0336503	0.0089166	0.0247337	0.0182686	0.96705	0.0165631	1.02312	0.0242976	2.96311e-05
10037	1	100	15	500	0.0616091	0.0343187	0.00927095	0.0250477	0.0272904	0.967514	0.0169714	1.01751	0.0229055	2.87593e-05
10038	1	100	15	500	0.0847399	0.0429913	0.0128972	0.0300941	0.0417486	0.955275	0.0535102	1.00793	0.0639034	2.94619e-05
10039	1	100	15	500	0.081501	0.0417722	0.011932	0.0298401	0.0397288	0.958172	0.0444563	1.01077	0.0510091	2.92162e-05
10040	1	100	14	500	0.087182	0.0429238	0.0139143	0.0290095	0.0442582	0.95895	0.0426475	1.00842	0.0510012	2.8167e-05
10041	1	100	13	500	0.0971394	0.04446	0.0150061	0.0294539	0.0526794	0.94905	0.0697941	0.991961	0.0825967	2.68405e-05
10042	1	100	10	500	0.099701	0.046521	0.017344	0.029177	0.05318	0.95555	0.0513716	0.999003	0.063438	2.70631e-05
10043	1	100	9	500	0.112468	0.0498343	0.0208536	0.0289808	0.0626339	0.953436	0.0629996	0.988053	0.0711243	2.42122e-05
10044	1	100	9	500	0.112316	0.0512884	0.0224979	0.0287905	0.0610276	0.957732	0.0493032	0.994136	0.0570712	2.41828e-05
10045	1	100	11	500	0.0931514	0.0451305	0.016271	0.0288596	0.0480208	0.957275	0.0404869	1.00605	0.0498684	2.66506e-05
10046	1	100	11	500	0.0891873	0.0435322	0.015234	0.0282981	0.0456551	0.957736	0.0303387	1.00665	0.0448625	2.63589e-05
10047	1	100	12	500	0.0723794	0.0388429	0.0133405	0.0255024	0.0335365	0.962162	0.0245758	1.01213	0.0378616	2.60648e-05
10048	1	100	11	500	0.0463578	0.0285593	0.0104832	0.0180761	0.0177985	0.973165	0.0130283	1.01638	0.0169347	1.89922e-05
10049	1	100	9	500	0.0348877	0.0234082	0.00858176	0.0148265	0.0114795	0.975147	0.0214554	1.01395	0.0279575	1.68096e-05
10050	1	100	12	500	0.0332875	0.0216539	0.00740835	0.0142455	0.0116336	0.979215	0.0125115	1.01425	0.0168688	1.61265e-05
10051	1	100	9	500	0.0303326	0.0217995	0.00645671	0.0153428	0.00853316	0.97541	0.026162	1.01309	0.0323844	1.85946e-05
10052	1	100	8	500	0.0286101	0.0214343	0.00609658	0.0153377	0.0071758	0.978863	0.0137259	1.01703	0.0163293	1.98887e-05
10053	1	100	7	500	0.0263164	0.0213003	0.00601554	0.0152847	0.0050161	0.978628	0.0134201	1.01814	0.0148182	2.07784e-05
10054	1	100	12	500	0.0222948	0.0193821	0.00561029	0.0137718	0.00291271	0.980491	0.0124628	1.01785	0.0136664	1.89568e-05
10055	1	100	11	500	0.0187169	0.0175968	0.00525346	0.0123433	0.00112014	0.982401	0.0128897	1.01678	0.0136031	1.81209e-05
10056	1	100	9	500	0.0223932	0.0215719	0.00818846	0.0133834	0.000821279	0.978319	0.0128445	1.02096	0.0135072	2.01723e-05
10057	1	100	9	500	0.0256353	0.0241456	0.0081219	0.0160237	0.00148974	0.97572	0.0133422	1.02324	0.0139781	2.49169e-05
10058	1	100	8	500	0.0222193	0.0210269	0.00566385	0.0153631	0.00119233	0.978974	0.014718	1.02006	0.0154427	2.55841e-05
10059	1	100	7	500	0.0224144	0.0218646	0.00611528	0.0157493	0.000549793	0.978174	0.0133313	1.02136	0.0137733	2.63357e-05
10060	1	100	11	500	0.0264335	0.0254578	0.00804741	0.0174103	0.000975771	0.974391	0.0140563	1.02469	0.0146102	2.7529e-05
10061	1	100	8	500	0.0280695	0.0274843	0.00886334	0.0186209	0.000585246	0.972259	0.0145356	1.02661	0.0159502	3.01031e-05
10062	1	100	8	500	0.0265075	0.0256854	0.00829441	0.017391	0.000822114	0.97424	0.0142771	1.0246	0.0153192	3.03872e-05
10063	1	100	7	500	0.0255521	0.024462	0.00746348	0.0169985	0.00109008	0.97545	0.014382	1.02296	0.0158311	2.9649e-05
10064	1	100	9	500	0.0307309	0.0272689	0.00894692	0.018322	0.00346201	0.972768	0.0164747	1.02486	0.0170192	3.11746e-05
10065	1	100	10	500	0.029149	0.0281038	0.0100752	0.0180286	0.00104523	0.971894	0.0150503	1.02714	0.0164438	3.1339e-05
10066	1	100	10	500	0.0383835	0.031894	0.0121328	0.0197612	0.00648949	0.968052	0.0186062	1.02792	0.0177058	3.16219e-05
10067	1	100	7	500	0.0367601	0.0279665	0.00883022	0.0191363	0.00879355	0.972084	0.0192393	1.02226	0.0186418	3.08118e-05
10068	1	100	9	500	0.0346456	0.0249844	0.00674698	0.0182375	0.00966121	0.975157	0.017952	1.0184	0.0176913	2.89441e-05
10069	1	100	11	500	0.0470312	0.030308	0.00916275	0.0211452	0.0167232	0.970308	0.0222864	1.01997	0.0208774	3.12e-05
10070	1	100	10	500	0.0481233	0.0284651	0.00815171	0.0203134	0.0196581	0.972132	0.023104	1.01547	0.0202727	3.01465e-05
10071	1	100	11	500	0.0618887	0.0345375	0.0115292	0.0230083	0.0273512	0.96745	0.0250678	1.01739	0.0190013	3.15509e-05
10072	1	100	9	500	0.0435443	0.0274644	0.00867532	0.0187891	0.0160798	0.972993	0.0223315	1.01769	0.0177235	3.09989e-05
10073	1	100	11	500	0.0377275	0.0293612	0.0122679	0.0170933	0.00836625	0.970753	0.0187232	1.02435	0.0175369	3.12084e-05
10074	1	100	8	500	0.0428645	0.0305062	0.0140769	0.0164293	0.0123583	0.969962	0.0199734	1.02266	0.0194628	3.06023e-05
10075	1	100	10	500	0.0472938	0.0323842	0.0149931	0.0173911	0.0149096	0.967922	0.018021	1.02199	0.0179359	3.04936e-05
10076	1	100	12	500	0.0586788	0.0389672	0.0228287	0.0161385	0.0197117	0.962115	0.026593	1.02441	0.0232922	2.67544e-05
10077	1	100	10	500	0.0721792	0.0460643	0.0294491	0.0166153	0.0261148	0.950984	0.0495821	1.01784	0.0476424	2.42105e-05
10078	1	100	7	500	0.0664884	0.0456428	0.0325218	0.013121	0.0208456	0.956389	0.0186153	1.03084	0.0165187	1.85714e-05
10079	1	100	8	500	0.0674697	0.0431054	0.0269804	0.016125	0.0243643	0.96009	0.0196127	1.0258	0.017006	2.33458e-05
10080	1	100	9	500	0.0711539	0.0449113	0.0285284	0.0163829	0.0262425	0.956957	0.030624	1.02378	0.0276075	2.35406e-05
10081	1	100	11	500	0.0650872	0.0404606	0.0238481	0.0166125	0.0246266	0.960964	0.0222387	1.02437	0.0190272	2.60073e-05
10082	1	100	10	500	0.055086	0.0378317	0.0230622	0.0147694	0.0172543	0.963104	0.0197627	1.02667	0.0170408	2.67574e-05
10083	1	100	7	500	0.0542399	0.0379338	0.0235359	0.0143978	0.0163061	0.963093	0.0185328	1.02762	0.0165553	2.67888e-05
10084	1	100	9	500	0.0495888	0.0376618	0.0249984	0.0126634	0.011927	0.962424	0.0173144	1.03019	0.0155192	2.50045e-05
10085	1	100	10	500	0.0538852	0.0374098	0.0229869	0.0144229	0.0164754	0.963147	0.0163526	1.02771	0.019707	2.68786e-05
10086	1	100	8	500	0.0472138	0.0361585	0.0231079	0.0130506	0.0110554	0.963797	0.0182026	1.02841	0.0163798	2.67355e-05
10087	1	100	9	500	0.0488312	0.0357751	0.0218193	0.0139558	0.0130561	0.964949	0.0190324	1.0272	0.0177394	2.80642e-05
10088	1	100	8	500	0.0439592	0.0308289	0.0157873	0.0150416	0.0131302	0.9694	0.0198811	1.02202	0.0168587	3.04307e-05
10089	1	100	8	500	0.0494315	0.0320208	0.0158519	0.0161689	0.0174106	0.969389	0.0194081	1.01997	0.0152502	3.03486e-05
10090	1	100	9	500	0.0510638	0.031579	0.0147725	0.0168065	0.0194848	0.969566	0.0229549	1.01672	0.015957	3.08418e-05
10091	1	100	9	500	0.0528993	0.0326478	0.0157262	0.0169217	0.0202515	0.969098	0.0204571	1.01824	0.0167417	3.10641e-05
10092	1	100	8	500	0.0494524	0.0315921	0.0146867	0.0169054	0.0178603	0.96926	0.0221451	1.01794	0.0166371	3.11892e-05
10093	1	100	7	500	0.0428039	0.02878	0.0134084	0.0153716	0.0140239	0.971934	0.0202408	1.01763	0.0175917	3.13438e-05
10094	1	100	7	500	0.0409334	0.0258023	0.010518	0.0152843	0.0151311	0.975406	0.0185496	1.0142	0.0152345	3.11057e-05
10095	1	100	8	500	0.0536763	0.0308486	0.0133923	0.0174563	0.0228277	0.970302	0.0248092	1.01265	0.0185541	3.14192e-05
10096	1	100	6	500	0.0482101	0.0291373	0.0126739	0.0164634	0.0190728	0.972933	0.0205451	1.01421	0.0154592	3.15558e-05
10097	1	100	6	500	0.0507068	0.0282598	0.0113556	0.0169042	0.0224471	0.97275	0.0247815	1.00947	0.0139981	3.12168e-05
10098	1	100	9	500	0.0649164	0.035667	0.0165286	0.0191384	0.0292494	0.967252	0.0248834	1.01126	0.0162972	3.16524e-05
10099	1	100	15	500	0.0994352	0.0480149	0.0235149	0.0245001	0.0514202	0.954745	0.0393335	1.00763	0.0334769	3.1276e-05
10100	1	100	12	500	0.122164	0.0543145	0.0258851	0.0284294	0.0678499	0.950095	0.0529285	1.00455	0.0444953	3.11478e-05
10101	1	100	13	500	0.0989317	0.0515363	0.028893	0.0226434	0.0473953	0.950525	0.0399498	1.01114	0.0326183	2.92324e-05
