Generation	PopulationID	SampleSize	UniqueMutations	PopulationSize	totalLoad	RelzLoad	RelzLoadHomo	RelzLoadHetero	MskLoad	MeanFitness	SdFitness	MeanFitnessCached	SdFitnessCached	Heterozygosity	
10001	1	100	42	500	0.336931	0.304964	0.269708	0.0352564	0.0319669	0.707898	0.0394216	1.29127	0.066066	2.66949e-05
10002	1	100	31	500	0.344267	0.308463	0.272197	0.0362656	0.0358045	0.708402	0.0407749	1.29937	0.0575952	2.49843e-05
10003	1	100	28	500	0.370599	0.314195	0.272734	0.0414612	0.0564036	0.705997	0.0412498	1.28888	0.0600472	2.44894e-05
10004	1	100	28	500	0.375637	0.305438	0.254451	0.050987	0.0701991	0.717471	0.0504312	1.26283	0.0523125	2.70798e-05
10005	1	100	27	500	0.365545	0.29489	0.235893	0.0589968	0.0706547	0.72375	0.0584492	1.24904	0.0705827	2.91055e-05
10006	1	100	23	500	0.351708	0.290361	0.237959	0.052402	0.0613473	0.726828	0.0483768	1.256	0.0517716	2.94879e-05
10007	1	100	24	500	0.360306	0.298418	0.249924	0.0484941	0.0618877	0.719541	0.0417189	1.26273	0.0518746	3.01591e-05
10008	1	100	24	500	0.352409	0.291932	0.23914	0.0527918	0.0604763	0.721153	0.0660448	1.24533	0.0871137	3.00308e-05
10009	1	100	24	500	0.343699	0.280841	0.218272	0.0625691	0.0628571	0.736312	0.0543407	1.241	0.0626428	3.13918e-05
10010	1	100	21	500	0.375841	0.300798	0.25003	0.0507677	0.0750429	0.719612	0.0443419	1.25318	0.0475487	3.08302e-05
10011	1	100	17	500	0.337344	0.287501	0.244755	0.0427463	0.0498434	0.726782	0.0414309	1.25753	0.0470324	3.06263e-05
10012	1	100	22	500	0.380512	0.304402	0.259784	0.0446182	0.0761101	0.707998	0.0662066	1.2346	0.100998	2.96328e-05
10013	1	100	20	500	0.380453	0.309557	0.269242	0.0403152	0.0708958	0.713597	0.0356013	1.25056	0.0521763	2.97578e-05
10014	1	100	22	500	0.406312	0.316928	0.268913	0.0480153	0.0893841	0.703858	0.0445884	1.23429	0.0780058	3.06191e-05
10015	1	100	23	500	0.398767	0.313551	0.265664	0.0478868	0.0852164	0.707218	0.0484958	1.23589	0.0753287	3.11326e-05
10016	1	100	24	500	0.371649	0.305271	0.263432	0.041839	0.0663775	0.715198	0.0348115	1.25336	0.0556199	3.20473e-05
10017	1	100	22	500	0.368635	0.304831	0.266475	0.0383562	0.063804	0.713247	0.0394235	1.24895	0.0617131	3.1916e-05
10018	1	100	24	500	0.357089	0.300017	0.260927	0.0390895	0.0570716	0.716732	0.0419661	1.24858	0.0591615	3.22897e-05
10019	1	100	26	500	0.354756	0.302124	0.266009	0.0361143	0.0526322	0.704509	0.0540021	1.23746	0.0934996	3.15816e-05
10020	1	100	24	500	0.348299	0.301896	0.264523	0.0373735	0.0464028	0.714765	0.0317844	1.26871	0.0482351	3.30167e-05
10021	1	100	20	500	0.350686	0.30707	0.266736	0.040334	0.043616	0.709933	0.0317221	1.27742	0.0521314	3.34356e-05
10022	1	100	20	500	0.342789	0.304669	0.266906	0.0377635	0.0381196	0.710966	0.0383684	1.27363	0.0613943	3.27909e-05
10023	1	100	20	500	0.343041	0.305389	0.260699	0.0446896	0.0376517	0.708727	0.0526429	1.26086	0.0799627	3.25508e-05
10024	1	100	17	500	0.351688	0.311329	0.268503	0.042826	0.040359	0.705	0.0530531	1.25375	0.0820256	3.10809e-05
10025	1	100	15	500	0.34111	0.307533	0.272981	0.0345519	0.0335774	0.705122	0.0468732	1.26916	0.0717494	2.98749e-05
10026	1	100	18	500	0.324449	0.296271	0.261244	0.0350264	0.0281785	0.717135	0.0344302	1.27915	0.0527582	3.01255e-05
10027	1	100	18	500	0.326745	0.297941	0.267199	0.0307426	0.0288034	0.717688	0.0275559	1.28296	0.0369457	2.94726e-05
10028	1	100	14	500	0.32276	0.294173	0.264051	0.0301211	0.0285872	0.720389	0.0278525	1.28014	0.0417344	2.74681e-05
10029	1	100	15	500	0.331411	0.297659	0.271018	0.0266408	0.0337529	0.716421	0.0283736	1.27402	0.0532966	2.76853e-05
10030	1	100	11	500	0.0873756	0.0492691	0.025623	0.023646	0.0381065	0.950512	0.0403942	1.01044	0.0531786	2.69521e-05
10031	1	100	11	500	0.105298	0.0571884	0.031481	0.0257074	0.0481098	0.937054	0.0502133	1.00363	0.0699571	2.60232e-05
10032	1	100	9	500	0.113097	0.0595486	0.0320186	0.02753	0.0535488	0.936235	0.0546683	0.995103	0.074103	2.75445e-05
10033	1	100	9	500	0.105882	0.0580284	0.0324974	0.025531	0.0478534	0.939409	0.0444925	1.0074	0.0598905	2.65199e-05
10034	1	100	8	500	0.0914143	0.0558543	0.0349401	0.0209142	0.03556	0.943228	0.0353129	1.02143	0.0526827	2.4855e-05
10035	1	100	11	500	0.111131	0.0612172	0.0352819	0.0259353	0.0499138	0.933149	0.0520103	1.00189	0.0750821	2.47712e-05
10036	1	100	10	500	0.109176	0.0602166	0.0352843	0.0249323	0.0489594	0.937978	0.0424651	1.01235	0.0616586	2.37224e-05
10037	1	100	8	500	0.120556	0.0615777	0.0328527	0.028725	0.0589783	0.942915	0.0407444	1.00724	0.0540715	2.59916e-05
10038	1	100	8	500	0.142211	0.0680362	0.0359131	0.0321231	0.0741748	0.928735	0.077933	0.995087	0.0880911	2.4792e-05
10039	1	100	9	500	0.127079	0.061332	0.0311736	0.0301583	0.0657466	0.938434	0.0588177	1.00397	0.0658088	2.51677e-05
10040	1	100	8	500	0.124211	0.0604327	0.0309564	0.0294762	0.063778	0.93943	0.0602423	1.00684	0.0678125	2.47558e-05
10041	1	100	8	500	0.107745	0.0562707	0.0302548	0.0260159	0.0514743	0.946977	0.0352724	1.01784	0.0380075	2.40117e-05
10042	1	100	12	500	0.117631	0.0602371	0.0328867	0.0273504	0.0573941	0.94276	0.0327578	1.01622	0.034294	2.38841e-05
10043	1	100	13	500	0.118325	0.0595198	0.0316142	0.0279056	0.0588054	0.947814	0.0289233	1.01915	0.025985	2.44274e-05
10044	1	100	14	500	0.127907	0.0627079	0.0327912	0.0299168	0.0651989	0.935032	0.0761026	1.00482	0.0801191	2.49336e-05
10045	1	100	15	500	0.143642	0.069964	0.0375187	0.0324454	0.0736778	0.930848	0.0855712	1.00242	0.0854677	2.45576e-05
10046	1	100	14	500	0.138566	0.0677976	0.036733	0.0310646	0.070768	0.941525	0.0306961	1.01509	0.0318443	2.48068e-05
10047	1	100	14	500	0.100397	0.0563745	0.0320894	0.0242851	0.0440225	0.946678	0.0282407	1.02358	0.0267185	2.40137e-05
10048	1	100	12	500	0.101291	0.0558143	0.0317048	0.0241095	0.0454765	0.940335	0.0704138	1.01615	0.0745174	2.37027e-05
10049	1	100	12	500	0.123518	0.0620272	0.033999	0.0280281	0.0614905	0.935601	0.0841373	1.00858	0.0862495	2.36785e-05
10050	1	100	10	500	0.11527	0.0581192	0.0307247	0.0273945	0.0571509	0.939994	0.0710936	1.01169	0.0730894	2.32796e-05
10051	1	100	12	500	0.150758	0.0732608	0.0417747	0.0314861	0.0774972	0.925308	0.0997392	0.999856	0.10171	2.21596e-05
10052	1	100	12	500	0.173157	0.0836592	0.049173	0.0344862	0.0894976	0.929942	0.067004	1.00554	0.0678074	2.27004e-05
10053	1	100	9	500	0.15394	0.0729142	0.0382531	0.0346611	0.0810261	0.931382	0.0840829	1.00176	0.0860421	2.43326e-05
10054	1	100	14	500	0.169588	0.0827435	0.0485815	0.0341621	0.0868443	0.919858	0.0897158	0.998818	0.0966902	2.25221e-05
10055	1	100	16	500	0.166738	0.0815345	0.047274	0.0342605	0.0852033	0.926439	0.0639438	1.00956	0.0726126	2.19204e-05
10056	1	100	16	500	0.15806	0.0776175	0.0446651	0.0329524	0.0804426	0.924464	0.082889	1.00409	0.0898288	2.23014e-05
10057	1	100	13	500	0.184567	0.0907439	0.0545726	0.0361713	0.0938235	0.91003	0.0989063	0.992804	0.110079	2.17328e-05
10058	1	100	12	500	0.151024	0.0781515	0.049133	0.0290185	0.0728727	0.931101	0.0275552	1.02253	0.0364133	1.9391e-05
10059	1	100	14	500	0.135114	0.0730132	0.0434565	0.0295567	0.0621012	0.933573	0.024794	1.02839	0.0356874	2.03625e-05
10060	1	100	13	500	0.145204	0.0769923	0.0434635	0.0335288	0.0682119	0.931242	0.0275515	1.02403	0.0406989	2.20612e-05
10061	1	100	14	500	0.130303	0.0725312	0.0380826	0.0344486	0.0577723	0.928816	0.065277	1.02197	0.0763062	2.33406e-05
10062	1	100	13	500	0.135278	0.0747426	0.0367565	0.037986	0.0605358	0.934756	0.0230163	1.02508	0.0416798	2.49258e-05
10063	1	100	15	500	0.156787	0.0826745	0.0385586	0.0441159	0.0741128	0.920498	0.0393713	1.01431	0.0665657	2.53658e-05
10064	1	100	17	500	0.136208	0.0765479	0.0390221	0.0375258	0.0596599	0.930162	0.0297818	1.02774	0.0489628	2.38843e-05
10065	1	100	17	500	0.139421	0.0775901	0.0397164	0.0378737	0.0618312	0.921484	0.0741441	1.0201	0.0904148	2.42613e-05
10066	1	100	16	500	0.142996	0.0791672	0.041102	0.0380652	0.0638285	0.92506	0.0335004	1.02854	0.0549099	2.32793e-05
10067	1	100	18	500	0.158908	0.084128	0.0447673	0.0393608	0.0747801	0.922368	0.0601056	1.01639	0.074447	2.50907e-05
10068	1	100	16	500	0.125658	0.0749333	0.0387497	0.0361835	0.0507251	0.929984	0.0330562	1.02543	0.056822	2.59356e-05
10069	1	100	14	500	0.110448	0.0705771	0.0398774	0.0306997	0.0398709	0.933767	0.0275112	1.03443	0.0438333	2.3577e-05
10070	1	100	18	500	0.109636	0.071013	0.0395385	0.0314744	0.0386227	0.934253	0.0192093	1.03845	0.0377118	2.40163e-05
10071	1	100	17	500	0.100993	0.0678254	0.0379316	0.0298938	0.033168	0.936252	0.0163265	1.04137	0.0299441	2.45888e-05
10072	1	100	18	500	0.11984	0.0722866	0.0454359	0.0268508	0.047553	0.933278	0.0337711	1.03188	0.0500337	2.31337e-05
10073	1	100	16	500	0.130851	0.0753832	0.0482909	0.0270923	0.0554675	0.930886	0.0401713	1.02328	0.0515361	2.33112e-05
10074	1	100	19	500	0.159479	0.0854284	0.054034	0.0313945	0.0740506	0.926355	0.0422506	1.01919	0.0552202	2.42874e-05
10075	1	100	17	500	0.175804	0.0905728	0.055408	0.0351648	0.0852309	0.919983	0.0468672	1.0157	0.0613073	2.52434e-05
10076	1	100	15	500	0.156617	0.0820521	0.0468991	0.035153	0.074565	0.919569	0.0820746	1.01411	0.0985743	2.55201e-05
10077	1	100	15	500	0.111475	0.0688423	0.0418027	0.0270396	0.0426326	0.934262	0.0291171	1.02984	0.0491654	2.51644e-05
10078	1	100	15	500	0.119224	0.0706121	0.0405546	0.0300575	0.0486115	0.933788	0.0322726	1.03227	0.046274	2.52891e-05
10079	1	100	15	500	0.122367	0.0719563	0.0449479	0.0270084	0.0504106	0.933683	0.0252952	1.03804	0.0335721	2.31529e-05
10080	1	100	15	500	0.102299	0.06614	0.0441622	0.0219778	0.0361593	0.937665	0.0190298	1.04288	0.0289946	2.25843e-05
10081	1	100	14	500	0.118207	0.0716077	0.0517109	0.0198968	0.0465994	0.932111	0.0275089	1.04224	0.0324008	2.01363e-05
10082	1	100	14	500	0.103191	0.0674523	0.0528139	0.0146384	0.0357386	0.93326	0.0312095	1.0423	0.0417416	1.99592e-05
10083	1	100	11	500	0.117902	0.0707151	0.0523602	0.0183548	0.0471873	0.932734	0.030944	1.03642	0.0439273	2.13809e-05
10084	1	100	12	500	0.127815	0.0740949	0.0514072	0.0226877	0.0537199	0.935914	0.0243171	1.03118	0.032773	2.37432e-05
10085	1	100	12	500	0.149347	0.0812231	0.05385	0.0273732	0.0681239	0.929366	0.0385784	1.02399	0.049272	2.4717e-05
10086	1	100	13	500	0.136401	0.077037	0.0527507	0.0242863	0.0593636	0.924376	0.0487403	1.0222	0.069244	2.38373e-05
10087	1	100	14	500	0.172027	0.0902289	0.0592985	0.0309303	0.0817977	0.9244	0.0458112	1.01554	0.0578439	2.56058e-05
10088	1	100	12	500	0.145631	0.082908	0.0561209	0.026787	0.0627233	0.928077	0.0403778	1.01692	0.0565806	2.58905e-05
10089	1	100	14	500	0.145854	0.0842478	0.0573225	0.0269253	0.0616058	0.921709	0.0557995	1.00783	0.0722783	2.64814e-05
10090	1	100	16	500	0.137195	0.0822338	0.0584815	0.0237523	0.0549611	0.930257	0.0378779	1.01946	0.0515859	2.62259e-05
10091	1	100	14	500	0.11663	0.0737901	0.0543368	0.0194533	0.0428394	0.934708	0.0329928	1.02707	0.0464923	2.53992e-05
10092	1	100	14	500	0.131547	0.0778279	0.0579206	0.0199074	0.0537192	0.927828	0.0388625	1.02869	0.0537536	2.4226e-05
10093	1	100	14	500	0.113578	0.073518	0.0563785	0.0171395	0.0400597	0.934416	0.0204178	1.03924	0.0328674	2.32695e-05
10094	1	100	15	500	0.121708	0.0760592	0.0584909	0.0175683	0.0456486	0.925166	0.0451015	1.02996	0.0568006	2.38065e-05
10095	1	100	15	500	0.0967942	0.0686594	0.0558718	0.0127876	0.0281349	0.934548	0.023092	1.04255	0.0358213	2.29564e-05
10096	1	100	16	500	0.0957447	0.0694733	0.0575702	0.0119031	0.0262715	0.930201	0.0339693	1.04063	0.0463499	2.26679e-05
10097	1	100	14	500	0.0976907	0.070168	0.0579968	0.0121712	0.0275227	0.930716	0.0336592	1.04066	0.0427254	2.28591e-05
10098	1	100	12	500	0.092819	0.0682364	0.0574858	0.0107506	0.0245826	0.935034	0.019731	1.04698	0.0282831	2.22531e-05
10099	1	100	11	500	0.0928517	0.0697955	0.0610211	0.00877436	0.0230562	0.933117	0.0227365	1.04796	0.0274114	2.17419e-05
10100	1	100	11	500	0.0376827	0.0150119	0.00678608	0.00822581	0.0226708	0.987091	0.0255549	0.993261	0.0275186	2.14918e-05
10101	1	100	12	500	0.0442899	0.0147666	0.00538167	0.00938488	0.0295234	0.987122	0.0252515	0.991698	0.026451	2.17268e-05
