Generation	PopulationID	SampleSize	UniqueMutations	PopulationSize	totalLoad	RelzLoad	RelzLoadHomo	RelzLoadHetero	MskLoad	MeanFitness	SdFitness	MeanFitnessCached	SdFitnessCached	Heterozygosity	
10001	1	100	45	500	0.222796	0.17474	0.10355	0.0711903	0.048055	0.83301	0.0645484	1.14272	0.0722607	3.45735e-05
10002	1	100	37	500	0.206647	0.156792	0.0932473	0.0635448	0.0498546	0.852568	0.0511022	1.12806	0.0512992	3.4125e-05
10003	1	100	27	500	0.212557	0.163322	0.1051	0.0582224	0.0492352	0.845895	0.0515663	1.13115	0.0458578	3.41476e-05
10004	1	100	25	500	0.226952	0.170193	0.123	0.0471929	0.0567594	0.841422	0.0452932	1.13082	0.045008	3.04855e-05
10005	1	100	23	500	0.215009	0.166531	0.118664	0.0478667	0.0484778	0.838976	0.0589142	1.13005	0.0743533	3.0214e-05
10006	1	100	24	500	0.216959	0.161427	0.12474	0.0366872	0.0555323	0.848799	0.0352982	1.12227	0.0331951	2.72449e-05
10007	1	100	24	500	0.222545	0.164803	0.121279	0.0435238	0.0577422	0.84424	0.0353835	1.12601	0.0379348	2.87689e-05
10008	1	100	21	500	0.226086	0.167205	0.125771	0.0414342	0.0588816	0.843104	0.0327273	1.12763	0.0398004	2.77902e-05
10009	1	100	20	500	0.256588	0.177907	0.139363	0.0385445	0.0786811	0.839192	0.0290688	1.12025	0.0353519	2.96738e-05
10010	1	100	19	500	0.268948	0.188793	0.139251	0.0495421	0.0801548	0.829188	0.0306232	1.12318	0.0432153	3.10589e-05
10011	1	100	17	500	0.304392	0.206725	0.145122	0.0616029	0.0976676	0.814891	0.0673332	1.10999	0.0914904	3.26934e-05
10012	1	100	24	500	0.282267	0.192299	0.137129	0.0551704	0.0899679	0.819329	0.073294	1.10008	0.0960034	3.08814e-05
10013	1	100	19	500	0.242463	0.180048	0.116218	0.0638297	0.0624148	0.829567	0.0610019	1.11961	0.0824305	2.96954e-05
10014	1	100	19	500	0.245182	0.18406	0.116582	0.0674774	0.0611224	0.825985	0.0582354	1.13099	0.0784467	2.79715e-05
10015	1	100	19	500	0.235883	0.180848	0.116768	0.0640801	0.055035	0.832897	0.034293	1.13709	0.0515988	2.72352e-05
10016	1	100	22	500	0.235223	0.181994	0.130735	0.0512595	0.0532285	0.829978	0.0381971	1.13724	0.0538083	2.2772e-05
10017	1	100	21	500	0.237919	0.185694	0.12512	0.0605743	0.0522252	0.827329	0.0353769	1.14273	0.0558318	2.64266e-05
10018	1	100	21	500	0.236587	0.17896	0.125882	0.0530784	0.0576267	0.833822	0.0310732	1.13082	0.0436558	2.79488e-05
10019	1	100	22	500	0.223195	0.172857	0.128351	0.0445057	0.0503387	0.838912	0.0278386	1.12825	0.0394147	2.65327e-05
10020	1	100	20	500	0.211125	0.167381	0.136469	0.0309111	0.0437444	0.841015	0.028666	1.11868	0.0450164	2.37314e-05
10021	1	100	21	500	0.208423	0.164155	0.140349	0.0238068	0.0442679	0.848334	0.0204707	1.11682	0.0277546	2.36452e-05
10022	1	100	19	500	0.203573	0.160993	0.139403	0.0215909	0.0425798	0.847066	0.0205214	1.1172	0.0352082	2.14591e-05
10023	1	100	20	500	0.203013	0.162986	0.132119	0.0308668	0.0400273	0.848017	0.0177582	1.12486	0.0286796	2.2943e-05
10024	1	100	18	500	0.196314	0.159767	0.131951	0.0278165	0.0365467	0.848177	0.0225387	1.12571	0.0363147	2.18639e-05
10025	1	100	18	500	0.201061	0.16165	0.125095	0.0365553	0.0394103	0.849848	0.0162898	1.12726	0.0272878	2.35217e-05
10026	1	100	20	500	0.198478	0.160609	0.127273	0.0333356	0.0378696	0.849076	0.0174778	1.12679	0.0310945	2.33805e-05
10027	1	100	20	500	0.202372	0.163903	0.130252	0.0336507	0.0384694	0.844269	0.0230314	1.12675	0.0411521	2.26769e-05
10028	1	100	23	500	0.196758	0.161758	0.124094	0.0376641	0.0350002	0.84474	0.0239384	1.12918	0.0438977	2.31337e-05
10029	1	100	18	500	0.191231	0.161268	0.124809	0.0364589	0.0299624	0.846303	0.0186286	1.13828	0.0356416	2.21853e-05
10030	1	100	12	500	0.0675279	0.0347062	0.0154522	0.019254	0.0328217	0.968652	0.0236171	1.00487	0.0323401	1.73025e-05
10031	1	100	15	500	0.0789193	0.0413435	0.0209627	0.0203808	0.0375758	0.965196	0.0231493	1.00085	0.0359988	1.79277e-05
10032	1	100	15	500	0.0805809	0.0426014	0.0227786	0.0198227	0.0379795	0.963021	0.0321303	0.993626	0.0434628	1.82322e-05
10033	1	100	15	500	0.0872404	0.0475132	0.0284231	0.0190901	0.0397272	0.956493	0.0435143	0.98145	0.0554505	1.87087e-05
10034	1	100	18	500	0.089297	0.0468047	0.0274048	0.0193999	0.0424923	0.955699	0.0446638	0.978864	0.0560648	1.91902e-05
10035	1	100	16	500	0.0893302	0.0468485	0.0271772	0.0196714	0.0424817	0.961867	0.0369043	0.986269	0.0460038	1.93143e-05
10036	1	100	13	500	0.0872227	0.045793	0.025186	0.020607	0.0414297	0.959174	0.0355599	0.989617	0.048396	1.94733e-05
10037	1	100	14	500	0.0811413	0.0418857	0.0208415	0.0210442	0.0392555	0.962375	0.0287248	1.00032	0.0416741	1.91586e-05
10038	1	100	14	500	0.0781189	0.0422488	0.0217283	0.0205205	0.0358701	0.96198	0.0278217	1.00544	0.0401046	1.84705e-05
10039	1	100	16	500	0.0993288	0.0492198	0.0255129	0.0237069	0.0501089	0.953788	0.0368085	0.991106	0.052779	1.90396e-05
10040	1	100	12	500	0.0915519	0.0450442	0.0225408	0.0225034	0.0465077	0.960987	0.0287176	0.995546	0.0416477	1.98144e-05
10041	1	100	17	500	0.0841638	0.04092	0.0190909	0.0218291	0.0432438	0.962263	0.0261789	0.998092	0.039531	1.99839e-05
10042	1	100	13	500	0.0811922	0.0401383	0.0188671	0.0212713	0.0410539	0.965575	0.01655	1.00128	0.0303835	2.01639e-05
10043	1	100	12	500	0.0693801	0.0372168	0.0176156	0.0196012	0.0321633	0.965966	0.0189671	1.00977	0.0311268	1.88012e-05
10044	1	100	14	500	0.092677	0.04185	0.0177558	0.0240941	0.0508271	0.961743	0.0249319	1.00163	0.0375624	1.97528e-05
10045	1	100	15	500	0.0987509	0.0441821	0.0191587	0.0250234	0.0545688	0.958707	0.0318036	0.998432	0.0437564	1.9998e-05
10046	1	100	17	500	0.108648	0.0464982	0.0193726	0.0271256	0.0621502	0.957775	0.0302795	1.0011	0.039342	2.01374e-05
10047	1	100	17	500	0.0828423	0.0409524	0.019002	0.0219505	0.0418898	0.96359	0.0209304	1.00513	0.0345778	2.06617e-05
10048	1	100	13	500	0.0693589	0.0366683	0.0170269	0.0196414	0.0326907	0.965598	0.0203965	1.00716	0.0333588	2.06054e-05
10049	1	100	11	500	0.0602418	0.033278	0.0149895	0.0182885	0.0269638	0.969288	0.0153069	1.0127	0.0261848	2.01878e-05
10050	1	100	13	500	0.0588452	0.032144	0.0139361	0.0182078	0.0267012	0.97033	0.0147877	1.01326	0.0238835	2.03348e-05
10051	1	100	14	500	0.0492043	0.0279566	0.0113302	0.0166264	0.0212477	0.972842	0.0184939	1.01191	0.0255462	1.9297e-05
10052	1	100	15	500	0.0506095	0.0268019	0.0100685	0.0167335	0.0238075	0.975322	0.0153822	1.00939	0.0227003	1.94455e-05
10053	1	100	17	500	0.0568288	0.0300548	0.0118831	0.0181717	0.0267739	0.972472	0.0150476	1.0125	0.022872	1.95956e-05
10054	1	100	15	500	0.0561243	0.0281253	0.00999981	0.0181255	0.027999	0.972522	0.0176325	1.00955	0.0274191	1.92704e-05
10055	1	100	12	500	0.0634781	0.028037	0.00935009	0.0186869	0.0354412	0.975511	0.0175966	1.00362	0.0236396	1.94152e-05
10056	1	100	13	500	0.0478628	0.0253203	0.0090301	0.0162902	0.0225425	0.976836	0.0166989	1.01031	0.0224756	1.92168e-05
10057	1	100	12	500	0.0497215	0.0234635	0.00825355	0.0152099	0.026258	0.980226	0.0174083	1.00314	0.0228193	1.93288e-05
10058	1	100	15	500	0.0468887	0.0249521	0.0100616	0.0148905	0.0219365	0.976314	0.0218781	1.00245	0.0289436	1.99299e-05
10059	1	100	15	500	0.0569477	0.0275784	0.0137564	0.013822	0.0293694	0.976825	0.0273395	0.992365	0.0325814	1.94436e-05
10060	1	100	13	500	0.0515749	0.0261141	0.0122763	0.0138378	0.0254608	0.975599	0.0280557	0.994256	0.0348037	1.97812e-05
10061	1	100	13	500	0.0469493	0.0221595	0.0099224	0.0122371	0.0247899	0.982016	0.0210321	0.996291	0.0241572	1.73911e-05
10062	1	100	12	500	0.0430772	0.020262	0.00736652	0.0128955	0.0228152	0.98187	0.0201362	0.999694	0.0247366	1.66928e-05
10063	1	100	14	500	0.0449131	0.0207676	0.00742601	0.0133415	0.0241456	0.982047	0.0187158	1.00013	0.0224392	1.65025e-05
10064	1	100	14	500	0.0526955	0.0227721	0.00934835	0.0134238	0.0299233	0.979285	0.0275532	0.993233	0.0322851	1.66241e-05
10065	1	100	16	500	0.0643466	0.0300796	0.0138222	0.0162574	0.034267	0.976665	0.0235491	0.995954	0.0269944	1.75261e-05
10066	1	100	11	500	0.0530107	0.0247638	0.0100383	0.0147255	0.0282469	0.979909	0.0212279	0.999146	0.0240582	1.62177e-05
10067	1	100	14	500	0.0463314	0.0213333	0.0080071	0.0133262	0.0249981	0.98079	0.0228068	0.998127	0.026502	1.57181e-05
10068	1	100	15	500	0.0474859	0.0207964	0.00679075	0.0140057	0.0266895	0.979857	0.0246651	0.998062	0.0299076	1.42003e-05
10069	1	100	14	500	0.0507	0.0242067	0.00851072	0.0156959	0.0264933	0.976571	0.0292323	1.00135	0.0349598	1.45742e-05
10070	1	100	12	500	0.0487723	0.0238802	0.00912973	0.0147505	0.0248921	0.9784	0.0269781	1.00081	0.030931	1.38886e-05
10071	1	100	11	500	0.0473292	0.0220466	0.00830874	0.0137378	0.0252826	0.980737	0.0255444	0.99918	0.0287794	1.35778e-05
10072	1	100	12	500	0.0327576	0.0156093	0.00430351	0.0113058	0.0171484	0.986146	0.0158172	1.0035	0.0164228	1.12194e-05
10073	1	100	13	500	0.0488315	0.0239934	0.00905683	0.0149366	0.0248381	0.98027	0.0137923	1.00359	0.0195523	1.35654e-05
10074	1	100	13	500	0.0608129	0.0274985	0.0119782	0.0155203	0.0333144	0.978733	0.0206187	0.996428	0.0246948	1.47757e-05
10075	1	100	15	500	0.0476373	0.023594	0.00873127	0.0148628	0.0240432	0.978197	0.0246809	1.00194	0.0302272	1.35956e-05
10076	1	100	12	500	0.040838	0.0199017	0.00663859	0.0132631	0.0209362	0.982071	0.0153895	1.00261	0.0194352	1.33025e-05
10077	1	100	10	500	0.0398425	0.0201253	0.00659749	0.0135278	0.0197172	0.980437	0.0245065	1.00319	0.0294013	1.27374e-05
10078	1	100	12	500	0.0304778	0.0192592	0.00620492	0.0130542	0.0112186	0.981463	0.0155232	1.01202	0.0192065	1.07738e-05
10079	1	100	12	500	0.0412062	0.0212759	0.00709277	0.0141831	0.0199303	0.981373	0.0149092	1.0066	0.0188351	1.28378e-05
10080	1	100	13	500	0.0474267	0.0236429	0.0087579	0.014885	0.0237837	0.980516	0.0153045	1.00448	0.0179814	1.39885e-05
10081	1	100	10	500	0.0518239	0.0278074	0.0113421	0.0164653	0.0240166	0.976582	0.0146812	1.00836	0.0215722	1.45711e-05
10082	1	100	14	500	0.0684787	0.0338392	0.0142913	0.0195479	0.0346395	0.971235	0.0219011	1.00617	0.0294952	1.51305e-05
10083	1	100	13	500	0.0712778	0.0362477	0.0162702	0.0199775	0.0350301	0.970422	0.0244858	1.0043	0.031609	1.62072e-05
10084	1	100	16	500	0.0848274	0.0383301	0.0165169	0.0218132	0.0464973	0.967833	0.0326765	0.996377	0.0414388	1.64445e-05
10085	1	100	13	500	0.111407	0.0491928	0.0219653	0.0272275	0.0622141	0.956765	0.0410376	0.990672	0.0517384	1.74622e-05
10086	1	100	15	500	0.123168	0.0509503	0.0216405	0.0293098	0.0722173	0.957415	0.0390634	0.988141	0.0487551	1.71955e-05
10087	1	100	18	500	0.0898078	0.0386913	0.0146515	0.0240398	0.0511165	0.968618	0.025024	1.00011	0.0322953	1.65559e-05
10088	1	100	14	500	0.077033	0.0347575	0.0125308	0.0222266	0.0422755	0.967395	0.0324366	1.00273	0.0397238	1.60424e-05
10089	1	100	14	500	0.0637002	0.0273753	0.00951151	0.0178638	0.0363248	0.97829	0.0181256	1.00068	0.023176	1.54874e-05
10090	1	100	10	500	0.0848536	0.0365867	0.0144662	0.0221205	0.0482669	0.969161	0.0276741	0.998492	0.0354828	1.67692e-05
10091	1	100	9	500	0.0749473	0.0343432	0.0142067	0.0201366	0.0406041	0.96866	0.0345296	0.99774	0.0425669	1.68862e-05
10092	1	100	10	500	0.0639171	0.0323306	0.0152969	0.0170337	0.0315866	0.975159	0.0242623	1.00023	0.0302727	1.72477e-05
10093	1	100	13	500	0.0518999	0.0261909	0.0103573	0.0158336	0.025709	0.975004	0.0319443	1.00114	0.0380432	1.56582e-05
10094	1	100	11	500	0.0445381	0.0211685	0.00731949	0.013849	0.0233695	0.982585	0.0154428	1.0031	0.0202196	1.4403e-05
10095	1	100	14	500	0.0404626	0.0190457	0.0058149	0.0132308	0.0214169	0.982442	0.0220522	1.00248	0.0250596	1.38028e-05
10096	1	100	16	500	0.0496387	0.0236497	0.00884325	0.0148065	0.0259889	0.979254	0.0248792	1.00086	0.0295199	1.56812e-05
10097	1	100	15	500	0.0414416	0.0207042	0.00669041	0.0140137	0.0207374	0.980149	0.0236048	1.00395	0.0281218	1.43149e-05
10098	1	100	13	500	0.0240589	0.0153549	0.0039783	0.0113766	0.00870406	0.984759	0.0173079	1.01007	0.0192866	1.12986e-05
10099	1	100	17	500	0.0355264	0.0157334	0.00303849	0.012695	0.019793	0.984947	0.0211218	1.00428	0.0231465	1.25086e-05
10100	1	100	12	500	0.0217862	0.0137001	0.00308951	0.0106105	0.00808616	0.986621	0.0145657	1.009	0.0167005	1.23723e-05
10101	1	100	12	500	0.0250016	0.0140341	0.00303253	0.0110016	0.0109674	0.986378	0.0157083	1.00785	0.01743	1.20213e-05
