Generation	PopulationID	SampleSize	UniqueMutations	PopulationSize	totalLoad	RelzLoad	RelzLoadHomo	RelzLoadHetero	MskLoad	MeanFitness	SdFitness	MeanFitnessCached	SdFitnessCached	Heterozygosity	
10001	1	100	48	500	0.552901	0.496838	0.405909	0.0909296	0.0560627	0.593756	0.0832795	1.32857	0.0713227	4.04544e-05
10002	1	100	36	500	0.526296	0.455741	0.331277	0.124465	0.0705544	0.626261	0.0958987	1.33726	0.0836119	4.46951e-05
10003	1	100	36	500	0.511541	0.431927	0.305121	0.126806	0.0796134	0.642645	0.0866554	1.3248	0.0767679	4.51201e-05
10004	1	100	33	500	0.474658	0.391425	0.261561	0.129864	0.0832326	0.674004	0.0746021	1.31851	0.0855271	4.66118e-05
10005	1	100	33	500	0.425023	0.348696	0.214343	0.134353	0.0763264	0.700306	0.0834179	1.28774	0.0762841	4.71334e-05
10006	1	100	29	500	0.409467	0.338296	0.211585	0.126711	0.0711706	0.711198	0.0763534	1.29442	0.0945129	4.6181e-05
10007	1	100	27	500	0.387744	0.327527	0.200873	0.126654	0.0602175	0.714381	0.0828516	1.28316	0.0782262	4.64794e-05
10008	1	100	26	500	0.383694	0.318783	0.188545	0.130238	0.0649112	0.718158	0.086143	1.26995	0.115724	4.72731e-05
10009	1	100	25	500	0.390049	0.319503	0.191029	0.128474	0.0705459	0.725392	0.0702009	1.27567	0.0840397	4.83783e-05
10010	1	100	30	500	0.364269	0.3058	0.178719	0.127081	0.0584692	0.733071	0.0748211	1.27575	0.0950532	4.72566e-05
10011	1	100	30	500	0.353958	0.30983	0.184295	0.125535	0.0441278	0.727795	0.0767411	1.28168	0.0853504	4.59127e-05
10012	1	100	23	500	0.349054	0.304262	0.187083	0.117179	0.0447916	0.732426	0.077941	1.28082	0.0902372	4.35601e-05
10013	1	100	28	500	0.420473	0.329452	0.200656	0.128795	0.0910209	0.715597	0.0890425	1.27263	0.117949	4.39943e-05
10014	1	100	26	500	0.390919	0.305265	0.177242	0.128023	0.0856544	0.733371	0.0955355	1.25018	0.107673	4.50988e-05
10015	1	100	26	500	0.408387	0.309073	0.186421	0.122652	0.099314	0.73004	0.0969928	1.24645	0.112594	4.35289e-05
10016	1	100	23	500	0.430577	0.31585	0.183511	0.132339	0.114727	0.727017	0.097466	1.24431	0.121186	4.35856e-05
10017	1	100	27	500	0.498814	0.346162	0.204697	0.141465	0.152651	0.708881	0.124978	1.23806	0.139504	4.3363e-05
10018	1	100	20	500	0.382417	0.312447	0.197603	0.114845	0.06997	0.726702	0.0821833	1.27194	0.115619	4.3052e-05
10019	1	100	24	500	0.447427	0.343349	0.224782	0.118567	0.104078	0.70701	0.100624	1.27385	0.118996	4.26437e-05
10020	1	100	19	500	0.398174	0.328534	0.221052	0.107481	0.0696404	0.715222	0.0848879	1.28266	0.106035	4.2716e-05
10021	1	100	20	500	0.402027	0.313908	0.1939	0.120008	0.088119	0.728007	0.101587	1.25381	0.118961	4.2466e-05
10022	1	100	21	500	0.453923	0.326469	0.196594	0.129875	0.127454	0.720627	0.104316	1.23975	0.123214	4.1823e-05
10023	1	100	22	500	0.388154	0.312306	0.194551	0.117755	0.0758485	0.729559	0.0868602	1.26045	0.10818	4.15372e-05
10024	1	100	21	500	0.313602	0.276983	0.160877	0.116106	0.0366192	0.755875	0.0804526	1.25107	0.0894534	4.24764e-05
10025	1	100	17	500	0.314688	0.284179	0.179679	0.1045	0.0305087	0.747176	0.0705182	1.26239	0.0733189	4.23455e-05
10026	1	100	21	500	0.308221	0.276459	0.171692	0.104767	0.0317617	0.752713	0.076266	1.25426	0.0796134	4.19266e-05
10027	1	100	20	500	0.311152	0.280508	0.178006	0.102502	0.0306437	0.749148	0.0734135	1.26076	0.0813475	4.27205e-05
10028	1	100	20	500	0.30456	0.273655	0.172509	0.101147	0.0309048	0.753794	0.0723882	1.25266	0.0747221	4.28737e-05
10029	1	100	15	500	0.31084	0.283628	0.183477	0.100151	0.0272125	0.747736	0.0676648	1.2669	0.0765084	4.06493e-05
10030	1	100	20	500	0.321567	0.292386	0.199166	0.0932204	0.0291807	0.740057	0.0762666	1.27181	0.0847177	3.78753e-05
10031	1	100	20	500	0.296409	0.270086	0.166506	0.103579	0.0263237	0.757837	0.063286	1.25661	0.0695437	3.89222e-05
10032	1	100	17	500	0.303633	0.277596	0.169564	0.108032	0.026037	0.753245	0.0760697	1.26269	0.0789536	3.8858e-05
10033	1	100	18	500	0.312469	0.285579	0.177405	0.108174	0.0268905	0.746636	0.0689797	1.2664	0.0730937	3.93257e-05
10034	1	100	16	500	0.319275	0.291939	0.190734	0.101206	0.0273354	0.740729	0.0718307	1.27119	0.0712079	3.93062e-05
10035	1	100	16	500	0.336744	0.309722	0.222689	0.0870331	0.0270227	0.724193	0.075879	1.2822	0.068142	3.83422e-05
10036	1	100	20	500	0.357669	0.324423	0.243418	0.0810057	0.0332461	0.715621	0.0603002	1.29653	0.0620812	3.71169e-05
10037	1	100	18	500	0.350599	0.318858	0.237398	0.0814603	0.031741	0.719205	0.0626625	1.29176	0.0608379	3.87933e-05
10038	1	100	22	500	0.371073	0.333393	0.26074	0.072653	0.0376804	0.707548	0.0604271	1.29577	0.0568732	4.12076e-05
10039	1	100	19	500	0.367431	0.332549	0.269014	0.0635345	0.0348821	0.70613	0.0555652	1.29821	0.0557855	4.06097e-05
10040	1	100	21	500	0.358982	0.326716	0.261507	0.065209	0.0322654	0.712277	0.0542759	1.30057	0.059789	3.81871e-05
10041	1	100	22	500	0.361773	0.328576	0.260304	0.068272	0.0331968	0.707697	0.0615427	1.29284	0.0546136	3.83466e-05
10042	1	100	17	500	0.350648	0.319524	0.255439	0.0640848	0.0311234	0.715929	0.0592847	1.29163	0.0586532	3.85825e-05
10043	1	100	19	500	0.374465	0.343184	0.295009	0.0481753	0.031281	0.698698	0.0435502	1.31396	0.0512963	3.89047e-05
10044	1	100	22	500	0.380231	0.349425	0.313196	0.0362286	0.0308065	0.691584	0.0384112	1.31688	0.0386026	3.61583e-05
10045	1	100	13	500	0.0661827	0.0379072	0.00985338	0.0280538	0.0282756	0.966362	0.0450461	1.0139	0.0283024	3.35179e-05
10046	1	100	13	500	0.0671274	0.0393994	0.00894958	0.0304498	0.027728	0.9646	0.0376952	1.01807	0.0335569	3.14808e-05
10047	1	100	14	500	0.0578098	0.0320006	0.0068053	0.0251953	0.0258092	0.971765	0.0359173	1.01377	0.0284986	3.29373e-05
10048	1	100	13	500	0.0643422	0.0382279	0.0107516	0.0274763	0.0261143	0.964573	0.0468254	1.01431	0.0273267	3.4723e-05
10049	1	100	15	500	0.061961	0.0370469	0.00946111	0.0275858	0.024914	0.962833	0.0464753	1.01288	0.0337502	3.25735e-05
10050	1	100	14	500	0.0571557	0.0346624	0.00909618	0.0255663	0.0224933	0.969066	0.0387477	1.01629	0.0252963	3.00322e-05
10051	1	100	11	500	0.0413979	0.0250216	0.00550685	0.0195148	0.0163763	0.976326	0.0409407	1.01143	0.0223161	2.2939e-05
10052	1	100	11	500	0.0522538	0.0306622	0.00783779	0.0228245	0.0215916	0.972991	0.035187	1.01422	0.023637	2.61449e-05
10053	1	100	11	500	0.0405417	0.022938	0.00464815	0.0182898	0.0176038	0.97717	0.0429904	1.008	0.0222851	2.27126e-05
10054	1	100	9	500	0.039002	0.022865	0.00466266	0.0182024	0.0161369	0.979406	0.0337364	1.01147	0.0207338	2.04015e-05
10055	1	100	11	500	0.0369401	0.0216317	0.00419724	0.0174345	0.0153084	0.980384	0.032351	1.01104	0.0215022	2.01298e-05
10056	1	100	10	500	0.0285063	0.0167658	0.00265666	0.0141091	0.0117404	0.98423	0.0299797	1.00875	0.0199394	1.75503e-05
10057	1	100	8	500	0.0281675	0.015747	0.00227953	0.0134674	0.0124206	0.985397	0.030018	1.00783	0.018413	1.5282e-05
10058	1	100	10	500	0.0337487	0.019567	0.00346554	0.0161014	0.0141817	0.981989	0.0314679	1.00991	0.0210254	1.70248e-05
10059	1	100	11	500	0.0408293	0.0209875	0.00366542	0.0173221	0.0198418	0.98026	0.034659	1.00751	0.021495	1.72525e-05
10060	1	100	12	500	0.0681817	0.0363176	0.0097809	0.0265367	0.031864	0.967646	0.042533	1.01189	0.0249506	2.17e-05
10061	1	100	11	500	0.0422896	0.0211387	0.00368479	0.0174539	0.0211509	0.980287	0.0313772	1.00717	0.0221408	1.77767e-05
10062	1	100	15	500	0.0487531	0.0216032	0.00384309	0.0177601	0.0271499	0.980415	0.0300185	1.00435	0.0231492	1.7068e-05
10063	1	100	15	500	0.0338734	0.0121626	0.00157992	0.0105827	0.0217108	0.988711	0.0225633	0.999365	0.0174489	1.28177e-05
10064	1	100	12	500	0.0352077	0.0122365	0.00191429	0.0103222	0.0229712	0.985245	0.0418912	0.994599	0.0398474	1.33753e-05
10065	1	100	14	500	0.0363534	0.0126587	0.00203995	0.0106187	0.0236947	0.988653	0.0213077	0.998349	0.0175616	1.4036e-05
10066	1	100	11	500	0.0416335	0.0127047	0.00301719	0.00968752	0.0289288	0.989033	0.0216422	0.994067	0.0161178	1.2417e-05
10067	1	100	12	500	0.0534421	0.0171319	0.00535221	0.0117797	0.0363102	0.981792	0.0446193	0.987248	0.0448486	1.25957e-05
10068	1	100	12	500	0.0462624	0.0159141	0.00350404	0.0124101	0.0303482	0.986649	0.0221714	0.996771	0.018404	1.43866e-05
10069	1	100	14	500	0.0223843	0.00731889	0.00158029	0.0057386	0.0150654	0.993085	0.0195286	0.997277	0.017647	1.15532e-05
10070	1	100	13	500	0.0298471	0.0126763	0.00253148	0.0101448	0.0171709	0.988622	0.0231204	1.00078	0.0158342	1.4837e-05
10071	1	100	10	500	0.0250066	0.0107179	0.00164837	0.00906956	0.0142887	0.98764	0.0275252	1.00013	0.024331	1.50084e-05
10072	1	100	13	500	0.0278269	0.0140877	0.00178689	0.0123008	0.0137392	0.985282	0.0292204	1.00396	0.0232449	1.65657e-05
10073	1	100	13	500	0.0113871	0.00476604	0.000484728	0.00428132	0.0066211	0.995249	0.0144974	1.00066	0.0103016	1.25906e-05
10074	1	100	10	500	0.0103529	0.00361805	0.000449117	0.00316893	0.00673488	0.996504	0.0129734	0.999552	0.00995891	1.19741e-05
10075	1	100	9	500	0.0119948	0.00542178	0.000606177	0.0048156	0.00657298	0.994429	0.017156	1.00091	0.0118186	1.34318e-05
10076	1	100	11	500	0.016802	0.00796801	0.000949113	0.00701889	0.00883398	0.992449	0.0205571	1.00238	0.0132647	1.42811e-05
10077	1	100	11	500	0.025394	0.0132401	0.00193883	0.0113012	0.012154	0.985042	0.0413157	1.0019	0.0166458	1.72268e-05
10078	1	100	9	500	0.0212539	0.0110871	0.00144843	0.00963871	0.0101668	0.988827	0.0246395	1.0037	0.0168601	1.72242e-05
10079	1	100	12	500	0.0302427	0.0156654	0.00258125	0.0130841	0.0145774	0.985233	0.0286419	1.00553	0.0187991	1.90464e-05
10080	1	100	8	500	0.0190362	0.00852691	0.0015522	0.00697471	0.0105092	0.990483	0.0280332	0.99927	0.0138033	1.56845e-05
10081	1	100	9	500	0.0145461	0.00596108	0.00124941	0.00471167	0.00858501	0.994173	0.0159269	0.999408	0.0122133	1.48836e-05
10082	1	100	7	500	0.0132696	0.00521786	0.00123266	0.0039852	0.00805175	0.994977	0.0141768	0.998931	0.0108143	1.3548e-05
10083	1	100	9	500	0.0104654	0.00408463	0.000993858	0.00309078	0.0063808	0.995389	0.0130279	0.998375	0.010356	1.34442e-05
10084	1	100	15	500	0.0133243	0.00478473	0.00104248	0.00374225	0.0085396	0.994045	0.0156044	0.997371	0.0135589	1.31681e-05
10085	1	100	10	500	0.0107353	0.00373836	0.00111835	0.00262	0.00699699	0.996363	0.0100946	0.998105	0.0079798	1.34029e-05
10086	1	100	9	500	0.0104841	0.0029246	0.00103472	0.00188988	0.00755953	0.996991	0.00721963	0.997056	0.00721828	1.29311e-05
10087	1	100	9	500	0.00880609	0.00257628	0.00101882	0.00155745	0.00622981	0.997129	0.00734882	0.997129	0.00734882	1.16762e-05
10088	1	100	7	500	0.00754816	0.00237848	0.00108607	0.00129242	0.00516967	0.998245	0.00234103	0.998245	0.00234105	1.08112e-05
10089	1	100	8	500	0.00985204	0.00306819	0.00137223	0.00169596	0.00678385	0.997516	0.00468171	0.997741	0.00442208	1.10402e-05
10090	1	100	7	500	0.0123927	0.00501618	0.00161078	0.0034054	0.00737656	0.995625	0.0112916	0.998767	0.00981324	1.06396e-05
10091	1	100	7	500	0.0181119	0.00898953	0.00267899	0.00631054	0.00912238	0.990774	0.0228083	0.998921	0.0136175	1.14486e-05
10092	1	100	4	500	0.00940431	0.00301467	0.00141726	0.00159741	0.00638964	0.996388	0.0107726	0.996704	0.010788	1.1886e-05
10093	1	100	4	500	0.00734971	0.00240617	0.00117028	0.00123589	0.00494354	0.997587	0.00799184	0.997996	0.00802696	1.12643e-05
10094	1	100	8	500	0.00700449	0.00238108	0.00121124	0.00116984	0.00462342	0.997338	0.00741575	0.997384	0.00741353	1.16537e-05
10095	1	100	7	500	0.00535823	0.00191147	0.000883765	0.00102771	0.00344676	0.998251	0.00244241	0.998587	0.0023386	1.14153e-05
10096	1	100	9	500	0.00550574	0.00185525	0.000722165	0.00113308	0.0036505	0.997705	0.00480622	0.998152	0.00475692	1.15261e-05
10097	1	100	4	500	0.00288959	0.0010222	0.000501487	0.000520717	0.00186739	0.998996	0.00175515	0.999104	0.00163237	1.13968e-05
10098	1	100	4	500	0.00266364	0.000961295	0.000433964	0.000527331	0.00170235	0.998942	0.00273794	0.999146	0.00280829	1.08979e-05
10099	1	100	6	500	0.00495383	0.00161982	0.000786314	0.000833504	0.00333402	0.998397	0.00321643	0.998397	0.00321643	1.02757e-05
10100	1	100	6	500	0.0084836	0.0025191	0.00102798	0.00149112	0.0059645	0.997517	0.00514491	0.997649	0.00520685	9.11505e-06
10101	1	100	7	500	0.00805187	0.00268701	0.0013458	0.00134121	0.00536486	0.99721	0.00519505	0.997333	0.00525176	8.25889e-06
