Generation	PopulationID	SampleSize	UniqueMutations	PopulationSize	totalLoad	RelzLoad	RelzLoadHomo	RelzLoadHetero	MskLoad	MeanFitness	SdFitness	MeanFitnessCached	SdFitnessCached	Heterozygosity	
10001	1	100	49	500	0.177356	0.152628	0.107374	0.0452539	0.0247283	0.849335	0.0222413	1.13385	0.0272884	4.71735e-05
10002	1	100	39	500	0.180777	0.151307	0.115827	0.0354808	0.0294695	0.8544	0.0168895	1.13127	0.0217095	4.73881e-05
10003	1	100	39	500	0.199436	0.153852	0.113084	0.0407681	0.045584	0.850963	0.027442	1.12262	0.037281	4.6911e-05
10004	1	100	34	500	0.199698	0.156938	0.115812	0.041126	0.0427605	0.847425	0.0371329	1.12328	0.0476323	4.64981e-05
10005	1	100	30	500	0.215417	0.16063	0.122543	0.0380875	0.0547866	0.847769	0.0222536	1.11993	0.0262523	4.58574e-05
10006	1	100	31	500	0.199991	0.154148	0.121025	0.0331234	0.0458426	0.850916	0.0282135	1.11729	0.0389997	4.49622e-05
10007	1	100	28	500	0.226548	0.163175	0.13319	0.0299842	0.063373	0.846197	0.0334951	1.10877	0.0444803	4.35873e-05
10008	1	100	28	500	0.24268	0.170181	0.135766	0.0344154	0.0724987	0.842196	0.0414127	1.10373	0.0530421	4.27295e-05
10009	1	100	23	500	0.120751	0.0473411	0.021836	0.0255051	0.0734095	0.958672	0.0491939	0.978327	0.0491866	4.37712e-05
10010	1	100	19	500	0.106634	0.0425618	0.0193056	0.0232563	0.0640717	0.965524	0.0328404	0.985579	0.0343864	4.43238e-05
10011	1	100	19	500	0.114388	0.0466249	0.0234262	0.0231986	0.0677636	0.956213	0.0495762	0.975541	0.0535739	4.28973e-05
10012	1	100	19	500	0.0987355	0.0406358	0.0187689	0.0218669	0.0580997	0.965253	0.0350249	0.986044	0.0382207	4.40505e-05
10013	1	100	21	500	0.10146	0.0420733	0.0207423	0.0213309	0.0593867	0.956103	0.0564008	0.975527	0.0607913	4.31562e-05
10014	1	100	17	500	0.0919458	0.0384023	0.0192954	0.0191069	0.0535435	0.96884	0.0194142	0.987586	0.0185308	4.37712e-05
10015	1	100	16	500	0.116358	0.0474466	0.0243141	0.0231326	0.0689113	0.955858	0.0461359	0.977307	0.0500151	4.21055e-05
10016	1	100	16	500	0.130771	0.0516365	0.0261678	0.0254687	0.0791343	0.960447	0.0295666	0.978496	0.0298397	4.25486e-05
10017	1	100	10	500	0.120263	0.0481615	0.0244197	0.0237418	0.0721018	0.961115	0.0435842	0.979659	0.0410221	4.04229e-05
10018	1	100	12	500	0.105044	0.0419996	0.0209649	0.0210347	0.0630444	0.965257	0.0405234	0.980638	0.0411032	4.08097e-05
10019	1	100	11	500	0.111599	0.0450805	0.023	0.0220805	0.0665188	0.962829	0.0397936	0.978572	0.0410762	4.06505e-05
10020	1	100	12	500	0.109376	0.0442454	0.022998	0.0212474	0.0651304	0.960771	0.0452131	0.974456	0.0456701	4.07625e-05
10021	1	100	16	500	0.120792	0.0509552	0.0281079	0.0228473	0.0698368	0.951742	0.0568238	0.967871	0.0608309	4.03767e-05
10022	1	100	11	500	0.116075	0.047231	0.0244833	0.0227477	0.0688441	0.956627	0.0584926	0.973413	0.0576451	4.13014e-05
10023	1	100	10	500	0.125558	0.051355	0.0270437	0.0243113	0.0742029	0.948406	0.0762565	0.966924	0.0745854	4.08713e-05
10024	1	100	10	500	0.138171	0.0575295	0.031639	0.0258905	0.0806416	0.954957	0.0506924	0.973435	0.0503879	4.02046e-05
10025	1	100	10	500	0.153081	0.0651534	0.0378129	0.0273405	0.0879277	0.93971	0.0765216	0.954972	0.0760319	3.96091e-05
10026	1	100	13	500	0.130551	0.0532901	0.0287752	0.0245149	0.0772606	0.950675	0.063901	0.965409	0.063541	4.16276e-05
10027	1	100	13	500	0.120504	0.0459822	0.0223965	0.0235857	0.0745223	0.962425	0.0393825	0.975988	0.0380269	4.22596e-05
10028	1	100	12	500	0.124261	0.0497068	0.0261425	0.0235643	0.0745538	0.942449	0.0826989	0.955472	0.0822729	4.26128e-05
10029	1	100	13	500	0.113108	0.0443642	0.022891	0.0214732	0.0687433	0.965675	0.0337191	0.976686	0.0325351	4.29895e-05
10030	1	100	14	500	0.103589	0.0416424	0.0226035	0.0190389	0.0619464	0.963673	0.0460466	0.971981	0.0467283	4.20977e-05
10031	1	100	14	500	0.123266	0.0487847	0.026275	0.0225097	0.0744815	0.959577	0.0516291	0.968851	0.0495349	4.35903e-05
10032	1	100	14	500	0.13259	0.0525698	0.0281907	0.0243791	0.0800199	0.961192	0.042257	0.97231	0.0410734	4.36682e-05
10033	1	100	12	500	0.120533	0.0466196	0.024155	0.0224645	0.0739138	0.957798	0.0629192	0.967267	0.0601326	4.42513e-05
10034	1	100	10	500	0.132451	0.0560581	0.0330985	0.0229596	0.0763932	0.951448	0.0639074	0.960641	0.0633671	4.36205e-05
10035	1	100	13	500	0.127517	0.0562641	0.0354359	0.0208283	0.0712525	0.949869	0.0660865	0.956687	0.0668527	4.18872e-05
10036	1	100	14	500	0.130549	0.0569461	0.0350815	0.0218646	0.073603	0.947811	0.0651003	0.955927	0.0666624	4.34714e-05
10037	1	100	12	500	0.13096	0.0576541	0.0366033	0.0210508	0.0733054	0.947222	0.0694367	0.953263	0.0705115	4.29613e-05
10038	1	100	9	500	0.120998	0.0593224	0.0418784	0.0174439	0.0616754	0.949764	0.071649	0.954179	0.0722171	4.16538e-05
10039	1	100	12	500	0.115886	0.0520236	0.0328113	0.0192123	0.0638621	0.951982	0.0657961	0.958989	0.0674709	4.25104e-05
10040	1	100	13	500	0.133689	0.0640041	0.0442549	0.0197492	0.0696852	0.94331	0.0730939	0.94832	0.073797	4.19192e-05
10041	1	100	11	500	0.134545	0.0708038	0.0531986	0.0176052	0.0637413	0.929604	0.0881684	0.93309	0.0894825	4.06423e-05
10042	1	100	12	500	0.148054	0.083647	0.0669656	0.0166814	0.0644072	0.915051	0.0979473	0.916185	0.0983932	3.81119e-05
10043	1	100	10	500	0.145616	0.0800338	0.0636383	0.0163955	0.0655819	0.925859	0.09197	0.925859	0.09197	3.75515e-05
10044	1	100	10	500	0.131519	0.0642231	0.0473991	0.016824	0.067296	0.94176	0.0791622	0.941795	0.079177	3.88142e-05
10045	1	100	11	500	0.139936	0.0772888	0.0614242	0.0158646	0.0626472	0.923872	0.0928915	0.924275	0.0931892	3.84073e-05
10046	1	100	8	500	0.111354	0.0581057	0.0447937	0.0133121	0.0532482	0.947432	0.0774216	0.947432	0.0774216	4.00814e-05
10047	1	100	10	500	0.113924	0.0583224	0.0444222	0.0139003	0.0556011	0.954284	0.0679982	0.954284	0.0679982	4.05654e-05
10048	1	100	10	500	0.106293	0.0564651	0.0440081	0.012457	0.0498279	0.946023	0.0825887	0.946192	0.0826054	4.07248e-05
10049	1	100	8	500	0.115331	0.0637368	0.0508382	0.0128986	0.0515945	0.936739	0.089653	0.936846	0.0896995	4.09946e-05
10050	1	100	11	500	0.0981066	0.0495461	0.0374059	0.0121401	0.0485605	0.952882	0.0757227	0.953111	0.0755543	4.20288e-05
10051	1	100	7	500	0.0915579	0.0454412	0.0339067	0.0115344	0.0461167	0.961221	0.0656216	0.961325	0.0654574	4.1191e-05
10052	1	100	9	500	0.0933268	0.0459833	0.0341317	0.0118515	0.0473436	0.959995	0.0689846	0.960295	0.0691418	3.95302e-05
10053	1	100	6	500	0.0775773	0.0350388	0.0244042	0.0106346	0.0425385	0.975063	0.0471069	0.975085	0.0471183	3.83646e-05
10054	1	100	9	500	0.084453	0.0398862	0.0287445	0.0111417	0.0445668	0.963872	0.066012	0.96404	0.0660413	3.79784e-05
10055	1	100	6	500	0.109124	0.0604852	0.048285	0.0122002	0.0486386	0.942881	0.0842651	0.94296	0.0842957	3.89762e-05
10056	1	100	7	500	0.109181	0.0605223	0.0483414	0.0121809	0.0486588	0.943746	0.0831719	0.943771	0.0831172	3.85022e-05
10057	1	100	7	500	0.112002	0.062624	0.0502794	0.0123445	0.0493781	0.937292	0.0898255	0.937341	0.0898594	3.78652e-05
10058	1	100	5	500	0.0971718	0.0505448	0.0388881	0.0116567	0.046627	0.94934	0.0786044	0.949596	0.0786888	3.59367e-05
10059	1	100	4	500	0.120114	0.0714394	0.0592706	0.0121688	0.048675	0.935967	0.0863124	0.935967	0.0863124	3.49775e-05
10060	1	100	6	500	0.126981	0.0784892	0.0663664	0.0121229	0.0484915	0.929205	0.0885906	0.929357	0.0884331	3.24072e-05
10061	1	100	4	500	0.122519	0.0740914	0.0619845	0.0121069	0.0484276	0.925807	0.0934715	0.925881	0.0935108	3.27651e-05
10062	1	100	6	500	0.106957	0.0589283	0.0469099	0.0120184	0.0480288	0.943629	0.0828114	0.943651	0.0828259	3.50924e-05
10063	1	100	5	500	0.115969	0.0673588	0.0552062	0.0121526	0.0486102	0.936683	0.083732	0.936683	0.083732	3.53728e-05
10064	1	100	6	500	0.130924	0.0824058	0.0702764	0.0121294	0.0485177	0.918434	0.0967112	0.918434	0.0967112	3.35888e-05
10065	1	100	7	500	0.139198	0.0916654	0.0797822	0.0118832	0.0475326	0.905701	0.100038	0.905701	0.100038	3.15179e-05
10066	1	100	5	500	0.122532	0.0740759	0.0619619	0.012114	0.0484562	0.926701	0.0912392	0.926701	0.0912392	3.33705e-05
10067	1	100	5	500	0.107533	0.0596837	0.0477214	0.0119623	0.0478492	0.938695	0.0872411	0.938754	0.08728	3.55581e-05
10068	1	100	6	500	0.0816567	0.038759	0.0280346	0.0107244	0.0428977	0.952497	0.0809192	0.952917	0.0811013	3.60789e-05
10069	1	100	12	500	0.088989	0.0440397	0.0328024	0.0112373	0.0449493	0.957776	0.0708798	0.957817	0.0707661	3.53375e-05
10070	1	100	9	500	0.0683878	0.0296394	0.0199477	0.00969175	0.0387484	0.971711	0.0561458	0.97172	0.0561499	3.32035e-05
10071	1	100	7	500	0.0645463	0.0274267	0.0181467	0.00927991	0.0371197	0.963172	0.0720001	0.963258	0.0720149	3.46899e-05
10072	1	100	6	500	0.0543788	0.0216982	0.0135281	0.00817013	0.0326805	0.975085	0.0543294	0.975251	0.054394	3.35385e-05
10073	1	100	7	500	0.0429077	0.0161458	0.00945535	0.00669047	0.0267619	0.984853	0.0328797	0.985013	0.0329352	3.2533e-05
10074	1	100	6	500	0.0449128	0.0180776	0.0113688	0.00670881	0.0268353	0.983646	0.0288498	0.983646	0.0288499	3.56649e-05
10075	1	100	8	500	0.0406676	0.0157434	0.00950183	0.00624161	0.0249242	0.986673	0.0150219	0.986694	0.0150389	3.49078e-05
10076	1	100	8	500	0.0594601	0.0251038	0.0165147	0.00858907	0.0343563	0.975713	0.0446816	0.975745	0.0446817	3.77008e-05
10077	1	100	7	500	0.0382347	0.0155924	0.009786	0.00580644	0.0226423	0.981639	0.0427535	0.981917	0.0425733	3.6293e-05
10078	1	100	4	500	0.0270319	0.0115024	0.00761998	0.00388239	0.0155295	0.9887	0.0135377	0.9887	0.0135377	3.62379e-05
10079	1	100	3	500	0.0339253	0.014419	0.00954239	0.00487657	0.0195063	0.985704	0.0160309	0.985743	0.0160625	3.75544e-05
10080	1	100	9	500	0.0341106	0.0156007	0.0109732	0.00462748	0.0185099	0.984952	0.0225144	0.985046	0.0225665	3.90486e-05
10081	1	100	7	500	0.0297408	0.0148959	0.0111846	0.00371123	0.0148449	0.98541	0.0142795	0.985516	0.0143599	3.89447e-05
10082	1	100	3	500	0.0269888	0.0124906	0.00886603	0.00362454	0.0144982	0.985319	0.0285768	0.985344	0.0285887	3.89931e-05
10083	1	100	6	500	0.0206206	0.0113777	0.00906696	0.00231072	0.00924288	0.988583	0.0132744	0.988583	0.0132744	3.89665e-05
10084	1	100	3	500	0.0243112	0.0152066	0.0129305	0.00227615	0.0091046	0.984419	0.0123162	0.984451	0.0123506	3.72339e-05
10085	1	100	4	500	0.0289479	0.0175396	0.0146875	0.00285206	0.0114083	0.982908	0.0138211	0.983128	0.0140263	3.74929e-05
10086	1	100	8	500	0.037026	0.0202007	0.0159944	0.00420632	0.0168253	0.981293	0.0145568	0.981293	0.0145568	3.8331e-05
10087	1	100	5	500	0.0418067	0.0213131	0.0161897	0.0051234	0.0204936	0.977065	0.0319026	0.977284	0.0311222	3.88132e-05
10088	1	100	9	500	0.046492	0.0223032	0.016256	0.00604719	0.0241888	0.977011	0.028524	0.977011	0.028524	3.96677e-05
10089	1	100	6	500	0.042276	0.020071	0.0145198	0.00555124	0.022205	0.978505	0.0278154	0.978505	0.0278154	4.05098e-05
10090	1	100	8	500	0.0421416	0.019256	0.0135346	0.00572139	0.0228855	0.982916	0.0165996	0.982916	0.0165996	4.17015e-05
10091	1	100	6	500	0.0324921	0.0166833	0.0127311	0.00395221	0.0158088	0.980711	0.0311947	0.980751	0.0311884	4.10732e-05
10092	1	100	7	500	0.0395361	0.0191418	0.0140432	0.00509859	0.0203944	0.983098	0.0157583	0.983098	0.0157583	4.10781e-05
10093	1	100	7	500	0.0373342	0.018318	0.0135639	0.00475407	0.0190163	0.982839	0.0143774	0.982883	0.0143555	4.11686e-05
10094	1	100	6	500	0.0282483	0.0147034	0.0113172	0.00338621	0.0135448	0.984979	0.0146383	0.985449	0.0148018	4.12112e-05
10095	1	100	8	500	0.0213855	0.0135703	0.0116164	0.00195382	0.00781528	0.985873	0.0124915	0.985971	0.0124121	4.03245e-05
10096	1	100	5	500	0.0248523	0.0156573	0.0133586	0.00229874	0.00919495	0.985094	0.0119973	0.985094	0.0119973	3.84747e-05
10097	1	100	4	500	0.0251634	0.0150746	0.0125524	0.0025222	0.0100888	0.984584	0.0134538	0.984648	0.0135148	3.96975e-05
10098	1	100	7	500	0.0280082	0.014681	0.0113171	0.00336391	0.0133272	0.98665	0.0140553	0.986714	0.0140452	4.19588e-05
10099	1	100	12	500	0.0269607	0.0151219	0.0121502	0.00297167	0.0118388	0.984585	0.0120134	0.984608	0.0119962	4.16698e-05
10100	1	100	7	500	0.0267992	0.0127252	0.00920675	0.00351849	0.014074	0.989245	0.0130336	0.989258	0.0130415	4.36739e-05
10101	1	100	4	500	0.0284166	0.0148809	0.011497	0.00338392	0.0135357	0.985021	0.0237858	0.985021	0.0237858	4.29661e-05
