Generation	PopulationID	SampleSize	UniqueMutations	PopulationSize	totalLoad	RelzLoad	RelzLoadHomo	RelzLoadHetero	MskLoad	MeanFitness	SdFitness	MeanFitnessCached	SdFitnessCached	Heterozygosity	
10001	1	100	61	500	0.140363	0.122119	0.0707054	0.0514134	0.0182438	0.880463	0.0410001	1.06403	0.0423724	2.81654e-05
10002	1	100	32	500	0.12761	0.105506	0.0447924	0.0607135	0.022104	0.896994	0.03231	1.09057	0.0307005	2.87161e-05
10003	1	100	22	500	0.138209	0.108042	0.0457717	0.0622707	0.030167	0.895473	0.0334232	1.08757	0.0304729	2.81377e-05
10004	1	100	21	500	0.150312	0.110268	0.0389798	0.0712884	0.040044	0.893784	0.0412863	1.08319	0.0380353	2.79801e-05
10005	1	100	21	500	0.173145	0.12169	0.0391073	0.0825824	0.0514557	0.885797	0.0411075	1.0865	0.0376201	2.77687e-05
10006	1	100	21	500	0.151196	0.113395	0.0407143	0.0726808	0.0378013	0.891729	0.0371975	1.08858	0.0391549	2.71144e-05
10007	1	100	17	500	0.142613	0.111566	0.0384471	0.0731186	0.0310478	0.891851	0.0399421	1.08995	0.0354827	2.64421e-05
10008	1	100	18	500	0.16821	0.124797	0.050864	0.0739327	0.0434134	0.881667	0.0325256	1.09484	0.0351228	2.64196e-05
10009	1	100	16	500	0.169624	0.128514	0.059919	0.0685947	0.04111	0.876329	0.0379039	1.09644	0.0386457	2.63772e-05
10010	1	100	17	500	0.192086	0.135099	0.0612375	0.0738618	0.0569872	0.873419	0.0360935	1.09261	0.0350061	2.47589e-05
10011	1	100	16	500	0.187236	0.134057	0.0579216	0.0761357	0.0531785	0.874845	0.0338757	1.09544	0.0366927	2.26383e-05
10012	1	100	21	500	0.185357	0.136474	0.0538026	0.0826712	0.048883	0.871677	0.0299511	1.10238	0.030958	2.21716e-05
10013	1	100	20	500	0.208504	0.143622	0.0556123	0.0880093	0.0648824	0.866169	0.0315521	1.09499	0.0369954	2.36505e-05
10014	1	100	16	500	0.236462	0.152549	0.0612225	0.0913265	0.0839131	0.859941	0.0333736	1.09401	0.0351113	2.3115e-05
10015	1	100	16	500	0.206779	0.142841	0.0517729	0.0910682	0.0639378	0.865742	0.0350853	1.1002	0.0362164	2.26803e-05
10016	1	100	18	500	0.203265	0.141821	0.0503012	0.0915196	0.0614439	0.864003	0.0526307	1.09875	0.06289	2.32721e-05
10017	1	100	15	500	0.221431	0.149994	0.0552074	0.0947869	0.0714371	0.861499	0.0283013	1.10157	0.0323812	2.47072e-05
10018	1	100	18	500	0.216757	0.149968	0.0547377	0.0952301	0.0667892	0.860793	0.025642	1.10599	0.0313881	2.41554e-05
10019	1	100	16	500	0.180776	0.139245	0.0523988	0.0868458	0.0415313	0.866371	0.0254057	1.11368	0.0280296	2.21901e-05
10020	1	100	17	500	0.165628	0.134614	0.0466366	0.0879778	0.0310137	0.87192	0.0215638	1.11426	0.0235045	2.44295e-05
10021	1	100	15	500	0.150249	0.132809	0.0452303	0.0875786	0.0174399	0.871514	0.0162175	1.11787	0.0201201	2.53547e-05
10022	1	100	15	500	0.156312	0.136247	0.0488235	0.0874231	0.0200655	0.870997	0.0100647	1.12131	0.0130446	2.47703e-05
10023	1	100	14	500	0.147872	0.133759	0.0511604	0.0825983	0.0141135	0.870523	0.0126444	1.12223	0.0170214	2.24641e-05
10024	1	100	14	500	0.146147	0.134023	0.0558257	0.0781976	0.0121239	0.870035	0.00843303	1.12508	0.0108808	2.13498e-05
10025	1	100	15	500	0.151627	0.135811	0.0582986	0.0775129	0.0158159	0.867246	0.0130683	1.12301	0.0159471	2.15351e-05
10026	1	100	18	500	0.155074	0.137219	0.0603414	0.0768773	0.0178553	0.866267	0.0130093	1.12285	0.0167906	2.18632e-05
10027	1	100	16	500	0.160108	0.1387	0.0610174	0.077683	0.0214073	0.86595	0.01099	1.12287	0.0131867	2.21277e-05
10028	1	100	17	500	0.171002	0.141533	0.063517	0.078016	0.029469	0.863796	0.0142935	1.12016	0.0205013	2.24729e-05
10029	1	100	13	500	0.161118	0.138866	0.0639552	0.0749105	0.0222517	0.866342	0.00997057	1.12478	0.0129806	2.15603e-05
10030	1	100	14	500	0.157556	0.137534	0.0590992	0.0784346	0.0200222	0.867097	0.0116856	1.12346	0.0167173	2.26052e-05
10031	1	100	16	500	0.151668	0.136902	0.0686142	0.0682879	0.0147654	0.866742	0.00780995	1.12693	0.0112653	2.00067e-05
10032	1	100	15	500	0.15403	0.137253	0.0697383	0.0675149	0.0167768	0.866872	0.00652954	1.12637	0.00972931	2.00675e-05
10033	1	100	19	500	0.154802	0.136994	0.0703967	0.0665969	0.0178087	0.867081	0.00794725	1.12602	0.0111611	1.94988e-05
10034	1	100	16	500	0.162141	0.139633	0.0744772	0.0651561	0.0225078	0.864257	0.0093473	1.12467	0.0140092	1.88349e-05
10035	1	100	18	500	0.159807	0.13899	0.0761097	0.0628808	0.0208162	0.86337	0.0165404	1.12352	0.0244541	1.86118e-05
10036	1	100	18	500	0.16482	0.1393	0.0735859	0.0657138	0.0255203	0.865096	0.0120641	1.12194	0.0177073	1.97379e-05
10037	1	100	18	500	0.164956	0.140478	0.0744668	0.0660107	0.0244789	0.862574	0.0211983	1.12123	0.0316352	1.927e-05
10038	1	100	19	500	0.170562	0.142323	0.0751073	0.067216	0.0282388	0.863768	0.00759573	1.12214	0.0155021	1.9044e-05
10039	1	100	15	500	0.181666	0.146018	0.0651048	0.0809137	0.0356471	0.862391	0.0104555	1.11646	0.0186184	2.24082e-05
10040	1	100	16	500	0.182792	0.147174	0.0754534	0.0717205	0.0356177	0.856355	0.031686	1.11152	0.0475458	1.98895e-05
10041	1	100	14	500	0.185908	0.150479	0.0865229	0.0639565	0.0354289	0.850358	0.0428852	1.10466	0.0633405	1.7788e-05
10042	1	100	15	500	0.176613	0.146724	0.0892207	0.0575037	0.0298881	0.857933	0.0296111	1.11609	0.0438007	1.63458e-05
10043	1	100	11	500	0.177097	0.146718	0.088508	0.0582104	0.0303788	0.861049	0.00961048	1.11966	0.0216375	1.66485e-05
10044	1	100	11	500	0.177177	0.146388	0.0864415	0.0599468	0.0307886	0.860096	0.0216583	1.11775	0.0344828	1.69356e-05
10045	1	100	18	500	0.180079	0.147628	0.0867466	0.0608817	0.0324508	0.861157	0.00981377	1.11904	0.0209345	1.75926e-05
10046	1	100	8	500	0.165603	0.142015	0.0821539	0.0598609	0.023588	0.863377	0.00964796	1.12119	0.0204818	1.76722e-05
10047	1	100	11	500	0.166087	0.142187	0.0830291	0.0591578	0.0238996	0.863737	0.0113684	1.12135	0.020106	1.79208e-05
10048	1	100	7	500	0.167941	0.143185	0.0823682	0.0608165	0.0247567	0.858929	0.0273275	1.11551	0.0414128	1.78094e-05
10049	1	100	6	500	0.172553	0.145996	0.0834501	0.0625463	0.0265563	0.860497	0.0147772	1.12068	0.0250112	1.79968e-05
10050	1	100	11	500	0.179967	0.149592	0.0894097	0.0601827	0.0303747	0.860061	0.0149366	1.12502	0.0247551	1.76653e-05
10051	1	100	12	500	0.185966	0.151409	0.0857242	0.0656853	0.0345562	0.856506	0.0302968	1.11883	0.044674	1.79174e-05
10052	1	100	15	500	0.186886	0.150053	0.0841587	0.0658941	0.0368328	0.854094	0.0312103	1.11551	0.0483646	1.80762e-05
10053	1	100	10	500	0.173436	0.144854	0.0816245	0.0632299	0.0285814	0.861336	0.0117617	1.11776	0.0251172	1.78083e-05
10054	1	100	9	500	0.170179	0.143233	0.0801481	0.0630846	0.0269463	0.863506	0.0112254	1.11982	0.0216997	1.79823e-05
10055	1	100	11	500	0.17247	0.143643	0.0799989	0.0636437	0.0288276	0.862943	0.0112908	1.11871	0.0219431	1.83085e-05
10056	1	100	12	500	0.178715	0.146127	0.0827035	0.0634237	0.0325879	0.862722	0.0181728	1.11773	0.0242242	1.80542e-05
10057	1	100	11	500	0.16546	0.141173	0.088231	0.052942	0.024287	0.863784	0.0121652	1.12374	0.0231382	1.61975e-05
10058	1	100	8	500	0.17194	0.141951	0.0880965	0.0538541	0.0299892	0.863957	0.0141252	1.12071	0.0223767	1.61598e-05
10059	1	100	11	500	0.173032	0.143618	0.0839183	0.0596997	0.029414	0.862336	0.0104477	1.1211	0.0206512	1.76576e-05
10060	1	100	10	500	0.180015	0.146432	0.0802791	0.0661526	0.0335831	0.860756	0.0127334	1.11608	0.0239779	1.87224e-05
10061	1	100	12	500	0.179401	0.146702	0.0855082	0.0611936	0.0326993	0.859349	0.0234113	1.11956	0.0256154	1.81562e-05
10062	1	100	12	500	0.176936	0.145011	0.0876295	0.0573815	0.0319254	0.859955	0.0221126	1.12003	0.0325004	1.73077e-05
10063	1	100	10	500	0.166208	0.142861	0.0904509	0.0524098	0.0233472	0.859554	0.0274884	1.12143	0.0405695	1.73553e-05
10064	1	100	10	500	0.162689	0.140701	0.0949957	0.0457054	0.0219881	0.862698	0.0125145	1.1243	0.020158	1.59965e-05
10065	1	100	11	500	0.155346	0.137392	0.0944736	0.0429185	0.0179541	0.865378	0.0154304	1.12445	0.0210079	1.61273e-05
10066	1	100	8	500	0.159193	0.139606	0.0886106	0.0509957	0.0195867	0.865001	0.0072775	1.12632	0.0128252	1.76233e-05
10067	1	100	12	500	0.166226	0.14145	0.0913246	0.0501255	0.0247758	0.85992	0.0271207	1.12072	0.0396801	1.73689e-05
10068	1	100	14	500	0.166033	0.141426	0.0831787	0.0582471	0.024607	0.86386	0.0104532	1.12232	0.0185326	1.98427e-05
10069	1	100	16	500	0.162619	0.141089	0.0805714	0.0605172	0.0215303	0.863746	0.0097232	1.12174	0.0204256	2.05171e-05
10070	1	100	15	500	0.157402	0.137352	0.0757971	0.0615548	0.0200499	0.865938	0.0169883	1.11827	0.0262841	2.09109e-05
10071	1	100	17	500	0.167954	0.140164	0.0759924	0.0641718	0.0277901	0.866802	0.0168161	1.11744	0.0245291	2.14214e-05
10072	1	100	12	500	0.186683	0.146886	0.0857749	0.0611116	0.0397966	0.858289	0.029809	1.11232	0.0441256	1.98679e-05
10073	1	100	14	500	0.214691	0.158009	0.0876735	0.0703358	0.0566819	0.851121	0.0489966	1.10186	0.0703079	2.02194e-05
10074	1	100	11	500	0.219134	0.159705	0.0847639	0.0749409	0.0594296	0.856976	0.0301376	1.10223	0.0462388	2.13327e-05
10075	1	100	10	500	0.233806	0.166757	0.0875252	0.0792317	0.0670493	0.852056	0.0348531	1.095	0.0499036	2.15967e-05
10076	1	100	12	500	0.213136	0.156476	0.0792916	0.0771843	0.0566606	0.858073	0.0202782	1.1073	0.0330184	2.13344e-05
10077	1	100	13	500	0.21434	0.154256	0.0760613	0.0781944	0.0600842	0.857739	0.030603	1.1053	0.0416024	2.17665e-05
10078	1	100	14	500	0.186375	0.142959	0.0689154	0.0740436	0.0434162	0.863961	0.0203621	1.1133	0.0278496	2.14348e-05
10079	1	100	15	500	0.206404	0.14707	0.0690609	0.0780089	0.0593345	0.860369	0.0287413	1.10644	0.0390441	2.1358e-05
10080	1	100	14	500	0.245532	0.159615	0.0749687	0.084646	0.0859174	0.854411	0.0315054	1.09868	0.0434728	2.14732e-05
10081	1	100	14	500	0.28678	0.173056	0.0817043	0.0913521	0.113724	0.842582	0.0752516	1.07669	0.0951922	2.18911e-05
10082	1	100	14	500	0.263694	0.163878	0.0765569	0.0873211	0.0998162	0.855643	0.0375373	1.08531	0.0427171	2.19347e-05
10083	1	100	14	500	0.277629	0.168824	0.0786632	0.0901612	0.108805	0.844426	0.0859679	1.07243	0.110353	2.23591e-05
10084	1	100	13	500	0.287069	0.17463	0.0833394	0.091291	0.112438	0.837508	0.0743496	1.07287	0.0939344	2.24826e-05
10085	1	100	16	500	0.282551	0.179116	0.0922529	0.0868628	0.103435	0.843835	0.0465149	1.08806	0.0635265	2.22272e-05
10086	1	100	12	500	0.29036	0.182089	0.0935781	0.0885104	0.108271	0.832974	0.0915311	1.06721	0.117033	2.26238e-05
10087	1	100	12	500	0.35478	0.213775	0.116863	0.0969115	0.141005	0.811942	0.105882	1.04664	0.138767	2.30615e-05
10088	1	100	14	500	0.367328	0.217612	0.118081	0.0995308	0.149715	0.817806	0.0957283	1.05204	0.124735	2.3386e-05
10089	1	100	13	500	0.339825	0.211549	0.116776	0.0947733	0.128276	0.81924	0.0940455	1.04625	0.123392	2.36802e-05
10090	1	100	13	500	0.288583	0.178003	0.0875787	0.0904239	0.110581	0.834353	0.0981004	1.06339	0.122933	2.4476e-05
10091	1	100	19	500	0.279714	0.173515	0.0847057	0.0888098	0.106199	0.845047	0.0581198	1.07868	0.0710391	2.42687e-05
10092	1	100	14	500	0.257659	0.166584	0.0856271	0.0809571	0.0910752	0.837219	0.106888	1.07943	0.136277	2.26726e-05
10093	1	100	15	500	0.242966	0.159883	0.076186	0.0836974	0.0830829	0.849671	0.0486229	1.09512	0.0642792	2.34012e-05
10094	1	100	17	500	0.222795	0.151501	0.0714788	0.0800221	0.071294	0.849287	0.0836809	1.09334	0.107692	2.29962e-05
10095	1	100	13	500	0.262696	0.164406	0.0777779	0.0866285	0.0982899	0.851726	0.0345704	1.09698	0.0406718	2.26723e-05
10096	1	100	15	500	0.236776	0.152312	0.0681611	0.0841513	0.084464	0.855731	0.0625603	1.09229	0.0773123	2.25908e-05
10097	1	100	16	500	0.23415	0.150035	0.0666049	0.0834304	0.084115	0.859928	0.0365936	1.09408	0.0395931	2.28455e-05
10098	1	100	16	500	0.225231	0.146363	0.0642601	0.0821031	0.0788681	0.856531	0.0585103	1.08541	0.0642293	2.27057e-05
10099	1	100	21	500	0.258554	0.16056	0.0773603	0.0831998	0.0979936	0.850838	0.0444076	1.08937	0.0468709	2.1895e-05
10100	1	100	21	500	0.257344	0.163286	0.0811539	0.0821324	0.0940579	0.842394	0.0666261	1.08511	0.0754971	2.15645e-05
10101	1	100	19	500	0.236165	0.154558	0.071892	0.0826656	0.0816076	0.856788	0.0388394	1.10055	0.0390176	2.29503e-05
