Generation	PopulationID	SampleSize	UniqueMutations	PopulationSize	totalLoad	RelzLoad	RelzLoadHomo	RelzLoadHetero	MskLoad	MeanFitness	SdFitness	MeanFitnessCached	SdFitnessCached	Heterozygosity	
10001	1	100	49	500	0.203847	0.195754	0.16031	0.0354443	0.00809342	0.813869	0.0271343	1.19955	0.0362118	2.92336e-05
10002	1	100	28	500	0.0794504	0.0709	0.0420764	0.0288236	0.00855043	0.93069	0.0262848	1.06586	0.0283145	2.98872e-05
10003	1	100	22	500	0.0749753	0.0670151	0.0419449	0.0250702	0.00796024	0.934563	0.0210545	1.06226	0.0231216	3.03372e-05
10004	1	100	21	500	0.068119	0.06007	0.0397332	0.0203368	0.00804899	0.940887	0.0150615	1.0545	0.016559	3.13891e-05
10005	1	100	23	500	0.0657882	0.0573329	0.0387829	0.01855	0.00845531	0.943825	0.0170444	1.05179	0.0176755	3.10043e-05
10006	1	100	24	500	0.0655173	0.0572141	0.0394344	0.0177797	0.00830316	0.943806	0.0160351	1.0515	0.0183976	2.98556e-05
10007	1	100	19	500	0.0697206	0.0597401	0.039401	0.0203391	0.00998047	0.941517	0.0163724	1.05323	0.0173246	3.11308e-05
10008	1	100	18	500	0.0722917	0.0639186	0.0428761	0.0210425	0.00837305	0.937344	0.0193701	1.05875	0.0205496	2.92021e-05
10009	1	100	18	500	0.0684544	0.0621593	0.0411344	0.0210249	0.00629505	0.93929	0.0179025	1.05798	0.0213048	3.13152e-05
10010	1	100	14	500	0.067811	0.061965	0.0395699	0.0223951	0.00584603	0.939502	0.0174167	1.05786	0.0201103	3.27583e-05
10011	1	100	13	500	0.0670717	0.0622425	0.0404343	0.0218082	0.00482919	0.938773	0.016153	1.05836	0.0209596	3.18035e-05
10012	1	100	14	500	0.0652988	0.0604082	0.0397961	0.0206121	0.00489061	0.940779	0.0163416	1.05696	0.0187198	3.04646e-05
10013	1	100	17	500	0.0720196	0.062665	0.0387984	0.0238665	0.00935458	0.938968	0.017761	1.05661	0.0219079	3.27739e-05
10014	1	100	13	500	0.0730576	0.0628587	0.0381682	0.0246905	0.0101989	0.938992	0.0173443	1.05628	0.0217315	3.28242e-05
10015	1	100	15	500	0.0731421	0.0638563	0.0359023	0.0279539	0.00928585	0.937429	0.0183655	1.05603	0.0232244	3.65984e-05
10016	1	100	15	500	0.0861926	0.0683373	0.038501	0.0298363	0.0178553	0.933107	0.0200551	1.05608	0.0285564	3.531e-05
10017	1	100	16	500	0.0833211	0.0635572	0.0372276	0.0263296	0.0197639	0.938316	0.0205185	1.0513	0.0270734	3.39873e-05
10018	1	100	18	500	0.0965651	0.0666143	0.0393296	0.0272847	0.0299508	0.936215	0.0223393	1.04848	0.0285559	3.27145e-05
10019	1	100	15	500	0.0897441	0.0675719	0.0439621	0.0236098	0.0221722	0.934381	0.0208458	1.05401	0.0266937	2.98212e-05
10020	1	100	12	500	0.0691818	0.066009	0.0454514	0.0205576	0.00317283	0.93471	0.0202614	1.06332	0.0231503	2.92563e-05
10021	1	100	15	500	0.0727184	0.0668528	0.0456375	0.0212154	0.00586564	0.934449	0.0177895	1.06303	0.0215959	2.89996e-05
10022	1	100	13	500	0.0741956	0.067311	0.0441757	0.0231353	0.00688453	0.934143	0.0189251	1.06283	0.0225629	3.08313e-05
10023	1	100	13	500	0.073296	0.0663452	0.0434282	0.022917	0.00695079	0.935014	0.0196781	1.06158	0.0248973	3.08617e-05
10024	1	100	14	500	0.0766319	0.0687255	0.0442093	0.0245162	0.00790642	0.933061	0.0179384	1.06381	0.0225432	3.12964e-05
10025	1	100	13	500	0.0742588	0.0647322	0.0417731	0.0229591	0.0095266	0.936868	0.0176839	1.05879	0.0232636	3.19503e-05
10026	1	100	15	500	0.0759367	0.0647598	0.0391462	0.0256136	0.0111769	0.935985	0.0207029	1.05604	0.0297235	3.53137e-05
10027	1	100	12	500	0.072079	0.0645266	0.0380254	0.0265012	0.00755247	0.937407	0.0182716	1.05914	0.0222584	3.62026e-05
10028	1	100	15	500	0.0689764	0.0630262	0.038191	0.0248351	0.00595027	0.938105	0.0205601	1.05795	0.0260987	3.54034e-05
10029	1	100	11	500	0.0656497	0.062905	0.0434816	0.0194234	0.00274469	0.938261	0.0192587	1.06064	0.022846	2.91644e-05
10030	1	100	5	500	0.024144	0.0230768	0.00494943	0.0181274	0.00106723	0.977061	0.0193751	1.02203	0.0200469	2.72859e-05
10031	1	100	7	500	0.0276167	0.0265105	0.00651609	0.0199944	0.00110619	0.973553	0.0206122	1.02541	0.0218832	2.76596e-05
10032	1	100	7	500	0.0250538	0.0238085	0.00531609	0.0184925	0.00124521	0.976005	0.0224269	1.02246	0.0230725	2.78203e-05
10033	1	100	7	500	0.0240253	0.0227708	0.00489704	0.0178737	0.00125453	0.977038	0.0198369	1.02099	0.0217093	2.81559e-05
10034	1	100	7	500	0.0244968	0.0228992	0.00553132	0.0173678	0.00159764	0.977018	0.0193728	1.01981	0.0224127	2.83219e-05
10035	1	100	4	500	0.0246575	0.0231708	0.00559012	0.0175806	0.00148672	0.976858	0.0162398	1.0207	0.0185834	2.84806e-05
10036	1	100	5	500	0.0244052	0.0214251	0.00467799	0.0167471	0.00298013	0.978638	0.0195567	1.01732	0.0220527	2.87923e-05
10037	1	100	5	500	0.0251054	0.0234022	0.00578236	0.0176198	0.00170321	0.976766	0.0187174	1.01929	0.0218619	2.89941e-05
10038	1	100	7	500	0.0284679	0.0265919	0.00732324	0.0192686	0.00187604	0.973516	0.0185898	1.02311	0.0215385	2.97207e-05
10039	1	100	5	500	0.0289744	0.0269791	0.00810494	0.0188741	0.00199529	0.973275	0.018921	1.02296	0.0223729	2.92172e-05
10040	1	100	7	500	0.0305393	0.0276276	0.00974531	0.0178823	0.00291173	0.972469	0.02041	1.02261	0.0244013	2.83489e-05
10041	1	100	7	500	0.0314449	0.0296479	0.0108869	0.018761	0.00179706	0.970302	0.0216979	1.02677	0.024724	2.89486e-05
10042	1	100	6	500	0.0308423	0.0272785	0.00809422	0.0191843	0.00356377	0.972986	0.0195959	1.02265	0.0223528	2.94471e-05
10043	1	100	9	500	0.0332649	0.0291629	0.00923966	0.0199232	0.00410203	0.970637	0.0197943	1.02369	0.0250249	2.96366e-05
10044	1	100	13	500	0.0405052	0.0339913	0.0117501	0.0222413	0.00651387	0.966144	0.0209348	1.02835	0.0253417	3.01235e-05
10045	1	100	11	500	0.0365274	0.0322142	0.0101033	0.022111	0.00431323	0.967677	0.0200337	1.02777	0.0257976	3.05747e-05
10046	1	100	11	500	0.0388814	0.0337847	0.0122108	0.0215738	0.0050967	0.966317	0.0195441	1.02858	0.0237805	2.94383e-05
10047	1	100	7	500	0.0387765	0.0344321	0.0144431	0.019989	0.00434438	0.965889	0.0193426	1.03014	0.0228117	2.76128e-05
10048	1	100	6	500	0.0385609	0.0329108	0.0113318	0.0215791	0.00565012	0.967096	0.0230336	1.02765	0.0270088	2.93203e-05
10049	1	100	6	500	0.0382168	0.0322587	0.0118467	0.020412	0.00595815	0.967775	0.0180294	1.0265	0.0236492	2.88762e-05
10050	1	100	7	500	0.0371283	0.0305759	0.0104472	0.0201288	0.00655244	0.969655	0.0193269	1.0251	0.023558	2.90899e-05
10051	1	100	9	500	0.0383912	0.0341007	0.0128644	0.0212363	0.00429051	0.965629	0.0232294	1.02999	0.0262457	2.9454e-05
10052	1	100	7	500	0.0345768	0.0310696	0.0125471	0.0185225	0.00350722	0.969281	0.0204364	1.02779	0.0227782	2.80708e-05
10053	1	100	10	500	0.033847	0.0310357	0.0127295	0.0183062	0.00281135	0.968964	0.0217478	1.02786	0.0242121	2.75186e-05
10054	1	100	8	500	0.0349486	0.0334997	0.0149459	0.0185538	0.00144886	0.966167	0.0240176	1.03142	0.0262407	2.71007e-05
10055	1	100	5	500	0.0403428	0.0367745	0.0192743	0.0175002	0.00356831	0.963171	0.0219703	1.03293	0.0266644	2.38461e-05
10056	1	100	7	500	0.0384029	0.0354586	0.0180358	0.0174227	0.00294434	0.964744	0.0204884	1.03189	0.0232828	2.44205e-05
10057	1	100	6	500	0.040266	0.0386971	0.0218902	0.0168069	0.00156891	0.961242	0.0209711	1.03581	0.0245338	2.31706e-05
10058	1	100	7	500	0.0442325	0.0421888	0.0248869	0.0173019	0.00204362	0.957666	0.024469	1.03965	0.0278311	2.28909e-05
10059	1	100	5	500	0.0400677	0.0378849	0.0208728	0.0170121	0.00218279	0.961444	0.0244737	1.03503	0.0276515	2.45823e-05
10060	1	100	3	500	0.0480756	0.0471385	0.0329478	0.0141906	0.000937179	0.952864	0.0187093	1.0462	0.0200337	2.00935e-05
10061	1	100	7	500	0.0495446	0.0480591	0.0340622	0.0139969	0.00148546	0.952007	0.0221525	1.04695	0.0237631	1.95914e-05
10062	1	100	5	500	0.0538217	0.05283	0.0414585	0.0113715	0.000991666	0.945851	0.0200177	1.0507	0.0240944	1.6502e-05
10063	1	100	5	500	0.0527676	0.0514463	0.0391103	0.012336	0.00132128	0.948376	0.0182462	1.05006	0.0194658	1.73965e-05
10064	1	100	8	500	0.0532692	0.0513371	0.0387088	0.0126283	0.0019321	0.948681	0.0190669	1.04984	0.0205368	1.76641e-05
10065	1	100	9	500	0.0570424	0.0560793	0.0467541	0.00932517	0.000963138	0.94366	0.0171379	1.05515	0.0185477	1.49571e-05
10066	1	100	11	500	0.0583163	0.0566501	0.0474209	0.00922926	0.00166617	0.943261	0.0162958	1.05546	0.0165533	1.51718e-05
10067	1	100	7	500	0.0624236	0.0614764	0.056283	0.00519338	0.000947148	0.93842	0.0122385	1.06084	0.0126267	1.09054e-05
10068	1	100	9	500	0.0667962	0.065196	0.0629209	0.00227506	0.00160026	0.934698	0.00885241	1.06392	0.00945169	7.53496e-06
10069	1	100	8	500	0.0664501	0.0651862	0.0631209	0.00206526	0.00126391	0.934734	0.00795085	1.0644	0.00815408	6.48214e-06
10070	1	100	11	500	0.067102	0.065338	0.0630707	0.00226723	0.001764	0.934761	0.00756071	1.06418	0.00797616	7.14312e-06
10071	1	100	10	500	0.0669718	0.0647618	0.0617752	0.00298662	0.00221	0.93534	0.00907407	1.06337	0.00898364	7.58394e-06
10072	1	100	10	500	0.0678132	0.0658275	0.064026	0.00180152	0.00198573	0.934162	0.00678412	1.06467	0.00697162	5.78502e-06
10073	1	100	8	500	0.0656099	0.0649721	0.0630457	0.00192636	0.000637839	0.93463	0.00914925	1.06469	0.00969449	6.24318e-06
10074	1	100	5	500	0.000901552	0.000186394	7.60499e-06	0.000178789	0.000715158	0.999635	0.00314654	0.999794	0.0031605	4.85683e-06
10075	1	100	7	500	0.00204389	0.000451212	5.3044e-05	0.000398168	0.00159267	0.999442	0.00258149	0.999442	0.00258149	5.90702e-06
10076	1	100	8	500	0.00123021	0.000263709	2.20828e-05	0.000241626	0.000966503	0.999463	0.00367803	0.999545	0.00368887	5.41697e-06
10077	1	100	6	500	0.00247374	0.000664921	7.2348e-05	0.000592573	0.00180882	0.998961	0.00624427	0.999446	0.00630592	5.41287e-06
10078	1	100	7	500	0.00485351	0.00119403	0.000279167	0.000914868	0.00365947	0.998851	0.00324252	0.998851	0.00324253	6.43552e-06
10079	1	100	5	500	0.00296847	0.000669352	9.45731e-05	0.000574779	0.00229912	0.999248	0.0033659	0.999281	0.00329584	7.87982e-06
10080	1	100	7	500	0.00512119	0.00119099	0.00020844	0.000982551	0.0039302	0.99866	0.0057459	0.99866	0.00574591	8.90057e-06
10081	1	100	8	500	0.013131	0.00292674	0.000375671	0.00255107	0.0102043	0.997144	0.00900484	0.997417	0.00908702	8.67454e-06
10082	1	100	11	500	0.00870516	0.00187904	0.000172512	0.00170653	0.00682611	0.99808	0.00671182	0.99808	0.00671182	9.11248e-06
10083	1	100	8	500	0.0216692	0.0049839	0.000812558	0.00417134	0.0166854	0.995293	0.0132423	0.995293	0.0132423	9.33159e-06
10084	1	100	10	500	0.0356176	0.00842931	0.00163223	0.00679708	0.0271883	0.992477	0.0169419	0.992477	0.0169419	1.05229e-05
10085	1	100	10	500	0.0376782	0.00944354	0.00238489	0.00705865	0.0282346	0.991448	0.017688	0.99156	0.0176922	1.21512e-05
10086	1	100	12	500	0.0426985	0.0104373	0.00237204	0.0080653	0.0322612	0.991222	0.0176158	0.991331	0.0176354	1.37083e-05
10087	1	100	12	500	0.037628	0.0100387	0.00236269	0.00767604	0.0275892	0.985623	0.055979	0.987205	0.056325	1.37699e-05
10088	1	100	13	500	0.0401661	0.0102499	0.00154662	0.00870328	0.0299162	0.988002	0.0414986	0.990592	0.0420361	1.23062e-05
10089	1	100	11	500	0.0235326	0.00635253	0.000570469	0.00578206	0.0171801	0.993662	0.0141065	0.99678	0.0151263	1.25952e-05
10090	1	100	12	500	0.0337861	0.00903267	0.00149898	0.00753369	0.0247535	0.992058	0.0161922	0.994991	0.0173062	1.46717e-05
10091	1	100	10	500	0.0308793	0.00717495	0.00124886	0.00592608	0.0237043	0.992981	0.0160597	0.994197	0.0151069	1.43216e-05
10092	1	100	9	500	0.0381565	0.00939617	0.00220609	0.00719009	0.0287604	0.992221	0.0177348	0.992438	0.0174846	1.35251e-05
10093	1	100	10	500	0.0156887	0.00346997	0.000415302	0.00305467	0.0122187	0.996835	0.0110846	0.996835	0.0110846	1.30321e-05
10094	1	100	8	500	0.00374317	0.00083801	0.000111721	0.000726289	0.00290516	0.99913	0.00248582	0.99913	0.00248582	1.27282e-05
10095	1	100	9	500	0.00169515	0.000395596	7.07072e-05	0.000324889	0.00129956	0.999568	0.00143816	0.999568	0.00143817	1.1411e-05
10096	1	100	6	500	0.00374667	0.000879508	0.000162718	0.00071679	0.00286716	0.999088	0.00327976	0.999088	0.00327976	1.27334e-05
10097	1	100	7	500	0.00168355	0.000413639	9.6161e-05	0.000317478	0.00126991	0.999424	0.0031621	0.999424	0.0031621	1.35497e-05
10098	1	100	5	500	0.00190558	0.000467491	0.000107969	0.000359521	0.00143809	0.999011	0.00658604	0.999011	0.00658603	1.27731e-05
10099	1	100	6	500	0.00322073	0.000749047	0.000131125	0.000617922	0.00247169	0.998616	0.00693953	0.998616	0.00693953	1.28383e-05
10100	1	100	4	500	0.00209328	0.000599363	0.000186781	0.000412582	0.00149392	0.999222	0.00397957	0.9993	0.00399411	1.20095e-05
10101	1	100	4	500	0.00365905	0.00116699	0.000543973	0.000623016	0.00249207	0.998482	0.00456992	0.998482	0.00456992	1.41264e-05
