Generation	PopulationID	SampleSize	UniqueMutations	PopulationSize	totalLoad	RelzLoad	RelzLoadHomo	RelzLoadHetero	MskLoad	MeanFitness	SdFitness	MeanFitnessCached	SdFitnessCached	Heterozygosity	
10001	1	100	35	500	0.490404	0.478425	0.397745	0.0806804	0.0119788	0.566348	0.10614	1.51348	0.142043	1.39877e-05
10002	1	100	22	500	0.515621	0.505298	0.444012	0.061286	0.0103229	0.544244	0.0965566	1.54637	0.125553	1.28728e-05
10003	1	100	18	500	0.53655	0.524595	0.479427	0.045168	0.0119554	0.527625	0.0814624	1.56709	0.104055	1.23031e-05
10004	1	100	23	500	0.542831	0.523111	0.476058	0.0470534	0.01972	0.529972	0.0749999	1.55922	0.0971058	1.2211e-05
10005	1	100	11	500	0.444242	0.420428	0.395718	0.0247094	0.0238147	0.583549	0.0609649	1.40375	0.0656677	1.0824e-05
10006	1	100	10	500	0.447067	0.417561	0.386574	0.0309871	0.0295063	0.587649	0.069539	1.39619	0.0691927	1.24046e-05
10007	1	100	12	500	0.455406	0.419526	0.386118	0.033408	0.0358804	0.587427	0.0697375	1.39342	0.0731215	1.35611e-05
10008	1	100	10	500	0.460812	0.42575	0.398234	0.0275163	0.0350616	0.580789	0.0619039	1.39957	0.0641366	1.26611e-05
10009	1	100	11	500	0.446323	0.418978	0.389897	0.0290817	0.0273446	0.585905	0.066571	1.39871	0.0691477	1.28799e-05
10010	1	100	14	500	0.452321	0.423639	0.39697	0.0266686	0.0286825	0.579917	0.0679806	1.3943	0.0874782	1.44152e-05
10011	1	100	12	500	0.443226	0.414549	0.380378	0.0341714	0.0286773	0.591457	0.0738197	1.39221	0.0744506	1.30375e-05
10012	1	100	14	500	0.409819	0.391476	0.344944	0.0465317	0.0183424	0.610571	0.0874782	1.37737	0.0925287	1.3729e-05
10013	1	100	19	500	0.396443	0.380668	0.327299	0.0533687	0.0157755	0.621589	0.103446	1.36997	0.104849	1.50735e-05
10014	1	100	18	500	0.387473	0.372273	0.312592	0.0596809	0.0152002	0.630006	0.105287	1.36184	0.10962	1.54129e-05
10015	1	100	16	500	0.374928	0.364538	0.301972	0.0625666	0.0103893	0.637069	0.107595	1.35712	0.108214	1.47926e-05
10016	1	100	17	500	0.384198	0.365605	0.300136	0.065469	0.018593	0.636979	0.11588	1.35334	0.118005	1.53735e-05
10017	1	100	14	500	0.425569	0.407074	0.373032	0.0340418	0.0184946	0.595637	0.0760335	1.39476	0.077287	1.34889e-05
10018	1	100	17	500	0.429314	0.408913	0.375496	0.0334172	0.0204013	0.594048	0.0825852	1.3951	0.084377	1.48111e-05
10019	1	100	16	500	0.413071	0.400607	0.363978	0.0366286	0.0124637	0.59991	0.090246	1.38871	0.0963776	1.59228e-05
10020	1	100	13	500	0.405287	0.402075	0.370913	0.0311618	0.00321229	0.59864	0.0759378	1.39975	0.0789043	1.60023e-05
10021	1	100	12	500	0.411406	0.408929	0.384535	0.0243945	0.00247652	0.591519	0.0679256	1.40733	0.0709252	1.4849e-05
10022	1	100	12	500	0.401895	0.398847	0.365366	0.0334805	0.00304829	0.60182	0.0917848	1.39611	0.0941268	1.50019e-05
10023	1	100	10	500	0.418583	0.415515	0.39627	0.0192449	0.00306761	0.585313	0.0592708	1.41295	0.0625969	1.59413e-05
10024	1	100	9	500	0.420615	0.417742	0.400404	0.0173376	0.00287339	0.583101	0.0563859	1.41538	0.0591643	1.59513e-05
10025	1	100	10	500	0.414206	0.410878	0.385563	0.0253153	0.00332839	0.590358	0.0669876	1.40913	0.0707676	1.67515e-05
10026	1	100	8	500	0.408	0.403649	0.372851	0.030798	0.00435058	0.597573	0.0777757	1.4006	0.0823358	1.76779e-05
10027	1	100	11	500	0.421039	0.417737	0.400312	0.017425	0.00330197	0.5831	0.0557204	1.41517	0.0593306	1.60322e-05
10028	1	100	10	500	0.405039	0.399928	0.365751	0.0341771	0.00511054	0.601241	0.077414	1.39568	0.0820843	1.71653e-05
10029	1	100	12	500	0.407435	0.402116	0.369016	0.0330993	0.00531956	0.599324	0.0756962	1.39816	0.0804701	1.80519e-05
10030	1	100	13	500	0.423036	0.419265	0.402928	0.0163369	0.0037716	0.581683	0.053524	1.41618	0.0567568	1.4996e-05
10031	1	100	12	500	0.415602	0.41186	0.388894	0.0229657	0.00374232	0.589042	0.0641295	1.40876	0.0681387	1.62242e-05
10032	1	100	10	500	0.425994	0.421996	0.408674	0.0133219	0.00399782	0.578928	0.0485083	1.41902	0.0514985	1.55858e-05
10033	1	100	10	500	0.409604	0.403449	0.372096	0.0313533	0.00615468	0.597221	0.0774741	1.3981	0.0883611	1.75594e-05
10034	1	100	10	500	0.418149	0.414159	0.39372	0.0204391	0.00398991	0.586755	0.0609356	1.41109	0.0649451	1.59324e-05
10035	1	100	9	500	0.413692	0.409607	0.384891	0.024716	0.00408408	0.591169	0.0670766	1.40639	0.0715624	1.64195e-05
10036	1	100	11	500	0.416317	0.412755	0.391226	0.0215291	0.00356174	0.588037	0.0627988	1.40986	0.0669482	1.66328e-05
10037	1	100	12	500	0.426329	0.423038	0.41109	0.0119481	0.00329096	0.577651	0.0462712	1.42016	0.0499983	1.47978e-05
10038	1	100	13	500	0.435817	0.425275	0.412066	0.0132087	0.0105421	0.576416	0.0456568	1.41824	0.0494835	1.49547e-05
10039	1	100	11	500	0.440889	0.428661	0.417405	0.0112555	0.0122287	0.573348	0.0401817	1.4198	0.0442476	1.46118e-05
10040	1	100	10	500	0.445795	0.427943	0.412716	0.0152272	0.0178521	0.575007	0.0461312	1.41529	0.0505718	1.48204e-05
10041	1	100	13	500	0.46059	0.429527	0.408093	0.021434	0.0310635	0.576039	0.0529344	1.40776	0.0580982	1.56332e-05
10042	1	100	10	500	0.461546	0.422792	0.389747	0.033045	0.0387538	0.585357	0.0679912	1.39308	0.0745688	1.67128e-05
10043	1	100	13	500	0.479646	0.42732	0.389515	0.0378055	0.0523258	0.58332	0.0766391	1.38109	0.0964984	1.68405e-05
10044	1	100	13	500	0.488332	0.429107	0.388818	0.0402887	0.0592248	0.584779	0.072958	1.38196	0.0754655	1.73799e-05
10045	1	100	12	500	0.480913	0.425457	0.382041	0.043416	0.0554558	0.589404	0.0736059	1.37851	0.0861596	1.82202e-05
10046	1	100	14	500	0.501766	0.440436	0.40436	0.0360759	0.0613302	0.578721	0.0666271	1.38455	0.0693734	1.80941e-05
10047	1	100	11	500	0.527192	0.46005	0.433181	0.0268685	0.0671418	0.562445	0.0578789	1.38434	0.096549	1.66627e-05
10048	1	100	10	500	0.557206	0.480857	0.458791	0.0220667	0.0763483	0.545013	0.0635899	1.36609	0.147991	1.53583e-05
10049	1	100	9	500	0.135633	0.0561209	0.035932	0.0201889	0.0795117	0.954904	0.100296	0.95556	0.100509	1.49394e-05
10050	1	100	12	500	0.1144	0.0435094	0.0254358	0.0180736	0.0708909	0.956354	0.107018	0.957155	0.10727	1.51711e-05
10051	1	100	9	500	0.0826811	0.0274905	0.0134282	0.0140623	0.0551906	0.974018	0.0742604	0.97456	0.0743753	1.44926e-05
10052	1	100	9	500	0.0954223	0.0335297	0.0177187	0.015811	0.0618926	0.964706	0.0949093	0.965436	0.0951101	1.53714e-05
10053	1	100	8	500	0.101102	0.0362174	0.0196363	0.0165811	0.0648842	0.961503	0.101486	0.962276	0.101727	1.50041e-05
10054	1	100	11	500	0.0731099	0.0231602	0.0103713	0.0127888	0.0499498	0.969582	0.0952548	0.970211	0.0953437	1.38882e-05
10055	1	100	9	500	0.0566197	0.0164127	0.00610978	0.0103029	0.0402069	0.987807	0.019635	0.988336	0.0199406	1.39066e-05
10056	1	100	12	500	0.0655232	0.0195593	0.00791726	0.011642	0.0459639	0.977869	0.071	0.97823	0.0710926	1.38435e-05
10057	1	100	13	500	0.046262	0.0126796	0.00380703	0.00887257	0.0335824	0.989649	0.0180769	0.990609	0.0178215	1.26771e-05
10058	1	100	11	500	0.0256074	0.00693396	0.00172788	0.00520608	0.0186735	0.993634	0.0132664	0.994903	0.0135571	1.21079e-05
10059	1	100	8	500	0.0254234	0.00679327	0.00170024	0.00509303	0.0186302	0.993649	0.0139913	0.994533	0.0142395	1.18656e-05
10060	1	100	9	500	0.0169996	0.00475808	0.00118498	0.0035731	0.0122415	0.995326	0.0102234	0.996483	0.0105794	1.25123e-05
10061	1	100	10	500	0.0155876	0.00428772	0.00116557	0.00312215	0.0112998	0.995815	0.00989714	0.996444	0.00997357	1.23813e-05
10062	1	100	7	500	0.010626	0.00296234	0.000753698	0.00220864	0.00766364	0.99676	0.0100057	0.997402	0.0101758	1.30183e-05
10063	1	100	8	500	0.0254035	0.00614241	0.00110409	0.00503833	0.0192611	0.99383	0.0236887	0.99433	0.0238078	1.22974e-05
10064	1	100	7	500	0.0334422	0.00779608	0.00131795	0.00647814	0.0256462	0.992626	0.026296	0.993077	0.0264057	1.17105e-05
10065	1	100	7	500	0.00913161	0.00251514	0.000861028	0.00165412	0.00661646	0.996936	0.00878843	0.997072	0.00882877	1.19428e-05
10066	1	100	11	500	0.00650039	0.00198386	0.000852282	0.00113158	0.00451652	0.998441	0.0025998	0.998446	0.002602	1.23621e-05
10067	1	100	6	500	0.00649904	0.00207014	0.000962921	0.00110722	0.00442889	0.998054	0.00426525	0.99808	0.00423908	1.20135e-05
10068	1	100	6	500	0.00700192	0.00215074	0.000819053	0.00133169	0.00485118	0.99806	0.00407594	0.998402	0.00372348	1.18418e-05
10069	1	100	6	500	0.00643251	0.00187702	0.000738153	0.00113887	0.00455549	0.997937	0.00699706	0.997937	0.00699707	1.14995e-05
10070	1	100	6	500	0.00765681	0.00219411	0.00082844	0.00136567	0.00546269	0.997127	0.00907553	0.997223	0.00910514	1.26412e-05
10071	1	100	9	500	0.0138377	0.00362901	0.00107684	0.00255217	0.0102087	0.994104	0.0149334	0.994235	0.0149842	1.3263e-05
10072	1	100	9	500	0.01263	0.00353223	0.000608811	0.00292342	0.00909781	0.996727	0.00820214	0.998046	0.00861297	1.3427e-05
10073	1	100	9	500	0.0180239	0.00443397	0.00103649	0.00339748	0.0135899	0.996194	0.00916984	0.996194	0.00916984	1.39125e-05
10074	1	100	9	500	0.0248122	0.00597224	0.00126224	0.00471	0.01884	0.994035	0.0127345	0.994121	0.0127604	1.34643e-05
10075	1	100	9	500	0.0292804	0.0068943	0.00129777	0.00559653	0.0223861	0.992565	0.0188053	0.992684	0.0188498	1.31843e-05
10076	1	100	9	500	0.0366804	0.00882132	0.00185655	0.00696477	0.0278591	0.992196	0.0160775	0.992196	0.0160775	1.35963e-05
10077	1	100	10	500	0.0455216	0.0111466	0.00248833	0.00865824	0.0343751	0.990439	0.01634	0.990568	0.016415	1.37488e-05
10078	1	100	12	500	0.0642535	0.0169426	0.00511482	0.0118277	0.0473109	0.980813	0.0603897	0.980813	0.0603897	1.40247e-05
10079	1	100	11	500	0.0736539	0.0200326	0.00662726	0.0134053	0.0536213	0.984464	0.0198364	0.984508	0.0197797	1.5236e-05
10080	1	100	10	500	0.0957334	0.0272944	0.0101847	0.0171097	0.068439	0.968518	0.0802519	0.968563	0.0802429	1.42515e-05
10081	1	100	8	500	0.0595287	0.0153833	0.0043469	0.0110364	0.0441455	0.983235	0.0359343	0.983252	0.0359422	1.51241e-05
10082	1	100	9	500	0.0678239	0.017884	0.00539895	0.012485	0.04994	0.985165	0.0205261	0.985165	0.0205261	1.55893e-05
10083	1	100	13	500	0.0848325	0.0233588	0.00799037	0.0153684	0.0614737	0.97914	0.0419744	0.979515	0.0420771	1.571e-05
10084	1	100	11	500	0.105081	0.0305677	0.0119395	0.0186283	0.0745131	0.970463	0.0699557	0.970463	0.0699557	1.51011e-05
10085	1	100	10	500	0.0866657	0.0243745	0.00880172	0.0155728	0.0622912	0.979275	0.0217125	0.979396	0.0216757	1.5555e-05
10086	1	100	13	500	0.0967466	0.0293025	0.0124414	0.016861	0.0674441	0.968799	0.0554223	0.968849	0.0554024	1.49577e-05
10087	1	100	13	500	0.0977139	0.0310387	0.0142635	0.0167752	0.0666752	0.969556	0.0543751	0.969894	0.0537029	1.48468e-05
10088	1	100	9	500	0.1207	0.0420443	0.0223803	0.0196639	0.0786557	0.96056	0.0634207	0.96056	0.0634207	1.47772e-05
10089	1	100	14	500	0.112302	0.0403233	0.0223286	0.0179947	0.0719786	0.970801	0.0444445	0.970872	0.0444474	1.43986e-05
10090	1	100	12	500	0.127483	0.0461984	0.0258771	0.0203213	0.0812851	0.957679	0.066623	0.957745	0.0666324	1.44925e-05
10091	1	100	11	500	0.138529	0.0515565	0.0298135	0.021743	0.0869722	0.954837	0.069998	0.955112	0.0700923	1.47129e-05
10092	1	100	12	500	0.134076	0.0507036	0.0298032	0.0209004	0.0833722	0.95857	0.0629176	0.958672	0.0628173	1.51782e-05
10093	1	100	15	500	0.143346	0.0559129	0.033984	0.0219289	0.0874327	0.948584	0.0780092	0.94875	0.0780693	1.5731e-05
10094	1	100	18	500	0.153851	0.0567064	0.0324203	0.024286	0.0971442	0.961857	0.045961	0.961857	0.045961	1.69083e-05
10095	1	100	13	500	0.147054	0.0576252	0.0351728	0.0224524	0.0894287	0.94305	0.0823537	0.943231	0.0823676	1.62574e-05
10096	1	100	13	500	0.13249	0.0529443	0.0330579	0.0198864	0.0795456	0.95239	0.0739392	0.95239	0.0739392	1.59691e-05
10097	1	100	13	500	0.151005	0.0551848	0.0312297	0.0239551	0.0958202	0.945566	0.0750308	0.945597	0.0750511	1.67499e-05
10098	1	100	11	500	0.143693	0.0516049	0.0285827	0.0230222	0.0920886	0.950758	0.0718938	0.950758	0.0718938	1.57318e-05
10099	1	100	12	500	0.143341	0.0582193	0.0369389	0.0212804	0.0851216	0.944321	0.0839382	0.944321	0.0839382	1.54106e-05
10100	1	100	13	500	0.149361	0.0621127	0.0403006	0.0218121	0.0872485	0.949785	0.072476	0.949785	0.072476	1.56158e-05
10101	1	100	13	500	0.154447	0.0645482	0.0420735	0.0224747	0.0898986	0.935185	0.090832	0.935185	0.090832	1.52634e-05
