Generation	PopulationID	SampleSize	UniqueMutations	PopulationSize	totalLoad	RelzLoad	RelzLoadHomo	RelzLoadHetero	MskLoad	MeanFitness	SdFitness	MeanFitnessCached	SdFitnessCached	Heterozygosity	
10001	1	100	54	500	0.0946746	0.0785914	0.0296042	0.0489872	0.0160832	0.922828	0.0361048	1.06608	0.0402931	4.37886e-05
10002	1	100	40	500	0.0981236	0.0787445	0.0309034	0.0478411	0.0193791	0.923122	0.0363778	1.06732	0.0403128	4.36532e-05
10003	1	100	31	500	0.101259	0.0780566	0.0259049	0.0521517	0.0232027	0.924566	0.0379966	1.06292	0.0405839	4.21015e-05
10004	1	100	32	500	0.114344	0.0884816	0.0285226	0.059959	0.0258624	0.915153	0.0378859	1.07272	0.0453151	4.14502e-05
10005	1	100	29	500	0.108807	0.0841495	0.0277642	0.0563854	0.0246579	0.919379	0.0348035	1.06905	0.0434547	4.29122e-05
10006	1	100	27	500	0.102466	0.0866801	0.0323123	0.0543678	0.0157855	0.915593	0.0446103	1.07662	0.0513307	4.37282e-05
10007	1	100	28	500	0.106122	0.0845195	0.0310573	0.0534622	0.0216021	0.919107	0.0468605	1.07071	0.051118	4.42655e-05
10008	1	100	28	500	0.109241	0.0854609	0.033984	0.0514769	0.0237803	0.918015	0.0423594	1.07068	0.0478545	4.33407e-05
10009	1	100	28	500	0.109742	0.0856988	0.0304798	0.055219	0.0240432	0.917805	0.0473139	1.0719	0.0479798	4.43422e-05
10010	1	100	28	500	0.0943797	0.072083	0.0255793	0.0465037	0.0222967	0.930679	0.0322839	1.05655	0.0400773	4.71188e-05
10011	1	100	25	500	0.0932025	0.0751838	0.0269405	0.0482433	0.0180187	0.926627	0.0472046	1.06091	0.0524463	4.71882e-05
10012	1	100	27	500	0.0962339	0.0712067	0.0244854	0.0467214	0.0250271	0.931152	0.0394204	1.05356	0.0400806	4.79019e-05
10013	1	100	23	500	0.108572	0.0787125	0.02961	0.0491025	0.02986	0.924253	0.0358775	1.05715	0.0415513	4.74113e-05
10014	1	100	24	500	0.124916	0.0899507	0.0343929	0.0555578	0.0349652	0.913922	0.039807	1.06615	0.0503625	4.46119e-05
10015	1	100	27	500	0.130952	0.0890063	0.0333178	0.0556885	0.0419462	0.916383	0.0417362	1.06133	0.0541189	4.34672e-05
10016	1	100	25	500	0.0967575	0.0759304	0.023373	0.0525574	0.0208271	0.926455	0.0441035	1.06212	0.0471309	4.26012e-05
10017	1	100	25	500	0.108511	0.0818447	0.0260035	0.0558412	0.0266661	0.92035	0.0469061	1.06412	0.053679	4.17337e-05
10018	1	100	25	500	0.0981284	0.0714606	0.0224663	0.0489943	0.0266678	0.931346	0.0392345	1.05419	0.0454853	4.092e-05
10019	1	100	18	500	0.109253	0.0829808	0.027618	0.0553629	0.0262719	0.919887	0.0432096	1.06497	0.0471729	4.15179e-05
10020	1	100	20	500	0.109082	0.0797542	0.0260659	0.0536882	0.0293278	0.923628	0.0427321	1.06041	0.0514	4.15457e-05
10021	1	100	19	500	0.11777	0.084895	0.0294994	0.0553957	0.0328746	0.918551	0.0435499	1.0629	0.0457524	4.15251e-05
10022	1	100	16	500	0.111227	0.088606	0.0337961	0.0548099	0.0226205	0.914913	0.04739	1.07395	0.0558859	4.0884e-05
10023	1	100	16	500	0.114508	0.0919679	0.0370595	0.0549084	0.02254	0.912052	0.0472042	1.07784	0.0564464	3.92492e-05
10024	1	100	21	500	0.11035	0.0862788	0.0332274	0.0530514	0.0240709	0.916283	0.0535269	1.0676	0.058782	3.94095e-05
10025	1	100	16	500	0.116335	0.0923975	0.0395397	0.0528578	0.0239376	0.913105	0.0508868	1.07446	0.058215	4.07154e-05
10026	1	100	13	500	0.111033	0.0973255	0.0427409	0.0545846	0.0137072	0.906882	0.0497145	1.08868	0.0573322	4.01062e-05
10027	1	100	14	500	0.10526	0.0899523	0.0354819	0.0544703	0.0153082	0.912748	0.0491004	1.07888	0.0571189	4.08459e-05
10028	1	100	15	500	0.122487	0.107167	0.0475801	0.0595865	0.0153208	0.89696	0.0474335	1.09706	0.0549323	4.17965e-05
10029	1	100	13	500	0.132129	0.113806	0.0532464	0.0605594	0.0183226	0.891059	0.0542572	1.10175	0.0640759	4.12812e-05
10030	1	100	11	500	0.120962	0.111061	0.0529395	0.0581213	0.00990102	0.892744	0.0421564	1.10454	0.052121	3.99575e-05
10031	1	100	12	500	0.125232	0.115805	0.0573894	0.0584154	0.00942699	0.888505	0.0475669	1.10997	0.0560669	4.01426e-05
10032	1	100	16	500	0.116921	0.110243	0.0541819	0.0560608	0.00667865	0.893438	0.0501716	1.10503	0.0594635	3.90844e-05
10033	1	100	11	500	0.120354	0.116499	0.0617443	0.0547548	0.00385449	0.887942	0.0505351	1.11304	0.0576569	3.91481e-05
10034	1	100	10	500	0.129692	0.125814	0.0687857	0.0570281	0.00387775	0.878595	0.0477663	1.1234	0.0553457	3.93124e-05
10035	1	100	13	500	0.131472	0.126348	0.0680345	0.0583132	0.00512457	0.878596	0.0530477	1.12356	0.059738	3.9765e-05
10036	1	100	11	500	0.145571	0.142165	0.0826329	0.059532	0.003406	0.862572	0.055233	1.1413	0.0623018	3.84893e-05
10037	1	100	13	500	0.154085	0.150386	0.0926707	0.0577157	0.0036989	0.855827	0.0524042	1.15057	0.0564302	3.75196e-05
10038	1	100	13	500	0.160618	0.157148	0.102062	0.0550859	0.0034705	0.849301	0.0526203	1.15735	0.0565473	3.60201e-05
10039	1	100	13	500	0.161864	0.158212	0.101741	0.0564716	0.00365155	0.848191	0.0482968	1.15836	0.0512025	3.58348e-05
10040	1	100	11	500	0.16737	0.164155	0.110531	0.0536235	0.00321521	0.842276	0.0516068	1.16431	0.0561696	3.40492e-05
10041	1	100	16	500	0.176324	0.171189	0.122902	0.0482868	0.00513585	0.835895	0.0493797	1.16975	0.0514291	3.14422e-05
10042	1	100	16	500	0.174502	0.169725	0.12205	0.0476755	0.00477666	0.837367	0.0467665	1.16824	0.0496405	3.18244e-05
10043	1	100	15	500	0.17104	0.166034	0.116017	0.0500166	0.00500562	0.841227	0.0575152	1.16416	0.0613225	3.15996e-05
10044	1	100	13	500	0.171589	0.164703	0.113232	0.0514706	0.00688615	0.842731	0.0555351	1.16182	0.0612397	3.34456e-05
10045	1	100	14	500	0.15628	0.149937	0.0941167	0.0558204	0.00634318	0.856436	0.0605888	1.14571	0.0652174	3.36424e-05
10046	1	100	13	500	0.158404	0.151898	0.0997509	0.0521472	0.00650624	0.85461	0.061264	1.14667	0.065486	3.34549e-05
10047	1	100	14	500	0.147746	0.140206	0.0851965	0.0550093	0.00754073	0.866072	0.066095	1.13369	0.0677937	3.58691e-05
10048	1	100	14	500	0.147743	0.137255	0.082442	0.0548134	0.0104879	0.868315	0.0621787	1.12962	0.0700495	3.67509e-05
10049	1	100	14	500	0.14486	0.134013	0.0762017	0.0578118	0.010847	0.871243	0.056332	1.12607	0.0607891	3.57018e-05
10050	1	100	15	500	0.142102	0.134101	0.0767666	0.0573343	0.00800064	0.871296	0.0567162	1.1282	0.0601942	3.35907e-05
10051	1	100	12	500	0.145093	0.139728	0.0854277	0.0543003	0.00536471	0.865254	0.0663021	1.13424	0.0705406	3.43288e-05
10052	1	100	13	500	0.123223	0.116803	0.0587995	0.0580035	0.00641983	0.887596	0.061565	1.1119	0.0651116	3.5455e-05
10053	1	100	14	500	0.115702	0.10824	0.0536669	0.0545728	0.00746193	0.896163	0.056132	1.10216	0.0604091	3.79916e-05
10054	1	100	14	500	0.122926	0.114149	0.0604019	0.0537472	0.00877718	0.889808	0.0595924	1.10547	0.0637304	3.94195e-05
10055	1	100	12	500	0.115764	0.107851	0.0545403	0.053311	0.00791311	0.896587	0.0651852	1.10075	0.0695897	3.91769e-05
10056	1	100	14	500	0.12682	0.117152	0.0619035	0.0552484	0.00966844	0.887353	0.0628269	1.10896	0.0665479	3.85069e-05
10057	1	100	15	500	0.128466	0.119153	0.0658194	0.0533332	0.00931388	0.885535	0.0545321	1.11112	0.0594555	3.73637e-05
10058	1	100	14	500	0.122545	0.112048	0.0582379	0.0538105	0.010497	0.892447	0.0654045	1.10243	0.0668983	3.87249e-05
10059	1	100	14	500	0.114321	0.10897	0.0539281	0.0550422	0.00535042	0.895095	0.0623997	1.1036	0.0667273	3.61683e-05
10060	1	100	16	500	0.100828	0.0940623	0.0394914	0.054571	0.00676607	0.909463	0.061523	1.08742	0.0676206	3.7401e-05
10061	1	100	15	500	0.0863787	0.081568	0.0292909	0.0522771	0.00481063	0.919389	0.0697394	1.07628	0.074356	2.88059e-05
10062	1	100	12	500	0.0872229	0.082105	0.0292905	0.0528145	0.00511787	0.921239	0.0684663	1.07469	0.0732519	2.87946e-05
10063	1	100	15	500	0.101225	0.090228	0.0360013	0.0542267	0.0109975	0.913614	0.0651684	1.07868	0.0685163	2.89086e-05
10064	1	100	16	500	0.119579	0.106884	0.0497735	0.0571108	0.012695	0.89815	0.0759204	1.09332	0.0791384	2.88565e-05
10065	1	100	14	500	0.126647	0.109659	0.0507676	0.058891	0.0169881	0.895025	0.0632618	1.09141	0.0619604	2.81214e-05
10066	1	100	10	500	0.106149	0.0998445	0.0454315	0.054413	0.00630498	0.902938	0.0721398	1.08774	0.0685946	2.65525e-05
10067	1	100	13	500	0.0941509	0.0895977	0.0371887	0.052409	0.00455322	0.913806	0.0765214	1.0818	0.0804012	2.57884e-05
10068	1	100	12	500	0.0880277	0.0830435	0.0322327	0.0508107	0.0049842	0.919266	0.0711182	1.07268	0.06927	2.34683e-05
10069	1	100	8	500	0.0983641	0.0929659	0.0392077	0.0537582	0.00539824	0.910584	0.0768597	1.09034	0.0789105	2.30129e-05
10070	1	100	11	500	0.0919806	0.0858566	0.0333738	0.0524829	0.00612397	0.917941	0.0720321	1.08308	0.0750314	2.2824e-05
10071	1	100	10	500	0.092821	0.0844374	0.0317863	0.0526511	0.00838356	0.918334	0.0754099	1.07966	0.0757852	2.26792e-05
10072	1	100	8	500	0.096554	0.0909103	0.0374312	0.0534791	0.00564367	0.912543	0.0737538	1.08843	0.0763347	2.35843e-05
10073	1	100	8	500	0.103012	0.0957637	0.0412787	0.0544849	0.00724821	0.908106	0.0770586	1.091	0.07756	2.41987e-05
10074	1	100	8	500	0.11423	0.107024	0.0515152	0.0555089	0.00720558	0.898094	0.0679335	1.10331	0.0724527	2.50284e-05
10075	1	100	8	500	0.108101	0.101301	0.0462652	0.0550361	0.0067995	0.902807	0.0754298	1.09675	0.0757345	2.53775e-05
10076	1	100	8	500	0.101215	0.0957784	0.0416169	0.0541615	0.00543693	0.908093	0.0669336	1.09344	0.0705503	2.49835e-05
10077	1	100	8	500	0.0808307	0.0770407	0.0270434	0.0499974	0.00378992	0.925181	0.0743189	1.07605	0.0778903	2.33139e-05
10078	1	100	7	500	0.0790953	0.0762458	0.0265819	0.0496639	0.00284946	0.926009	0.0654497	1.07638	0.0689132	2.34498e-05
10079	1	100	6	500	0.0694675	0.0667873	0.0204066	0.0463807	0.00268026	0.934828	0.0650426	1.06638	0.068958	2.24632e-05
10080	1	100	7	500	0.0860839	0.0834667	0.0319104	0.0515564	0.00261719	0.919152	0.0734058	1.08418	0.078526	2.44255e-05
10081	1	100	6	500	0.0658825	0.0631486	0.0182364	0.0449122	0.0027339	0.938697	0.0645579	1.06303	0.0681043	2.19664e-05
10082	1	100	7	500	0.0570802	0.0554377	0.0141078	0.0413299	0.00164246	0.945699	0.059012	1.05548	0.0617449	2.03392e-05
10083	1	100	9	500	0.0723882	0.0650505	0.0186275	0.046423	0.00733775	0.935872	0.0652782	1.06158	0.0662445	2.16375e-05
10084	1	100	12	500	0.0731204	0.0627118	0.0168991	0.0458128	0.0104086	0.939607	0.0752836	1.05847	0.0743424	2.19221e-05
10085	1	100	10	500	0.0791258	0.0715171	0.0225669	0.0489502	0.00760869	0.930803	0.0740922	1.06914	0.0748522	2.331e-05
10086	1	100	8	500	0.0820084	0.0751582	0.0250938	0.0500644	0.00685019	0.927006	0.0718757	1.07329	0.0744904	2.36321e-05
10087	1	100	9	500	0.0869583	0.0765605	0.0254245	0.0511361	0.0103977	0.925901	0.0686437	1.07264	0.0695528	2.40274e-05
10088	1	100	7	500	0.0744218	0.0634472	0.0172403	0.0462069	0.0109746	0.938466	0.0667255	1.0588	0.0673074	2.2291e-05
10089	1	100	6	500	0.10933	0.0784883	0.0241332	0.0543551	0.0308414	0.926148	0.0742704	1.0609	0.0671761	2.34582e-05
10090	1	100	8	500	0.10126	0.0705807	0.0193534	0.0512273	0.0306794	0.933906	0.0833733	1.05304	0.0739903	2.28011e-05
10091	1	100	8	500	0.10795	0.0836036	0.0283187	0.0552848	0.024346	0.919511	0.0717221	1.07057	0.0708071	2.51439e-05
10092	1	100	7	500	0.10273	0.0801166	0.0261813	0.0539352	0.0226136	0.92353	0.0754824	1.06833	0.0714997	2.4955e-05
10093	1	100	12	500	0.0927136	0.0724037	0.0214977	0.0509061	0.0203098	0.930146	0.0712904	1.06147	0.0673835	2.27504e-05
10094	1	100	8	500	0.0826996	0.0685371	0.0199611	0.048576	0.0141626	0.933398	0.0705813	1.06159	0.0696979	2.25445e-05
10095	1	100	5	500	0.0816746	0.0700798	0.0211238	0.048956	0.0115948	0.932108	0.0712971	1.06501	0.069223	2.33226e-05
10096	1	100	7	500	0.0864629	0.0723686	0.0222271	0.0501415	0.0140943	0.929989	0.0689038	1.066	0.0682312	2.408e-05
10097	1	100	7	500	0.0831642	0.0752002	0.0249498	0.0502504	0.00796392	0.927185	0.0739891	1.07246	0.0717437	2.48974e-05
10098	1	100	6	500	0.093964	0.0827305	0.0297507	0.0529798	0.0112335	0.919817	0.07054	1.07822	0.0710307	2.50961e-05
10099	1	100	5	500	0.101344	0.0872881	0.0326854	0.0546026	0.0140558	0.915854	0.0759397	1.08171	0.0771394	2.52439e-05
10100	1	100	6	500	0.0866076	0.0732046	0.0227856	0.050419	0.013403	0.929053	0.0655346	1.06733	0.0659874	2.37487e-05
10101	1	100	9	500	0.0961922	0.0829273	0.0295118	0.0534155	0.0132649	0.919461	0.0682473	1.07745	0.0735045	2.48326e-05
