Generation	PopulationID	SampleSize	UniqueMutations	PopulationSize	totalLoad	RelzLoad	RelzLoadHomo	RelzLoadHetero	MskLoad	MeanFitness	SdFitness	MeanFitnessCached	SdFitnessCached	Heterozygosity	
10001	1	100	47	500	0.763583	0.721848	0.546153	0.175695	0.0417357	0.447974	0.0528662	1.81872	0.143495	3.7643e-05
10002	1	100	35	500	0.453972	0.422543	0.244081	0.178461	0.0314296	0.639926	0.0653955	1.41781	0.0965744	3.89936e-05
10003	1	100	29	500	0.421883	0.388124	0.205676	0.182448	0.0337589	0.663898	0.0611863	1.37891	0.0918822	4.19804e-05
10004	1	100	26	500	0.411769	0.373009	0.186912	0.186096	0.0387602	0.675988	0.0541749	1.35802	0.0790218	4.36291e-05
10005	1	100	28	500	0.401901	0.373841	0.197782	0.17606	0.0280593	0.673087	0.0484074	1.36445	0.0640321	4.18536e-05
10006	1	100	30	500	0.415193	0.386682	0.226346	0.160336	0.0285109	0.660351	0.0465579	1.37379	0.0602518	3.89248e-05
10007	1	100	29	500	0.408511	0.376266	0.209537	0.166729	0.0322451	0.669526	0.0449776	1.35916	0.0575945	4.05528e-05
10008	1	100	27	500	0.409734	0.3705	0.202662	0.167838	0.039234	0.674771	0.0520301	1.34847	0.064116	4.10684e-05
10009	1	100	27	500	0.412232	0.371322	0.210969	0.160353	0.0409106	0.673079	0.0585676	1.34296	0.0732451	3.9268e-05
10010	1	100	21	500	0.415981	0.366335	0.201245	0.165089	0.0496458	0.674876	0.0577332	1.36168	0.0890851	3.87622e-05
10011	1	100	24	500	0.416159	0.374336	0.222699	0.151637	0.0418237	0.665549	0.0403616	1.37714	0.0741869	3.71941e-05
10012	1	100	22	500	0.432177	0.381582	0.233428	0.148154	0.0505948	0.663231	0.0435321	1.38011	0.0583302	3.6625e-05
10013	1	100	22	500	0.401915	0.365815	0.210462	0.155353	0.0360998	0.675394	0.0404071	1.37829	0.0527149	3.73954e-05
10014	1	100	20	500	0.409137	0.378545	0.242974	0.135571	0.0305921	0.662422	0.0405424	1.39435	0.0546343	3.45689e-05
10015	1	100	22	500	0.403365	0.37128	0.219995	0.151285	0.0320853	0.669536	0.0480348	1.38651	0.0735504	3.57162e-05
10016	1	100	22	500	0.418771	0.387305	0.25997	0.127335	0.0314658	0.655172	0.0491136	1.40343	0.0652872	3.22261e-05
10017	1	100	22	500	0.413908	0.382809	0.249902	0.132907	0.0310994	0.659514	0.0458568	1.39896	0.0710187	3.3395e-05
10018	1	100	21	500	0.420322	0.386769	0.264662	0.122107	0.0335537	0.656508	0.0436571	1.4001	0.0632517	3.22088e-05
10019	1	100	23	500	0.420096	0.387752	0.260333	0.127419	0.0323439	0.656059	0.045638	1.40299	0.0685442	3.41685e-05
10020	1	100	17	500	0.438499	0.39676	0.265462	0.131298	0.0417386	0.649009	0.0507595	1.39707	0.0845441	3.47775e-05
10021	1	100	19	500	0.425144	0.390851	0.259806	0.131045	0.0342933	0.652797	0.0519253	1.3982	0.079933	3.59955e-05
10022	1	100	13	500	0.434127	0.392439	0.259525	0.132914	0.0416871	0.651371	0.0571325	1.38841	0.0950565	3.62148e-05
10023	1	100	14	500	0.443721	0.393904	0.25199	0.141914	0.0498166	0.656802	0.0423224	1.38846	0.0519369	3.72182e-05
10024	1	100	17	500	0.432877	0.383378	0.236149	0.147229	0.0494986	0.65927	0.0649889	1.36576	0.112566	3.77995e-05
10025	1	100	18	500	0.43736	0.387306	0.253286	0.13402	0.0500542	0.660776	0.0407336	1.37966	0.0524954	3.5551e-05
10026	1	100	17	500	0.426038	0.37913	0.232853	0.146277	0.0469079	0.665611	0.0511383	1.37379	0.0729276	3.76092e-05
10027	1	100	15	500	0.43479	0.38711	0.248322	0.138788	0.0476797	0.657162	0.0575927	1.37675	0.0910968	3.74434e-05
10028	1	100	15	500	0.458098	0.400237	0.268008	0.132229	0.057861	0.64945	0.0556016	1.37498	0.10363	3.65884e-05
10029	1	100	16	500	0.44888	0.391408	0.251801	0.139607	0.0574715	0.660931	0.0456549	1.37512	0.0535893	3.72485e-05
10030	1	100	16	500	0.42359	0.379696	0.257401	0.122295	0.0438933	0.660287	0.0524204	1.3722	0.0872801	3.43682e-05
10031	1	100	16	500	0.41543	0.377066	0.255663	0.121403	0.0383642	0.663917	0.0408795	1.38162	0.0515915	3.45905e-05
10032	1	100	18	500	0.417381	0.377278	0.2614	0.115878	0.040103	0.659251	0.0540534	1.37062	0.0896383	3.37541e-05
10033	1	100	16	500	0.426823	0.376014	0.270682	0.105333	0.0508088	0.661787	0.0377676	1.3741	0.0562102	3.05264e-05
10034	1	100	19	500	0.44216	0.376791	0.246201	0.13059	0.0653697	0.663466	0.0500762	1.36568	0.0725465	3.50388e-05
10035	1	100	19	500	0.451139	0.376756	0.233239	0.143517	0.0743831	0.665784	0.0491879	1.35992	0.070397	3.63119e-05
10036	1	100	18	500	0.414239	0.360106	0.207782	0.152324	0.0541328	0.678296	0.0482208	1.35749	0.0694782	3.8166e-05
10037	1	100	19	500	0.37265	0.353527	0.238715	0.114812	0.0191225	0.678104	0.0349038	1.37164	0.035711	3.24467e-05
10038	1	100	20	500	0.356057	0.346362	0.2166	0.129762	0.00969498	0.685465	0.0345392	1.37088	0.0361137	3.60958e-05
10039	1	100	20	500	0.357298	0.348982	0.236708	0.112273	0.00831691	0.681723	0.0325054	1.37346	0.0292165	3.20542e-05
10040	1	100	19	500	0.36217	0.35503	0.261229	0.0938009	0.00714029	0.674417	0.0307834	1.37853	0.0332666	3.031e-05
10041	1	100	17	500	0.359889	0.350797	0.238459	0.112338	0.00909175	0.679534	0.0368467	1.37214	0.0420628	3.34932e-05
10042	1	100	15	500	0.360679	0.350465	0.242226	0.108238	0.0102142	0.680067	0.0324056	1.37065	0.0289558	3.23802e-05
10043	1	100	13	500	0.353557	0.34605	0.24779	0.0982603	0.00750757	0.682589	0.0290011	1.36901	0.0235616	3.02083e-05
10044	1	100	12	500	0.352125	0.346072	0.250653	0.0954181	0.00605383	0.682128	0.0293296	1.3693	0.0224438	2.99214e-05
10045	1	100	13	500	0.349271	0.341866	0.230063	0.111803	0.00740516	0.686709	0.031574	1.36355	0.028991	3.30433e-05
10046	1	100	14	500	0.352367	0.345179	0.243947	0.101232	0.00718797	0.683511	0.0300939	1.36669	0.0225464	3.19807e-05
10047	1	100	13	500	0.362563	0.355974	0.303429	0.0525455	0.00658866	0.670476	0.022679	1.37657	0.0198538	2.39012e-05
10048	1	100	22	500	0.364005	0.35381	0.28555	0.0682603	0.0101954	0.673596	0.0244507	1.37269	0.0217565	2.66311e-05
10049	1	100	15	500	0.36782	0.358066	0.310263	0.0478027	0.00975395	0.668305	0.01976	1.37545	0.020851	2.2859e-05
10050	1	100	18	500	0.36971	0.3579	0.306739	0.0511608	0.0118094	0.668694	0.0205094	1.37372	0.0231556	2.36925e-05
10051	1	100	21	500	0.37499	0.360373	0.318893	0.0414796	0.0146168	0.666172	0.0183167	1.37583	0.0236316	2.21955e-05
10052	1	100	14	500	0.37156	0.360481	0.321748	0.0387333	0.0110795	0.666044	0.0165125	1.37742	0.0215323	2.2533e-05
10053	1	100	12	500	0.380383	0.364454	0.309818	0.054636	0.0159288	0.665477	0.0246592	1.37915	0.0337748	2.4984e-05
10054	1	100	15	500	0.401172	0.376949	0.319115	0.0578346	0.0242229	0.657036	0.0321646	1.38569	0.0472358	2.53982e-05
10055	1	100	14	500	0.388913	0.373137	0.329478	0.0436586	0.0157764	0.655955	0.0303412	1.38481	0.0413788	2.31033e-05
10056	1	100	13	500	0.374198	0.361198	0.317578	0.0436196	0.013	0.666113	0.0218337	1.37651	0.0260584	2.31544e-05
10057	1	100	15	500	0.371712	0.357679	0.296766	0.0609133	0.0140326	0.670435	0.0283077	1.37258	0.0330295	2.61126e-05
10058	1	100	13	500	0.361992	0.352315	0.300937	0.0513777	0.0096771	0.673235	0.0325464	1.36829	0.0360483	2.46965e-05
10059	1	100	14	500	0.357872	0.346106	0.27128	0.0748258	0.0117663	0.680705	0.034084	1.36218	0.0360923	2.83677e-05
10060	1	100	13	500	0.368078	0.358594	0.322223	0.0363711	0.00948347	0.667335	0.0205126	1.3759	0.0223899	2.26343e-05
10061	1	100	14	500	0.367325	0.359932	0.333899	0.0260327	0.00739304	0.66532	0.0179066	1.37849	0.0194735	2.08605e-05
10062	1	100	17	500	0.365735	0.357982	0.326435	0.0315474	0.00775299	0.667249	0.0217219	1.37638	0.0224176	2.15405e-05
10063	1	100	8	500	0.364954	0.360465	0.355404	0.00506154	0.00448854	0.661309	0.00738137	1.3828	0.0095411	1.81975e-05
10064	1	100	12	500	0.368436	0.362555	0.358568	0.00398727	0.00588096	0.660332	0.00661153	1.38202	0.00937631	1.77237e-05
10065	1	100	8	500	0.00802948	0.00281792	0.00151503	0.00130289	0.00521156	0.998096	0.00352796	0.998096	0.00352796	1.69324e-05
10066	1	100	6	500	0.00848524	0.00311501	0.00177246	0.00134256	0.00537023	0.997222	0.00450782	0.997265	0.00450201	1.79536e-05
10067	1	100	9	500	0.00936798	0.00364385	0.00204867	0.00159517	0.00572413	0.996393	0.00573066	0.996786	0.00578127	1.80423e-05
10068	1	100	7	500	0.00804404	0.00287553	0.00115428	0.00172125	0.00516851	0.997627	0.00416722	0.998496	0.00427094	1.66315e-05
10069	1	100	6	500	0.00844592	0.00307676	0.00115504	0.00192172	0.00536916	0.996513	0.00631472	0.997789	0.00663896	1.60729e-05
10070	1	100	8	500	0.00700397	0.00225965	0.000735371	0.00152428	0.00474432	0.997921	0.00420549	0.998602	0.00382745	1.58702e-05
10071	1	100	9	500	0.011767	0.00387655	0.000853981	0.00302256	0.00789042	0.99638	0.00704056	0.998569	0.0075523	1.60503e-05
10072	1	100	9	500	0.0131433	0.00431907	0.00129632	0.00302275	0.00882425	0.995156	0.00953741	0.996832	0.00995369	1.65961e-05
10073	1	100	11	500	0.0152651	0.00447708	0.00126145	0.00321563	0.010788	0.994893	0.0109912	0.995987	0.0112998	1.70046e-05
10074	1	100	12	500	0.00764887	0.00267564	0.00103346	0.00164218	0.00497322	0.997423	0.00486193	0.998231	0.00506082	1.67043e-05
10075	1	100	10	500	0.0093053	0.0027632	0.00045881	0.00230439	0.0065421	0.997198	0.0083356	0.998554	0.00658096	1.58782e-05
10076	1	100	12	500	0.00901713	0.00286065	0.000522321	0.00233833	0.00615648	0.997295	0.00654065	0.998929	0.00692744	1.64862e-05
10077	1	100	10	500	0.00591241	0.00243272	0.000541783	0.00189094	0.00347969	0.997633	0.00456692	0.999746	0.00497135	1.70037e-05
10078	1	100	9	500	0.00833966	0.00371416	0.000997504	0.00271666	0.0046255	0.996086	0.0069566	0.999473	0.00743818	1.78582e-05
10079	1	100	11	500	0.021091	0.00704422	0.00140233	0.00564189	0.0140468	0.993796	0.0124653	0.998394	0.013586	1.85637e-05
10080	1	100	15	500	0.0175128	0.00588832	0.00110835	0.00477997	0.0116245	0.99384	0.0128333	0.997919	0.013548	1.76586e-05
10081	1	100	11	500	0.00635227	0.00290439	0.000453548	0.00245085	0.00344788	0.996835	0.00796936	1.00069	0.0083578	1.57457e-05
10082	1	100	10	500	0.00596211	0.00249025	0.00042817	0.00206209	0.00347186	0.997142	0.00689666	0.999612	0.00686924	1.54011e-05
10083	1	100	9	500	0.00572577	0.0029083	0.000360116	0.00254818	0.00281747	0.996865	0.00755053	1.00077	0.00797725	1.54985e-05
10084	1	100	8	500	0.00869647	0.00305943	0.000629156	0.00243028	0.00563704	0.995943	0.0104179	0.998057	0.0110109	1.64497e-05
10085	1	100	9	500	0.00609894	0.00189427	0.000596393	0.00129787	0.00420467	0.998266	0.00534926	0.999097	0.00524072	1.62054e-05
10086	1	100	11	500	0.00728547	0.00198315	0.000657571	0.00132558	0.00530232	0.997822	0.00491575	0.998058	0.00501393	1.62734e-05
10087	1	100	6	500	0.00770311	0.00354233	0.00064297	0.00289936	0.00416078	0.996778	0.0104729	1.00056	0.0109441	1.68583e-05
10088	1	100	9	500	0.00440721	0.0021139	0.000139039	0.00197487	0.00229331	0.99783	0.00949572	1.00074	0.00971281	1.47228e-05
10089	1	100	4	500	0.00268688	0.0020776	6.61169e-05	0.00201148	0.000609277	0.997308	0.0153716	1.00122	0.0153413	1.41125e-05
10090	1	100	8	500	0.00462857	0.00307604	8.15484e-05	0.00299449	0.00155253	0.996774	0.0117186	1.00237	0.0119187	1.41503e-05
10091	1	100	11	500	0.00607837	0.00425657	0.000143249	0.00411332	0.0018218	0.995551	0.0146979	1.00311	0.0150392	1.27298e-05
10092	1	100	8	500	0.0106582	0.00878095	0.000624165	0.00815679	0.00187727	0.9909	0.0211801	1.00768	0.0208921	1.25185e-05
10093	1	100	4	500	0.0126344	0.0104074	0.000862935	0.00954448	0.00222702	0.989572	0.0236051	1.00917	0.0239718	1.20069e-05
10094	1	100	8	500	0.00641727	0.00372105	0.00016862	0.00355243	0.00269622	0.995979	0.0149248	1.00193	0.0145316	1.27599e-05
10095	1	100	5	500	0.00680067	0.00350516	0.000366776	0.00313838	0.00329551	0.996715	0.0116137	1.00144	0.0119839	1.42154e-05
10096	1	100	6	500	0.00745646	0.00327659	0.000486892	0.0027897	0.00417986	0.996651	0.0105511	1.0003	0.0110084	1.54321e-05
10097	1	100	11	500	0.0130706	0.00518054	0.00157797	0.00360258	0.00789002	0.993735	0.0152615	0.997035	0.0158695	1.51264e-05
10098	1	100	5	500	0.0123648	0.003518	0.0013063	0.0022117	0.00884679	0.9974	0.0042251	0.997537	0.00406731	1.42777e-05
10099	1	100	6	500	0.0132562	0.00453539	0.00153754	0.00299785	0.00872083	0.996044	0.00921877	0.997968	0.00900081	1.25882e-05
10100	1	100	9	500	0.00976064	0.00329374	0.000591233	0.0027025	0.0064669	0.997088	0.00652815	0.999383	0.00712278	1.40003e-05
10101	1	100	5	500	0.00910238	0.00281979	0.000566392	0.0022534	0.00628259	0.996256	0.0111303	0.997635	0.0114582	1.40633e-05
