Generation	PopulationID	SampleSize	UniqueMutations	PopulationSize	totalLoad	RelzLoad	RelzLoadHomo	RelzLoadHetero	MskLoad	MeanFitness	SdFitness	MeanFitnessCached	SdFitnessCached	Heterozygosity	
10001	1	100	48	500	0.39755	0.360522	0.315079	0.0454431	0.0370277	0.655652	0.030098	1.30345	0.0521895	3.1408e-05
10002	1	100	37	500	0.399158	0.360721	0.3178	0.0429213	0.0384365	0.656775	0.0210723	1.30499	0.0391344	2.9854e-05
10003	1	100	33	500	0.408944	0.364851	0.32177	0.0430814	0.0440932	0.654351	0.0165061	1.30472	0.0399111	3.00071e-05
10004	1	100	31	500	0.444604	0.377068	0.310222	0.0668456	0.0675361	0.649808	0.0207528	1.30198	0.0381804	3.16551e-05
10005	1	100	29	500	0.449797	0.381868	0.31872	0.0631483	0.0679287	0.648345	0.0213414	1.30033	0.0442661	3.08474e-05
10006	1	100	21	500	0.142986	0.0720884	0.0348274	0.0372611	0.070898	0.932877	0.0854662	0.979032	0.0881612	2.84845e-05
10007	1	100	21	500	0.123478	0.0593778	0.0245859	0.0347919	0.0641002	0.946722	0.0589895	0.991353	0.0598079	2.95526e-05
10008	1	100	21	500	0.127243	0.060053	0.0243732	0.0356798	0.0671897	0.94764	0.052834	0.993364	0.0578829	3.01873e-05
10009	1	100	22	500	0.147109	0.0696913	0.0297003	0.039991	0.077418	0.943968	0.0376131	0.995396	0.0436147	3.03322e-05
10010	1	100	20	500	0.153769	0.0734725	0.0325502	0.0409223	0.0802966	0.93597	0.0628479	0.987659	0.0760626	2.98387e-05
10011	1	100	23	500	0.143139	0.0725687	0.0323085	0.0402603	0.07057	0.931285	0.0740976	0.991167	0.0896404	3.0602e-05
10012	1	100	23	500	0.134094	0.0646199	0.0280653	0.0365546	0.069474	0.935811	0.0795297	0.982473	0.09161	2.9297e-05
10013	1	100	20	500	0.130366	0.0645915	0.0282246	0.0363668	0.0657749	0.945032	0.050093	0.994031	0.0628135	2.91766e-05
10014	1	100	23	500	0.13669	0.0680373	0.0290757	0.0389616	0.0686525	0.939882	0.0583095	0.995991	0.0725539	3.12814e-05
10015	1	100	26	500	0.153708	0.0805708	0.0403904	0.0401804	0.0731372	0.921732	0.0903278	0.977174	0.108146	3.03072e-05
10016	1	100	21	500	0.157295	0.0843325	0.0439261	0.0404064	0.0729623	0.921087	0.0891323	0.978836	0.10847	3.1102e-05
10017	1	100	25	500	0.144204	0.0762996	0.0361106	0.040189	0.0679043	0.937132	0.0485497	0.99937	0.0619725	3.18496e-05
10018	1	100	23	500	0.133649	0.0694784	0.0307603	0.0387181	0.0641708	0.937768	0.0581648	0.996849	0.0737533	3.2002e-05
10019	1	100	22	500	0.117037	0.0608882	0.0239948	0.0368934	0.056149	0.944841	0.0434403	1.00276	0.0539547	3.20146e-05
10020	1	100	20	500	0.111995	0.058998	0.0226041	0.0363939	0.0529966	0.9475	0.0219084	1.00795	0.0390005	3.25483e-05
10021	1	100	21	500	0.10276	0.0571643	0.0208966	0.0362677	0.0455953	0.945823	0.0387828	1.01244	0.0527178	3.27892e-05
10022	1	100	19	500	0.112368	0.0610822	0.0233667	0.0377155	0.0512857	0.937511	0.0613501	1.00339	0.0772971	3.29224e-05
10023	1	100	19	500	0.113498	0.0618243	0.0244704	0.0373538	0.0516736	0.94382	0.0356905	1.0104	0.0533454	3.3042e-05
10024	1	100	20	500	0.120644	0.0638989	0.0262286	0.0376703	0.0567448	0.931918	0.0769991	0.992924	0.0953314	3.28945e-05
10025	1	100	18	500	0.122674	0.0680146	0.0280386	0.039976	0.0546595	0.938971	0.0404074	1.01199	0.0569825	3.37962e-05
10026	1	100	18	500	0.148482	0.0826255	0.0369143	0.0457112	0.0658567	0.929151	0.0439616	1.01292	0.0634841	3.44303e-05
10027	1	100	22	500	0.129754	0.0733881	0.0295686	0.0438195	0.0563662	0.935646	0.0215814	1.02076	0.0425375	3.48054e-05
10028	1	100	18	500	0.121476	0.0703971	0.0276499	0.0427472	0.0510791	0.934294	0.0427906	1.01913	0.0626301	3.48023e-05
10029	1	100	19	500	0.122347	0.0694109	0.0262359	0.0431749	0.0529364	0.933318	0.049075	1.01489	0.0668735	3.48898e-05
10030	1	100	18	500	0.13164	0.0710252	0.0275892	0.043436	0.0606151	0.92788	0.0663176	1.00116	0.0884182	3.40812e-05
10031	1	100	24	500	0.153234	0.0810585	0.0341778	0.0468806	0.0721753	0.934138	0.0228534	1.01017	0.0416723	3.49417e-05
10032	1	100	19	500	0.17728	0.0922084	0.0429009	0.0493075	0.0850716	0.919642	0.0688828	0.992	0.0906651	3.49338e-05
10033	1	100	22	500	0.165904	0.0869383	0.0385381	0.0484001	0.0789661	0.9262	0.0499729	1.00212	0.0677829	3.48678e-05
10034	1	100	24	500	0.167533	0.0861616	0.0389477	0.0472138	0.0813711	0.926241	0.0569455	0.998173	0.0801951	3.50592e-05
10035	1	100	22	500	0.205298	0.106979	0.0570304	0.0499491	0.0983185	0.907873	0.0907007	0.972213	0.111219	3.38842e-05
10036	1	100	27	500	0.205556	0.107451	0.0589337	0.0485174	0.0981051	0.904269	0.0967635	0.965611	0.121219	3.38666e-05
10037	1	100	24	500	0.197774	0.0987896	0.05029	0.0484996	0.0989848	0.906542	0.0981609	0.969946	0.121604	3.46292e-05
10038	1	100	24	500	0.206557	0.103526	0.0544784	0.0490475	0.103031	0.90157	0.103084	0.961271	0.126573	3.40108e-05
10039	1	100	24	500	0.201905	0.0987115	0.0493057	0.0494059	0.103193	0.914381	0.0812396	0.972577	0.101388	3.39523e-05
10040	1	100	26	500	0.196221	0.0989565	0.0482377	0.0507189	0.0972648	0.926619	0.0348748	0.995995	0.0579896	3.47665e-05
10041	1	100	30	500	0.198196	0.0987534	0.0456723	0.0530811	0.0994424	0.912918	0.072124	0.988524	0.0970108	3.46223e-05
10042	1	100	26	500	0.197615	0.101663	0.0501929	0.0514705	0.0959515	0.903578	0.0943047	0.976155	0.120901	3.34549e-05
10043	1	100	26	500	0.194112	0.0997112	0.0493686	0.0503426	0.0944006	0.902851	0.100258	0.972813	0.125397	3.31577e-05
10044	1	100	24	500	0.198359	0.107356	0.0613743	0.0459821	0.0910026	0.923318	0.0609286	0.978274	0.0752445	3.0543e-05
10045	1	100	25	500	0.158314	0.0819964	0.0395188	0.0424776	0.0763173	0.930655	0.0598421	0.98843	0.0752507	2.91104e-05
10046	1	100	22	500	0.157051	0.0816222	0.0455789	0.0360433	0.0754292	0.932023	0.0726203	0.975028	0.0855855	2.67008e-05
10047	1	100	22	500	0.141571	0.0726174	0.0367076	0.0359098	0.068954	0.937217	0.0629203	0.983177	0.0774419	2.85438e-05
10048	1	100	20	500	0.123956	0.0617183	0.0277583	0.03396	0.0622374	0.94427	0.0510267	0.991433	0.0637943	2.91613e-05
10049	1	100	22	500	0.126122	0.0626744	0.0281995	0.0344749	0.0634478	0.943575	0.0561316	0.990123	0.0686589	2.9763e-05
10050	1	100	24	500	0.148557	0.0738506	0.0369601	0.0368906	0.0747062	0.937819	0.0579215	0.981888	0.0706163	2.99188e-05
10051	1	100	21	500	0.134594	0.0682404	0.0336069	0.0346335	0.0663541	0.942472	0.050904	0.988494	0.0621192	2.75604e-05
10052	1	100	21	500	0.153797	0.0783716	0.0441305	0.0342411	0.0754258	0.922428	0.089293	0.962481	0.104763	2.52521e-05
10053	1	100	25	500	0.13614	0.0674556	0.0322474	0.0352081	0.0686849	0.943136	0.0226857	0.990115	0.0372135	2.63452e-05
10054	1	100	22	500	0.121108	0.0607775	0.0275481	0.0332294	0.0603308	0.946784	0.0205914	0.994744	0.0377952	2.63523e-05
10055	1	100	24	500	0.124527	0.0633682	0.0268881	0.0364801	0.0611591	0.931553	0.0671312	0.986623	0.0842608	2.79974e-05
10056	1	100	24	500	0.129659	0.0656988	0.0285001	0.0371987	0.06396	0.938769	0.0468725	0.993573	0.065172	2.84174e-05
10057	1	100	23	500	0.147677	0.0740481	0.0362725	0.0377756	0.073629	0.931754	0.0645409	0.979656	0.0793399	2.79539e-05
10058	1	100	23	500	0.130485	0.068181	0.0313625	0.0368184	0.062304	0.934767	0.053276	0.989351	0.0684766	2.78801e-05
10059	1	100	21	500	0.130284	0.0681574	0.0315359	0.0366216	0.0621261	0.941661	0.0325047	0.997834	0.049101	2.85698e-05
10060	1	100	22	500	0.124964	0.065377	0.0289739	0.0364032	0.0595868	0.939865	0.0446519	0.99952	0.0619311	2.93208e-05
10061	1	100	20	500	0.133555	0.06799	0.0312048	0.0367852	0.0655651	0.944733	0.0180314	1.00318	0.034201	2.92249e-05
10062	1	100	21	500	0.133441	0.0678676	0.030541	0.0373266	0.0655735	0.942675	0.0274747	1.00114	0.0418068	3.02674e-05
10063	1	100	23	500	0.136913	0.0693897	0.0314519	0.0379378	0.0675237	0.937782	0.0452811	0.997212	0.0605117	3.00432e-05
10064	1	100	25	500	0.130852	0.0675626	0.0310716	0.036491	0.0632895	0.939062	0.0435223	0.998522	0.0584945	2.886e-05
10065	1	100	26	500	0.155474	0.0784865	0.0393513	0.0391352	0.0769876	0.937447	0.0401041	0.991119	0.0527755	2.88412e-05
10066	1	100	24	500	0.159969	0.0769359	0.043983	0.0329529	0.0830331	0.941356	0.0318555	0.981054	0.0401888	2.51302e-05
10067	1	100	19	500	0.162322	0.0771707	0.0441661	0.0330047	0.0851516	0.92613	0.0827898	0.963255	0.0925698	2.55232e-05
10068	1	100	22	500	0.175041	0.0837956	0.051169	0.0326266	0.0912452	0.935332	0.0584231	0.967686	0.0645354	2.49737e-05
10069	1	100	23	500	0.1702	0.0792045	0.0473206	0.0318838	0.0909958	0.939826	0.0566644	0.968735	0.0629177	2.5861e-05
10070	1	100	22	500	0.165356	0.0778054	0.0462058	0.0315996	0.0875508	0.936262	0.0671464	0.967516	0.0743649	2.61348e-05
10071	1	100	22	500	0.152155	0.0696383	0.0407595	0.0288788	0.0825168	0.929046	0.0912823	0.959526	0.100555	2.62425e-05
10072	1	100	20	500	0.148926	0.0668625	0.0393745	0.027488	0.0820631	0.946206	0.0472426	0.974273	0.0534934	2.71641e-05
10073	1	100	19	500	0.142165	0.0628793	0.0360839	0.0267954	0.0792859	0.946627	0.056776	0.973925	0.0623051	2.7175e-05
10074	1	100	19	500	0.123498	0.0561393	0.0323284	0.0238109	0.0673584	0.955561	0.0240463	0.983584	0.0266176	2.72119e-05
10075	1	100	22	500	0.119891	0.0533266	0.0296691	0.0236575	0.0665641	0.957586	0.0208725	0.985132	0.0234042	2.86351e-05
10076	1	100	22	500	0.10544	0.0481893	0.0268687	0.0213206	0.0572511	0.960257	0.0187735	0.989692	0.0225309	2.81584e-05
10077	1	100	19	500	0.105137	0.0504246	0.0298514	0.0205732	0.0547121	0.956108	0.021641	0.985934	0.0267269	2.78077e-05
10078	1	100	18	500	0.0877971	0.0423975	0.0241173	0.0182801	0.0453997	0.965611	0.0179367	0.990906	0.0181954	2.98412e-05
10079	1	100	21	500	0.0891805	0.044037	0.024833	0.019204	0.0451435	0.961667	0.0273395	0.986945	0.0267271	2.99567e-05
10080	1	100	20	500	0.101751	0.0494592	0.0278713	0.0215879	0.0522919	0.955534	0.0486613	0.981106	0.0468492	3.03521e-05
10081	1	100	23	500	0.0919838	0.0422706	0.0217356	0.020535	0.0497132	0.962618	0.027654	0.989788	0.0266188	3.08317e-05
10082	1	100	22	500	0.0761605	0.0356717	0.0186315	0.0170402	0.0404888	0.96775	0.0214833	0.992723	0.0225493	3.05158e-05
10083	1	100	23	500	0.0826412	0.0370174	0.0187165	0.0183009	0.0456238	0.966649	0.0228154	0.990887	0.0233246	2.93562e-05
10084	1	100	24	500	0.0775663	0.0352146	0.017843	0.0173716	0.0423517	0.967173	0.0248605	0.989896	0.0248575	3.02795e-05
10085	1	100	18	500	0.0703875	0.033225	0.0172074	0.0160176	0.0371624	0.968374	0.0321907	0.990428	0.030867	3.06461e-05
10086	1	100	17	500	0.0646534	0.0316171	0.0165782	0.0150389	0.0330363	0.972649	0.0171754	0.995313	0.0168927	3.06922e-05
10087	1	100	20	500	0.0728992	0.0344877	0.017963	0.0165248	0.0384114	0.969313	0.0223814	0.99433	0.0199266	3.03248e-05
10088	1	100	16	500	0.0662311	0.0343562	0.0194226	0.0149336	0.0318749	0.969888	0.0182824	0.995844	0.0179917	3.1438e-05
10089	1	100	16	500	0.0674921	0.0346809	0.0196276	0.0150533	0.0328112	0.96782	0.0245658	0.99186	0.0257574	3.20231e-05
10090	1	100	17	500	0.0709985	0.0346676	0.0189863	0.0156813	0.0363308	0.967685	0.0257074	0.989321	0.0266329	3.25716e-05
10091	1	100	18	500	0.0600275	0.030304	0.0163014	0.0140026	0.0297235	0.971722	0.0186681	0.992852	0.0210835	3.17234e-05
10092	1	100	19	500	0.0547637	0.0280652	0.0148037	0.0132615	0.0266985	0.972593	0.0209949	0.993325	0.0224001	3.17235e-05
10093	1	100	15	500	0.0553884	0.0288531	0.0160278	0.0128253	0.0265352	0.975328	0.019089	0.992978	0.019263	3.30599e-05
10094	1	100	16	500	0.0519651	0.0270507	0.0144993	0.0125514	0.0249144	0.974888	0.0265475	0.992614	0.0218042	3.33612e-05
10095	1	100	16	500	0.0560367	0.0282703	0.0145152	0.0137552	0.0277664	0.974195	0.0203883	0.994412	0.0202402	3.39147e-05
10096	1	100	19	500	0.064127	0.0310259	0.0155333	0.0154926	0.0331011	0.972012	0.0201732	0.993438	0.0212944	3.38981e-05
10097	1	100	17	500	0.0709542	0.0344921	0.0179386	0.0165535	0.0364622	0.967392	0.0314391	0.989684	0.0293803	3.37182e-05
10098	1	100	14	500	0.0703017	0.0351412	0.0186947	0.0164466	0.0351605	0.967061	0.0300145	0.990021	0.0246867	3.447e-05
10099	1	100	15	500	0.0693758	0.0344187	0.0181404	0.0162783	0.0349571	0.969804	0.0219797	0.992214	0.0196379	3.45482e-05
10100	1	100	14	500	0.0576688	0.028216	0.0137245	0.0144915	0.0294528	0.975237	0.0176878	0.995888	0.0149539	3.4533e-05
10101	1	100	13	500	0.0522043	0.0262997	0.0129609	0.0133388	0.0259046	0.976686	0.0185623	0.996343	0.015193	3.51651e-05
