Generation	PopulationID	SampleSize	UniqueMutations	PopulationSize	totalLoad	RelzLoad	RelzLoadHomo	RelzLoadHetero	MskLoad	MeanFitness	SdFitness	MeanFitnessCached	SdFitnessCached	Heterozygosity	
10001	1	100	52	500	0.0829588	0.0561083	0.0367921	0.0193162	0.0268504	0.943988	0.0268599	1.0391	0.0268112	3.22408e-05
10002	1	100	35	500	0.0711243	0.055289	0.0359728	0.0193162	0.0158354	0.945392	0.0259032	1.04622	0.0255774	3.23131e-05
10003	1	100	31	500	0.0750566	0.0601291	0.0376681	0.022461	0.0149275	0.941442	0.0306617	1.05229	0.0307885	3.11586e-05
10004	1	100	31	500	0.071823	0.0578204	0.0377299	0.0200905	0.0140026	0.941503	0.0354285	1.04766	0.034224	2.80353e-05
10005	1	100	26	500	0.0327643	0.0165875	0.00163503	0.0149525	0.0161768	0.983296	0.0255864	1.00635	0.0249197	3.00562e-05
10006	1	100	22	500	0.0266262	0.0163948	0.00155233	0.0148425	0.0102315	0.98371	0.0249311	1.0104	0.0245727	3.01978e-05
10007	1	100	18	500	0.0218698	0.0161333	0.00192095	0.0142123	0.00573648	0.9835	0.0275298	1.01302	0.0273964	2.6005e-05
10008	1	100	21	500	0.0241967	0.0151741	0.00184383	0.0133302	0.00902264	0.985414	0.0255597	1.00955	0.0261294	2.82313e-05
10009	1	100	19	500	0.0245627	0.0178729	0.0023463	0.0155266	0.00668982	0.981663	0.0274429	1.01322	0.0282591	2.81937e-05
10010	1	100	18	500	0.0241673	0.0201376	0.003358	0.0167796	0.00402979	0.979719	0.027327	1.01727	0.0276777	2.62833e-05
10011	1	100	17	500	0.0277869	0.0233334	0.00446853	0.0188649	0.00445355	0.976688	0.0347375	1.02026	0.0335561	2.53647e-05
10012	1	100	14	500	0.0270708	0.0241481	0.00494674	0.0192014	0.00292268	0.97526	0.0352475	1.02109	0.0325659	2.60941e-05
10013	1	100	14	500	0.0288767	0.0260914	0.00582211	0.0202693	0.00278528	0.973987	0.033972	1.02374	0.0328657	2.49811e-05
10014	1	100	14	500	0.0356839	0.03256	0.00855591	0.0240041	0.00312387	0.967589	0.0390946	1.03007	0.0376733	2.73643e-05
10015	1	100	16	500	0.0410644	0.0372294	0.0115657	0.0256637	0.00383493	0.962766	0.0387275	1.0338	0.0361098	2.97101e-05
10016	1	100	17	500	0.0462223	0.0426052	0.0152437	0.0273615	0.00361707	0.957204	0.042628	1.03796	0.0372349	2.81764e-05
10017	1	100	10	500	0.0424592	0.0391598	0.013012	0.0261478	0.00329943	0.961012	0.0396865	1.03495	0.0352211	3.15764e-05
10018	1	100	9	500	0.0416373	0.0383417	0.0124541	0.0258876	0.00329557	0.961522	0.0426881	1.03418	0.0376224	3.08066e-05
10019	1	100	12	500	0.0402107	0.0357484	0.0106419	0.0251065	0.00446235	0.964575	0.0369877	1.03173	0.0349179	3.22928e-05
10020	1	100	9	500	0.0471127	0.0422683	0.0148185	0.0274498	0.00484438	0.957967	0.0414008	1.03736	0.0380496	3.30686e-05
10021	1	100	11	500	0.041143	0.0366538	0.0112478	0.0254059	0.00448927	0.963422	0.0410463	1.03202	0.0377708	3.46641e-05
10022	1	100	10	500	0.035811	0.0324909	0.00902876	0.0234621	0.00332009	0.967829	0.0355201	1.02907	0.0330566	3.48475e-05
10023	1	100	8	500	0.0420735	0.0385587	0.0126162	0.0259424	0.00351486	0.961468	0.0406193	1.03403	0.0372021	3.50069e-05
10024	1	100	12	500	0.0436136	0.0400142	0.0135819	0.0264323	0.00359938	0.959771	0.0427932	1.03479	0.0378713	3.67054e-05
10025	1	100	11	500	0.0444112	0.0394314	0.012949	0.0264824	0.00497987	0.960982	0.0364363	1.03457	0.0353118	3.62057e-05
10026	1	100	8	500	0.0574802	0.0538725	0.0242583	0.0296142	0.00360772	0.946784	0.0367526	1.04822	0.0333086	3.20135e-05
10027	1	100	11	500	0.066746	0.059757	0.0288982	0.0308588	0.00698897	0.940328	0.0446237	1.05041	0.0383071	2.95832e-05
10028	1	100	10	500	0.0651234	0.0559481	0.0249126	0.0310355	0.00917526	0.944508	0.0412873	1.04627	0.0351109	2.79833e-05
10029	1	100	9	500	0.0522664	0.0483432	0.0196086	0.0287346	0.00392325	0.951678	0.0426277	1.04226	0.0366346	2.75174e-05
10030	1	100	11	500	0.0491312	0.0447341	0.0167763	0.0279579	0.0043971	0.955538	0.0432472	1.03872	0.0377553	2.80653e-05
10031	1	100	11	500	0.0537663	0.0489039	0.019885	0.0290189	0.00486244	0.951415	0.0389807	1.04234	0.0348399	2.6388e-05
10032	1	100	10	500	0.0447734	0.0394551	0.013018	0.0264371	0.00531835	0.960988	0.0383395	1.03392	0.034492	2.4936e-05
10033	1	100	11	500	0.0449264	0.0398082	0.0132484	0.0265598	0.00511817	0.960645	0.039512	1.03432	0.0351466	2.2325e-05
10034	1	100	12	500	0.0401063	0.0342438	0.00978961	0.0244541	0.00586257	0.966067	0.039246	1.02867	0.0356845	2.1463e-05
10035	1	100	11	500	0.0377843	0.0299141	0.00745819	0.0224559	0.0078702	0.969826	0.0364932	1.02255	0.0342444	2.11307e-05
10036	1	100	10	500	0.0401857	0.0310654	0.00804378	0.0230216	0.00912032	0.969472	0.032838	1.02317	0.0314816	2.36329e-05
10037	1	100	12	500	0.0402959	0.0314542	0.00837715	0.0230771	0.00884167	0.969188	0.030941	1.02341	0.0312769	2.34876e-05
10038	1	100	9	500	0.0375704	0.0282057	0.0072528	0.0209529	0.00936471	0.97286	0.0318069	1.01915	0.0319189	2.32033e-05
10039	1	100	12	500	0.0446096	0.0273427	0.00594183	0.0214009	0.0172669	0.97303	0.0351238	1.01425	0.0319578	2.39425e-05
10040	1	100	14	500	0.0438497	0.0336612	0.00933839	0.0243228	0.0101885	0.966336	0.0335408	1.02402	0.03463	2.372e-05
10041	1	100	11	500	0.0438912	0.0335204	0.00950927	0.0240111	0.0103708	0.966573	0.0366301	1.02298	0.0367751	2.41657e-05
10042	1	100	15	500	0.0313365	0.0210337	0.00482309	0.0162106	0.0103028	0.978912	0.0275055	1.01035	0.0303627	2.41595e-05
10043	1	100	15	500	0.0255746	0.0141288	0.00346574	0.010663	0.0114458	0.985711	0.0223003	1.00269	0.0244821	2.39086e-05
10044	1	100	16	500	0.0262928	0.0139181	0.0047557	0.00916239	0.0123747	0.98581	0.0203621	0.998775	0.0226338	2.39621e-05
10045	1	100	11	500	0.0223287	0.0127725	0.00288276	0.00988973	0.00955621	0.987233	0.0209599	1.00362	0.0219464	2.50234e-05
10046	1	100	12	500	0.0237205	0.0144774	0.00357292	0.0109045	0.00924313	0.985666	0.0252923	1.00426	0.0253748	2.25584e-05
10047	1	100	10	500	0.0206035	0.0118752	0.00341702	0.00845815	0.00872829	0.988267	0.0195399	1.00197	0.021454	2.20453e-05
10048	1	100	12	500	0.0220636	0.0136647	0.00312785	0.0105369	0.00839885	0.986397	0.02391	1.00421	0.0263329	2.0132e-05
10049	1	100	13	500	0.0191623	0.0101692	0.00300945	0.00715976	0.00899312	0.990233	0.0180883	1.00046	0.0183093	1.76091e-05
10050	1	100	11	500	0.0165607	0.00853586	0.00226129	0.00627457	0.00802486	0.989838	0.0202213	0.998686	0.0203369	1.76881e-05
10051	1	100	10	500	0.020911	0.00892937	0.00209901	0.00683035	0.0119817	0.991153	0.0168657	0.999089	0.0183612	1.56026e-05
10052	1	100	11	500	0.0262543	0.0107796	0.00168107	0.00909856	0.0154747	0.989503	0.022719	1.00046	0.0243174	1.73892e-05
10053	1	100	11	500	0.0365983	0.0118721	0.00284452	0.00902761	0.0247261	0.9888	0.0227255	0.994606	0.023448	1.49184e-05
10054	1	100	8	500	0.0333361	0.00902414	0.00294616	0.00607798	0.0243119	0.991161	0.0168329	0.991161	0.0168329	1.33613e-05
10055	1	100	9	500	0.0207566	0.00627985	0.00266067	0.00361918	0.0144767	0.994378	0.0123055	0.994378	0.0123055	1.34653e-05
10056	1	100	8	500	0.0150511	0.00523233	0.00270337	0.00252896	0.00981881	0.995544	0.00764638	0.995693	0.00773126	1.39071e-05
10057	1	100	8	500	0.0130565	0.00417369	0.00195299	0.0022207	0.00888281	0.994984	0.0129274	0.99529	0.0130423	1.50219e-05
10058	1	100	9	500	0.0141825	0.00511011	0.00284201	0.0022681	0.00907239	0.994748	0.00858383	0.994859	0.00862081	1.52242e-05
10059	1	100	7	500	0.014278	0.00599	0.00391801	0.002072	0.00828798	0.994018	0.0102126	0.994018	0.0102126	1.33502e-05
10060	1	100	8	500	0.0230638	0.0086371	0.00503043	0.00360667	0.0144267	0.991611	0.0150159	0.991611	0.0150159	1.41056e-05
10061	1	100	8	500	0.027927	0.00774377	0.00269795	0.00504582	0.0201833	0.992608	0.0183739	0.992776	0.0184195	1.30575e-05
10062	1	100	6	500	0.0368916	0.0102589	0.00360077	0.00665816	0.0266326	0.990545	0.0207149	0.990545	0.0207149	1.28807e-05
10063	1	100	9	500	0.030687	0.00912495	0.00373444	0.0053905	0.021562	0.991093	0.0194821	0.991093	0.0194821	1.23655e-05
10064	1	100	8	500	0.0370533	0.0106537	0.00405385	0.00659988	0.0263995	0.990764	0.020665	0.990871	0.0203825	1.27488e-05
10065	1	100	6	500	0.0229937	0.00735103	0.00344037	0.00391066	0.0156426	0.991048	0.0180802	0.991198	0.0181539	1.2417e-05
10066	1	100	9	500	0.0362834	0.0128435	0.00698355	0.00585998	0.0234399	0.987298	0.0206108	0.987298	0.0206108	1.36078e-05
10067	1	100	10	500	0.0459431	0.0137909	0.00575285	0.00803805	0.0321522	0.987057	0.0203908	0.987249	0.0195906	1.43518e-05
10068	1	100	10	500	0.0323132	0.0113333	0.00608832	0.00524498	0.0209799	0.986365	0.0217919	0.986365	0.0217919	1.46391e-05
10069	1	100	10	500	0.0406307	0.0142631	0.0076712	0.0065919	0.0263676	0.984416	0.0221455	0.984419	0.0221471	1.50262e-05
10070	1	100	9	500	0.0384518	0.0140024	0.00789008	0.00611233	0.0244493	0.985968	0.0194085	0.986105	0.0193433	1.5189e-05
10071	1	100	8	500	0.0401178	0.0150401	0.0087707	0.00626941	0.0250776	0.985009	0.0223433	0.985009	0.0223433	1.53667e-05
10072	1	100	8	500	0.0530062	0.0184603	0.00982383	0.00863647	0.0345459	0.9833	0.0245915	0.9833	0.0245915	1.51567e-05
10073	1	100	8	500	0.0383864	0.0133524	0.0070939	0.00625851	0.025034	0.987005	0.0230861	0.987005	0.0230861	1.53875e-05
10074	1	100	8	500	0.0373286	0.0126214	0.00644375	0.00617769	0.0247072	0.987408	0.0217947	0.987562	0.0218832	1.5832e-05
10075	1	100	7	500	0.0438914	0.0166495	0.00983901	0.00681047	0.0272419	0.984401	0.0231392	0.9845	0.0231959	1.60612e-05
10076	1	100	10	500	0.0265932	0.0129579	0.00900876	0.00394913	0.0136353	0.986291	0.0170675	0.987383	0.0178135	1.49719e-05
10077	1	100	6	500	0.0202497	0.00997515	0.00644528	0.00352987	0.0102746	0.989078	0.0166011	0.991126	0.0176055	1.52076e-05
10078	1	100	6	500	0.0231288	0.0104492	0.0072793	0.00316991	0.0126796	0.989626	0.0143021	0.989726	0.0143746	1.5333e-05
10079	1	100	6	500	0.0226883	0.0104415	0.00737976	0.00306171	0.0122468	0.989992	0.0164686	0.989992	0.0164686	1.58333e-05
10080	1	100	6	500	0.029722	0.0149478	0.0112543	0.00369355	0.0147742	0.986365	0.0144465	0.986365	0.0144465	1.67539e-05
10081	1	100	7	500	0.0231717	0.0106026	0.00745686	0.00314574	0.0125691	0.987059	0.0193444	0.987478	0.0195651	1.79572e-05
10082	1	100	9	500	0.0220743	0.00954116	0.00640788	0.00313329	0.0125332	0.987809	0.0192494	0.987809	0.0192494	1.73788e-05
10083	1	100	8	500	0.0229342	0.0105639	0.00738933	0.00317458	0.0123703	0.990564	0.0111646	0.990777	0.0109081	1.76332e-05
10084	1	100	9	500	0.0268347	0.0133059	0.00992376	0.00338218	0.0135287	0.987132	0.016253	0.987132	0.016253	1.70054e-05
10085	1	100	6	500	0.023416	0.0111538	0.00808831	0.00306553	0.0122621	0.989454	0.0176297	0.989495	0.0176339	1.77318e-05
10086	1	100	9	500	0.0174213	0.00723442	0.0046877	0.00254672	0.0101869	0.99254	0.0104314	0.99254	0.0104314	1.83878e-05
10087	1	100	5	500	0.014318	0.00591053	0.00380866	0.00210187	0.00840746	0.994575	0.00864812	0.994575	0.00864812	1.84172e-05
10088	1	100	7	500	0.0122593	0.0056491	0.00377028	0.00187882	0.00661023	0.993525	0.010349	0.994094	0.0103129	1.83106e-05
10089	1	100	4	500	0.0106716	0.0049522	0.00352235	0.00142984	0.00571938	0.994687	0.00832729	0.994687	0.00832729	1.86352e-05
10090	1	100	8	500	0.0123798	0.00557645	0.0038756	0.00170085	0.00680338	0.994379	0.0100821	0.994379	0.0100821	1.85869e-05
10091	1	100	6	500	0.0125182	0.00549868	0.00374379	0.00175489	0.00701956	0.995274	0.00828669	0.995663	0.00821229	1.92156e-05
10092	1	100	9	500	0.0153995	0.00814707	0.0036335	0.00451357	0.00725239	0.99143	0.0179126	0.99691	0.0185599	1.91933e-05
10093	1	100	8	500	0.0121746	0.00571225	0.00235184	0.00336041	0.00646235	0.992908	0.0167589	0.996369	0.0141334	1.9828e-05
10094	1	100	5	500	0.0157398	0.00943306	0.00439842	0.00503464	0.00630675	0.990382	0.019579	0.997551	0.0207038	1.95206e-05
10095	1	100	4	500	0.0172962	0.0113307	0.00341406	0.00791664	0.00596551	0.988879	0.0257417	1.00247	0.0260663	1.96018e-05
10096	1	100	7	500	0.0227801	0.0162629	0.00327603	0.0129869	0.00651712	0.983284	0.0323856	1.0074	0.0331941	1.99886e-05
10097	1	100	8	500	0.0244985	0.0184099	0.00334093	0.0150689	0.00608865	0.981713	0.0353613	1.01083	0.0351049	2.01348e-05
10098	1	100	8	500	0.0312519	0.0248541	0.0046698	0.0201843	0.00639788	0.9751	0.047037	1.01629	0.0428514	1.98824e-05
10099	1	100	9	500	0.0405184	0.0325769	0.00681208	0.0257649	0.00794148	0.966421	0.0526502	1.02135	0.0484327	2.07965e-05
10100	1	100	9	500	0.0507369	0.0411303	0.00934235	0.0317879	0.00960656	0.958734	0.0567161	1.03002	0.0504223	2.0314e-05
10101	1	100	9	500	0.0523819	0.0370315	0.00825075	0.0287807	0.0153504	0.963936	0.0470788	1.02218	0.0455488	2.01688e-05
