Generation	PopulationID	SampleSize	UniqueMutations	PopulationSize	totalLoad	RelzLoad	RelzLoadHomo	RelzLoadHetero	MskLoad	MeanFitness	SdFitness	MeanFitnessCached	SdFitnessCached	Heterozygosity	
10001	1	100	60	500	0.0464578	0.0323879	0.00444323	0.0279447	0.0140699	0.965842	0.0290727	1.02274	0.0280677	2.85179e-05
10002	1	100	41	500	0.0561859	0.0327633	0.00423544	0.0285279	0.0234226	0.967474	0.0285291	1.0193	0.028038	2.82981e-05
10003	1	100	37	500	0.0739705	0.0427158	0.00578278	0.036933	0.0312547	0.958002	0.0329084	1.02481	0.0331125	2.86735e-05
10004	1	100	34	500	0.0604529	0.0402117	0.00636062	0.033851	0.0202412	0.960758	0.0253188	1.02891	0.0292618	2.91374e-05
10005	1	100	27	500	0.0412125	0.0367481	0.00641428	0.0303338	0.00446444	0.961583	0.0222457	1.03214	0.0266584	2.85506e-05
10006	1	100	19	500	0.0571986	0.0452197	0.0110405	0.0341792	0.0119789	0.955548	0.0265218	1.03893	0.0270754	2.74421e-05
10007	1	100	17	500	0.0484255	0.0459749	0.0125759	0.033399	0.00245055	0.954513	0.0217402	1.04446	0.0226817	2.74962e-05
10008	1	100	15	500	0.0469597	0.0451319	0.0122968	0.0328352	0.00182772	0.955254	0.0216311	1.04411	0.0230592	2.66221e-05
10009	1	100	16	500	0.0532367	0.0514021	0.0165345	0.0348676	0.00183464	0.949195	0.0202919	1.05067	0.0213154	2.49916e-05
10010	1	100	15	500	0.0533339	0.0503268	0.015107	0.0352198	0.00300713	0.950123	0.0223091	1.04857	0.0242572	2.48546e-05
10011	1	100	18	500	0.058482	0.0530935	0.0168028	0.0362907	0.00538851	0.947545	0.0196235	1.05033	0.0229458	2.47019e-05
10012	1	100	20	500	0.0616781	0.0540863	0.0175079	0.0365784	0.00759174	0.946817	0.018957	1.04995	0.0227839	2.37615e-05
10013	1	100	20	500	0.0613587	0.054446	0.0210173	0.0334287	0.00691266	0.946333	0.0219763	1.04969	0.0245979	2.34504e-05
10014	1	100	18	500	0.062014	0.0555775	0.0216419	0.0339356	0.00643649	0.945552	0.0222647	1.05162	0.0243219	2.40271e-05
10015	1	100	17	500	0.0625285	0.0563578	0.0231506	0.0332073	0.00617062	0.944412	0.0213162	1.05206	0.0227703	2.46757e-05
10016	1	100	18	500	0.0667459	0.0581767	0.0238096	0.0343671	0.00856917	0.942699	0.0213717	1.05283	0.0220569	2.4272e-05
10017	1	100	16	500	0.0726954	0.062804	0.0282263	0.0345778	0.00989138	0.938179	0.0202082	1.05637	0.0191561	2.41864e-05
10018	1	100	13	500	0.0695591	0.0582888	0.0253601	0.0329287	0.0112704	0.942549	0.0232619	1.05016	0.0242448	2.34674e-05
10019	1	100	16	500	0.0751971	0.0611787	0.0276602	0.0335185	0.0140184	0.940328	0.0211674	1.05184	0.0222298	2.34753e-05
10020	1	100	14	500	0.081526	0.0641338	0.0294905	0.0346433	0.0173921	0.938126	0.0217517	1.05224	0.0202936	2.29162e-05
10021	1	100	17	500	0.0735435	0.0574855	0.0220281	0.0354574	0.016058	0.943746	0.023665	1.04747	0.0212168	2.23414e-05
10022	1	100	20	500	0.0613579	0.0534193	0.020217	0.0332024	0.00793861	0.947323	0.0206185	1.04803	0.0191622	2.07269e-05
10023	1	100	17	500	0.0686736	0.0556332	0.0201677	0.0354655	0.0130404	0.945343	0.021961	1.04793	0.0187413	2.13923e-05
10024	1	100	17	500	0.0692725	0.054383	0.0186889	0.0356941	0.0148895	0.946384	0.0206902	1.04591	0.0217332	2.11468e-05
10025	1	100	17	500	0.0615719	0.0491811	0.0156414	0.0335398	0.0123908	0.95158	0.0201083	1.04213	0.0176875	2.00404e-05
10026	1	100	18	500	0.0714722	0.0511802	0.0151604	0.0360198	0.0202921	0.950319	0.0213469	1.03943	0.0221923	2.07608e-05
10027	1	100	14	500	0.0794279	0.0518778	0.0158114	0.0360664	0.0275501	0.950361	0.0221278	1.03544	0.026291	1.94085e-05
10028	1	100	9	500	0.0444517	0.0420346	0.0137146	0.02832	0.00241703	0.958463	0.0163384	1.04031	0.015039	1.81944e-05
10029	1	100	8	500	0.0505304	0.0433688	0.0138048	0.0295639	0.00716165	0.95719	0.0192974	1.03822	0.0139498	1.8045e-05
10030	1	100	9	500	0.0574596	0.0484225	0.0166405	0.031782	0.0090371	0.952363	0.0220178	1.04103	0.0146478	1.84868e-05
10031	1	100	8	500	0.0529271	0.0477469	0.0167106	0.0310363	0.0051802	0.952953	0.0190441	1.0432	0.0154541	1.86315e-05
10032	1	100	9	500	0.0575832	0.0477893	0.0165062	0.0312831	0.0097939	0.953047	0.0221597	1.0401	0.0141296	1.83324e-05
10033	1	100	8	500	0.056924	0.0500928	0.0188023	0.0312906	0.00683119	0.950821	0.0201886	1.04364	0.0146344	1.83599e-05
10034	1	100	10	500	0.0593585	0.0469797	0.0155309	0.0314488	0.0123788	0.953845	0.0212533	1.03849	0.0169188	1.85487e-05
10035	1	100	6	500	0.0428064	0.040961	0.0142666	0.0266945	0.00184542	0.958817	0.0191738	1.03785	0.0159631	1.75573e-05
10036	1	100	8	500	0.0424884	0.040544	0.0154169	0.0251271	0.00194439	0.959796	0.0180501	1.03782	0.0154223	1.63455e-05
10037	1	100	10	500	0.0427506	0.0399329	0.0146421	0.0252908	0.00281775	0.960192	0.0205194	1.03669	0.0170055	1.66532e-05
10038	1	100	8	500	0.0592951	0.048703	0.0187397	0.0299633	0.0105921	0.951608	0.0272372	1.03951	0.025734	1.80424e-05
10039	1	100	8	500	0.0570118	0.0473436	0.0187004	0.0286432	0.00966822	0.953641	0.0241282	1.03949	0.0237771	1.78748e-05
10040	1	100	8	500	0.0595345	0.0444777	0.0158973	0.0285805	0.0150568	0.956435	0.024935	1.03439	0.0269694	1.83365e-05
10041	1	100	8	500	0.0369978	0.0351466	0.012003	0.0231436	0.00185115	0.965499	0.0164798	1.03334	0.0152226	1.80638e-05
10042	1	100	10	500	0.0362249	0.0344083	0.0121245	0.0222838	0.00181661	0.965695	0.0201355	1.0321	0.0162966	1.78309e-05
10043	1	100	10	500	0.0345651	0.0327909	0.0117592	0.0210318	0.00177421	0.966848	0.0220066	1.03042	0.0175633	1.74129e-05
10044	1	100	11	500	0.0663175	0.0391148	0.0116875	0.0274272	0.0272027	0.962189	0.0393314	1.02418	0.0363425	1.77908e-05
10045	1	100	7	500	0.0340108	0.0325148	0.0112778	0.021237	0.00149596	0.967642	0.0175189	1.03113	0.0152772	1.79775e-05
10046	1	100	12	500	0.0345864	0.0329099	0.0116533	0.0212566	0.00167654	0.967489	0.0172625	1.03143	0.0155845	1.78607e-05
10047	1	100	11	500	0.0339191	0.0321085	0.0100546	0.022054	0.00181059	0.968034	0.0190274	1.03036	0.0163595	1.93097e-05
10048	1	100	9	500	0.0321205	0.03083	0.00999274	0.0208373	0.00129051	0.969358	0.0159863	1.02967	0.0140789	1.86397e-05
10049	1	100	11	500	0.0311376	0.0296106	0.00966086	0.0199498	0.00152701	0.97054	0.0144237	1.02857	0.0142529	1.83747e-05
10050	1	100	7	500	0.0310936	0.0298497	0.010231	0.0196187	0.00124395	0.97035	0.0143645	1.029	0.0131196	1.80832e-05
10051	1	100	12	500	0.0259556	0.0250378	0.0102778	0.01476	0.000917817	0.974968	0.0112713	1.02455	0.0106293	1.66208e-05
10052	1	100	8	500	0.0256371	0.0251505	0.0098987	0.0152518	0.000486602	0.974821	0.0103324	1.0248	0.010189	1.68328e-05
10053	1	100	13	500	0.0285862	0.0273484	0.010911	0.0164375	0.00123783	0.972689	0.0124336	1.02678	0.0116937	1.66828e-05
10054	1	100	10	500	0.0304302	0.0290879	0.01085	0.0182379	0.00134234	0.970734	0.0141129	1.0279	0.01409	1.69492e-05
10055	1	100	14	500	0.0356702	0.0317728	0.0129734	0.0187994	0.0038974	0.968483	0.0155173	1.0298	0.0134463	1.56299e-05
10056	1	100	11	500	0.0344183	0.0295419	0.0143128	0.0152292	0.00487639	0.97051	0.0156825	1.02668	0.0120787	1.33837e-05
10057	1	100	14	500	0.0435546	0.0321976	0.0137237	0.0184739	0.011357	0.968437	0.0194833	1.02577	0.0122717	1.45704e-05
10058	1	100	13	500	0.0361442	0.028775	0.0141984	0.0145767	0.00736914	0.971226	0.0182652	1.02445	0.0105323	1.32028e-05
10059	1	100	11	500	0.0322082	0.0272796	0.0160254	0.0112542	0.0049286	0.972907	0.0109711	1.02455	0.00842443	1.09315e-05
10060	1	100	14	500	0.0301263	0.0263732	0.0175182	0.00885506	0.00375312	0.973606	0.0107368	1.02407	0.00985738	9.56488e-06
10061	1	100	11	500	0.032569	0.026234	0.0166679	0.00956609	0.00633498	0.973874	0.0111638	1.02241	0.0104243	1.01013e-05
10062	1	100	11	500	0.0381108	0.0268735	0.0156474	0.0112261	0.0112373	0.973648	0.0130194	1.02034	0.0103689	1.04278e-05
10063	1	100	14	500	0.0425005	0.0275203	0.0165577	0.0109627	0.0149802	0.973028	0.0146442	1.01871	0.0125815	9.38741e-06
10064	1	100	11	500	0.0505422	0.0289377	0.0179406	0.0109971	0.0216045	0.969737	0.0283104	1.01352	0.0265101	9.09697e-06
10065	1	100	11	500	0.0525704	0.0308324	0.0184087	0.0124237	0.0217381	0.971189	0.0133934	1.01687	0.0116873	1.03065e-05
10066	1	100	12	500	0.0646982	0.0355527	0.0196891	0.0158636	0.0291455	0.965358	0.0292789	1.01224	0.027472	1.16725e-05
10067	1	100	10	500	0.076177	0.0410176	0.0224059	0.0186117	0.0351594	0.963636	0.0254066	1.01117	0.0233346	1.29397e-05
10068	1	100	13	500	0.0816478	0.0446023	0.0242467	0.0203556	0.0370454	0.956731	0.0434625	1.00342	0.0407366	1.42271e-05
10069	1	100	13	500	0.0674698	0.0375062	0.020618	0.0168881	0.0299637	0.96519	0.028508	1.01122	0.02617	1.30397e-05
10070	1	100	12	500	0.0685707	0.0376193	0.0206491	0.0169702	0.0309513	0.964995	0.028961	1.01109	0.0266455	1.32362e-05
10071	1	100	13	500	0.0645879	0.035546	0.0198494	0.0156966	0.0290419	0.966253	0.0273011	1.01189	0.0256555	1.25791e-05
10072	1	100	12	500	0.0756069	0.0381249	0.0211686	0.0169563	0.037482	0.966234	0.0185757	1.01276	0.0167582	1.19035e-05
10073	1	100	14	500	0.0568631	0.0311476	0.0200782	0.0110693	0.0257155	0.970442	0.0147679	1.01582	0.0138671	9.69905e-06
10074	1	100	14	500	0.0680098	0.0345375	0.0210354	0.0135021	0.0334723	0.967793	0.0157621	1.01389	0.0146177	1.08214e-05
10075	1	100	13	500	0.0822731	0.038795	0.0222216	0.0165735	0.0434781	0.964112	0.0219498	1.01014	0.022133	1.1728e-05
10076	1	100	14	500	0.103278	0.0427793	0.0216079	0.0211714	0.0604987	0.961589	0.0266808	1.00609	0.0291021	1.23121e-05
10077	1	100	11	500	0.10799	0.0453374	0.0228043	0.0225331	0.0626523	0.959942	0.0242214	1.00586	0.0280892	1.33179e-05
10078	1	100	11	500	0.0966727	0.0432676	0.0236554	0.0196122	0.0534051	0.962174	0.0221522	1.00846	0.0239582	1.30914e-05
10079	1	100	11	500	0.100608	0.0470624	0.0260119	0.0210505	0.0535458	0.95488	0.0376317	1.00176	0.0393112	1.45942e-05
10080	1	100	11	500	0.0663143	0.0347235	0.0217489	0.0129746	0.0315908	0.967877	0.016051	1.01483	0.0148949	1.2353e-05
10081	1	100	9	500	0.0641186	0.0347099	0.021363	0.0133468	0.0294088	0.968123	0.0153017	1.01589	0.0139059	1.30873e-05
10082	1	100	10	500	0.0615412	0.0335707	0.0212554	0.0123153	0.0279705	0.968893	0.0155482	1.01606	0.0140154	1.29587e-05
10083	1	100	7	500	0.0377992	0.0271872	0.0205899	0.00659732	0.010612	0.973608	0.00859518	1.02067	0.0054792	1.15197e-05
10084	1	100	8	500	0.0339093	0.0258261	0.0208617	0.0049644	0.00808315	0.972554	0.0230193	1.01899	0.0215374	1.07958e-05
10085	1	100	11	500	0.0255008	0.0233119	0.0223189	0.000992984	0.00218895	0.975155	0.0119444	1.0238	0.0123895	8.87757e-06
10086	1	100	11	500	0.0040622	0.00265965	8.52045e-05	0.00257445	0.00140255	0.99724	0.0135913	1.0018	0.0137463	8.50613e-06
10087	1	100	9	500	0.00483139	0.00418418	0.000178179	0.004006	0.000647205	0.995152	0.0181416	1.00318	0.0185082	8.45476e-06
10088	1	100	10	500	0.00661621	0.00592603	0.00032956	0.00559647	0.000690187	0.993751	0.0195278	1.00524	0.0197835	8.50037e-06
10089	1	100	10	500	0.00402942	0.00316018	0.000174408	0.00298577	0.000869244	0.996753	0.0139827	1.00266	0.0140809	8.96296e-06
10090	1	100	7	500	0.00472552	0.00372882	0.000171056	0.00355777	0.000996699	0.996106	0.0155787	1.00294	0.0156885	8.92176e-06
10091	1	100	8	500	0.00406013	0.0023466	0.000105872	0.00224073	0.00171352	0.99728	0.0141783	1.00095	0.0142692	8.81067e-06
10092	1	100	6	500	0.000795728	0.000219689	5.52507e-05	0.000164438	0.000576039	0.999721	0.00135985	0.999773	0.00136942	8.44319e-06
10093	1	100	12	500	0.00467646	0.00107775	0.000132509	0.000945243	0.0035987	0.998736	0.00493664	0.998828	0.00495946	8.62096e-06
10094	1	100	9	500	0.00750674	0.00174848	0.000181996	0.00156648	0.00575826	0.998193	0.00433499	0.998483	0.00437887	8.31331e-06
10095	1	100	10	500	0.00893328	0.0021177	0.000239868	0.00187784	0.00681558	0.998054	0.00471658	0.998449	0.00460696	8.42468e-06
10096	1	100	6	500	0.00481603	0.00116947	0.000153667	0.0010158	0.00364656	0.998596	0.0052209	0.998812	0.00527136	8.46751e-06
10097	1	100	7	500	0.00401993	0.00103653	0.000111923	0.000924608	0.0029834	0.998934	0.00420743	0.999298	0.00428344	8.90616e-06
10098	1	100	7	500	0.00347749	0.000918325	9.37844e-05	0.000824541	0.00255916	0.998906	0.00356009	0.999449	0.00368364	8.88797e-06
10099	1	100	8	500	0.00379686	0.0019047	7.29583e-05	0.00183174	0.00189215	0.997922	0.00798196	1.00089	0.0062618	9.08404e-06
10100	1	100	9	500	0.00485491	0.00261246	9.70976e-05	0.00251536	0.00224245	0.997384	0.0082754	1.00139	0.00857794	9.19195e-06
10101	1	100	7	500	0.00694042	0.00451757	0.000207083	0.00431049	0.00242285	0.995496	0.0120292	1.00316	0.0125338	9.40027e-06
