Generation	PopulationID	SampleSize	UniqueMutations	PopulationSize	totalLoad	RelzLoad	RelzLoadHomo	RelzLoadHetero	MskLoad	MeanFitness	SdFitness	MeanFitnessCached	SdFitnessCached	Heterozygosity	
10001	1	100	54	500	0.206358	0.191948	0.170466	0.0214813	0.0144104	0.816022	0.0315079	1.18494	0.0463718	2.4211e-05
10002	1	100	35	500	0.205419	0.188908	0.163596	0.0253119	0.0165117	0.82048	0.0307571	1.18328	0.0441796	2.41611e-05
10003	1	100	39	500	0.202854	0.18808	0.165087	0.0229936	0.0147731	0.821598	0.0319573	1.18324	0.0444556	2.44328e-05
10004	1	100	34	500	0.203925	0.18759	0.162834	0.0247562	0.0163347	0.821891	0.0336419	1.18095	0.0441956	2.53578e-05
10005	1	100	32	500	0.205942	0.184626	0.151305	0.0333209	0.0213164	0.825969	0.0421837	1.17556	0.0576118	2.7198e-05
10006	1	100	26	500	0.201473	0.189566	0.158649	0.0309176	0.0119068	0.820405	0.0374202	1.18669	0.0530662	2.66775e-05
10007	1	100	27	500	0.220771	0.191693	0.146166	0.0455276	0.0290777	0.820585	0.048438	1.17976	0.069698	2.91439e-05
10008	1	100	27	500	0.231068	0.186927	0.137808	0.0491193	0.0441406	0.826574	0.0495886	1.16346	0.0692568	3.04589e-05
10009	1	100	24	500	0.222212	0.186058	0.132925	0.0531331	0.0361534	0.826828	0.0531582	1.1652	0.0787251	3.20182e-05
10010	1	100	26	500	0.228673	0.201409	0.150745	0.0506643	0.0272646	0.810769	0.0473969	1.18793	0.0695546	2.98342e-05
10011	1	100	24	500	0.229622	0.208011	0.164132	0.0438794	0.0216104	0.806146	0.0473956	1.19988	0.0701671	2.7182e-05
10012	1	100	26	500	0.227121	0.205927	0.162263	0.043664	0.0211941	0.808448	0.0466521	1.19953	0.0694184	2.73371e-05
10013	1	100	28	500	0.229712	0.208607	0.160868	0.0477392	0.0211042	0.805922	0.0475173	1.20297	0.0705177	2.83087e-05
10014	1	100	25	500	0.217977	0.19745	0.160139	0.0373105	0.0205273	0.814949	0.0409235	1.19116	0.0625678	2.76272e-05
10015	1	100	27	500	0.212067	0.1975	0.167611	0.0298891	0.0145664	0.813825	0.0349465	1.19436	0.0524589	2.59016e-05
10016	1	100	20	500	0.049871	0.0370945	0.00678129	0.0303132	0.0127765	0.963789	0.0392186	1.02639	0.0421459	2.43001e-05
10017	1	100	22	500	0.0433978	0.0318953	0.005452	0.0264433	0.0115024	0.968716	0.0392017	1.0217	0.0412453	2.39983e-05
10018	1	100	20	500	0.0660208	0.0514164	0.011689	0.0397274	0.0146044	0.949947	0.0494015	1.03933	0.0497108	2.49407e-05
10019	1	100	20	500	0.0655993	0.0523517	0.0125884	0.0397632	0.0132477	0.947447	0.0475827	1.03973	0.0530842	2.52753e-05
10020	1	100	22	500	0.0695843	0.0568153	0.0140482	0.0427671	0.012769	0.944153	0.0491979	1.04531	0.0522674	2.56114e-05
10021	1	100	22	500	0.0584822	0.0453665	0.00921338	0.0361532	0.0131157	0.955585	0.0474369	1.03388	0.0486646	2.56799e-05
10022	1	100	18	500	0.0526952	0.0407137	0.0076106	0.0331031	0.0119816	0.960335	0.0437135	1.03064	0.0434957	2.49886e-05
10023	1	100	21	500	0.0466237	0.0366593	0.00591835	0.030741	0.00996436	0.962756	0.040732	1.02766	0.0440489	2.42832e-05
10024	1	100	20	500	0.0395625	0.0348262	0.00554862	0.0292776	0.00473631	0.965358	0.0446628	1.02984	0.043959	2.44776e-05
10025	1	100	17	500	0.0406078	0.0379674	0.00672292	0.0312445	0.00264034	0.962126	0.0439026	1.03395	0.0439613	2.48565e-05
10026	1	100	15	500	0.045019	0.0427117	0.00893115	0.0337805	0.00230739	0.957506	0.0485299	1.03922	0.0476796	2.40917e-05
10027	1	100	16	500	0.0376103	0.0350392	0.00595903	0.0290802	0.00257114	0.965146	0.0418215	1.03197	0.0406732	2.31864e-05
10028	1	100	14	500	0.0324808	0.030745	0.00499547	0.0257495	0.00173576	0.96936	0.043076	1.02809	0.0420536	2.27874e-05
10029	1	100	19	500	0.0387516	0.0329739	0.00519518	0.0277787	0.00577777	0.966841	0.0461792	1.02753	0.0439724	2.40183e-05
10030	1	100	16	500	0.0313467	0.0296015	0.00471241	0.0248891	0.00174523	0.970286	0.0437463	1.02748	0.0427038	2.25565e-05
10031	1	100	15	500	0.0346007	0.0329992	0.00557368	0.0274255	0.00160152	0.966867	0.0457918	1.03067	0.0445748	2.30428e-05
10032	1	100	15	500	0.0382912	0.0369467	0.00713847	0.0298082	0.00134454	0.962903	0.0460476	1.03413	0.0448153	2.4703e-05
10033	1	100	18	500	0.0525858	0.0438924	0.00933345	0.0345589	0.00869343	0.956353	0.0456524	1.0366	0.0477508	2.56611e-05
10034	1	100	12	500	0.0410855	0.0397887	0.00861587	0.0311728	0.00129681	0.96028	0.047082	1.03615	0.0459043	2.59213e-05
10035	1	100	15	500	0.0418817	0.0406631	0.00939386	0.0312692	0.00121867	0.959291	0.049261	1.03646	0.0485595	2.52437e-05
10036	1	100	15	500	0.0303877	0.02909	0.00528172	0.0238082	0.00129771	0.970815	0.0426755	1.02483	0.0423039	2.51717e-05
10037	1	100	15	500	0.0381955	0.0348883	0.00678463	0.0281037	0.00330718	0.965084	0.0433838	1.02927	0.0415714	2.52284e-05
10038	1	100	17	500	0.0421752	0.0353527	0.00667461	0.0286781	0.00682247	0.965005	0.0425343	1.02836	0.04446	2.53274e-05
10039	1	100	13	500	0.0406049	0.0341112	0.00625062	0.0278606	0.0064937	0.965868	0.0427236	1.02697	0.0415434	2.58717e-05
10040	1	100	14	500	0.0505391	0.0450757	0.0103548	0.0347209	0.00546336	0.955404	0.0466316	1.03874	0.0476644	2.69805e-05
10041	1	100	12	500	0.0362139	0.0333338	0.00619755	0.0271362	0.00288018	0.966737	0.0440174	1.02908	0.0434127	2.51525e-05
10042	1	100	12	500	0.0329945	0.0318198	0.00547149	0.0263483	0.00117478	0.967833	0.0429585	1.02913	0.0417134	2.31649e-05
10043	1	100	14	500	0.0475857	0.043989	0.00988429	0.0341047	0.00359671	0.956301	0.0469119	1.03966	0.0461549	2.51121e-05
10044	1	100	13	500	0.0512575	0.04863	0.0120306	0.0365994	0.00262746	0.951652	0.0458574	1.04503	0.0454134	2.55112e-05
10045	1	100	16	500	0.0568377	0.050351	0.0127378	0.0376132	0.00648669	0.949979	0.0465788	1.04423	0.0475839	2.718e-05
10046	1	100	17	500	0.0590697	0.051365	0.0128371	0.0385279	0.00770478	0.948985	0.0524303	1.04483	0.0505257	2.69513e-05
10047	1	100	12	500	0.0533171	0.0434422	0.00891833	0.0345238	0.00987491	0.957225	0.0440827	1.03694	0.0442487	2.27083e-05
10048	1	100	14	500	0.0429839	0.0388481	0.00734932	0.0314988	0.00413577	0.96127	0.0458317	1.03593	0.0446432	2.12904e-05
10049	1	100	16	500	0.0514102	0.044827	0.00945919	0.0353678	0.00658323	0.95542	0.0486029	1.0403	0.0487158	2.2274e-05
10050	1	100	12	500	0.0559022	0.049253	0.0114899	0.0377631	0.00664923	0.951392	0.046593	1.04477	0.0433352	2.22424e-05
10051	1	100	14	500	0.0533489	0.0472284	0.0105459	0.0366825	0.00612043	0.952838	0.0453868	1.04317	0.0465978	1.95313e-05
10052	1	100	15	500	0.0489569	0.0411631	0.00788822	0.0332749	0.00779382	0.959342	0.0442903	1.03655	0.0434683	1.85954e-05
10053	1	100	15	500	0.0460622	0.039202	0.00719899	0.032003	0.00686019	0.961254	0.0424194	1.03523	0.0440617	1.85918e-05
10054	1	100	13	500	0.0375499	0.0314064	0.00485637	0.02655	0.0061435	0.968412	0.0439396	1.02737	0.0433874	1.7841e-05
10055	1	100	15	500	0.0551619	0.0359312	0.00561821	0.030313	0.0192307	0.964889	0.0499686	1.02515	0.0396979	1.755e-05
10056	1	100	16	500	0.0748819	0.0398005	0.00590736	0.0338931	0.0350814	0.962022	0.0584646	1.01937	0.0401266	1.75454e-05
10057	1	100	17	500	0.0956179	0.0511079	0.00927981	0.0418281	0.04451	0.951516	0.062811	1.02507	0.0447643	1.98758e-05
10058	1	100	13	500	0.0844492	0.0480213	0.00870791	0.0393134	0.0364279	0.954362	0.0665309	1.02638	0.0489083	2.08215e-05
10059	1	100	16	500	0.0653691	0.047854	0.0098385	0.0380155	0.0175152	0.952781	0.0542307	1.03739	0.0473977	2.18101e-05
10060	1	100	14	500	0.0430649	0.0371549	0.00680975	0.0303451	0.00591006	0.96308	0.0454821	1.0332	0.0433088	2.15211e-05
10061	1	100	15	500	0.0495156	0.0470065	0.0112403	0.0357663	0.00250909	0.952428	0.0531771	1.04383	0.0499114	2.29914e-05
10062	1	100	15	500	0.0532231	0.0466404	0.0107178	0.0359226	0.00658268	0.953619	0.0536878	1.0425	0.0503514	2.2469e-05
10063	1	100	20	500	0.0577625	0.0498833	0.0119956	0.0378877	0.00787915	0.950353	0.0535843	1.04495	0.0524266	2.13938e-05
10064	1	100	19	500	0.0472787	0.0411017	0.00813422	0.0329675	0.006177	0.959231	0.0464316	1.03708	0.0428905	2.08479e-05
10065	1	100	18	500	0.0562531	0.0497722	0.0123686	0.0374036	0.00648088	0.950741	0.0503535	1.04563	0.0481627	2.19481e-05
10066	1	100	15	500	0.0530855	0.0505221	0.0134995	0.0370226	0.00256337	0.949256	0.0538032	1.04766	0.0528663	2.23761e-05
10067	1	100	17	500	0.0512432	0.0466305	0.0113509	0.0352796	0.00461272	0.953857	0.051508	1.0429	0.0504101	2.23724e-05
10068	1	100	15	500	0.0459839	0.0434247	0.0102721	0.0331527	0.00255912	0.956547	0.052843	1.04041	0.051097	2.36186e-05
10069	1	100	16	500	0.0450991	0.0427332	0.00987218	0.032861	0.00236596	0.956836	0.047773	1.04016	0.0478138	2.30132e-05
10070	1	100	13	500	0.0412685	0.0400933	0.00875098	0.0313423	0.00117519	0.959338	0.0477634	1.03797	0.0477881	2.23328e-05
10071	1	100	13	500	0.0322988	0.0296717	0.00479556	0.0248761	0.00262709	0.970392	0.0426395	1.02759	0.0427327	2.07406e-05
10072	1	100	13	500	0.0341473	0.0317156	0.00555801	0.0261576	0.00243166	0.968307	0.0461612	1.0294	0.0453595	2.17969e-05
10073	1	100	12	500	0.0336388	0.0326536	0.00592028	0.0267333	0.000985208	0.967449	0.0439739	1.0312	0.043241	2.21546e-05
10074	1	100	9	500	0.0412329	0.0401861	0.00876536	0.0314207	0.00104684	0.959957	0.0507257	1.03868	0.0492835	2.35329e-05
10075	1	100	10	500	0.0337554	0.0327959	0.00580023	0.0269957	0.000959509	0.967306	0.0502388	1.0315	0.0489311	2.15255e-05
10076	1	100	9	500	0.0431833	0.0422509	0.00955911	0.0326918	0.00093237	0.957827	0.0457933	1.04109	0.0451955	2.23113e-05
10077	1	100	13	500	0.0407817	0.039903	0.00843098	0.031472	0.000878729	0.960257	0.0449025	1.03895	0.0443389	2.14423e-05
10078	1	100	14	500	0.0415509	0.0406601	0.00863891	0.0320212	0.000890811	0.9594	0.0454697	1.03958	0.0455064	2.27633e-05
10079	1	100	16	500	0.0405017	0.0388696	0.00803702	0.0308326	0.00163209	0.961241	0.0465751	1.03744	0.0457416	2.36591e-05
10080	1	100	16	500	0.0424946	0.0409395	0.00905292	0.0318866	0.00155517	0.959193	0.049761	1.0395	0.0484958	2.50779e-05
10081	1	100	11	500	0.0256379	0.02488	0.00342187	0.0214581	0.000757975	0.97495	0.0427396	1.02442	0.0419153	2.0897e-05
10082	1	100	15	500	0.0205752	0.0198917	0.00218621	0.0177055	0.000683475	0.979822	0.0381524	1.01906	0.0380979	1.96841e-05
10083	1	100	13	500	0.023533	0.0228786	0.00279941	0.0200792	0.000654419	0.977093	0.0400899	1.02243	0.0398415	1.98676e-05
10084	1	100	14	500	0.0230763	0.0222501	0.00268576	0.0195643	0.00082621	0.977832	0.0396282	1.02163	0.039337	1.97829e-05
10085	1	100	14	500	0.0243693	0.0234787	0.00301329	0.0204654	0.000890565	0.976438	0.0403619	1.02261	0.0399042	2.0552e-05
10086	1	100	18	500	0.0275264	0.0262513	0.00371668	0.0225346	0.00127512	0.973392	0.0487908	1.02477	0.0470771	2.12141e-05
10087	1	100	17	500	0.0250987	0.0240551	0.0030605	0.0209946	0.00104359	0.975897	0.0410522	1.0231	0.041014	2.04724e-05
10088	1	100	15	500	0.0300751	0.0250657	0.00316368	0.021902	0.00500943	0.974886	0.044118	1.02196	0.0435962	2.08331e-05
10089	1	100	14	500	0.0264946	0.0217345	0.00245853	0.019276	0.00476015	0.978259	0.0412121	1.01888	0.0410862	1.9544e-05
10090	1	100	12	500	0.0281217	0.0249655	0.00331199	0.0216535	0.00315618	0.975127	0.0404225	1.02312	0.040828	2.00168e-05
10091	1	100	12	500	0.0364821	0.0318157	0.00527508	0.0265407	0.00466633	0.968194	0.047484	1.02906	0.0464939	2.10874e-05
10092	1	100	16	500	0.043861	0.0334246	0.00548974	0.0279348	0.0104364	0.966831	0.0449137	1.02745	0.0476444	2.18002e-05
10093	1	100	12	500	0.0368424	0.033343	0.00588808	0.0274549	0.00349942	0.966502	0.0446247	1.03091	0.0441757	2.20329e-05
10094	1	100	11	500	0.0364978	0.0335549	0.00600226	0.0275526	0.00294296	0.966424	0.0466641	1.03177	0.0472698	2.19412e-05
10095	1	100	14	500	0.0314762	0.0284311	0.00429511	0.024136	0.00304509	0.971642	0.0449777	1.02661	0.0454753	2.05077e-05
10096	1	100	12	500	0.0320815	0.0310238	0.00526303	0.0257608	0.00105774	0.968693	0.0470873	1.03025	0.0461817	2.14388e-05
10097	1	100	12	500	0.0248525	0.0239691	0.00315499	0.0208141	0.000883411	0.976067	0.04038	1.02333	0.0398936	1.995e-05
10098	1	100	12	500	0.0154375	0.0148738	0.00124343	0.0136304	0.00056374	0.984857	0.034166	1.01442	0.0332648	1.79192e-05
10099	1	100	12	500	0.0113362	0.00836713	0.00041846	0.00794867	0.00296909	0.991536	0.0254238	1.00673	0.0256656	1.58828e-05
10100	1	100	12	500	0.015046	0.00793729	0.000560307	0.00737699	0.00710873	0.989063	0.0341867	1.00055	0.0357387	1.51965e-05
10101	1	100	13	500	0.0121786	0.00700105	0.000373201	0.00662784	0.00517754	0.99294	0.0220829	1.00394	0.0225678	1.58865e-05
