Generation	PopulationID	SampleSize	UniqueMutations	PopulationSize	totalLoad	RelzLoad	RelzLoadHomo	RelzLoadHetero	MskLoad	MeanFitness	SdFitness	MeanFitnessCached	SdFitnessCached	Heterozygosity	
10001	1	100	64	500	0.409944	0.375628	0.310712	0.0649156	0.0343164	0.658334	0.0496185	1.30723	0.0603859	4.3139e-05
10002	1	100	44	500	0.16252	0.120904	0.0583675	0.0625369	0.0416155	0.883159	0.0565389	1.0359	0.0419525	4.18649e-05
10003	1	100	42	500	0.180556	0.118853	0.0507443	0.0681084	0.0617037	0.888253	0.0611696	1.02212	0.0409945	4.20633e-05
10004	1	100	38	500	0.169944	0.114107	0.0499678	0.0641388	0.0558375	0.891695	0.0561493	1.01663	0.0424201	4.19102e-05
10005	1	100	33	500	0.158469	0.105029	0.04507	0.059959	0.0534398	0.899563	0.0567046	1.01054	0.0413393	4.22253e-05
10006	1	100	32	500	0.148862	0.0934805	0.0383383	0.0551421	0.055382	0.913018	0.0542134	1.00572	0.0379296	4.24319e-05
10007	1	100	22	500	0.123191	0.091752	0.0421665	0.0495855	0.0314394	0.911952	0.0534751	1.00737	0.042972	4.02151e-05
10008	1	100	28	500	0.124336	0.0901301	0.0428374	0.0472927	0.0342057	0.911986	0.0537648	0.998523	0.0371075	3.91626e-05
10009	1	100	24	500	0.134804	0.0987301	0.0483022	0.0504279	0.0360737	0.904963	0.0431927	1.0009	0.0423807	3.77549e-05
10010	1	100	31	500	0.139233	0.0990464	0.0452562	0.0537902	0.0401865	0.905724	0.055207	1.00817	0.0437978	3.97179e-05
10011	1	100	23	500	0.137982	0.0976307	0.0462058	0.0514249	0.0403511	0.908399	0.0473408	1.00367	0.0411146	3.88144e-05
10012	1	100	23	500	0.125367	0.096371	0.0495835	0.0467875	0.0289959	0.908153	0.0499434	0.999642	0.0381477	3.57447e-05
10013	1	100	23	500	0.118776	0.0954501	0.051324	0.0441261	0.0233263	0.908792	0.0504466	0.997568	0.0382335	3.39878e-05
10014	1	100	20	500	0.125929	0.0854986	0.0415387	0.0439599	0.0404304	0.91999	0.042146	0.996321	0.0360815	3.85032e-05
10015	1	100	24	500	0.102071	0.0776926	0.0420729	0.0356198	0.024378	0.923523	0.0406491	0.989145	0.0368533	3.48001e-05
10016	1	100	22	500	0.0987259	0.073985	0.0411735	0.0328116	0.0247409	0.929271	0.0380408	0.989248	0.0341405	3.58099e-05
10017	1	100	18	500	0.0961554	0.0690083	0.0400549	0.0289534	0.0271472	0.931762	0.034843	0.982396	0.03554	3.41656e-05
10018	1	100	19	500	0.0879173	0.0691157	0.0421525	0.0269632	0.0188016	0.93269	0.0352589	0.983043	0.0304661	3.24513e-05
10019	1	100	17	500	0.0973424	0.0736893	0.0405111	0.0331782	0.0236531	0.925305	0.0408253	0.987556	0.0396962	3.50474e-05
10020	1	100	20	500	0.105335	0.0827332	0.0428583	0.0398749	0.0226014	0.920231	0.0460362	1.0022	0.0365501	3.50403e-05
10021	1	100	19	500	0.110074	0.0793627	0.0392107	0.040152	0.0307116	0.927397	0.0473703	1.00438	0.0362345	3.80854e-05
10022	1	100	20	500	0.106006	0.0778296	0.0390145	0.0388151	0.0281769	0.927568	0.0532851	1.00276	0.0330121	3.89026e-05
10023	1	100	19	500	0.105433	0.0796651	0.0424499	0.0372152	0.0257683	0.923065	0.040343	0.99532	0.0381872	3.50805e-05
10024	1	100	18	500	0.112928	0.0853346	0.0452847	0.0400499	0.0275929	0.916653	0.046234	0.994985	0.0381998	3.56275e-05
10025	1	100	19	500	0.113718	0.0869017	0.046252	0.0406496	0.026816	0.917901	0.0439817	0.999329	0.0389659	3.4158e-05
10026	1	100	19	500	0.103548	0.0779602	0.0444517	0.0335086	0.0255879	0.927048	0.0415172	0.988192	0.0301241	2.94948e-05
10027	1	100	20	500	0.10477	0.0784516	0.0431641	0.0352875	0.0263188	0.926634	0.0417103	0.991338	0.0337325	3.255e-05
10028	1	100	18	500	0.102743	0.0772407	0.043687	0.0335537	0.0255018	0.926777	0.0443855	0.988654	0.0310191	3.25565e-05
10029	1	100	17	500	0.102595	0.0769344	0.0429888	0.0339457	0.0256608	0.926716	0.0423357	0.987642	0.0307218	3.24073e-05
10030	1	100	19	500	0.110206	0.0761277	0.0394709	0.0366568	0.0340788	0.927827	0.0412936	0.990947	0.0382746	3.65749e-05
10031	1	100	23	500	0.106759	0.078108	0.0419123	0.0361957	0.0286508	0.926601	0.04436	0.991294	0.0315108	3.39879e-05
10032	1	100	22	500	0.108673	0.0776366	0.0429998	0.0346368	0.0310366	0.926702	0.0409073	0.987805	0.0312409	3.37978e-05
10033	1	100	22	500	0.100612	0.0685572	0.0402341	0.028323	0.0320544	0.932529	0.0375719	0.978149	0.0326728	3.34488e-05
10034	1	100	20	500	0.0841493	0.0604283	0.0406032	0.019825	0.023721	0.939756	0.0307339	0.971501	0.0279321	2.77638e-05
10035	1	100	17	500	0.0773685	0.0570085	0.0419441	0.0150644	0.0203599	0.942882	0.0264361	0.966335	0.0216636	2.54691e-05
10036	1	100	17	500	0.0791997	0.0586544	0.0433105	0.015344	0.0205452	0.944418	0.0217241	0.968879	0.0182185	2.48589e-05
10037	1	100	16	500	0.0747688	0.0532128	0.0394515	0.0137613	0.021556	0.947882	0.0236247	0.9672	0.0216282	2.73794e-05
10038	1	100	15	500	0.0797191	0.057509	0.043413	0.014096	0.0222101	0.944055	0.0225638	0.963445	0.0180514	2.33629e-05
10039	1	100	17	500	0.078016	0.0580826	0.0440535	0.0140291	0.0199334	0.944	0.0231397	0.964864	0.0173893	2.32829e-05
10040	1	100	17	500	0.0736069	0.0547403	0.04243	0.0123103	0.0188666	0.94593	0.0193455	0.962981	0.0204481	2.31655e-05
10041	1	100	17	500	0.0727057	0.0535894	0.0411867	0.0124027	0.0191163	0.949341	0.0228663	0.966351	0.0167198	2.49744e-05
10042	1	100	17	500	0.0768433	0.0537432	0.0395793	0.0141639	0.0231002	0.94877	0.0227628	0.967925	0.0217368	2.87895e-05
10043	1	100	16	500	0.0747776	0.052019	0.0391158	0.0129032	0.0227585	0.949207	0.0232601	0.965192	0.0231875	2.83652e-05
10044	1	100	18	500	0.0758741	0.0524063	0.0395286	0.0128777	0.0234679	0.952137	0.0200322	0.967638	0.0193383	2.89872e-05
10045	1	100	17	500	0.0749199	0.0518535	0.0393111	0.0125424	0.0230664	0.950185	0.0229109	0.96516	0.0208764	2.88096e-05
10046	1	100	18	500	0.0799904	0.0539413	0.0394884	0.0144529	0.0260491	0.947407	0.0232095	0.965265	0.023191	3.05809e-05
10047	1	100	20	500	0.0867549	0.0540377	0.0378498	0.0161879	0.0327172	0.953614	0.0242364	0.971927	0.020331	3.33723e-05
10048	1	100	24	500	0.0944889	0.055498	0.03821	0.017288	0.0389909	0.94601	0.0267542	0.962989	0.0269798	3.25412e-05
10049	1	100	22	500	0.0860589	0.0524473	0.0371419	0.0153054	0.0336116	0.949471	0.0270334	0.964891	0.0267256	3.28343e-05
10050	1	100	20	500	0.0915344	0.0543813	0.0377266	0.0166547	0.0371531	0.947831	0.027984	0.964414	0.0267372	3.34195e-05
10051	1	100	23	500	0.096227	0.0609948	0.0424329	0.0185619	0.0352322	0.944032	0.0237809	0.967987	0.0187861	2.9796e-05
10052	1	100	20	500	0.106043	0.0623944	0.0437821	0.0186123	0.0436487	0.942394	0.0226685	0.960203	0.0208449	2.80937e-05
10053	1	100	18	500	0.114377	0.0684396	0.0495105	0.0189291	0.0459374	0.937956	0.0286661	0.95475	0.0280017	2.57245e-05
10054	1	100	18	500	0.111348	0.0656277	0.0461393	0.0194884	0.0457208	0.939552	0.0244382	0.958083	0.0237987	2.88775e-05
10055	1	100	16	500	0.110946	0.0646021	0.0460832	0.0185188	0.0463435	0.938787	0.0293628	0.954452	0.030794	2.8476e-05
10056	1	100	20	500	0.12919	0.0714973	0.0524511	0.0190462	0.0576925	0.934278	0.0503179	0.943927	0.053281	2.76081e-05
10057	1	100	18	500	0.139903	0.0801063	0.0612144	0.0188919	0.059797	0.936753	0.0381369	0.944879	0.0386126	2.49666e-05
10058	1	100	19	500	0.137861	0.0777245	0.0583527	0.0193718	0.0601365	0.933113	0.0527536	0.942328	0.0538419	2.70607e-05
10059	1	100	16	500	0.13476	0.0726226	0.055034	0.0175886	0.062137	0.940151	0.0427909	0.944285	0.0450572	2.83127e-05
10060	1	100	14	500	0.131559	0.0675469	0.0515439	0.016003	0.0640118	0.947065	0.0428772	0.947065	0.0428772	2.78619e-05
10061	1	100	16	500	0.128544	0.0648453	0.0489207	0.0159246	0.0636984	0.943643	0.0453199	0.943643	0.0453199	2.92652e-05
10062	1	100	12	500	0.131756	0.0676735	0.0516529	0.0160206	0.0640822	0.940922	0.0474352	0.941007	0.0474968	3.00021e-05
10063	1	100	18	500	0.123977	0.0632049	0.0479753	0.0152296	0.0607721	0.945329	0.0457538	0.945386	0.0455588	3.08433e-05
10064	1	100	14	500	0.123675	0.062714	0.0474241	0.0152899	0.0609608	0.942342	0.0528793	0.942506	0.0529315	3.07796e-05
10065	1	100	15	500	0.127091	0.0639962	0.0478334	0.0161629	0.0630943	0.942223	0.0477294	0.942962	0.0476667	3.18877e-05
10066	1	100	16	500	0.135412	0.0703277	0.0532184	0.0171093	0.0650845	0.933901	0.0551368	0.935534	0.0556336	2.94672e-05
10067	1	100	18	500	0.129754	0.0648888	0.0478003	0.0170885	0.0648652	0.946598	0.0352213	0.948293	0.0352187	3.35636e-05
10068	1	100	17	500	0.132669	0.0651219	0.0480217	0.0171003	0.0675474	0.941508	0.0450954	0.942138	0.0450553	3.54633e-05
10069	1	100	15	500	0.132004	0.0652401	0.04816	0.0170801	0.0667635	0.9423	0.0483241	0.943059	0.0486831	3.35008e-05
10070	1	100	17	500	0.125867	0.0607392	0.0439287	0.0168106	0.0651275	0.945715	0.0363431	0.946946	0.0364544	3.49253e-05
10071	1	100	13	500	0.122014	0.0587454	0.042056	0.0166894	0.0632689	0.95299	0.0363454	0.954701	0.0362373	3.75695e-05
10072	1	100	18	500	0.11598	0.056045	0.0401614	0.0158836	0.0599353	0.948368	0.0371645	0.950136	0.0376368	3.97523e-05
10073	1	100	17	500	0.126178	0.0592314	0.0420705	0.0171609	0.0669465	0.949789	0.0411171	0.950651	0.0409622	4.07625e-05
10074	1	100	14	500	0.118866	0.0569337	0.0414507	0.015483	0.0619319	0.948101	0.0311317	0.948101	0.0311317	3.95136e-05
10075	1	100	15	500	0.122893	0.0576593	0.0413508	0.0163084	0.0652338	0.940506	0.0466135	0.94052	0.0466165	4.08616e-05
10076	1	100	18	500	0.125333	0.0585282	0.0417758	0.0167524	0.0668053	0.95077	0.0344342	0.95106	0.0344274	4.09955e-05
10077	1	100	14	500	0.13505	0.0631524	0.0451292	0.0180232	0.0718973	0.944953	0.0425246	0.945127	0.0424867	4.02892e-05
10078	1	100	13	500	0.130868	0.0618156	0.0444691	0.0173465	0.0690525	0.949631	0.0274154	0.949812	0.0275293	3.86342e-05
10079	1	100	14	500	0.155479	0.0732029	0.0525644	0.0206386	0.0822758	0.936128	0.0563916	0.936512	0.0556633	4.12061e-05
10080	1	100	17	500	0.153233	0.0715911	0.0511806	0.0204104	0.0816418	0.94152	0.0461992	0.941532	0.0461965	4.05257e-05
10081	1	100	15	500	0.140265	0.0661153	0.0475779	0.0185374	0.0741496	0.943846	0.0411204	0.943846	0.0411204	4.05554e-05
10082	1	100	15	500	0.147014	0.0698696	0.0505835	0.0192861	0.0771443	0.94252	0.0429793	0.94252	0.0429793	4.13955e-05
10083	1	100	13	500	0.144633	0.0695811	0.0508181	0.018763	0.075052	0.937441	0.0533685	0.937582	0.0534484	4.1033e-05
10084	1	100	13	500	0.14246	0.0686011	0.0501364	0.0184647	0.0738587	0.94678	0.035822	0.94835	0.0352726	4.12603e-05
10085	1	100	16	500	0.137916	0.0678356	0.0491711	0.0186645	0.0700806	0.93795	0.0390691	0.940209	0.0400379	3.91693e-05
10086	1	100	16	500	0.137572	0.0663291	0.0476397	0.0186894	0.0712431	0.944006	0.0449481	0.945963	0.0449666	3.98946e-05
10087	1	100	14	500	0.1379	0.0673103	0.0485848	0.0187255	0.0705895	0.949671	0.0215138	0.951778	0.0225357	4.03248e-05
10088	1	100	17	500	0.12511	0.0624619	0.0458469	0.0166151	0.0626483	0.950251	0.0221839	0.952083	0.0219706	3.87467e-05
10089	1	100	13	500	0.128328	0.0640485	0.046115	0.0179335	0.0642793	0.9438	0.0427434	0.947431	0.0424811	4.01699e-05
10090	1	100	15	500	0.12794	0.0629239	0.0457913	0.0171326	0.0650159	0.945566	0.0432256	0.947595	0.0436481	4.11163e-05
10091	1	100	13	500	0.144257	0.0693134	0.0505776	0.0187358	0.0749431	0.939757	0.0513724	0.939757	0.0513724	4.31419e-05
10092	1	100	13	500	0.146408	0.0692814	0.0499875	0.0192939	0.0771264	0.939032	0.0481644	0.939114	0.0482214	4.47207e-05
10093	1	100	14	500	0.147122	0.0710891	0.0520811	0.0190081	0.0760324	0.941159	0.0414461	0.941159	0.0414461	4.56778e-05
10094	1	100	14	500	0.140938	0.0644623	0.0453433	0.019119	0.0764759	0.938955	0.0427807	0.93897	0.0427561	4.48031e-05
10095	1	100	13	500	0.132486	0.0634196	0.0461162	0.0173034	0.069066	0.943438	0.0414964	0.943499	0.0412617	4.37092e-05
10096	1	100	16	500	0.144263	0.0661963	0.0466796	0.0195167	0.0780668	0.948247	0.035056	0.948271	0.03507	4.38533e-05
10097	1	100	13	500	0.135365	0.06592	0.0483457	0.0175743	0.0694445	0.946855	0.0356593	0.947346	0.0356198	4.17732e-05
10098	1	100	16	500	0.136575	0.0663673	0.0485307	0.0178366	0.0702073	0.941084	0.0353091	0.941632	0.0352934	4.24544e-05
10099	1	100	18	500	0.131861	0.0641477	0.0464106	0.0177371	0.0677137	0.947265	0.0342128	0.948926	0.0346698	4.25921e-05
10100	1	100	17	500	0.122307	0.0587643	0.0423167	0.0164477	0.0635429	0.948288	0.0287621	0.949668	0.0290904	4.39362e-05
10101	1	100	17	500	0.12356	0.0588952	0.0425275	0.0163677	0.0646647	0.950429	0.0283882	0.950866	0.0285111	4.45982e-05
