Generation	PopulationID	SampleSize	UniqueMutations	PopulationSize	totalLoad	RelzLoad	RelzLoadHomo	RelzLoadHetero	MskLoad	MeanFitness	SdFitness	MeanFitnessCached	SdFitnessCached	Heterozygosity	
10001	1	100	54	500	0.0536845	0.0268876	0.00413477	0.0227528	0.0267969	0.970363	0.027682	1.00839	0.0308623	4.80163e-05
10002	1	100	43	500	0.0505552	0.0265586	0.004201	0.0223576	0.0239966	0.974833	0.0203273	1.01206	0.0220638	4.77357e-05
10003	1	100	37	500	0.0504911	0.0272646	0.00508809	0.0221766	0.0232265	0.972581	0.0242359	1.01074	0.0294527	4.82138e-05
10004	1	100	34	500	0.0438876	0.0246028	0.00459654	0.0200063	0.0192848	0.976463	0.0187827	1.01172	0.022492	4.64434e-05
10005	1	100	27	500	0.0401369	0.0237223	0.00421783	0.0195045	0.0164146	0.976908	0.0168649	1.01283	0.0195952	4.55408e-05
10006	1	100	29	500	0.0424553	0.0238386	0.00450259	0.019336	0.0186167	0.976832	0.0192883	1.01062	0.023998	4.46436e-05
10007	1	100	23	500	0.0321859	0.0223638	0.00412176	0.018242	0.00982208	0.978242	0.01709	1.01442	0.0197369	4.39433e-05
10008	1	100	25	500	0.0406366	0.0301641	0.00586216	0.024302	0.0104724	0.970622	0.0220109	1.02198	0.0259896	4.55693e-05
10009	1	100	27	500	0.036619	0.0282455	0.0059232	0.0223223	0.0083735	0.972264	0.0183068	1.02047	0.0233663	4.44273e-05
10010	1	100	24	500	0.0358239	0.0272854	0.00643791	0.0208475	0.00853852	0.972916	0.0174968	1.01869	0.0231364	4.33256e-05
10011	1	100	25	500	0.0365394	0.0273754	0.00674495	0.0206305	0.00916404	0.973598	0.0191003	1.01943	0.0230672	4.3072e-05
10012	1	100	21	500	0.0354259	0.0288267	0.00722628	0.0216004	0.0065992	0.971338	0.0178142	1.02163	0.0217496	4.23387e-05
10013	1	100	26	500	0.0392584	0.0304271	0.00739017	0.0230369	0.00883133	0.969772	0.0214657	1.02136	0.0258096	4.11371e-05
10014	1	100	24	500	0.0391882	0.0279089	0.00677859	0.0211303	0.0112793	0.973078	0.0195046	1.01803	0.0208172	4.30991e-05
10015	1	100	22	500	0.0424676	0.0265992	0.00669764	0.0199016	0.0158684	0.97378	0.0211148	1.01367	0.0224976	4.2243e-05
10016	1	100	20	500	0.0302678	0.021153	0.00524421	0.0159088	0.00911484	0.979665	0.0144926	1.01192	0.0177917	4.08317e-05
10017	1	100	20	500	0.0312659	0.0205103	0.00507193	0.0154384	0.0107556	0.979939	0.0142099	1.0099	0.0198784	4.09417e-05
10018	1	100	25	500	0.0270121	0.0171513	0.00484225	0.0123091	0.00986083	0.982884	0.0126628	1.00519	0.0161119	4.08219e-05
10019	1	100	18	500	0.025435	0.0174071	0.00504798	0.0123591	0.00802784	0.983234	0.00994428	1.00734	0.0143302	4.31662e-05
10020	1	100	19	500	0.0277971	0.0186347	0.00558089	0.0130538	0.0091624	0.98214	0.011972	1.0068	0.0172921	4.1879e-05
10021	1	100	20	500	0.0255968	0.0157782	0.0054099	0.0103683	0.00981858	0.983733	0.0114626	1.00139	0.016768	3.88167e-05
10022	1	100	18	500	0.0239801	0.0155117	0.00501546	0.0104963	0.00846836	0.985184	0.0108873	1.00363	0.0146887	3.85412e-05
10023	1	100	20	500	0.0229741	0.0147571	0.00516695	0.00959019	0.008217	0.985294	0.00987967	1.00195	0.0144082	3.92651e-05
10024	1	100	17	500	0.0249146	0.0151945	0.00629461	0.00889993	0.00972009	0.985333	0.0108488	0.999563	0.0149856	3.6319e-05
10025	1	100	19	500	0.022236	0.0145652	0.00521474	0.00935048	0.00767077	0.985232	0.0133282	1.0011	0.0153778	3.75891e-05
10026	1	100	21	500	0.0361662	0.0185758	0.0051198	0.013456	0.0175905	0.981941	0.017239	1.00259	0.0178575	4.27817e-05
10027	1	100	15	500	0.036709	0.0160212	0.00586176	0.0101595	0.0206878	0.985433	0.0179383	0.996453	0.0141989	3.98838e-05
10028	1	100	15	500	0.0296429	0.0154452	0.00620407	0.00924113	0.0141977	0.985272	0.0134119	0.998228	0.0139276	3.99859e-05
10029	1	100	12	500	0.0375356	0.0177677	0.00653055	0.0112371	0.019768	0.982298	0.0163079	0.997055	0.0169957	4.13085e-05
10030	1	100	16	500	0.0468994	0.0212097	0.00819172	0.013018	0.0256897	0.980847	0.0167231	0.99615	0.0137909	3.9683e-05
10031	1	100	15	500	0.0613647	0.0251942	0.0093927	0.0158015	0.0361705	0.978295	0.0185338	0.994034	0.0162646	3.97629e-05
10032	1	100	16	500	0.083087	0.0332017	0.0135178	0.0196839	0.0498853	0.971343	0.0207895	0.988406	0.0203542	3.86957e-05
10033	1	100	13	500	0.0754151	0.0313096	0.0136808	0.0176287	0.0441056	0.967289	0.0600557	0.982769	0.0580372	3.76839e-05
10034	1	100	15	500	0.065526	0.0278722	0.0123567	0.0155155	0.0376539	0.975177	0.0211836	0.989163	0.020491	3.70748e-05
10035	1	100	15	500	0.0775713	0.031068	0.0130499	0.0180181	0.0465033	0.973865	0.0234763	0.989345	0.0188552	3.7748e-05
10036	1	100	13	500	0.0695834	0.0280789	0.0130265	0.0150523	0.0415046	0.970063	0.0598025	0.980734	0.0570029	3.26718e-05
10037	1	100	14	500	0.0565939	0.0232274	0.0106609	0.0125665	0.0333665	0.978653	0.019868	0.988663	0.0179608	3.24967e-05
10038	1	100	13	500	0.0511572	0.022084	0.0100972	0.0119868	0.0290732	0.979423	0.019301	0.99091	0.0195725	3.38631e-05
10039	1	100	13	500	0.0616852	0.02531	0.0100001	0.0153099	0.0363752	0.975388	0.0212061	0.99246	0.0230182	3.7841e-05
10040	1	100	15	500	0.0664903	0.0267663	0.0110267	0.0157396	0.039724	0.974026	0.0232389	0.988684	0.0237807	3.57868e-05
10041	1	100	15	500	0.044651	0.0198563	0.00759706	0.0122592	0.0247946	0.98191	0.0157978	0.996681	0.0142635	3.58127e-05
10042	1	100	13	500	0.0366303	0.0177455	0.00678986	0.0109556	0.0188849	0.98355	0.0133183	0.998614	0.0137424	3.50856e-05
10043	1	100	11	500	0.0366467	0.0172708	0.00660692	0.0106639	0.0193759	0.983691	0.0164935	0.997501	0.0136209	3.2968e-05
10044	1	100	13	500	0.0305949	0.0149991	0.00599047	0.00900862	0.0155958	0.984801	0.0153808	0.996952	0.0149186	3.05058e-05
10045	1	100	13	500	0.0455414	0.0185734	0.00761215	0.0109613	0.026968	0.983077	0.0181004	0.993809	0.0144613	2.76491e-05
10046	1	100	15	500	0.0586814	0.0226914	0.00951072	0.0131807	0.03599	0.979916	0.0218488	0.989652	0.0170473	2.66444e-05
10047	1	100	18	500	0.0880685	0.0285963	0.00970125	0.0188951	0.0594722	0.974824	0.0420352	0.983895	0.0381359	2.63653e-05
10048	1	100	19	500	0.0735362	0.026193	0.00948939	0.0167037	0.0473432	0.977364	0.0284091	0.989356	0.02761	3.12248e-05
10049	1	100	17	500	0.0880117	0.0295764	0.00933788	0.0202386	0.0584352	0.97319	0.0409764	0.98777	0.0413388	3.36965e-05
10050	1	100	16	500	0.081057	0.0273024	0.0083353	0.0189671	0.0537546	0.974704	0.0400023	0.98951	0.0386182	3.35627e-05
10051	1	100	18	500	0.0618295	0.0226385	0.00803867	0.0145998	0.0391911	0.977724	0.0300131	0.989863	0.029963	3.06806e-05
10052	1	100	12	500	0.0471627	0.0197265	0.00844068	0.0112858	0.0274362	0.982251	0.0163745	0.99313	0.0159516	2.87546e-05
10053	1	100	13	500	0.0532784	0.0218564	0.00868465	0.0131717	0.031422	0.980035	0.0163185	0.994237	0.0158841	3.24888e-05
10054	1	100	14	500	0.0555119	0.0238758	0.00899487	0.0148809	0.0316361	0.97766	0.0227558	0.996721	0.020566	3.53453e-05
10055	1	100	13	500	0.0487126	0.0222006	0.00851519	0.0136854	0.026512	0.979682	0.0179385	0.999571	0.0163748	3.59655e-05
10056	1	100	12	500	0.0448845	0.0196995	0.008087	0.0116125	0.025185	0.982081	0.0179512	0.996195	0.0143845	3.32124e-05
10057	1	100	14	500	0.0490955	0.0201778	0.0079324	0.0122454	0.0289177	0.981015	0.0223668	0.993827	0.0169438	3.202e-05
10058	1	100	14	500	0.0742309	0.0284973	0.0117204	0.016777	0.0457336	0.976522	0.0247348	0.990635	0.0194883	3.2432e-05
10059	1	100	12	500	0.0753987	0.029213	0.0120657	0.0171473	0.0461857	0.975775	0.025548	0.989733	0.0204085	3.02929e-05
10060	1	100	10	500	0.0751175	0.0295701	0.0121653	0.0174048	0.0455474	0.965832	0.0803868	0.98107	0.0766054	3.35945e-05
10061	1	100	9	500	0.0956275	0.0366175	0.0160108	0.0206066	0.05901	0.971858	0.0302105	0.988009	0.0238983	3.50612e-05
10062	1	100	14	500	0.128602	0.0495547	0.0238829	0.0256719	0.0790476	0.954884	0.0846838	0.970614	0.080171	3.61311e-05
10063	1	100	17	500	0.132268	0.0539859	0.0275348	0.0264511	0.0782819	0.944812	0.113604	0.964676	0.111356	3.93362e-05
10064	1	100	14	500	0.11289	0.0446995	0.020443	0.0242565	0.0681907	0.957632	0.0775284	0.979368	0.0730416	4.03641e-05
10065	1	100	12	500	0.109943	0.0444023	0.0211445	0.0232579	0.0655405	0.963614	0.0572875	0.982344	0.0519278	3.76053e-05
10066	1	100	17	500	0.0912529	0.0369995	0.0172012	0.0197983	0.0542534	0.966912	0.0578269	0.983651	0.0552123	3.64834e-05
10067	1	100	11	500	0.0823108	0.0342204	0.0160338	0.0181867	0.0480904	0.974239	0.023608	0.990754	0.0188055	3.63199e-05
10068	1	100	13	500	0.0742455	0.0284571	0.0115378	0.0169193	0.0457884	0.974818	0.0366132	0.988693	0.0347475	3.4634e-05
10069	1	100	13	500	0.0524654	0.0217864	0.00911894	0.0126675	0.0306789	0.980804	0.0206549	0.992684	0.018013	3.07396e-05
10070	1	100	14	500	0.0538341	0.0228441	0.00931492	0.0135292	0.03099	0.980164	0.0213059	0.993282	0.0180123	3.04789e-05
10071	1	100	15	500	0.0609961	0.0243541	0.0108025	0.0135517	0.036642	0.975499	0.0532662	0.985092	0.0502885	2.83826e-05
10072	1	100	12	500	0.0621194	0.0246492	0.0111863	0.0134629	0.0374701	0.976602	0.0448319	0.985798	0.0445468	2.82873e-05
10073	1	100	17	500	0.0377206	0.0164589	0.00741422	0.00904469	0.0212617	0.984338	0.0181981	0.992546	0.0126746	2.42659e-05
10074	1	100	13	500	0.0830689	0.0336483	0.0159578	0.0176905	0.0494206	0.9704	0.0535978	0.982818	0.0530123	3.15508e-05
10075	1	100	15	500	0.0753376	0.0298918	0.0138496	0.0160423	0.0454457	0.972418	0.053286	0.983123	0.0518974	3.09172e-05
10076	1	100	15	500	0.0941711	0.0368072	0.0184236	0.0183836	0.0573639	0.954884	0.100742	0.963865	0.101201	3.08638e-05
10077	1	100	15	500	0.0779952	0.0304181	0.0148338	0.0155843	0.0475772	0.976868	0.0219823	0.985337	0.0221128	2.96777e-05
10078	1	100	14	500	0.084377	0.0329099	0.0170087	0.0159013	0.0514671	0.971544	0.0534163	0.977813	0.051469	2.6551e-05
10079	1	100	14	500	0.0905276	0.0361083	0.0191179	0.0169904	0.0544193	0.963572	0.0791175	0.970699	0.0774263	2.61659e-05
10080	1	100	10	500	0.0773295	0.0300049	0.0152399	0.014765	0.0473246	0.972882	0.0523645	0.979608	0.0545972	2.68831e-05
10081	1	100	15	500	0.0701101	0.0272671	0.0129681	0.0142991	0.0428429	0.978724	0.0197506	0.987097	0.022702	2.94647e-05
10082	1	100	14	500	0.105809	0.0435132	0.025556	0.0179572	0.0622961	0.96979	0.0403029	0.975005	0.0426868	2.68825e-05
10083	1	100	9	500	0.0963629	0.0389551	0.0218635	0.0170916	0.0574078	0.972082	0.0355752	0.978257	0.0374847	2.82695e-05
10084	1	100	12	500	0.0685584	0.0254555	0.0118749	0.0135806	0.0431029	0.976584	0.0473437	0.982939	0.0493804	2.71602e-05
10085	1	100	12	500	0.0493038	0.0197894	0.00922407	0.0105653	0.0295144	0.982547	0.0204739	0.989642	0.0235464	2.60009e-05
10086	1	100	14	500	0.0563648	0.0221979	0.0102271	0.0119707	0.034167	0.981225	0.0187396	0.989081	0.0205785	2.96614e-05
10087	1	100	13	500	0.0902646	0.0360282	0.0187827	0.0172455	0.0542364	0.973059	0.034797	0.981714	0.0379131	3.29495e-05
10088	1	100	14	500	0.07293	0.0282541	0.0138995	0.0143546	0.0446758	0.978218	0.0201184	0.985563	0.0233951	3.08115e-05
10089	1	100	14	500	0.0342497	0.0153941	0.00682472	0.00856939	0.0188556	0.980542	0.0541801	0.989747	0.056125	3.17057e-05
10090	1	100	15	500	0.0329574	0.014553	0.00695122	0.00760176	0.0184044	0.986179	0.012789	0.992972	0.0166585	2.85372e-05
10091	1	100	15	500	0.0338732	0.0147292	0.00677815	0.007951	0.0191441	0.985753	0.0138366	0.992992	0.0165639	2.9578e-05
10092	1	100	19	500	0.047504	0.0171877	0.00686897	0.0103187	0.0303163	0.983428	0.0223537	0.989769	0.0248002	2.77764e-05
10093	1	100	16	500	0.0430164	0.017188	0.00684428	0.0103437	0.0258284	0.983561	0.0240843	0.992268	0.0259641	2.81697e-05
10094	1	100	14	500	0.0235436	0.0120994	0.00639029	0.00570911	0.0114442	0.988261	0.0153812	0.994664	0.016835	2.88093e-05
10095	1	100	14	500	0.0273899	0.0122916	0.00684073	0.00545092	0.0150983	0.987872	0.0196159	0.991641	0.0192597	2.37744e-05
10096	1	100	12	500	0.0425333	0.0160557	0.0070531	0.00900262	0.0264776	0.98443	0.0262461	0.989681	0.0283532	2.66031e-05
10097	1	100	15	500	0.0270546	0.0122822	0.00667153	0.00561066	0.0147724	0.988049	0.0187817	0.992183	0.0204569	2.52872e-05
10098	1	100	12	500	0.0248178	0.0119449	0.00655018	0.00539469	0.012873	0.987914	0.0175456	0.993014	0.0195205	2.58251e-05
10099	1	100	14	500	0.0441576	0.0159977	0.00729471	0.00870299	0.0281599	0.984712	0.0271614	0.988254	0.0283795	2.42341e-05
10100	1	100	11	500	0.0523873	0.0179094	0.00768706	0.0102224	0.0344779	0.983179	0.0287837	0.986608	0.0287867	2.39405e-05
10101	1	100	16	500	0.0779775	0.0246215	0.00948024	0.0151413	0.053356	0.977562	0.033956	0.981426	0.0360465	2.41215e-05
