Generation	PopulationID	SampleSize	UniqueMutations	PopulationSize	totalLoad	RelzLoad	RelzLoadHomo	RelzLoadHetero	MskLoad	MeanFitness	SdFitness	MeanFitnessCached	SdFitnessCached	Heterozygosity	
10001	1	100	59	500	0.0309068	0.0198637	0.00138618	0.0184775	0.0110431	0.979772	0.0315874	1.01337	0.031971	3.73728e-05
10002	1	100	34	500	0.0336837	0.0234952	0.00209154	0.0214037	0.0101884	0.97682	0.0341924	1.01789	0.0340804	3.66024e-05
10003	1	100	28	500	0.0498793	0.0359581	0.00449818	0.03146	0.0139211	0.962983	0.0392203	1.02556	0.0444601	3.67027e-05
10004	1	100	20	500	0.0490172	0.0385355	0.00688833	0.0316472	0.0104817	0.961408	0.0434315	1.03154	0.0471202	3.76067e-05
10005	1	100	19	500	0.0335669	0.0260118	0.00365522	0.0223566	0.00755503	0.973551	0.0345878	1.02072	0.0378925	3.68513e-05
10006	1	100	18	500	0.0306956	0.0215619	0.00232893	0.019233	0.00913369	0.97886	0.0332767	1.01599	0.0351201	3.67374e-05
10007	1	100	15	500	0.0295174	0.0200238	0.00248459	0.0175392	0.00949359	0.980233	0.0308023	1.01337	0.0326588	3.59029e-05
10008	1	100	18	500	0.0296092	0.018237	0.00285579	0.0153812	0.0113722	0.982988	0.0286621	1.01064	0.0307031	3.76224e-05
10009	1	100	18	500	0.0287927	0.0180855	0.00274669	0.0153388	0.0107072	0.98078	0.0303893	1.00866	0.0345554	3.72768e-05
10010	1	100	19	500	0.0352281	0.0222279	0.00378529	0.0184426	0.0130002	0.977619	0.0337708	1.01181	0.0369991	3.78889e-05
10011	1	100	20	500	0.0350779	0.0195085	0.00237648	0.017132	0.0155694	0.980977	0.0309322	1.01038	0.0338692	3.66696e-05
10012	1	100	16	500	0.048829	0.020288	0.003155	0.017133	0.028541	0.979466	0.0362353	1.00098	0.0408655	3.63003e-05
10013	1	100	15	500	0.0599424	0.0235417	0.00496638	0.0185753	0.0364007	0.979796	0.0331628	1.00022	0.0332118	3.58555e-05
10014	1	100	19	500	0.0721835	0.0252812	0.00647964	0.0188015	0.0469024	0.978345	0.0347057	0.992828	0.0351037	3.60361e-05
10015	1	100	16	500	0.0749916	0.0224474	0.00590534	0.0165421	0.0525442	0.980901	0.0312413	0.987941	0.034557	3.63103e-05
10016	1	100	15	500	0.100258	0.033839	0.00908351	0.0247555	0.0664194	0.972777	0.0364299	0.990025	0.0443824	3.51945e-05
10017	1	100	15	500	0.0473988	0.0199842	0.0037796	0.0162046	0.0274146	0.982231	0.0285247	1.00196	0.0308933	3.54347e-05
10018	1	100	16	500	0.0534584	0.0231467	0.00627916	0.0168675	0.0303118	0.978031	0.0361592	0.997649	0.0390801	3.4543e-05
10019	1	100	15	500	0.0368185	0.0207789	0.00389056	0.0168884	0.0160396	0.981152	0.0298907	1.00981	0.0312182	3.24686e-05
10020	1	100	16	500	0.0494543	0.032627	0.00625877	0.0263682	0.0168273	0.969614	0.0414931	1.02029	0.0438014	3.45172e-05
10021	1	100	16	500	0.0640566	0.0433401	0.00855899	0.0347812	0.0207164	0.955985	0.0523316	1.02277	0.0609317	3.27938e-05
10022	1	100	13	500	0.0641454	0.0485132	0.00703173	0.0414814	0.0156322	0.953173	0.0513017	1.03855	0.0524349	3.26413e-05
10023	1	100	16	500	0.0677114	0.0537942	0.00769548	0.0460987	0.0139172	0.94777	0.05765	1.04505	0.0591215	3.23635e-05
10024	1	100	14	500	0.0856295	0.0736311	0.0135615	0.0600696	0.0119984	0.928075	0.0676044	1.06717	0.072655	3.18715e-05
10025	1	100	11	500	0.101841	0.0827503	0.0188722	0.063878	0.0190909	0.919594	0.0654428	1.06921	0.0695847	3.51688e-05
10026	1	100	16	500	0.106926	0.0877729	0.0222603	0.0655126	0.0191532	0.913729	0.0715965	1.07209	0.0775408	3.56491e-05
10027	1	100	12	500	0.0843639	0.0627346	0.0116357	0.0510989	0.0216294	0.937008	0.0624245	1.04312	0.0684997	3.31344e-05
10028	1	100	16	500	0.102383	0.0680209	0.0153429	0.0526781	0.0343625	0.936164	0.0620589	1.0368	0.0692388	3.35491e-05
10029	1	100	16	500	0.10438	0.0689924	0.014218	0.0547744	0.0353877	0.932624	0.0727358	1.03977	0.0772412	3.32266e-05
10030	1	100	13	500	0.106992	0.0571292	0.00966002	0.0474692	0.0498633	0.947439	0.0530578	1.02535	0.0610676	3.19716e-05
10031	1	100	15	500	0.106401	0.062111	0.0136532	0.0484578	0.0442904	0.940575	0.0653675	1.02603	0.0767256	3.24495e-05
10032	1	100	16	500	0.109702	0.0578849	0.0115291	0.0463559	0.0518171	0.945674	0.0610681	1.01857	0.0646716	3.12783e-05
10033	1	100	17	500	0.108129	0.0560604	0.00858104	0.0474794	0.0520687	0.948213	0.0549924	1.02405	0.0608946	2.8562e-05
10034	1	100	19	500	0.144585	0.0716048	0.0113258	0.060279	0.0729799	0.933061	0.0602713	1.02805	0.0679031	2.90267e-05
10035	1	100	19	500	0.16807	0.0651734	0.01152	0.0536534	0.102897	0.934566	0.0873401	0.993981	0.0989449	2.52359e-05
10036	1	100	16	500	0.156286	0.0608065	0.0104388	0.0503677	0.0954796	0.945044	0.0563024	1.00113	0.0630298	2.58327e-05
10037	1	100	19	500	0.18234	0.068793	0.0136684	0.0551246	0.113547	0.939323	0.0627112	0.997675	0.0775817	2.83595e-05
10038	1	100	18	500	0.193295	0.0716267	0.0167862	0.0548406	0.121668	0.916798	0.189358	0.975507	0.169931	2.72058e-05
10039	1	100	21	500	0.122616	0.0511241	0.00816829	0.0429558	0.0714924	0.953396	0.0624677	1.00818	0.0690171	2.54619e-05
10040	1	100	17	500	0.0816497	0.0420443	0.00485014	0.0371942	0.0396053	0.956909	0.0570154	1.01638	0.0650551	2.34399e-05
10041	1	100	19	500	0.110904	0.058723	0.00892576	0.0497972	0.0521808	0.944326	0.0603832	1.02803	0.0643138	2.76025e-05
10042	1	100	17	500	0.116151	0.0743192	0.0145895	0.0597296	0.0418318	0.926837	0.0705813	1.04786	0.0839402	2.9881e-05
10043	1	100	20	500	0.109624	0.0745636	0.0152475	0.0593162	0.0350602	0.927504	0.0711545	1.05336	0.0782149	3.02992e-05
10044	1	100	18	500	0.0957584	0.0771943	0.0157409	0.0614534	0.018564	0.92512	0.0655231	1.06516	0.0691255	3.06301e-05
10045	1	100	13	500	0.0959073	0.0814604	0.0197586	0.0617018	0.0144469	0.920192	0.0680507	1.07103	0.0687142	3.02552e-05
10046	1	100	15	500	0.0987637	0.0854238	0.0204615	0.0649622	0.01334	0.915847	0.0747216	1.07556	0.0735591	3.05403e-05
10047	1	100	14	500	0.0974291	0.0872011	0.0219615	0.0652396	0.010228	0.913691	0.064728	1.07904	0.069294	3.03034e-05
10048	1	100	16	500	0.123871	0.114532	0.0366868	0.0778457	0.00933874	0.887904	0.0648786	1.10664	0.0629906	3.3092e-05
10049	1	100	14	500	0.125879	0.116023	0.0385423	0.0774808	0.00985571	0.886405	0.0717352	1.10798	0.0714357	3.35681e-05
10050	1	100	13	500	0.121366	0.113854	0.0360847	0.0777698	0.00751193	0.887734	0.0757708	1.1057	0.071035	3.33557e-05
10051	1	100	13	500	0.135214	0.125796	0.0440449	0.0817508	0.00941844	0.876545	0.0732356	1.11675	0.0696229	3.44349e-05
10052	1	100	17	500	0.13614	0.125258	0.0413289	0.0839293	0.0108822	0.87653	0.0729329	1.11603	0.0783818	3.46783e-05
10053	1	100	15	500	0.1413	0.126423	0.0401312	0.0862914	0.0148774	0.877172	0.0643045	1.11615	0.0642993	3.4992e-05
10054	1	100	18	500	0.145893	0.130614	0.0426191	0.0879951	0.0152784	0.870847	0.0773609	1.1178	0.0883857	3.62e-05
10055	1	100	17	500	0.12822	0.110068	0.0303071	0.0797611	0.0181522	0.893171	0.0659634	1.09699	0.0729273	3.50729e-05
10056	1	100	17	500	0.120024	0.103871	0.0273124	0.0765588	0.0161525	0.900652	0.0709836	1.09306	0.076296	3.47186e-05
10057	1	100	18	500	0.123178	0.103221	0.0274442	0.0757769	0.019957	0.900468	0.0705415	1.0872	0.0770848	3.60371e-05
10058	1	100	17	500	0.128272	0.107438	0.033184	0.0742539	0.0208343	0.891657	0.0868161	1.08329	0.0836045	3.62271e-05
10059	1	100	15	500	0.1145	0.0960893	0.0290899	0.0669994	0.0184103	0.90802	0.0794804	1.08183	0.0815961	3.38529e-05
10060	1	100	12	500	0.117007	0.103022	0.0357327	0.0672889	0.0139854	0.898541	0.0906117	1.08949	0.0930884	3.32838e-05
10061	1	100	14	500	0.114063	0.100911	0.0312882	0.0696231	0.0131516	0.90159	0.0811373	1.09098	0.0829588	3.31746e-05
10062	1	100	16	500	0.103557	0.0950092	0.0303475	0.0646616	0.00854815	0.907093	0.0742864	1.08755	0.0753246	3.26475e-05
10063	1	100	8	500	0.107031	0.0974379	0.0332432	0.0641947	0.00959299	0.905106	0.0783867	1.08874	0.0767853	3.3383e-05
10064	1	100	13	500	0.0961048	0.0863547	0.0237844	0.0625703	0.00975013	0.915294	0.0840878	1.078	0.0872089	3.29295e-05
10065	1	100	10	500	0.123689	0.10992	0.0370346	0.0728852	0.0137695	0.894607	0.085509	1.09813	0.0889465	3.62769e-05
10066	1	100	12	500	0.132924	0.118144	0.0396818	0.078462	0.0147801	0.88625	0.084682	1.10494	0.0921335	3.7231e-05
10067	1	100	12	500	0.164439	0.151492	0.064874	0.0866182	0.0129473	0.855612	0.099848	1.13978	0.106777	3.79501e-05
10068	1	100	14	500	0.160964	0.147641	0.0609116	0.0867293	0.013323	0.859859	0.0944074	1.1373	0.101662	3.85041e-05
10069	1	100	12	500	0.173367	0.160593	0.0693231	0.0912699	0.0127743	0.848152	0.10803	1.15022	0.118345	3.8876e-05
10070	1	100	11	500	0.164084	0.152474	0.0589724	0.093502	0.0116094	0.856509	0.110788	1.14578	0.12566	3.93184e-05
10071	1	100	14	500	0.160388	0.141601	0.0493013	0.0922998	0.0187868	0.867617	0.105298	1.13254	0.118279	3.84561e-05
10072	1	100	14	500	0.146666	0.126608	0.039096	0.0875124	0.0200573	0.88065	0.102721	1.11686	0.112433	3.6078e-05
10073	1	100	13	500	0.145754	0.132828	0.0443946	0.0884338	0.0129257	0.874447	0.102499	1.12817	0.115518	3.50494e-05
10074	1	100	18	500	0.164943	0.14262	0.0493338	0.0932863	0.0223227	0.866084	0.108342	1.13125	0.118511	3.72639e-05
10075	1	100	14	500	0.157971	0.139753	0.0485575	0.0911954	0.0182182	0.86839	0.0931585	1.12811	0.104847	3.83667e-05
10076	1	100	10	500	0.169545	0.153824	0.0590066	0.0948175	0.0157208	0.856829	0.100111	1.14526	0.111888	3.9318e-05
10077	1	100	10	500	0.186051	0.169596	0.0716612	0.0979344	0.0164557	0.839696	0.10117	1.15675	0.122057	4.01806e-05
10078	1	100	11	500	0.178933	0.161549	0.0648532	0.0966962	0.0173841	0.848905	0.105978	1.15158	0.121004	4.03029e-05
10079	1	100	15	500	0.202424	0.18614	0.0864774	0.0996631	0.0162837	0.824381	0.0879166	1.17706	0.107138	4.07279e-05
10080	1	100	14	500	0.208712	0.193107	0.0924362	0.100671	0.0156053	0.820249	0.106846	1.18395	0.120692	4.10658e-05
10081	1	100	15	500	0.192638	0.172792	0.0735045	0.0992871	0.0198466	0.838787	0.112051	1.15862	0.128284	4.18566e-05
10082	1	100	19	500	0.202942	0.172477	0.0717018	0.100776	0.0304641	0.839464	0.101275	1.15118	0.113754	4.18807e-05
10083	1	100	13	500	0.201813	0.182051	0.0832583	0.0987922	0.0197627	0.827915	0.098268	1.16412	0.112276	4.20388e-05
10084	1	100	16	500	0.217623	0.197182	0.0957213	0.101461	0.0204406	0.816716	0.0964556	1.18297	0.11046	4.22456e-05
10085	1	100	17	500	0.217314	0.201441	0.100622	0.100819	0.0158728	0.809775	0.0899375	1.19316	0.112673	4.15462e-05
10086	1	100	16	500	0.240604	0.229037	0.131901	0.0971361	0.0115672	0.786337	0.0922375	1.22652	0.107846	4.004e-05
10087	1	100	14	500	0.231764	0.219908	0.120956	0.0989516	0.0118563	0.795042	0.0976518	1.21475	0.11072	4.09427e-05
10088	1	100	17	500	0.246246	0.234388	0.137293	0.0970953	0.0118584	0.781544	0.0934286	1.22942	0.106029	4.06586e-05
10089	1	100	21	500	0.254943	0.240635	0.145294	0.0953407	0.0143084	0.776117	0.0912991	1.23655	0.104836	3.99936e-05
10090	1	100	18	500	0.254468	0.239769	0.145256	0.0945136	0.0146992	0.776074	0.0870475	1.2356	0.0982759	3.95494e-05
10091	1	100	13	500	0.240045	0.231327	0.140988	0.0903388	0.00871813	0.783863	0.0757757	1.23352	0.0904751	3.80636e-05
10092	1	100	11	500	0.213131	0.20693	0.122604	0.0843259	0.00620159	0.804802	0.0922145	1.20975	0.107063	3.54955e-05
10093	1	100	12	500	0.175588	0.171624	0.100946	0.0706776	0.00396428	0.835703	0.0749737	1.17502	0.0879876	3.01859e-05
10094	1	100	10	500	0.193046	0.190297	0.127914	0.0623833	0.00274844	0.818355	0.0776959	1.19511	0.0929403	2.76972e-05
10095	1	100	10	500	0.197877	0.195	0.1282	0.0668002	0.00287661	0.814481	0.0674972	1.20072	0.0820632	2.93701e-05
10096	1	100	10	500	0.190493	0.187779	0.12215	0.0656286	0.00271393	0.820716	0.0780156	1.19228	0.0935589	2.90888e-05
10097	1	100	11	500	0.194596	0.191761	0.126677	0.0650838	0.00283546	0.817191	0.0731187	1.19643	0.0869864	2.93373e-05
10098	1	100	9	500	0.185987	0.183293	0.121815	0.0614777	0.00269427	0.824899	0.0685572	1.18811	0.0827374	2.80208e-05
10099	1	100	10	500	0.178372	0.176049	0.117335	0.0587141	0.0023232	0.830617	0.0689878	1.17996	0.0821419	2.69306e-05
10100	1	100	8	500	0.192759	0.190128	0.127305	0.0628228	0.00263094	0.8182	0.0704937	1.19424	0.0842751	2.89538e-05
10101	1	100	8	500	0.18871	0.186084	0.128486	0.0575984	0.0026257	0.821507	0.0708146	1.1899	0.0851714	2.71647e-05
