Generation	PopulationID	SampleSize	UniqueMutations	PopulationSize	totalLoad	RelzLoad	RelzLoadHomo	RelzLoadHetero	MskLoad	MeanFitness	SdFitness	MeanFitnessCached	SdFitnessCached	Heterozygosity	
10001	1	100	49	500	0.314719	0.302517	0.223465	0.079052	0.0122017	0.727722	0.0362574	1.32336	0.0573513	1.84539e-05
10002	1	100	36	500	0.330502	0.311371	0.225913	0.0854578	0.0191306	0.72087	0.0296466	1.32833	0.055935	1.79119e-05
10003	1	100	26	500	0.33795	0.31648	0.229015	0.0874643	0.0214709	0.717383	0.024284	1.3378	0.044684	1.75509e-05
10004	1	100	24	500	0.336317	0.315078	0.210612	0.104467	0.0212382	0.718185	0.0228423	1.33515	0.0449857	1.95993e-05
10005	1	100	16	500	0.327563	0.311896	0.220119	0.0917774	0.0156661	0.721255	0.0249572	1.33529	0.0422043	1.95242e-05
10006	1	100	15	500	0.326518	0.306966	0.220811	0.0861548	0.0195523	0.725512	0.0264241	1.32609	0.0454972	1.93382e-05
10007	1	100	18	500	0.333414	0.313159	0.213617	0.0995422	0.0202552	0.72093	0.0232501	1.33256	0.0415081	1.97883e-05
10008	1	100	19	500	0.329337	0.303818	0.195099	0.108718	0.0255194	0.728926	0.0246419	1.31477	0.0402233	2.2011e-05
10009	1	100	15	500	0.333309	0.30673	0.200677	0.106052	0.0265791	0.726585	0.0245968	1.31519	0.0342301	2.12267e-05
10010	1	100	17	500	0.341041	0.314331	0.188053	0.126278	0.0267094	0.719605	0.0219631	1.32483	0.0304937	2.28214e-05
10011	1	100	16	500	0.334886	0.313989	0.184294	0.129695	0.0208968	0.718932	0.020332	1.32996	0.0287838	2.28061e-05
10012	1	100	14	500	0.335373	0.314883	0.178787	0.136096	0.0204896	0.717859	0.0226057	1.32939	0.0384508	2.4144e-05
10013	1	100	15	500	0.331028	0.31357	0.177803	0.135767	0.0174573	0.714953	0.0302359	1.32572	0.0563491	2.48574e-05
10014	1	100	17	500	0.33082	0.31429	0.183751	0.130538	0.0165307	0.717775	0.0204506	1.33414	0.0276075	2.40189e-05
10015	1	100	17	500	0.334338	0.3137	0.208269	0.105431	0.020638	0.719934	0.0158295	1.33034	0.0227457	2.28997e-05
10016	1	100	16	500	0.351996	0.323373	0.205332	0.118041	0.0286234	0.713358	0.0194018	1.32764	0.0320781	2.33536e-05
10017	1	100	15	500	0.363359	0.329306	0.185837	0.14347	0.0340526	0.711793	0.0215306	1.32341	0.0422776	2.41996e-05
10018	1	100	17	500	0.353437	0.321875	0.189933	0.131942	0.0315618	0.715942	0.027257	1.32112	0.0463262	2.46802e-05
10019	1	100	16	500	0.355107	0.322564	0.176793	0.145771	0.0325427	0.717425	0.0298522	1.31836	0.0496263	2.45286e-05
10020	1	100	12	500	0.356357	0.321427	0.173785	0.147642	0.0349302	0.715583	0.0321558	1.31232	0.0505836	2.48734e-05
10021	1	100	13	500	0.347228	0.316216	0.166731	0.149485	0.0310116	0.719187	0.0363276	1.30575	0.057721	2.48002e-05
10022	1	100	15	500	0.32969	0.306105	0.163864	0.142241	0.0235853	0.726827	0.0303262	1.31421	0.0385807	2.44834e-05
10023	1	100	18	500	0.327392	0.302439	0.155765	0.146674	0.0249527	0.7298	0.0308435	1.30789	0.0444442	2.5169e-05
10024	1	100	20	500	0.338108	0.311805	0.165381	0.146424	0.0263033	0.720872	0.0341922	1.31506	0.0570373	2.56124e-05
10025	1	100	20	500	0.330845	0.303345	0.175338	0.128007	0.0274998	0.728486	0.0345677	1.30585	0.0466062	2.41992e-05
10026	1	100	18	500	0.343202	0.314776	0.170958	0.143818	0.0284259	0.719312	0.0309156	1.32182	0.0385322	2.52341e-05
10027	1	100	14	500	0.348659	0.317303	0.154789	0.162514	0.0313566	0.716522	0.0332677	1.31937	0.0475494	2.63673e-05
10028	1	100	16	500	0.339043	0.316906	0.14648	0.170426	0.0221375	0.713457	0.0337185	1.32555	0.0384135	2.69556e-05
10029	1	100	12	500	0.339101	0.322919	0.148665	0.174254	0.0161821	0.707864	0.032275	1.34017	0.0386818	2.68709e-05
10030	1	100	17	500	0.33806	0.324939	0.145917	0.179022	0.0131208	0.702906	0.0437749	1.34346	0.0481951	2.69055e-05
10031	1	100	14	500	0.330289	0.318759	0.143925	0.174835	0.0115296	0.708734	0.0333208	1.33845	0.0505881	2.68369e-05
10032	1	100	17	500	0.328809	0.314702	0.143969	0.170734	0.0141068	0.714688	0.0316066	1.3347	0.040549	2.66147e-05
10033	1	100	17	500	0.33363	0.319733	0.143226	0.176507	0.0138975	0.708694	0.0314725	1.33893	0.0364357	2.63319e-05
10034	1	100	15	500	0.330625	0.317771	0.143635	0.174136	0.0128541	0.705178	0.0381873	1.33219	0.0381615	2.57688e-05
10035	1	100	15	500	0.333483	0.319602	0.143514	0.176087	0.013881	0.706167	0.0336123	1.33561	0.0365971	2.52483e-05
10036	1	100	14	500	0.335404	0.320465	0.141343	0.179122	0.0149386	0.707365	0.0292204	1.33692	0.0288447	2.5031e-05
10037	1	100	15	500	0.349384	0.328615	0.148554	0.180061	0.020769	0.701138	0.0260313	1.33836	0.0222054	2.4999e-05
10038	1	100	12	500	0.349031	0.328891	0.14939	0.179501	0.0201398	0.700624	0.0260799	1.34226	0.0228812	2.43369e-05
10039	1	100	17	500	0.363162	0.334347	0.153837	0.180511	0.0288151	0.694798	0.027895	1.3393	0.02669	2.43758e-05
10040	1	100	19	500	0.361314	0.335211	0.156857	0.178354	0.0261028	0.694029	0.0275356	1.33888	0.0302425	2.40261e-05
10041	1	100	16	500	0.356341	0.335166	0.16398	0.171186	0.0211754	0.688607	0.0298533	1.3362	0.0440144	2.30358e-05
10042	1	100	15	500	0.365962	0.335397	0.155456	0.179941	0.030565	0.694631	0.0283955	1.33368	0.0412541	2.38841e-05
10043	1	100	16	500	0.36329	0.338063	0.167707	0.170356	0.0252269	0.690558	0.0268997	1.33701	0.0349101	2.26895e-05
10044	1	100	16	500	0.371749	0.340729	0.166796	0.173932	0.0310206	0.690126	0.0265312	1.33239	0.0247001	2.29092e-05
10045	1	100	14	500	0.374025	0.340302	0.164355	0.175947	0.0337228	0.691851	0.027661	1.32723	0.0407481	2.3238e-05
10046	1	100	12	500	0.379259	0.34368	0.166491	0.177189	0.0355788	0.694184	0.0283626	1.32431	0.0429443	2.41497e-05
10047	1	100	13	500	0.378031	0.341184	0.170778	0.170406	0.0368463	0.697658	0.0330531	1.31555	0.0550742	2.40521e-05
10048	1	100	14	500	0.37422	0.33934	0.168894	0.170447	0.0348792	0.694415	0.0328469	1.31796	0.0620885	2.38542e-05
10049	1	100	9	500	0.364863	0.334231	0.167159	0.167072	0.0306324	0.703435	0.0224121	1.33135	0.0256476	2.37659e-05
10050	1	100	10	500	0.35941	0.329702	0.1701	0.159601	0.0297083	0.703833	0.0300562	1.32267	0.0518577	2.31116e-05
10051	1	100	11	500	0.353678	0.32624	0.159691	0.166549	0.0274383	0.708756	0.0238374	1.32859	0.0251369	2.38223e-05
10052	1	100	14	500	0.357982	0.325584	0.180393	0.14519	0.0323982	0.710273	0.0294397	1.31548	0.049576	2.24273e-05
10053	1	100	12	500	0.349725	0.322981	0.157022	0.16596	0.0267437	0.705256	0.0410607	1.31639	0.0659159	2.42287e-05
10054	1	100	14	500	0.348068	0.324659	0.15576	0.168899	0.0234088	0.706581	0.0291928	1.3309	0.0341532	2.45984e-05
10055	1	100	15	500	0.353973	0.328867	0.160777	0.168091	0.0251057	0.703645	0.0312301	1.33107	0.0514423	2.5231e-05
10056	1	100	13	500	0.361346	0.332271	0.164616	0.167656	0.0290749	0.699899	0.0356547	1.3263	0.0595234	2.55194e-05
10057	1	100	12	500	0.352752	0.327319	0.152033	0.175286	0.0254328	0.704809	0.0330981	1.33061	0.0507709	2.69568e-05
10058	1	100	14	500	0.364837	0.334523	0.156808	0.177715	0.0303142	0.701937	0.0265092	1.33265	0.0316808	2.68593e-05
10059	1	100	16	500	0.361765	0.333928	0.155255	0.178672	0.027837	0.700703	0.0284891	1.33688	0.0374093	2.70053e-05
10060	1	100	18	500	0.3652	0.336985	0.15664	0.180345	0.0282153	0.698051	0.0279108	1.33801	0.0408669	2.75243e-05
10061	1	100	18	500	0.357881	0.336792	0.156308	0.180483	0.021089	0.692438	0.029178	1.3447	0.0443287	2.73564e-05
10062	1	100	17	500	0.364015	0.340024	0.157169	0.182855	0.0239913	0.691558	0.0265158	1.34676	0.0233888	2.81572e-05
10063	1	100	18	500	0.373041	0.346538	0.174225	0.172313	0.0265021	0.682555	0.0291573	1.34448	0.0379449	2.65987e-05
10064	1	100	16	500	0.376887	0.348706	0.172131	0.176575	0.0281814	0.683835	0.028193	1.3459	0.0410437	2.74438e-05
10065	1	100	16	500	0.378266	0.350623	0.177447	0.173176	0.027643	0.682139	0.0265245	1.34971	0.0276332	2.72056e-05
10066	1	100	15	500	0.375678	0.348097	0.178144	0.169953	0.027581	0.676373	0.0317008	1.34525	0.049708	2.7197e-05
10067	1	100	16	500	0.371401	0.350297	0.204212	0.146085	0.0211042	0.672216	0.0299246	1.35501	0.0287113	2.42356e-05
10068	1	100	16	500	0.372549	0.349228	0.199615	0.149614	0.0233204	0.673692	0.0306236	1.35274	0.0280003	2.48989e-05
10069	1	100	19	500	0.388741	0.352565	0.188985	0.163579	0.036176	0.674523	0.0334619	1.35017	0.0361193	2.6364e-05
10070	1	100	20	500	0.369824	0.345607	0.201725	0.143882	0.0242174	0.673992	0.0310797	1.3464	0.0268413	2.45547e-05
10071	1	100	15	500	0.362825	0.344617	0.199139	0.145478	0.018208	0.675947	0.0279946	1.35195	0.021007	2.49741e-05
10072	1	100	17	500	0.36088	0.346335	0.212742	0.133593	0.0145446	0.670977	0.030764	1.3529	0.0356135	2.36178e-05
10073	1	100	16	500	0.352505	0.344695	0.226138	0.118557	0.00781016	0.670128	0.0280596	1.3545	0.0213074	2.19186e-05
10074	1	100	16	500	0.356648	0.344386	0.216354	0.128032	0.0122625	0.673593	0.0298982	1.3533	0.0203813	2.33257e-05
10075	1	100	17	500	0.348711	0.341845	0.234101	0.107744	0.00686544	0.672381	0.026941	1.35182	0.0174562	2.07798e-05
10076	1	100	15	500	0.351036	0.342913	0.222653	0.12026	0.00812345	0.672841	0.0311088	1.35342	0.0244239	2.25409e-05
10077	1	100	15	500	0.361928	0.345381	0.20693	0.138451	0.0165467	0.674552	0.0334199	1.35369	0.0364158	2.48014e-05
10078	1	100	19	500	0.374565	0.35032	0.225129	0.12519	0.0242454	0.668197	0.0393375	1.35275	0.0537904	2.29372e-05
10079	1	100	11	500	0.344674	0.343086	0.240218	0.102868	0.001588	0.669632	0.035118	1.35575	0.0379547	2.05758e-05
10080	1	100	15	500	0.345614	0.343656	0.218848	0.124808	0.00195751	0.673086	0.0357209	1.36004	0.0344396	2.3535e-05
10081	1	100	13	500	0.349883	0.345404	0.246874	0.0985306	0.00447919	0.667897	0.0337719	1.35612	0.0339739	1.99371e-05
10082	1	100	18	500	0.345364	0.339798	0.222425	0.117372	0.00556614	0.675312	0.0351571	1.35175	0.0342376	2.19196e-05
10083	1	100	15	500	0.342315	0.336147	0.207205	0.128942	0.00616789	0.680142	0.0447868	1.34902	0.043923	2.36628e-05
10084	1	100	16	500	0.348121	0.342608	0.227659	0.114949	0.00551293	0.673972	0.0463819	1.35603	0.05443	2.20392e-05
10085	1	100	17	500	0.355531	0.349099	0.228164	0.120935	0.00643239	0.669201	0.0389646	1.36373	0.0417048	2.31891e-05
10086	1	100	12	500	0.3604	0.356321	0.259369	0.0969519	0.00407848	0.659233	0.0468583	1.36896	0.0584657	2.02722e-05
10087	1	100	18	500	0.373461	0.362956	0.263313	0.0996431	0.0105052	0.656249	0.0447065	1.37484	0.0648846	2.13061e-05
10088	1	100	14	500	0.400759	0.392891	0.306532	0.0863596	0.00786806	0.632041	0.04717	1.41308	0.0834411	2.01614e-05
10089	1	100	13	500	0.402293	0.398951	0.306893	0.0920584	0.00334168	0.62897	0.0515008	1.42612	0.083848	2.07788e-05
10090	1	100	13	500	0.407317	0.405315	0.300056	0.105259	0.00200118	0.627344	0.0535558	1.43898	0.0895037	2.24333e-05
10091	1	100	16	500	0.415796	0.414829	0.317047	0.0977825	0.000966594	0.619386	0.0517795	1.4506	0.0850346	2.15727e-05
10092	1	100	10	500	0.421337	0.421156	0.319536	0.10162	0.000180862	0.61569	0.052304	1.46091	0.0894941	2.20798e-05
10093	1	100	11	500	0.416703	0.416487	0.318496	0.0979912	0.000215728	0.618049	0.0505252	1.45306	0.0808721	2.2014e-05
10094	1	100	12	500	0.428571	0.428076	0.33673	0.0913467	0.0004949	0.609361	0.0452661	1.46768	0.079434	2.08973e-05
10095	1	100	10	500	0.422406	0.421755	0.329744	0.0920117	0.000650953	0.614195	0.0481097	1.45955	0.0810255	2.11426e-05
10096	1	100	12	500	0.41344	0.41305	0.319389	0.093661	0.000389997	0.619843	0.0512412	1.44769	0.084893	2.12431e-05
10097	1	100	10	500	0.407179	0.406574	0.322209	0.0843648	0.000604348	0.622533	0.0474169	1.43706	0.076672	2.01652e-05
10098	1	100	13	500	0.413007	0.412601	0.328536	0.0840653	0.000405342	0.61859	0.0460789	1.44528	0.0791482	2.00786e-05
10099	1	100	15	500	0.408022	0.407645	0.328091	0.0795534	0.000377325	0.620975	0.0461034	1.43806	0.078886	1.9401e-05
10100	1	100	13	500	0.404907	0.404316	0.334116	0.0701992	0.000591412	0.621474	0.0391627	1.43095	0.0709434	1.85417e-05
10101	1	100	13	500	0.417064	0.416625	0.346827	0.0697984	0.000438387	0.613455	0.0393582	1.44778	0.0695113	1.92391e-05
