Generation	PopulationID	SampleSize	UniqueMutations	PopulationSize	totalLoad	RelzLoad	RelzLoadHomo	RelzLoadHetero	MskLoad	MeanFitness	SdFitness	MeanFitnessCached	SdFitnessCached	Heterozygosity	
10001	1	100	57	500	0.487012	0.471911	0.402069	0.0698425	0.0151007	0.587404	0.0574695	1.5232	0.114868	2.97101e-05
10002	1	100	43	500	0.469991	0.434208	0.35453	0.0796786	0.0357826	0.613905	0.049523	1.45616	0.100451	3.41516e-05
10003	1	100	31	500	0.175842	0.1425	0.066424	0.0760765	0.0333414	0.863727	0.0636242	1.12629	0.0754606	3.47496e-05
10004	1	100	32	500	0.192847	0.144991	0.0666094	0.0783815	0.047856	0.863235	0.0691498	1.1184	0.0837988	3.51545e-05
10005	1	100	34	500	0.152415	0.125793	0.0526754	0.0731179	0.026622	0.880518	0.077834	1.11206	0.087942	3.50776e-05
10006	1	100	28	500	0.136329	0.114998	0.0441591	0.0708386	0.0213308	0.889471	0.0736517	1.10493	0.0880351	3.521e-05
10007	1	100	26	500	0.132845	0.115873	0.0447293	0.0711437	0.0169715	0.887365	0.0698945	1.10732	0.0817474	3.51394e-05
10008	1	100	24	500	0.137857	0.113047	0.0403781	0.0726692	0.0248099	0.89142	0.0699109	1.10102	0.0852039	3.53182e-05
10009	1	100	26	500	0.164728	0.121084	0.0433898	0.0776939	0.0436439	0.886278	0.072915	1.09641	0.080708	3.60436e-05
10010	1	100	25	500	0.158481	0.116419	0.0360669	0.0803519	0.0420617	0.890238	0.0663179	1.09258	0.0811832	3.47653e-05
10011	1	100	25	500	0.162104	0.107864	0.0342883	0.0735754	0.0542404	0.898044	0.0660659	1.07074	0.0861395	3.45825e-05
10012	1	100	27	500	0.15772	0.108806	0.0367851	0.0720213	0.0489138	0.898958	0.0656802	1.07839	0.0788374	3.49189e-05
10013	1	100	24	500	0.160804	0.108462	0.0352725	0.0731895	0.0523415	0.899218	0.0735219	1.07548	0.0862585	3.47431e-05
10014	1	100	20	500	0.174633	0.123537	0.0430401	0.0804973	0.0510952	0.884814	0.0641015	1.09257	0.0793232	3.54024e-05
10015	1	100	19	500	0.201553	0.13172	0.0462628	0.0854568	0.0698332	0.874041	0.105953	1.07463	0.129839	3.49273e-05
10016	1	100	21	500	0.212926	0.129689	0.0468807	0.0828088	0.0832363	0.889025	0.0623996	1.06722	0.0935213	3.49861e-05
10017	1	100	22	500	0.22574	0.130868	0.0495549	0.0813133	0.0948718	0.893794	0.0702048	1.05363	0.0745768	3.48246e-05
10018	1	100	27	500	0.247174	0.146299	0.061601	0.0846982	0.100874	0.877693	0.0767024	1.05608	0.107988	3.56197e-05
10019	1	100	25	500	0.282236	0.1656	0.0789279	0.0866726	0.116635	0.870636	0.0882764	1.04447	0.107678	3.57232e-05
10020	1	100	23	500	0.26213	0.149837	0.0660947	0.0837427	0.112292	0.871845	0.119748	1.02924	0.145811	3.53307e-05
10021	1	100	22	500	0.253949	0.142138	0.0632973	0.0788411	0.111811	0.885447	0.0971365	1.02838	0.114077	3.50885e-05
10022	1	100	23	500	0.242501	0.139613	0.0556027	0.0840103	0.102888	0.881708	0.0965555	1.04082	0.124146	3.59055e-05
10023	1	100	23	500	0.225749	0.139107	0.0519616	0.0871452	0.0866423	0.869287	0.109305	1.05756	0.138945	3.69949e-05
10024	1	100	23	500	0.204096	0.121031	0.0452986	0.075732	0.0830652	0.897764	0.0697893	1.05655	0.0840774	3.56343e-05
10025	1	100	20	500	0.168921	0.0974543	0.034115	0.0633393	0.0714668	0.910873	0.0839116	1.03977	0.102044	3.42229e-05
10026	1	100	21	500	0.173983	0.108702	0.0401825	0.0685198	0.0652809	0.903944	0.069579	1.06315	0.0795682	3.59557e-05
10027	1	100	18	500	0.180347	0.109136	0.0403549	0.0687806	0.0712111	0.904044	0.0649523	1.05695	0.0798484	3.54437e-05
10028	1	100	19	500	0.172309	0.105685	0.0377452	0.0679399	0.0666236	0.906552	0.0675075	1.05913	0.0793948	3.59994e-05
10029	1	100	22	500	0.158689	0.0958673	0.0317124	0.0641548	0.0628215	0.913773	0.0660438	1.05355	0.0753355	3.53226e-05
10030	1	100	22	500	0.158247	0.0929754	0.029955	0.0630203	0.0652715	0.916988	0.069401	1.05025	0.0753937	3.45314e-05
10031	1	100	24	500	0.122208	0.0815162	0.0245469	0.0569693	0.0406917	0.922734	0.0598823	1.05534	0.0667272	3.36919e-05
10032	1	100	23	500	0.0919428	0.0687098	0.0192089	0.0495009	0.023233	0.934954	0.0652832	1.05295	0.066396	3.52187e-05
10033	1	100	21	500	0.0945692	0.0710602	0.0216687	0.0493915	0.023509	0.932739	0.0619927	1.05298	0.0674418	3.51485e-05
10034	1	100	20	500	0.0750419	0.0475709	0.013693	0.0338779	0.027471	0.95582	0.0496149	1.02621	0.0492631	3.27901e-05
10035	1	100	24	500	0.079792	0.057519	0.0162091	0.0413099	0.0222729	0.94646	0.0534859	1.03968	0.0576341	3.47556e-05
10036	1	100	16	500	0.0618724	0.0447574	0.0134729	0.0312845	0.017115	0.957322	0.0467214	1.02799	0.0464059	3.35356e-05
10037	1	100	17	500	0.0647319	0.0477175	0.0149768	0.0327407	0.0170144	0.954146	0.0479467	1.0296	0.0465035	3.40309e-05
10038	1	100	18	500	0.0667134	0.0543693	0.0166043	0.037765	0.0123441	0.94763	0.0581043	1.04081	0.0620395	3.39859e-05
10039	1	100	17	500	0.0475133	0.0371887	0.00965461	0.0275341	0.0103245	0.965177	0.048282	1.02779	0.04968	3.20678e-05
10040	1	100	19	500	0.0347125	0.0278716	0.00554971	0.0223219	0.0068409	0.971997	0.0425814	1.02074	0.0429498	3.13178e-05
10041	1	100	18	500	0.0392556	0.0275223	0.00553916	0.0219831	0.0117333	0.973715	0.0397778	1.01849	0.0407196	3.22212e-05
10042	1	100	19	500	0.0348082	0.0204782	0.00382999	0.0166482	0.0143301	0.980308	0.0306527	1.01002	0.0318618	3.14711e-05
10043	1	100	16	500	0.0304423	0.0208986	0.00522922	0.0156694	0.0095437	0.980445	0.0299639	1.01254	0.0288079	3.07839e-05
10044	1	100	17	500	0.0232627	0.0151652	0.0036373	0.0115279	0.00809745	0.985716	0.0218015	1.00823	0.0209374	2.95397e-05
10045	1	100	16	500	0.0250822	0.0181641	0.00493217	0.013232	0.00691807	0.982167	0.027643	1.01009	0.0238525	3.06901e-05
10046	1	100	14	500	0.0274383	0.0203903	0.0053935	0.0149968	0.00704794	0.981466	0.0304859	1.0137	0.0297097	3.12119e-05
10047	1	100	13	500	0.0186155	0.0123928	0.0036024	0.00879035	0.0062227	0.988583	0.0150051	1.0065	0.00959707	2.89728e-05
10048	1	100	11	500	0.0201992	0.0135986	0.00432362	0.009275	0.00660057	0.986825	0.0180209	1.00587	0.00978687	2.92808e-05
10049	1	100	13	500	0.02317	0.0157667	0.00544338	0.0103233	0.00740327	0.985164	0.0198863	1.00728	0.00975552	2.84206e-05
10050	1	100	10	500	0.0213099	0.0147397	0.00482081	0.00991887	0.00657019	0.986602	0.014849	1.00827	0.0100689	2.75907e-05
10051	1	100	10	500	0.022292	0.015092	0.00511599	0.00997599	0.00719999	0.986291	0.0157642	1.00733	0.0102475	3.04809e-05
10052	1	100	11	500	0.0267847	0.0166747	0.00579658	0.0108781	0.01011	0.984138	0.0180974	1.00592	0.0115898	3.23836e-05
10053	1	100	16	500	0.025625	0.0140807	0.0041328	0.00994794	0.0115442	0.987467	0.0143186	1.00505	0.0114839	3.2115e-05
10054	1	100	14	500	0.0313782	0.015454	0.00446942	0.0109846	0.0159242	0.985258	0.0193947	1.00221	0.01123	3.29062e-05
10055	1	100	16	500	0.0335041	0.0162712	0.00467147	0.0115997	0.0172329	0.984983	0.019266	1.00288	0.0127444	3.35992e-05
10056	1	100	13	500	0.0265607	0.0137209	0.00371453	0.0100064	0.0128398	0.987303	0.0145798	1.00395	0.0111621	3.36599e-05
10057	1	100	16	500	0.0321158	0.0158289	0.00446568	0.0113633	0.0162869	0.985846	0.0138719	1.00385	0.0126975	3.38572e-05
10058	1	100	12	500	0.0289529	0.0165201	0.00521073	0.0113094	0.0124328	0.984258	0.0193717	1.0053	0.0115668	3.29083e-05
10059	1	100	13	500	0.0301085	0.0180743	0.0062413	0.011833	0.0120343	0.983729	0.0163128	1.00765	0.0115516	3.34304e-05
10060	1	100	11	500	0.0283174	0.0176135	0.00609042	0.0115231	0.0107039	0.983725	0.0177471	1.00733	0.0118284	3.28064e-05
10061	1	100	12	500	0.0252183	0.0147386	0.00433213	0.0104064	0.0104798	0.986309	0.0162155	1.00605	0.0104825	3.15043e-05
10062	1	100	12	500	0.0294997	0.019521	0.00742344	0.0120976	0.00997865	0.982097	0.0183603	1.009	0.0116254	3.41711e-05
10063	1	100	12	500	0.0318577	0.020624	0.00807967	0.0125443	0.0112337	0.981459	0.017221	1.00901	0.0105809	3.39611e-05
10064	1	100	12	500	0.0268556	0.0181927	0.00676553	0.0114272	0.00866288	0.981855	0.0231454	1.00703	0.00968004	3.31383e-05
10065	1	100	13	500	0.0243733	0.0150946	0.00467512	0.0104194	0.0092787	0.985783	0.0176944	1.0065	0.0100295	3.25146e-05
10066	1	100	11	500	0.0234322	0.0151379	0.00483794	0.0102999	0.00829437	0.985883	0.0175432	1.00725	0.00998602	3.23243e-05
10067	1	100	14	500	0.0180193	0.00975165	0.00202542	0.00772624	0.00826769	0.990102	0.0175032	1.00314	0.0102589	3.04906e-05
10068	1	100	11	500	0.0172863	0.0112021	0.00288469	0.00831746	0.00608416	0.989384	0.0144081	1.006	0.00994779	2.8478e-05
10069	1	100	9	500	0.0176731	0.0120694	0.00337698	0.00869245	0.0056037	0.988374	0.0162543	1.00654	0.0101492	2.78036e-05
10070	1	100	15	500	0.0203628	0.0141887	0.00430722	0.00988152	0.00617405	0.986238	0.0186746	1.00726	0.00987345	2.88599e-05
10071	1	100	11	500	0.025129	0.0178023	0.00670225	0.0111001	0.00732669	0.982426	0.020679	1.00844	0.0108796	3.34415e-05
10072	1	100	13	500	0.0245932	0.0172447	0.00597616	0.0112685	0.00734847	0.981612	0.0226567	1.00674	0.015677	3.48064e-05
10073	1	100	12	500	0.0343921	0.0189556	0.00572305	0.0132325	0.0154366	0.98283	0.0182126	1.00699	0.0166075	3.54857e-05
10074	1	100	15	500	0.0403876	0.0198548	0.00584291	0.0140119	0.0205328	0.981358	0.021543	1.00464	0.0209172	3.60787e-05
10075	1	100	13	500	0.0307979	0.0166351	0.00402586	0.0126092	0.0141628	0.984465	0.0188173	1.00645	0.0164731	3.53739e-05
10076	1	100	14	500	0.0486452	0.0196406	0.00390167	0.015739	0.0290046	0.981175	0.022211	1.00066	0.0249441	3.46535e-05
10077	1	100	17	500	0.0607305	0.0220071	0.00511037	0.0168968	0.0387234	0.979635	0.0271207	0.996698	0.0261938	3.61142e-05
10078	1	100	15	500	0.0547076	0.0187338	0.00418123	0.0145526	0.0359738	0.983249	0.0258185	0.99598	0.0241866	3.5859e-05
10079	1	100	15	500	0.0707623	0.02344	0.00642483	0.0170152	0.0473223	0.980456	0.0299144	0.992132	0.0285488	3.59287e-05
10080	1	100	13	500	0.0826834	0.0250644	0.00647354	0.0185908	0.057619	0.971513	0.0844007	0.980832	0.0846561	3.49222e-05
10081	1	100	15	500	0.0880244	0.0274772	0.0068486	0.0206286	0.0605471	0.976488	0.0319294	0.98899	0.0315983	3.59694e-05
10082	1	100	13	500	0.0718299	0.0215034	0.00391119	0.0175923	0.0503265	0.980809	0.0305373	0.992051	0.0293839	3.53342e-05
10083	1	100	17	500	0.0409342	0.0138095	0.00215848	0.011651	0.0271247	0.98706	0.023148	0.998002	0.0220059	3.335e-05
10084	1	100	14	500	0.0765119	0.0247874	0.00539453	0.0193929	0.0517245	0.978129	0.0301298	0.993474	0.0320235	3.38034e-05
10085	1	100	13	500	0.104321	0.0323216	0.00948734	0.0228343	0.0719997	0.964178	0.102753	0.975067	0.105245	3.39845e-05
10086	1	100	18	500	0.10936	0.0336158	0.00856397	0.0250518	0.0757438	0.971334	0.0401274	0.985813	0.0422415	3.42717e-05
10087	1	100	15	500	0.103764	0.0333259	0.00925463	0.0240712	0.070438	0.972836	0.0333328	0.98823	0.0356817	3.44712e-05
10088	1	100	14	500	0.0995104	0.0307127	0.00798768	0.022725	0.0687977	0.97456	0.0322205	0.987265	0.0360716	3.35263e-05
10089	1	100	14	500	0.126999	0.0417463	0.0136968	0.0280495	0.0852525	0.967593	0.0370068	0.983589	0.0383774	3.31958e-05
10090	1	100	14	500	0.0963837	0.0327489	0.00986591	0.0228829	0.0636348	0.97329	0.0319227	0.990189	0.0355396	3.40177e-05
10091	1	100	16	500	0.101302	0.0358754	0.0113427	0.0245326	0.0654265	0.970345	0.0354772	0.991038	0.0338184	3.45513e-05
10092	1	100	12	500	0.110411	0.0400053	0.0135117	0.0264936	0.0704053	0.966688	0.0343092	0.990276	0.0382837	3.62735e-05
10093	1	100	14	500	0.13741	0.0522276	0.0209265	0.0313011	0.0851819	0.960373	0.0354207	0.988975	0.0404958	3.63805e-05
10094	1	100	16	500	0.17856	0.0685054	0.0322361	0.0362694	0.110055	0.934828	0.139611	0.95757	0.143852	3.34946e-05
10095	1	100	11	500	0.172432	0.066227	0.0313745	0.0348525	0.106205	0.94657	0.102544	0.967799	0.107178	3.0979e-05
10096	1	100	13	500	0.129273	0.0479917	0.0188243	0.0291674	0.081281	0.954482	0.0963582	0.977892	0.099356	3.23134e-05
10097	1	100	15	500	0.119825	0.0451035	0.0170793	0.0280242	0.0747211	0.964387	0.0365115	0.989738	0.0378451	3.33112e-05
10098	1	100	14	500	0.101545	0.0363007	0.0120448	0.0242559	0.0652443	0.970594	0.0350147	0.99059	0.0366814	3.12812e-05
10099	1	100	17	500	0.118557	0.0407574	0.0132332	0.0275241	0.0777999	0.947437	0.140662	0.967744	0.143418	3.25316e-05
10100	1	100	17	500	0.0771394	0.0263364	0.00590263	0.0204338	0.050803	0.975147	0.0319143	0.994439	0.031476	3.12534e-05
10101	1	100	16	500	0.0900796	0.0332797	0.00983965	0.0234401	0.0567999	0.969825	0.0310088	0.995113	0.0343184	3.3151e-05
