Generation	PopulationID	SampleSize	UniqueMutations	PopulationSize	totalLoad	RelzLoad	RelzLoadHomo	RelzLoadHetero	MskLoad	MeanFitness	SdFitness	MeanFitnessCached	SdFitnessCached	Heterozygosity	
10001	1	100	55	500	0.190127	0.177885	0.095136	0.0827485	0.0122421	0.830252	0.0722175	1.17778	0.0858346	4.54381e-05
10002	1	100	40	500	0.184964	0.166762	0.0803928	0.0863688	0.0182026	0.842142	0.0762773	1.16216	0.0909596	4.92052e-05
10003	1	100	38	500	0.192798	0.174089	0.0903878	0.083701	0.018709	0.8351	0.076163	1.16886	0.0911533	4.91952e-05
10004	1	100	37	500	0.185907	0.166072	0.0869596	0.0791125	0.0198348	0.843039	0.0820488	1.15938	0.0958073	4.86552e-05
10005	1	100	38	500	0.189838	0.172737	0.0960024	0.0767347	0.0171008	0.835797	0.0813165	1.16817	0.0978364	4.7198e-05
10006	1	100	37	500	0.191447	0.17255	0.0938578	0.0786918	0.0188974	0.836007	0.0691396	1.16718	0.0843852	4.76312e-05
10007	1	100	40	500	0.184808	0.162501	0.0795382	0.0829626	0.0223072	0.845919	0.0809219	1.15551	0.0954793	4.97574e-05
10008	1	100	38	500	0.19241	0.177556	0.0964468	0.0811092	0.0148544	0.831002	0.0710087	1.17628	0.0842674	4.62314e-05
10009	1	100	35	500	0.19218	0.175604	0.0960891	0.0795152	0.016576	0.832851	0.0752613	1.17309	0.0913903	4.85167e-05
10010	1	100	36	500	0.179696	0.161057	0.0780382	0.0830192	0.0186386	0.846864	0.0772919	1.15545	0.0938907	5.20566e-05
10011	1	100	36	500	0.156652	0.141707	0.0574315	0.0842751	0.014945	0.864579	0.0703897	1.1366	0.0863627	5.53781e-05
10012	1	100	33	500	0.143493	0.130745	0.0473817	0.0833634	0.0127479	0.872774	0.0716484	1.12462	0.0870159	5.64651e-05
10013	1	100	30	500	0.144603	0.13429	0.0543828	0.0799067	0.0103137	0.870704	0.0734272	1.13139	0.0906881	5.41451e-05
10014	1	100	35	500	0.140688	0.129006	0.0517215	0.0772847	0.0116817	0.876214	0.0653062	1.12512	0.0788281	5.48168e-05
10015	1	100	31	500	0.130824	0.120124	0.046639	0.073485	0.0106999	0.884756	0.0770065	1.11716	0.0892537	5.38735e-05
10016	1	100	32	500	0.12495	0.117969	0.04468	0.0732891	0.00698086	0.886868	0.0788014	1.1171	0.088884	5.29138e-05
10017	1	100	26	500	0.121109	0.113266	0.0415708	0.0716948	0.00784299	0.891746	0.0820579	1.11183	0.0930792	5.32391e-05
10018	1	100	29	500	0.105786	0.0969801	0.0304063	0.0665738	0.00880594	0.906343	0.0783368	1.09296	0.0894345	5.5824e-05
10019	1	100	29	500	0.0982502	0.0903877	0.0265069	0.0638808	0.00786243	0.912377	0.0640809	1.0862	0.070018	5.51349e-05
10020	1	100	28	500	0.107251	0.0976363	0.0314863	0.0661499	0.00961468	0.905927	0.0734652	1.0939	0.0852005	5.01572e-05
10021	1	100	28	500	0.108312	0.0974093	0.0334265	0.0639828	0.010903	0.906185	0.0619981	1.09219	0.0693008	4.7456e-05
10022	1	100	26	500	0.106079	0.0947705	0.0343909	0.0603796	0.011308	0.908344	0.0582745	1.08875	0.0681045	4.86761e-05
10023	1	100	31	500	0.110373	0.102817	0.0395952	0.0632217	0.00755587	0.901622	0.0708296	1.10031	0.0816223	4.87156e-05
10024	1	100	21	500	0.113802	0.105829	0.0417897	0.0640393	0.00797338	0.898001	0.0640993	1.10138	0.0770467	4.80583e-05
10025	1	100	21	500	0.139841	0.129531	0.0586561	0.0708745	0.0103105	0.877908	0.0743535	1.12421	0.0867257	4.85552e-05
10026	1	100	19	500	0.136772	0.126593	0.0564541	0.0701385	0.0101798	0.879833	0.0677519	1.11934	0.0837304	4.90826e-05
10027	1	100	18	500	0.137999	0.126978	0.0567597	0.0702188	0.0110203	0.878202	0.0733214	1.11491	0.0979782	4.97627e-05
10028	1	100	15	500	0.144575	0.13298	0.0615988	0.0713807	0.0115955	0.875566	0.0616031	1.11988	0.0786157	4.96722e-05
10029	1	100	15	500	0.143799	0.131211	0.060126	0.0710849	0.0125877	0.87307	0.0756861	1.11097	0.107451	4.97364e-05
10030	1	100	15	500	0.17242	0.158827	0.0871487	0.0716782	0.0135927	0.850539	0.0797911	1.15004	0.0986346	4.75107e-05
10031	1	100	16	500	0.201254	0.192554	0.131527	0.0610269	0.00869958	0.817913	0.0654725	1.19364	0.0794936	3.97619e-05
10032	1	100	13	500	0.196117	0.186102	0.123677	0.0624252	0.0100156	0.823111	0.074988	1.18438	0.0935332	3.95528e-05
10033	1	100	17	500	0.198149	0.187513	0.125157	0.0623564	0.0106359	0.822296	0.0770648	1.18603	0.0932238	3.96059e-05
10034	1	100	13	500	0.196084	0.183759	0.119413	0.0643454	0.0123254	0.825182	0.0738599	1.17792	0.0974395	4.116e-05
10035	1	100	17	500	0.194558	0.181085	0.11538	0.0657049	0.0134734	0.828403	0.0707613	1.17555	0.0860515	4.09782e-05
10036	1	100	19	500	0.2086	0.19381	0.131886	0.0619243	0.0147904	0.817101	0.0692573	1.18801	0.084413	3.98247e-05
10037	1	100	14	500	0.234916	0.218146	0.166799	0.051347	0.0167703	0.79491	0.0658088	1.21319	0.0824844	3.47587e-05
10038	1	100	10	500	0.248637	0.234847	0.195785	0.0390625	0.0137895	0.778501	0.0615918	1.23388	0.0753638	2.95307e-05
10039	1	100	14	500	0.259834	0.244951	0.212657	0.0322941	0.0148828	0.76893	0.0529582	1.24222	0.0632833	2.52218e-05
10040	1	100	12	500	0.252525	0.23702	0.198391	0.0386294	0.0155047	0.777253	0.0558193	1.23477	0.0667015	2.71871e-05
10041	1	100	13	500	0.250146	0.234584	0.194188	0.0403958	0.0155613	0.779797	0.0594553	1.2321	0.0707158	2.77208e-05
10042	1	100	14	500	0.252095	0.236305	0.196718	0.0395864	0.0157898	0.777966	0.0595914	1.23223	0.0708938	2.91575e-05
10043	1	100	18	500	0.254629	0.238134	0.198996	0.039138	0.0164945	0.776357	0.0556763	1.23364	0.0673848	2.81292e-05
10044	1	100	15	500	0.261741	0.24417	0.208893	0.0352768	0.0175706	0.771217	0.0584129	1.23984	0.0679491	2.64774e-05
10045	1	100	16	500	0.26954	0.247515	0.212044	0.0354705	0.022025	0.768521	0.0551692	1.23636	0.0662594	2.42316e-05
10046	1	100	17	500	0.272563	0.246637	0.206776	0.0398609	0.0259258	0.770473	0.0644902	1.22918	0.0719714	2.70451e-05
10047	1	100	14	500	0.249628	0.219967	0.161015	0.0589518	0.0296609	0.795047	0.0700416	1.19392	0.0778634	3.87709e-05
10048	1	100	14	500	0.274298	0.243923	0.198075	0.045848	0.0303754	0.775742	0.065643	1.21764	0.0732124	3.21969e-05
10049	1	100	16	500	0.252898	0.225604	0.173538	0.052066	0.0272939	0.788145	0.0674449	1.2098	0.0787963	3.69047e-05
10050	1	100	15	500	0.257838	0.229012	0.178306	0.0507057	0.0288266	0.78402	0.0660338	1.21214	0.083553	3.75116e-05
10051	1	100	14	500	0.260762	0.227162	0.173583	0.0535791	0.0336004	0.788223	0.0653625	1.21123	0.0776133	3.62841e-05
10052	1	100	15	500	0.28108	0.23657	0.183241	0.0533294	0.04451	0.781552	0.0632755	1.21375	0.0727044	3.68394e-05
10053	1	100	14	500	0.274318	0.230459	0.173009	0.0574498	0.0438589	0.786548	0.0648727	1.20508	0.0801578	3.82911e-05
10054	1	100	17	500	0.296043	0.251675	0.208536	0.0431389	0.0443677	0.7677	0.0605684	1.22849	0.0706527	2.96019e-05
10055	1	100	14	500	0.276009	0.2331	0.178048	0.0550512	0.0429091	0.785219	0.0651807	1.2113	0.0735393	3.47241e-05
10056	1	100	15	500	0.26073	0.22591	0.170277	0.0556329	0.0348202	0.789025	0.068325	1.20567	0.0818007	3.79295e-05
10057	1	100	18	500	0.247911	0.225033	0.175	0.050033	0.0228777	0.788794	0.0637148	1.21707	0.0777612	3.63868e-05
10058	1	100	11	500	0.249804	0.229898	0.184716	0.0451822	0.0199057	0.784242	0.058892	1.22582	0.0737218	3.48517e-05
10059	1	100	14	500	0.249451	0.232825	0.191193	0.0416321	0.0166256	0.779521	0.0608257	1.22893	0.0819566	3.30129e-05
10060	1	100	16	500	0.25536	0.235925	0.195168	0.0407567	0.0194351	0.777817	0.058809	1.23079	0.0724073	3.1197e-05
10061	1	100	14	500	0.254042	0.240755	0.207291	0.0334639	0.013287	0.772543	0.0544216	1.24295	0.0737142	2.70114e-05
10062	1	100	14	500	0.276454	0.263847	0.250837	0.0130098	0.0126072	0.751519	0.0315373	1.26878	0.0387202	1.41296e-05
10063	1	100	15	500	0.293833	0.275177	0.267214	0.00796305	0.018656	0.742242	0.023256	1.27006	0.0341433	1.0431e-05
10064	1	100	14	500	0.286057	0.269546	0.258537	0.0110082	0.0165113	0.748234	0.0260625	1.27034	0.0341977	1.20226e-05
10065	1	100	7	500	0.0234402	0.00789155	0.00359886	0.00429269	0.0155487	0.993599	0.015474	0.994476	0.0156848	8.83837e-06
10066	1	100	6	500	0.0287159	0.0102715	0.00515288	0.00511859	0.0184444	0.987767	0.0300234	0.988895	0.0302882	1.02469e-05
10067	1	100	5	500	0.0359204	0.0145015	0.00859468	0.00590678	0.0214189	0.989898	0.0193845	0.991233	0.0196866	1.08274e-05
10068	1	100	6	500	0.0365473	0.0147615	0.00874115	0.00602035	0.0217858	0.983086	0.036244	0.984378	0.0366646	1.13542e-05
10069	1	100	8	500	0.0327378	0.0122897	0.00633817	0.00595151	0.0204481	0.985914	0.0316907	0.98796	0.0323213	1.45788e-05
10070	1	100	8	500	0.0294652	0.0107406	0.00519517	0.00554545	0.0187245	0.991158	0.0177698	0.993984	0.0178088	1.49078e-05
10071	1	100	7	500	0.0355916	0.0142053	0.00739945	0.00680586	0.0213863	0.988164	0.0224529	0.991453	0.0233095	1.4889e-05
10072	1	100	11	500	0.0250624	0.00841932	0.00263594	0.00578339	0.016643	0.993458	0.00979711	0.997001	0.00941207	1.38924e-05
10073	1	100	11	500	0.0234239	0.00842927	0.00287327	0.005556	0.0149946	0.991524	0.0171122	0.995558	0.0177487	1.54692e-05
10074	1	100	8	500	0.0216732	0.00810158	0.00263233	0.00546926	0.0135716	0.992319	0.0155099	0.997315	0.0161822	1.81289e-05
10075	1	100	5	500	0.0181316	0.00673742	0.00256036	0.00417706	0.0113942	0.993871	0.00724571	0.998134	0.00653292	2.05832e-05
10076	1	100	7	500	0.0183027	0.00670231	0.00252973	0.00417258	0.0116004	0.992496	0.0162027	0.996351	0.0160337	2.02468e-05
10077	1	100	11	500	0.0187069	0.00714467	0.00294585	0.00419882	0.0115622	0.991841	0.0193416	0.996179	0.0197472	2.07429e-05
10078	1	100	7	500	0.0154217	0.00604171	0.00226755	0.00377416	0.00938	0.994149	0.00854328	0.998818	0.00716278	2.1225e-05
10079	1	100	7	500	0.0184375	0.00646862	0.00220567	0.00426295	0.0119689	0.993772	0.00824095	0.997697	0.00738407	2.11715e-05
10080	1	100	8	500	0.0335545	0.00986682	0.00268872	0.00717811	0.0236876	0.989987	0.0184363	0.993727	0.0180749	2.05143e-05
10081	1	100	11	500	0.0221182	0.00696175	0.0020116	0.00495015	0.0151564	0.992638	0.0156226	0.995887	0.0154813	2.01842e-05
10082	1	100	8	500	0.0175552	0.00530818	0.00118913	0.00411905	0.0122471	0.994612	0.00918398	0.997443	0.00808008	1.90662e-05
10083	1	100	8	500	0.0330916	0.00956282	0.002713	0.00684981	0.0235287	0.990898	0.0187528	0.993356	0.0185972	1.85845e-05
10084	1	100	6	500	0.0377893	0.0109089	0.00307995	0.00782892	0.0268804	0.990579	0.0128811	0.993569	0.0113141	2.02958e-05
10085	1	100	5	500	0.0477791	0.0144509	0.00476894	0.00968195	0.0333282	0.987797	0.0229848	0.992315	0.0222855	2.25338e-05
10086	1	100	6	500	0.0493501	0.0162216	0.00653008	0.00969155	0.0331285	0.986544	0.0166562	0.992177	0.0152631	2.28886e-05
10087	1	100	9	500	0.0594163	0.01961	0.00824997	0.01136	0.0398063	0.976773	0.0641798	0.982353	0.0637666	2.2626e-05
10088	1	100	9	500	0.0725231	0.0259078	0.0104858	0.015422	0.0466153	0.975735	0.0520172	0.985824	0.0509218	2.30926e-05
10089	1	100	7	500	0.0786527	0.0270594	0.0127623	0.0142971	0.0515933	0.96812	0.0763061	0.973982	0.0759023	2.32036e-05
10090	1	100	7	500	0.0646427	0.020918	0.00857855	0.0123394	0.0437247	0.983524	0.0193742	0.988886	0.0183537	2.3774e-05
10091	1	100	5	500	0.103458	0.0389665	0.02147	0.0174965	0.0644915	0.954931	0.0960311	0.961147	0.095668	2.28616e-05
10092	1	100	6	500	0.0939318	0.0341593	0.0178229	0.0163364	0.0597725	0.971991	0.0546225	0.97811	0.0541178	2.27374e-05
10093	1	100	7	500	0.0927325	0.0335694	0.0174529	0.0161166	0.0591631	0.973533	0.0466593	0.980343	0.0462478	2.26967e-05
10094	1	100	11	500	0.0902168	0.03171	0.0156975	0.0160126	0.0585068	0.964002	0.0786303	0.970071	0.078308	2.32612e-05
10095	1	100	9	500	0.0604543	0.0195124	0.00792107	0.0115913	0.0409419	0.982699	0.0331059	0.989532	0.0327475	2.35764e-05
10096	1	100	9	500	0.0872693	0.029649	0.0138403	0.0158087	0.0576203	0.970369	0.0673317	0.976139	0.0668981	2.45374e-05
10097	1	100	10	500	0.0827421	0.0276017	0.0124074	0.0151942	0.0551404	0.979497	0.0189374	0.98517	0.0180114	2.50701e-05
10098	1	100	12	500	0.110115	0.0397368	0.0207434	0.0189934	0.0703785	0.968426	0.0440656	0.973803	0.0434934	2.56924e-05
10099	1	100	9	500	0.0899984	0.0319636	0.0143258	0.0176378	0.0580349	0.968987	0.0497637	0.977907	0.0472176	2.62989e-05
10100	1	100	11	500	0.0858952	0.0317829	0.0141736	0.0176093	0.0541123	0.967933	0.0365766	0.978906	0.0357189	2.63653e-05
10101	1	100	10	500	0.0952176	0.0358501	0.0158938	0.0199563	0.0593675	0.957861	0.0621875	0.970052	0.0592698	2.64057e-05
