Generation	PopulationID	SampleSize	UniqueMutations	PopulationSize	totalLoad	RelzLoad	RelzLoadHomo	RelzLoadHetero	MskLoad	MeanFitness	SdFitness	MeanFitnessCached	SdFitnessCached	Heterozygosity	
10001	1	100	30	500	0.551605	0.547379	0.531129	0.0162499	0.00422567	0.550789	0.0320925	1.66079	0.0656924	8.4965e-06
10002	1	100	18	500	0.367977	0.36369	0.347342	0.0163484	0.00428723	0.669262	0.0351667	1.39362	0.0478638	9.0345e-06
10003	1	100	15	500	0.357095	0.353891	0.330026	0.0238659	0.00320344	0.677106	0.0466071	1.38199	0.0615285	1.073e-05
10004	1	100	17	500	0.36091	0.353498	0.326934	0.0265647	0.0074113	0.678031	0.0435991	1.37973	0.0581956	9.98026e-06
10005	1	100	13	500	0.355275	0.352883	0.326179	0.0267042	0.00239146	0.67799	0.0444729	1.38144	0.0588356	1.03661e-05
10006	1	100	16	500	0.371219	0.355445	0.325812	0.029633	0.0157738	0.676955	0.0459239	1.37641	0.0602895	9.69642e-06
10007	1	100	11	500	0.235273	0.209759	0.187643	0.0221155	0.0255144	0.792364	0.0490845	1.1938	0.0493188	7.87451e-06
10008	1	100	7	500	0.246234	0.21834	0.20276	0.0155805	0.0278943	0.777794	0.084401	1.1908	0.120757	7.55141e-06
10009	1	100	9	500	0.211896	0.208782	0.197606	0.0111762	0.00311382	0.789438	0.0353573	1.20426	0.0372952	7.61258e-06
10010	1	100	9	500	0.221877	0.215758	0.209519	0.00623966	0.00611917	0.784576	0.0239993	1.212	0.0250261	8.42035e-06
10011	1	100	7	500	0.00285453	0.000641938	8.87897e-05	0.000553148	0.00221259	0.999247	0.00418271	0.999553	0.00422644	8.71436e-06
10012	1	100	8	500	0.00462238	0.00116773	0.00030407	0.000863662	0.00345465	0.99894	0.00296073	0.99894	0.00296073	8.52976e-06
10013	1	100	6	500	0.00529289	0.00145981	0.000501543	0.00095827	0.00383308	0.998499	0.00596371	0.998609	0.00599031	8.36758e-06
10014	1	100	6	500	0.00541276	0.0015015	0.000523689	0.000977814	0.00391125	0.998392	0.00588087	0.998392	0.00588087	8.23366e-06
10015	1	100	11	500	0.00768528	0.00237902	0.00100452	0.0013745	0.00530626	0.998351	0.00269827	0.998448	0.00275499	8.28006e-06
10016	1	100	6	500	0.00523144	0.00146517	0.000465025	0.00100014	0.00376628	0.998475	0.00579306	0.998592	0.00582273	8.47192e-06
10017	1	100	6	500	0.0158776	0.00359916	0.000529562	0.0030696	0.0122784	0.996574	0.0158338	0.996844	0.0158826	8.35116e-06
10018	1	100	10	500	0.0391071	0.00893062	0.0013757	0.00755492	0.0301765	0.991807	0.0274923	0.991828	0.0274946	8.03295e-06
10019	1	100	7	500	0.0177896	0.00402741	0.000427276	0.00360013	0.0137622	0.996001	0.0180168	0.996439	0.0180745	8.32583e-06
10020	1	100	6	500	0.0039465	0.00105349	0.000330234	0.000723253	0.00289301	0.995321	0.0196738	0.99561	0.0197393	8.52157e-06
10021	1	100	9	500	0.0336688	0.00778649	0.00114586	0.00664063	0.0258823	0.9926	0.0260828	0.993374	0.0246696	8.54848e-06
10022	1	100	8	500	0.00377573	0.0012884	0.000279563	0.00100883	0.00248734	0.995127	0.019296	0.996068	0.0195026	8.39576e-06
10023	1	100	9	500	0.00510735	0.00135975	0.000296068	0.00106368	0.00374759	0.998452	0.00527786	0.998755	0.00535646	8.4873e-06
10024	1	100	9	500	0.0051452	0.00123513	0.000257619	0.000977516	0.00391006	0.998285	0.00610908	0.998285	0.00610909	8.85739e-06
10025	1	100	9	500	0.00650095	0.00162311	0.000403657	0.00121946	0.00487783	0.998557	0.00281822	0.998591	0.002829	9.49022e-06
10026	1	100	11	500	0.00688486	0.0017501	0.000423211	0.00132689	0.00513475	0.998285	0.00341544	0.998411	0.00324501	9.28841e-06
10027	1	100	13	500	0.00757498	0.00200637	0.000409533	0.00159684	0.00556861	0.998097	0.00574106	0.998586	0.00555061	9.15697e-06
10028	1	100	9	500	0.00722407	0.00211638	0.00066363	0.00145275	0.00510769	0.99829	0.00387272	0.998737	0.00390591	8.83144e-06
10029	1	100	10	500	0.00326328	0.00090067	0.000238399	0.00066227	0.00236261	0.999163	0.00234349	0.999306	0.00234531	9.85731e-06
10030	1	100	9	500	0.00226616	0.000591131	0.000172374	0.000418757	0.00167503	0.999326	0.00273709	0.999326	0.00273709	9.8592e-06
10031	1	100	11	500	0.00231677	0.000691917	0.00019288	0.000499037	0.00162486	0.999047	0.0042036	0.999316	0.00343222	9.06002e-06
10032	1	100	9	500	0.00273686	0.00069546	0.000185111	0.000510349	0.0020414	0.998874	0.00840888	0.998908	0.00841131	8.02812e-06
10033	1	100	11	500	0.00695339	0.00159288	0.000236764	0.00135611	0.00536051	0.998306	0.00766223	0.998338	0.00766891	8.12877e-06
10034	1	100	11	500	0.00495996	0.00141948	0.000272229	0.00114725	0.00354047	0.998365	0.00637805	0.998895	0.00643446	8.10081e-06
10035	1	100	11	500	0.00549511	0.00156966	0.000305426	0.00126423	0.00392545	0.998476	0.0055137	0.999051	0.00554766	7.88135e-06
10036	1	100	9	500	0.00986956	0.00242254	0.000507735	0.00191481	0.00744701	0.997617	0.00801946	0.997723	0.00803949	7.55051e-06
10037	1	100	9	500	0.00789076	0.00189094	0.000390985	0.00149996	0.00599982	0.998062	0.00693205	0.998062	0.00693205	7.55649e-06
10038	1	100	14	500	0.00723477	0.00167428	0.000284157	0.00139012	0.00556049	0.99832	0.0072195	0.99832	0.0072195	8.2168e-06
10039	1	100	10	500	0.0019872	0.000535709	0.000172836	0.000362873	0.00145149	0.999283	0.00362407	0.999471	0.00365217	8.27771e-06
10040	1	100	8	500	0.000912705	0.000284061	0.0001269	0.000157161	0.000628644	0.999634	0.00159507	0.999634	0.00159508	7.68981e-06
10041	1	100	7	500	0.000576634	0.000211762	0.000120543	9.12182e-05	0.000364873	0.999664	0.000859735	0.999676	0.000859645	7.62267e-06
10042	1	100	8	500	0.00154426	0.000455208	0.000131507	0.000323701	0.00108906	0.999266	0.00456077	0.99951	0.00458882	7.23297e-06
10043	1	100	5	500	0.000565879	0.000215829	0.000128317	8.75124e-05	0.00035005	0.999686	0.00133938	0.999686	0.00133938	7.35434e-06
10044	1	100	6	500	0.000535222	0.000177317	8.73539e-05	8.99633e-05	0.000357905	0.999696	0.00186299	0.999754	0.00186888	7.55263e-06
10045	1	100	5	500	0.00387678	0.0011262	0.000157751	0.000968454	0.00275057	0.998772	0.00525451	0.999339	0.00532988	7.54457e-06
10046	1	100	5	500	0.0005156	0.000203944	0.00012603	7.79141e-05	0.000311656	0.999722	0.00193363	0.999722	0.00193362	7.75332e-06
10047	1	100	4	500	0.000524179	0.00024389	0.000173818	7.00724e-05	0.000280289	0.999483	0.00554002	0.999536	0.00553688	7.98247e-06
10048	1	100	4	500	0.000965726	0.000395272	0.000252659	0.000142613	0.000570454	0.999357	0.00263349	0.999576	0.00267087	8.25612e-06
10049	1	100	6	500	0.000780596	0.00039721	0.000269996	0.000127214	0.000383386	0.999551	0.00129121	0.999735	0.00125195	8.08835e-06
10050	1	100	5	500	0.0034765	0.000926499	0.000288999	0.0006375	0.00255	0.998993	0.00346352	0.999135	0.00349703	7.6482e-06
10051	1	100	9	500	0.0031968	0.0015171	0.000256546	0.00126055	0.0016797	0.99841	0.00589727	1.0002	0.00585949	7.64391e-06
10052	1	100	10	500	0.00385825	0.00210659	0.000278978	0.00182761	0.00175167	0.99781	0.00732328	1.00082	0.00748486	7.67403e-06
10053	1	100	6	500	0.00383041	0.00203027	0.000257084	0.00177318	0.00180014	0.997382	0.00779378	1.0003	0.00795599	7.59484e-06
10054	1	100	9	500	0.00646272	0.00269462	0.000362908	0.00233172	0.00376809	0.997154	0.00804824	1.00007	0.00846366	7.78655e-06
10055	1	100	6	500	0.00840828	0.00359529	0.0005965	0.00299879	0.00481299	0.996078	0.00988188	0.999979	0.0103245	8.02151e-06
10056	1	100	11	500	0.00795595	0.00364095	0.000565647	0.0030753	0.004315	0.996438	0.00863139	1.0006	0.0093072	8.21616e-06
10057	1	100	7	500	0.00844764	0.00309157	0.000704962	0.00238661	0.00535607	0.996747	0.00842856	0.99906	0.00894618	8.4458e-06
10058	1	100	6	500	0.00550037	0.00164735	0.000684092	0.000963255	0.00385302	0.998757	0.0020858	0.998757	0.00208581	8.36933e-06
10059	1	100	9	500	0.00628587	0.00163008	0.000466132	0.00116395	0.00465579	0.998041	0.0063453	0.998041	0.0063453	7.98065e-06
10060	1	100	6	500	0.00326434	0.000867074	0.000267758	0.000599316	0.00239726	0.999149	0.00211335	0.999279	0.00208201	7.78151e-06
10061	1	100	4	500	0.0015658	0.000473814	0.000200818	0.000272996	0.00109198	0.999427	0.0026375	0.999427	0.0026375	7.75475e-06
10062	1	100	3	500	0.00168232	0.000481796	0.000181666	0.00030013	0.00120052	0.999385	0.00193869	0.999385	0.00193869	8.09062e-06
10063	1	100	6	500	0.00127907	0.000415564	0.000199687	0.000215877	0.000863508	0.999605	0.000942614	0.999605	0.000942618	7.62749e-06
10064	1	100	6	500	0.00127262	0.000409668	0.00019393	0.000215738	0.000862953	0.999526	0.0028586	0.999566	0.00286381	7.22639e-06
10065	1	100	3	500	0.000688739	0.000531549	0.000294286	0.000237263	0.00015719	0.999338	0.0033812	0.999738	0.00342498	7.36181e-06
10066	1	100	3	500	0.00103147	0.000893718	0.000409938	0.000483779	0.000137751	0.99905	0.00218866	0.999996	0.00235644	7.34462e-06
10067	1	100	7	500	0.00200118	0.000765227	0.000456238	0.000308988	0.00123595	0.999024	0.00371804	0.999271	0.00372038	7.19295e-06
10068	1	100	5	500	0.00466529	0.00150115	0.000710117	0.000791035	0.00316414	0.998427	0.00424077	0.998427	0.00424077	6.83663e-06
10069	1	100	6	500	0.0102076	0.00272204	0.00085065	0.00187139	0.00748557	0.997049	0.00888211	0.997142	0.00890401	6.95413e-06
10070	1	100	8	500	0.0116359	0.00305735	0.0009127	0.00214465	0.00857859	0.997084	0.00704994	0.997084	0.00704994	7.21651e-06
10071	1	100	7	500	0.0149256	0.00395832	0.00121651	0.00274181	0.0109672	0.99613	0.00811766	0.996158	0.00813087	7.12051e-06
10072	1	100	6	500	0.0108726	0.00324457	0.00132357	0.001921	0.00762798	0.995564	0.0178594	0.995592	0.0178398	6.65148e-06
10073	1	100	9	500	0.0244098	0.00770269	0.00351201	0.00419068	0.0167071	0.994406	0.0100562	0.994467	0.0100846	7.277e-06
10074	1	100	6	500	0.0200219	0.00632232	0.00289742	0.0034249	0.0136996	0.993528	0.012547	0.993528	0.012547	7.53064e-06
10075	1	100	9	500	0.0351311	0.0104614	0.00429394	0.00616744	0.0246697	0.986463	0.0344696	0.986463	0.0344695	7.57366e-06
10076	1	100	7	500	0.0545226	0.0148539	0.00493671	0.00991718	0.0396687	0.988538	0.0205513	0.988622	0.0205945	7.3682e-06
10077	1	100	5	500	0.0482698	0.01391	0.00531999	0.00858996	0.0343598	0.986826	0.0284568	0.987089	0.0285698	7.755e-06
10078	1	100	5	500	0.0325414	0.0119259	0.006772	0.00515388	0.0206155	0.988763	0.0236326	0.989104	0.0237803	8.09769e-06
10079	1	100	4	500	0.0300947	0.0106902	0.00583907	0.00485113	0.0194045	0.988636	0.0305269	0.988636	0.0305269	8.15111e-06
10080	1	100	8	500	0.0327083	0.0115444	0.00625341	0.00529098	0.0211639	0.988406	0.0296765	0.988568	0.0297389	8.48298e-06
10081	1	100	8	500	0.0416781	0.0157043	0.00921088	0.00649344	0.0259738	0.985016	0.033792	0.985016	0.033792	8.30017e-06
10082	1	100	8	500	0.0528099	0.018539	0.00997125	0.00856772	0.0342709	0.985444	0.0263047	0.985573	0.0261585	8.92559e-06
10083	1	100	8	500	0.0431638	0.0137543	0.00640192	0.00735237	0.0294095	0.988902	0.0207864	0.988902	0.0207864	8.83982e-06
10084	1	100	10	500	0.0460377	0.0149352	0.00715962	0.00777562	0.0311025	0.982162	0.0389104	0.982162	0.0389104	9.63207e-06
10085	1	100	9	500	0.0468639	0.0157217	0.00793621	0.00778553	0.0311421	0.988257	0.0220759	0.988257	0.0220759	9.74142e-06
10086	1	100	9	500	0.0618737	0.0212193	0.011022	0.0101973	0.0406544	0.982486	0.0307814	0.982554	0.030818	9.77993e-06
10087	1	100	10	500	0.0615131	0.0214081	0.0113819	0.0100262	0.0401049	0.97681	0.0434333	0.977052	0.043524	1.01937e-05
10088	1	100	9	500	0.0612064	0.0185954	0.00790044	0.0106949	0.042611	0.985464	0.024087	0.985548	0.0241375	9.71075e-06
10089	1	100	7	500	0.053271	0.0154853	0.00603882	0.00944644	0.0377858	0.988891	0.0142586	0.988891	0.0142586	1.03856e-05
10090	1	100	11	500	0.058189	0.0164432	0.00600672	0.0104365	0.0417458	0.984579	0.0291614	0.985431	0.028955	1.01559e-05
10091	1	100	9	500	0.0660936	0.0193547	0.00767002	0.0116847	0.0467388	0.979011	0.0531693	0.979586	0.05337	9.63771e-06
10092	1	100	5	500	0.0403597	0.0104659	0.00299246	0.00747345	0.0298938	0.990719	0.0189189	0.990719	0.0189189	8.86258e-06
10093	1	100	10	500	0.0647656	0.0187364	0.00722909	0.0115073	0.0460292	0.983504	0.0421799	0.98373	0.0421219	9.44332e-06
10094	1	100	9	500	0.0953474	0.0301121	0.0138033	0.0163088	0.0652353	0.980516	0.0221824	0.980516	0.0221824	9.51709e-06
10095	1	100	10	500	0.10627	0.0362051	0.0183784	0.0178266	0.0700646	0.968992	0.0702445	0.969539	0.069878	9.24908e-06
10096	1	100	6	500	0.110664	0.0401457	0.0225161	0.0176295	0.0705181	0.954486	0.103368	0.954486	0.103368	8.5061e-06
10097	1	100	6	500	0.0949927	0.0312375	0.0152987	0.0159388	0.0637551	0.97138	0.0676878	0.971429	0.0676434	7.09917e-06
10098	1	100	7	500	0.0989437	0.0339024	0.017642	0.0162603	0.0650414	0.968419	0.0743154	0.968533	0.074294	7.01003e-06
10099	1	100	9	500	0.0986582	0.0323341	0.015753	0.016581	0.0663242	0.970534	0.0702472	0.970629	0.0702168	6.08539e-06
10100	1	100	8	500	0.119907	0.0390176	0.0182712	0.0207464	0.0808898	0.964403	0.0718699	0.965474	0.0716312	6.47756e-06
10101	1	100	8	500	0.118174	0.0365826	0.0161847	0.0203979	0.0815917	0.969681	0.0575353	0.970189	0.0576223	6.42505e-06
