Generation	PopulationID	SampleSize	UniqueMutations	PopulationSize	totalLoad	RelzLoad	RelzLoadHomo	RelzLoadHetero	MskLoad	MeanFitness	SdFitness	MeanFitnessCached	SdFitnessCached	Heterozygosity	
10001	1	100	57	500	0.135493	0.116043	0.0882368	0.027806	0.0194499	0.88544	0.0366933	1.10374	0.041742	2.8765e-05
10002	1	100	43	500	0.1512	0.126997	0.09167	0.0353273	0.0242029	0.877417	0.0398238	1.11471	0.0457649	2.52053e-05
10003	1	100	33	500	0.138925	0.12565	0.089044	0.0366055	0.013275	0.878028	0.0398353	1.11896	0.0446377	2.68549e-05
10004	1	100	29	500	0.146543	0.131807	0.0934959	0.0383116	0.0147353	0.872739	0.0386946	1.12658	0.0464993	2.52213e-05
10005	1	100	23	500	0.133466	0.122662	0.088607	0.0340545	0.010804	0.880261	0.0379508	1.11751	0.0474252	2.6909e-05
10006	1	100	22	500	0.126283	0.116151	0.08578	0.0303707	0.0101328	0.886746	0.0344307	1.11132	0.0424654	2.71402e-05
10007	1	100	20	500	0.125047	0.116921	0.0882996	0.0286214	0.00812595	0.885917	0.0333049	1.11357	0.0419338	2.66356e-05
10008	1	100	16	500	0.125872	0.118888	0.0888985	0.0299893	0.00698392	0.884033	0.0343518	1.11635	0.0429194	2.55572e-05
10009	1	100	15	500	0.121974	0.114814	0.0879695	0.0268448	0.00715994	0.887803	0.0354324	1.11086	0.0431121	2.5297e-05
10010	1	100	9	500	0.117341	0.113265	0.0870691	0.0261961	0.00407551	0.888641	0.0310851	1.11118	0.039021	2.38578e-05
10011	1	100	9	500	0.108972	0.105701	0.0861105	0.0195908	0.00327101	0.895934	0.0272777	1.10461	0.0331249	2.4174e-05
10012	1	100	11	500	0.0167325	0.0143049	0.000979112	0.0133257	0.00242763	0.985632	0.0245927	1.01271	0.024997	2.18668e-05
10013	1	100	11	500	0.0170696	0.0149204	0.00116386	0.0137565	0.00214921	0.984975	0.0259802	1.01327	0.0261201	2.14749e-05
10014	1	100	11	500	0.0124146	0.0106118	0.000656055	0.00995571	0.00180278	0.989134	0.022409	1.00921	0.0222208	1.95321e-05
10015	1	100	11	500	0.023858	0.0149376	0.00128272	0.0136549	0.00892039	0.984578	0.0258956	1.0089	0.0281733	1.90085e-05
10016	1	100	8	500	0.0157103	0.0132503	0.00116786	0.0120825	0.00245996	0.986556	0.0263074	1.01141	0.0263937	1.96467e-05
10017	1	100	9	500	0.0138977	0.0119577	0.00100478	0.0109529	0.00193998	0.987828	0.0234776	1.00984	0.0239812	2.13848e-05
10018	1	100	9	500	0.0169099	0.0113374	0.00100378	0.0103336	0.00557252	0.988741	0.0218716	1.00743	0.022862	2.07513e-05
10019	1	100	12	500	0.0114184	0.00945231	0.000863296	0.00858902	0.00196612	0.990584	0.0198684	1.0076	0.0201372	2.13134e-05
10020	1	100	10	500	0.0148139	0.0129632	0.00113704	0.0118261	0.00185072	0.986709	0.0265615	1.01078	0.0264361	2.24426e-05
10021	1	100	8	500	0.0162865	0.0143512	0.0011912	0.01316	0.00193529	0.985202	0.0290286	1.01252	0.0290538	2.2191e-05
10022	1	100	9	500	0.0193281	0.0173897	0.00175691	0.0156328	0.0019384	0.982571	0.0270573	1.01547	0.0273674	2.34007e-05
10023	1	100	10	500	0.0220922	0.0199549	0.00218742	0.0177675	0.00213732	0.980104	0.0329201	1.01778	0.0327923	2.60661e-05
10024	1	100	9	500	0.017256	0.015591	0.00136232	0.0142287	0.00166505	0.984263	0.0275228	1.01387	0.028152	2.65436e-05
10025	1	100	6	500	0.0184107	0.016764	0.00230541	0.0144586	0.00164672	0.982042	0.0256651	1.01391	0.0264122	2.70742e-05
10026	1	100	9	500	0.0382169	0.0204995	0.00298454	0.017515	0.0177174	0.979739	0.0300954	1.01022	0.0258677	2.77247e-05
10027	1	100	11	500	0.0470991	0.0243645	0.00366859	0.0206959	0.0227346	0.976229	0.035903	1.01119	0.0281399	2.8262e-05
10028	1	100	15	500	0.0546614	0.0273701	0.00466591	0.0227041	0.0272913	0.973151	0.0368805	1.01049	0.0302024	2.94516e-05
10029	1	100	10	500	0.0597672	0.0284721	0.00554143	0.0229307	0.0312951	0.972317	0.0395735	1.00856	0.0269528	2.92465e-05
10030	1	100	12	500	0.0826162	0.0328212	0.00609904	0.0267222	0.049795	0.970259	0.0456008	1.0017	0.0317566	2.93699e-05
10031	1	100	9	500	0.0612973	0.0267756	0.0042872	0.0224884	0.0345217	0.974447	0.0376334	1.00566	0.0325405	3.00267e-05
10032	1	100	10	500	0.0643292	0.0270789	0.00419149	0.0228874	0.0372503	0.975138	0.0408354	1.00462	0.02811	3.05141e-05
10033	1	100	8	500	0.0752416	0.0281404	0.00564172	0.0224987	0.0471012	0.975276	0.0468114	0.999241	0.0229825	2.97612e-05
10034	1	100	8	500	0.0767196	0.0299023	0.00620941	0.0236928	0.0468173	0.973387	0.0445491	1.00122	0.0255007	2.98417e-05
10035	1	100	10	500	0.0752982	0.0284865	0.00570701	0.0227794	0.0468117	0.973444	0.042654	0.998872	0.0255705	3.00643e-05
10036	1	100	11	500	0.0845461	0.0314492	0.0065337	0.0249155	0.0530968	0.972298	0.0448879	0.998881	0.0261797	2.98977e-05
10037	1	100	9	500	0.0648893	0.0250604	0.00414366	0.0209167	0.0398289	0.976867	0.0403192	1.00193	0.0251104	3.01482e-05
10038	1	100	10	500	0.0895085	0.0348548	0.00807156	0.0267832	0.0546538	0.969091	0.0477996	1.00029	0.0302753	3.08893e-05
10039	1	100	6	500	0.112167	0.0474007	0.014735	0.0326657	0.0647664	0.946327	0.132252	0.986839	0.129743	2.98676e-05
10040	1	100	8	500	0.0836742	0.0375672	0.00942576	0.0281414	0.046107	0.966218	0.0484782	1.00859	0.0304285	2.91099e-05
10041	1	100	6	500	0.0749605	0.0330172	0.00732644	0.0256908	0.0419433	0.962074	0.104841	0.997669	0.102409	2.84169e-05
10042	1	100	11	500	0.0892211	0.0359107	0.00779109	0.0281196	0.0533105	0.968225	0.0452711	1.00315	0.0305789	2.91219e-05
10043	1	100	9	500	0.0664681	0.0250657	0.00374329	0.0213224	0.0414024	0.976974	0.0402174	1.00157	0.0273114	2.97954e-05
10044	1	100	11	500	0.0726197	0.0268462	0.00446116	0.0223851	0.0457735	0.975921	0.0420663	0.999959	0.0259618	2.72118e-05
10045	1	100	9	500	0.103496	0.0367483	0.0105393	0.026209	0.0667478	0.961896	0.115279	0.980072	0.107278	2.49815e-05
10046	1	100	6	500	0.103887	0.0363011	0.0098658	0.0264353	0.0675859	0.962319	0.115429	0.980087	0.107367	2.60464e-05
10047	1	100	8	500	0.0946062	0.031899	0.00895133	0.0229477	0.0627072	0.972198	0.0752316	0.986261	0.0599075	2.25455e-05
10048	1	100	7	500	0.0331914	0.00960947	0.00109437	0.00851511	0.0235819	0.991213	0.0318617	0.996136	0.0136223	1.78813e-05
10049	1	100	7	500	0.0513561	0.0154828	0.0024974	0.0129854	0.0358733	0.986601	0.0386554	0.994294	0.015739	2.17361e-05
10050	1	100	8	500	0.0254682	0.00682068	0.000501239	0.00631944	0.0186475	0.993543	0.0258475	0.99662	0.0118707	2.01436e-05
10051	1	100	6	500	0.00508244	0.00105986	5.42204e-05	0.00100564	0.00402257	0.998865	0.00650615	0.998865	0.00650624	1.90659e-05
10052	1	100	6	500	0.00026076	5.85699e-05	3.47203e-06	5.50979e-05	0.00020219	0.999866	0.00120558	0.999875	0.00120264	1.93168e-05
10053	1	100	6	500	0.000284195	6.46022e-05	3.98553e-06	6.06166e-05	0.000219593	0.999865	0.000964454	0.999877	0.000966025	1.69505e-05
10054	1	100	7	500	0.000320495	7.5418e-05	3.87972e-06	7.15383e-05	0.000245077	0.999871	0.000597729	0.999943	0.000608757	1.58046e-05
10055	1	100	7	500	0.000373078	8.2402e-05	1.94277e-06	8.04593e-05	0.000290676	0.999575	0.0050532	0.999657	0.00505846	1.8434e-05
10056	1	100	7	500	0.000317715	7.89142e-05	5.01644e-06	7.38978e-05	0.000238801	0.999903	0.000480249	0.999934	0.000476192	1.79955e-05
10057	1	100	3	500	0.000125767	3.45336e-05	1.45619e-06	3.30774e-05	9.12338e-05	0.999841	0.00236504	0.999863	0.00236639	1.6286e-05
10058	1	100	2	500	3.71571e-05	3.71571e-05	5.87907e-07	3.65692e-05	0.0	0.999923	0.000716366	1.00003	0.00071632	1.7148e-05
10059	1	100	7	500	0.000815517	0.000179044	1.01029e-05	0.000168941	0.000636473	0.999747	0.00166714	0.999899	0.00166794	1.64579e-05
10060	1	100	5	500	0.00160171	0.000357927	2.61908e-05	0.000331736	0.00124378	0.999313	0.00603933	0.999406	0.0060403	1.83964e-05
10061	1	100	6	500	0.0153654	0.00323522	0.00017991	0.00305531	0.0121302	0.996718	0.0189388	0.996769	0.0189449	1.95502e-05
10062	1	100	9	500	0.0354333	0.0077137	0.000742811	0.00697089	0.0277196	0.992216	0.0271078	0.992327	0.027096	1.9474e-05
10063	1	100	7	500	0.0637013	0.0144046	0.0020586	0.012346	0.0492968	0.986739	0.0348243	0.986786	0.0348254	1.64891e-05
10064	1	100	8	500	0.0697412	0.0164658	0.0031233	0.0133425	0.0532753	0.985909	0.0325174	0.985962	0.032515	1.67312e-05
10065	1	100	9	500	0.0540748	0.0121841	0.00169675	0.0104873	0.0418907	0.988999	0.0297559	0.98903	0.029762	1.59195e-05
10066	1	100	9	500	0.0463061	0.0120515	0.003481	0.00857052	0.0342546	0.987736	0.0268952	0.988349	0.0271624	1.63157e-05
10067	1	100	8	500	0.0546074	0.0149131	0.0049715	0.00994156	0.0396944	0.982397	0.0702471	0.982685	0.0703184	1.83073e-05
10068	1	100	5	500	0.0799843	0.0246296	0.0107734	0.0138562	0.0553546	0.96908	0.102533	0.969235	0.102577	1.66215e-05
10069	1	100	6	500	0.0633926	0.0180315	0.00667792	0.0113536	0.0453611	0.987203	0.0236985	0.987434	0.0238014	1.79131e-05
10070	1	100	5	500	0.0794984	0.0244943	0.0107364	0.0137579	0.0550042	0.981139	0.0505147	0.981256	0.0504943	1.52173e-05
10071	1	100	6	500	0.0961431	0.0318669	0.0157954	0.0160715	0.0642763	0.970441	0.0866811	0.970469	0.0866805	1.65284e-05
10072	1	100	9	500	0.0909127	0.0291944	0.0137607	0.0154337	0.0617184	0.972183	0.0831676	0.972191	0.0831704	1.45044e-05
10073	1	100	11	500	0.0801763	0.0242598	0.010277	0.0139828	0.0559166	0.983946	0.0266869	0.983953	0.0266842	1.77275e-05
10074	1	100	9	500	0.0640586	0.0179723	0.0064414	0.0115309	0.0460862	0.980456	0.0707118	0.980514	0.0707278	2.14626e-05
10075	1	100	8	500	0.0535919	0.0145449	0.00477486	0.00977	0.039047	0.988925	0.0222484	0.989314	0.0220392	2.60827e-05
10076	1	100	8	500	0.0628537	0.0181556	0.00643342	0.0117222	0.0446981	0.983216	0.0556126	0.984398	0.0556554	2.73102e-05
10077	1	100	4	500	0.0536059	0.0145093	0.00473516	0.00977414	0.0390966	0.988436	0.0244759	0.988436	0.024476	2.54939e-05
10078	1	100	7	500	0.0678095	0.0171629	0.0045013	0.0126616	0.0506466	0.985568	0.0291351	0.985806	0.0292421	2.51676e-05
10079	1	100	5	500	0.0503171	0.0135108	0.00430923	0.00920158	0.0368063	0.989662	0.0211068	0.989662	0.0211068	2.41463e-05
10080	1	100	13	500	0.0618934	0.0173868	0.00617899	0.0112078	0.0445066	0.983221	0.0554973	0.983806	0.0556592	2.46255e-05
10081	1	100	7	500	0.0775214	0.0233618	0.00982186	0.0135399	0.0541597	0.975791	0.0790411	0.975791	0.0790411	1.89691e-05
10082	1	100	7	500	0.0488347	0.0130638	0.00412105	0.00894273	0.0357709	0.989344	0.0204705	0.989344	0.0204703	2.2565e-05
10083	1	100	5	500	0.0593426	0.0164901	0.00577694	0.0107131	0.0428525	0.979232	0.0785913	0.979232	0.0785913	2.16878e-05
10084	1	100	9	500	0.0421983	0.0101454	0.00213217	0.00801324	0.0320529	0.987445	0.0543763	0.987539	0.0543979	2.25926e-05
10085	1	100	8	500	0.0646141	0.0165469	0.0045301	0.0120168	0.0480672	0.986184	0.0240732	0.986389	0.0241899	2.34122e-05
10086	1	100	7	500	0.0882439	0.0278585	0.0127323	0.0151262	0.0603855	0.967805	0.0994744	0.967867	0.0994614	2.48094e-05
10087	1	100	7	500	0.0504946	0.0134737	0.00421842	0.00925524	0.037021	0.989044	0.0213641	0.989044	0.0213641	2.53127e-05
10088	1	100	4	500	0.0234867	0.00558205	0.0011059	0.00447615	0.0179046	0.994424	0.0155364	0.994474	0.0155479	2.4552e-05
10089	1	100	6	500	0.0263705	0.00617237	0.00112284	0.00504953	0.0201981	0.994669	0.0163862	0.994669	0.0163862	2.09127e-05
10090	1	100	8	500	0.0156009	0.00346136	0.000424572	0.00303679	0.0121396	0.996827	0.012504	0.996927	0.0125119	1.9571e-05
10091	1	100	11	500	0.0147373	0.0033104	0.000453683	0.00285672	0.0114269	0.996749	0.0120968	0.996749	0.0120968	1.99824e-05
10092	1	100	4	500	0.00167892	0.000425325	0.000111927	0.000313398	0.00125359	0.999136	0.00346731	0.999164	0.00347351	2.03203e-05
10093	1	100	8	500	0.00318157	0.000784111	0.000184746	0.000599365	0.00239746	0.999248	0.0046781	0.999248	0.0046781	1.9744e-05
10094	1	100	6	500	0.00253811	0.00069291	0.00023161	0.000461301	0.0018452	0.999383	0.00146347	0.999383	0.00146347	1.95054e-05
10095	1	100	4	500	0.00214667	0.000589887	0.00020069	0.000389196	0.00155679	0.99918	0.0035411	0.99918	0.0035411	2.1084e-05
10096	1	100	5	500	0.00837592	0.00179524	0.000150069	0.00164517	0.00658068	0.997985	0.0102538	0.998384	0.0103243	1.6571e-05
10097	1	100	8	500	0.00109427	0.000302158	3.56868e-05	0.000266471	0.000792112	0.999596	0.00253367	0.999741	0.00255252	1.91806e-05
10098	1	100	3	500	0.000478838	0.000105902	1.26684e-05	9.32339e-05	0.000372936	0.999668	0.005167	0.999668	0.005167	1.59163e-05
10099	1	100	3	500	0.000244859	6.66892e-05	2.21468e-05	4.45424e-05	0.00017817	0.999506	0.00532323	1.00008	0.00534557	1.63554e-05
10100	1	100	2	500	0.000207087	5.49371e-05	1.68997e-05	3.80375e-05	0.00015215	0.99982	0.00187406	0.99982	0.00187406	1.61434e-05
10101	1	100	4	500	0.000590777	0.000133006	1.85631e-05	0.000114443	0.000457772	0.999864	0.000554753	0.999895	0.000561441	1.9247e-05
