Generation	PopulationID	SampleSize	UniqueMutations	PopulationSize	totalLoad	RelzLoad	RelzLoadHomo	RelzLoadHetero	MskLoad	MeanFitness	SdFitness	MeanFitnessCached	SdFitnessCached	Heterozygosity	
10001	1	100	43	500	0.231307	0.210881	0.136602	0.0742793	0.0204259	0.794921	0.0264336	1.20062	0.0406514	3.23292e-05
10002	1	100	38	500	0.245137	0.224118	0.118022	0.106095	0.0210195	0.786493	0.0281019	1.2189	0.0485988	3.20923e-05
10003	1	100	42	500	0.235676	0.222622	0.116103	0.106518	0.0130544	0.786511	0.0301524	1.22207	0.047712	3.24283e-05
10004	1	100	37	500	0.24534	0.228573	0.120528	0.108045	0.0167676	0.781283	0.0307323	1.22476	0.0509259	3.18352e-05
10005	1	100	25	500	0.243466	0.227951	0.127168	0.100783	0.0155151	0.78226	0.0303062	1.22441	0.0496196	3.05077e-05
10006	1	100	25	500	0.240901	0.227281	0.130589	0.0966925	0.0136199	0.783049	0.027924	1.22698	0.0487014	3.11915e-05
10007	1	100	29	500	0.240114	0.22887	0.142469	0.0864005	0.0112446	0.781041	0.0333732	1.23047	0.0540537	3.18569e-05
10008	1	100	24	500	0.233541	0.221988	0.142467	0.0795213	0.0115532	0.786841	0.0276274	1.22147	0.0448018	3.23934e-05
10009	1	100	23	500	0.234944	0.219484	0.141328	0.0781553	0.0154605	0.788678	0.0288696	1.21484	0.0520671	3.28332e-05
10010	1	100	28	500	0.245176	0.228465	0.13383	0.0946351	0.0167106	0.78179	0.0285017	1.22438	0.0481129	3.36023e-05
10011	1	100	24	500	0.255408	0.234742	0.147359	0.0873833	0.0206653	0.777731	0.0316544	1.22605	0.0552469	3.39268e-05
10012	1	100	23	500	0.261189	0.236938	0.139484	0.0974539	0.0242508	0.775165	0.0333879	1.22122	0.063547	3.5288e-05
10013	1	100	23	500	0.262656	0.231497	0.164938	0.066559	0.0311581	0.780711	0.0311624	1.20334	0.0553827	3.39474e-05
10014	1	100	23	500	0.262504	0.228587	0.165952	0.0626353	0.0339166	0.783371	0.0281903	1.20089	0.0528462	3.29403e-05
10015	1	100	21	500	0.265192	0.230871	0.167815	0.0630561	0.0343209	0.7818	0.0309046	1.20312	0.0616695	3.27119e-05
10016	1	100	23	500	0.252573	0.221915	0.188185	0.0337297	0.0306583	0.786929	0.031763	1.19093	0.0572157	3.16309e-05
10017	1	100	23	500	0.251694	0.222957	0.174241	0.048716	0.0287368	0.788548	0.0283968	1.20151	0.0475692	3.21466e-05
10018	1	100	21	500	0.244897	0.214101	0.171932	0.0421691	0.0307958	0.793811	0.023792	1.18672	0.0427014	3.14268e-05
10019	1	100	24	500	0.25441	0.219392	0.176337	0.0430547	0.0350183	0.790075	0.0260203	1.19017	0.0486445	3.22732e-05
10020	1	100	26	500	0.260715	0.220118	0.190677	0.0294402	0.0405971	0.792319	0.0243339	1.18334	0.0432309	3.20417e-05
10021	1	100	23	500	0.256877	0.219568	0.189621	0.0299473	0.037309	0.791105	0.0282049	1.18214	0.0473262	3.16864e-05
10022	1	100	21	500	0.259086	0.221351	0.191729	0.0296221	0.0377346	0.792368	0.0208624	1.18806	0.0425945	3.15884e-05
10023	1	100	22	500	0.265613	0.227114	0.197601	0.029513	0.0384982	0.78349	0.0337934	1.18578	0.05972	3.20364e-05
10024	1	100	20	500	0.273096	0.230792	0.197751	0.0330408	0.0423039	0.784948	0.0311048	1.19671	0.0510079	3.29789e-05
10025	1	100	20	500	0.267134	0.222092	0.194226	0.0278663	0.0450422	0.790014	0.026276	1.18074	0.0470833	3.21927e-05
10026	1	100	16	500	0.0854105	0.0347857	0.0156117	0.0191741	0.0506248	0.973541	0.0317379	0.986923	0.0339114	3.22732e-05
10027	1	100	16	500	0.0814658	0.0289954	0.012551	0.0164444	0.0524704	0.972244	0.0362783	0.979338	0.0388909	3.20601e-05
10028	1	100	19	500	0.0776919	0.0305944	0.0126311	0.0179633	0.0470975	0.974725	0.0315305	0.987407	0.0351657	3.19014e-05
10029	1	100	18	500	0.0733277	0.0295469	0.011271	0.0182759	0.0437809	0.97422	0.0327256	0.98933	0.0360227	3.21796e-05
10030	1	100	17	500	0.0824384	0.0348096	0.0130312	0.0217784	0.0476288	0.971766	0.0316678	0.99268	0.0385535	3.39057e-05
10031	1	100	16	500	0.0839592	0.0342988	0.014435	0.0198638	0.0496604	0.96931	0.0339184	0.984819	0.0406532	3.38243e-05
10032	1	100	17	500	0.0802846	0.0304592	0.0127451	0.0177141	0.0498254	0.976999	0.0250922	0.987823	0.0305719	3.36859e-05
10033	1	100	18	500	0.072542	0.0276097	0.00970282	0.0179069	0.0449323	0.978009	0.0265785	0.991761	0.0283279	3.33266e-05
10034	1	100	17	500	0.0748217	0.0245348	0.0102827	0.0142521	0.0502868	0.974872	0.0353628	0.97824	0.0368214	3.34871e-05
10035	1	100	19	500	0.0713816	0.0237134	0.00895991	0.0147535	0.0476682	0.980303	0.0243767	0.986163	0.0275021	3.37849e-05
10036	1	100	20	500	0.0840331	0.0295236	0.0107899	0.0187337	0.0545096	0.9775	0.0265098	0.987933	0.0276843	3.43711e-05
10037	1	100	18	500	0.0795805	0.0269486	0.0117782	0.0151704	0.0526319	0.977683	0.0290767	0.981863	0.0313073	3.3377e-05
10038	1	100	17	500	0.0779737	0.025825	0.012656	0.0131691	0.0521487	0.976356	0.0319675	0.976616	0.0320321	3.34387e-05
10039	1	100	16	500	0.0701455	0.0223251	0.01037	0.0119551	0.0478204	0.984254	0.018476	0.984254	0.018476	3.40707e-05
10040	1	100	18	500	0.0666315	0.0209444	0.00945003	0.0114944	0.0456871	0.983359	0.0217651	0.983649	0.0217943	3.39169e-05
10041	1	100	16	500	0.0742278	0.0230982	0.0103158	0.0127824	0.0511296	0.980159	0.0263053	0.980176	0.0263091	3.47306e-05
10042	1	100	19	500	0.0788543	0.0245036	0.0108885	0.0136151	0.0543507	0.977046	0.0359149	0.977137	0.0359386	3.43535e-05
10043	1	100	19	500	0.0746064	0.0228612	0.0098916	0.0129696	0.0517453	0.978677	0.0356564	0.978733	0.0354384	3.46061e-05
10044	1	100	17	500	0.0780943	0.0267802	0.0139316	0.0128487	0.051314	0.975945	0.0298537	0.975985	0.0298632	3.35017e-05
10045	1	100	15	500	0.0708255	0.0221931	0.010035	0.0121581	0.0486324	0.980564	0.0246652	0.980564	0.0246652	3.32484e-05
10046	1	100	16	500	0.0821018	0.0260125	0.0119902	0.0140223	0.0560893	0.97752	0.0285439	0.97752	0.0285439	3.44897e-05
10047	1	100	19	500	0.0752911	0.0259719	0.0136422	0.0123298	0.0493192	0.976507	0.0312588	0.976507	0.0312588	3.51102e-05
10048	1	100	20	500	0.0628077	0.022621	0.0125743	0.0100467	0.0401867	0.981734	0.021912	0.98181	0.0219312	3.4872e-05
10049	1	100	15	500	0.0530093	0.0195194	0.0105449	0.00897454	0.0334899	0.984856	0.022863	0.986116	0.0234308	3.51404e-05
10050	1	100	14	500	0.0536706	0.0204586	0.0114796	0.00897894	0.033212	0.985915	0.0177253	0.987286	0.0173939	3.42879e-05
10051	1	100	11	500	0.0594138	0.023099	0.0140203	0.0090787	0.0363148	0.980504	0.0263289	0.980504	0.0263289	3.44703e-05
10052	1	100	12	500	0.060797	0.0250008	0.0160517	0.00894906	0.0357963	0.979065	0.0311771	0.979065	0.0311772	3.38381e-05
10053	1	100	12	500	0.0591284	0.0253866	0.0169487	0.00843794	0.0337417	0.976726	0.0353814	0.976731	0.0353829	3.32021e-05
10054	1	100	11	500	0.0638484	0.0267198	0.0174377	0.00928215	0.0371286	0.979525	0.027815	0.979525	0.027815	3.47551e-05
10055	1	100	12	500	0.0641902	0.0268417	0.0175046	0.00933711	0.0373484	0.97865	0.0313225	0.979086	0.0314244	3.50033e-05
10056	1	100	14	500	0.0649024	0.0282243	0.0190548	0.00916951	0.036678	0.979626	0.0287651	0.979705	0.0287832	3.42106e-05
10057	1	100	11	500	0.0660055	0.0272314	0.0175378	0.00969354	0.0387741	0.976201	0.0348374	0.976201	0.0348374	3.56018e-05
10058	1	100	13	500	0.0634609	0.0249277	0.0152618	0.0096659	0.0385332	0.982928	0.0232596	0.983262	0.0234309	3.51389e-05
10059	1	100	15	500	0.074776	0.0311718	0.0201342	0.0110376	0.0436042	0.973614	0.0357608	0.973884	0.0358635	3.49235e-05
10060	1	100	15	500	0.0899638	0.0395129	0.0254134	0.0140995	0.050451	0.965827	0.0422209	0.968999	0.0439913	3.55762e-05
10061	1	100	14	500	0.101158	0.0500775	0.0348916	0.0151859	0.051081	0.959204	0.0423661	0.964251	0.0457028	3.33942e-05
10062	1	100	16	500	0.0923966	0.0411232	0.0282796	0.0128435	0.0512735	0.964614	0.0450541	0.964663	0.0450622	3.43201e-05
10063	1	100	12	500	0.0851127	0.036088	0.0238318	0.0122562	0.0490247	0.968488	0.0395799	0.968629	0.0396554	3.49918e-05
10064	1	100	16	500	0.096443	0.0414266	0.027056	0.0143706	0.0550163	0.965509	0.0383604	0.966607	0.0357168	3.45813e-05
10065	1	100	12	500	0.0920169	0.0380204	0.0245212	0.0134991	0.0539966	0.972809	0.0269539	0.972896	0.0269912	3.55279e-05
10066	1	100	15	500	0.085542	0.0342514	0.0214288	0.0128227	0.0512906	0.974988	0.0272088	0.97522	0.0271828	3.4352e-05
10067	1	100	16	500	0.0850266	0.033	0.0199638	0.0130361	0.0520266	0.973046	0.0298441	0.973162	0.02984	3.39812e-05
10068	1	100	12	500	0.104159	0.0410634	0.0252075	0.0158559	0.0630955	0.970854	0.0290074	0.970996	0.0285039	3.37571e-05
10069	1	100	13	500	0.090062	0.0342859	0.0203419	0.013944	0.0557761	0.974472	0.0251999	0.974472	0.0251999	3.24022e-05
10070	1	100	15	500	0.109655	0.0405054	0.023218	0.0172874	0.0691495	0.965083	0.0372959	0.965569	0.0372661	3.20834e-05
10071	1	100	14	500	0.100781	0.0386131	0.023071	0.0155421	0.0621684	0.968673	0.0259229	0.968673	0.0259229	3.15482e-05
10072	1	100	12	500	0.0924993	0.0348776	0.0204721	0.0144054	0.0576218	0.974813	0.020345	0.974813	0.020345	3.10746e-05
10073	1	100	15	500	0.0828841	0.0309428	0.0179401	0.0130027	0.0519413	0.97417	0.0216768	0.974204	0.0216901	2.81378e-05
10074	1	100	11	500	0.0758558	0.0289195	0.0171854	0.0117341	0.0469364	0.974044	0.0283256	0.974213	0.0283131	2.88808e-05
10075	1	100	13	500	0.0703363	0.0290258	0.0176809	0.0113448	0.0413106	0.973854	0.0246114	0.975875	0.025282	2.6811e-05
10076	1	100	12	500	0.0578647	0.0232903	0.0138695	0.00942083	0.0345744	0.980822	0.0207746	0.982302	0.0178917	2.58463e-05
10077	1	100	10	500	0.0458036	0.0178751	0.0108929	0.00698215	0.0279286	0.980412	0.0247549	0.980546	0.0247764	2.03756e-05
10078	1	100	9	500	0.0496519	0.0196719	0.0121769	0.00749498	0.0299799	0.979627	0.025682	0.979627	0.025682	2.18964e-05
10079	1	100	11	500	0.06841	0.0247289	0.0138086	0.0109203	0.0436812	0.976456	0.029714	0.976468	0.029716	2.23355e-05
10080	1	100	12	500	0.0848911	0.0290521	0.0150053	0.0140468	0.055839	0.973567	0.0328136	0.973731	0.0325914	2.24802e-05
10081	1	100	9	500	0.0525031	0.0177589	0.00907287	0.00868604	0.0347441	0.98425	0.0251516	0.984326	0.0250512	2.0899e-05
10082	1	100	11	500	0.0742378	0.0248432	0.0115586	0.0132847	0.0493946	0.976605	0.0311922	0.97845	0.0302522	2.20465e-05
10083	1	100	9	500	0.056882	0.0236585	0.0144917	0.00916672	0.0332236	0.979421	0.0280394	0.981181	0.0279235	2.52239e-05
10084	1	100	12	500	0.0584626	0.0248211	0.015361	0.00946013	0.0336414	0.981993	0.0223726	0.984139	0.0224841	2.61999e-05
10085	1	100	10	500	0.0586018	0.0253043	0.0151901	0.0101142	0.0332975	0.979687	0.0267987	0.983384	0.0271892	2.65812e-05
10086	1	100	14	500	0.0612187	0.0267462	0.0177717	0.00897451	0.0344725	0.973329	0.0366664	0.974149	0.0366654	2.78932e-05
10087	1	100	9	500	0.0760691	0.0355271	0.0249569	0.0105702	0.040542	0.964654	0.0432171	0.96549	0.0429474	2.96937e-05
10088	1	100	12	500	0.0745194	0.0281908	0.0161349	0.0120559	0.0463287	0.975391	0.0330167	0.976345	0.0335697	2.82757e-05
10089	1	100	12	500	0.0767616	0.0294366	0.0169973	0.0124392	0.0473251	0.969726	0.0348158	0.970917	0.0346356	2.87356e-05
10090	1	100	14	500	0.0748869	0.0316389	0.0206331	0.0110059	0.0432479	0.969198	0.0398879	0.969591	0.0400654	2.87901e-05
10091	1	100	12	500	0.0731177	0.0310943	0.0205884	0.0105059	0.0420234	0.969222	0.0382139	0.969222	0.0382139	2.74938e-05
10092	1	100	11	500	0.0599307	0.0263343	0.0179352	0.0083991	0.0335964	0.975339	0.0350238	0.97534	0.0350244	2.62903e-05
10093	1	100	12	500	0.0608042	0.0265658	0.0180063	0.00855959	0.0342384	0.975773	0.0329973	0.975773	0.0329973	2.61468e-05
10094	1	100	13	500	0.062051	0.026931	0.018151	0.00877998	0.0351199	0.974169	0.0346818	0.974169	0.0346818	2.5373e-05
10095	1	100	11	500	0.0703732	0.0352173	0.0263798	0.0088375	0.0351559	0.958506	0.0456794	0.958603	0.0457567	2.77883e-05
10096	1	100	8	500	0.0739676	0.0376917	0.0286227	0.00906897	0.0362759	0.962582	0.0403112	0.962882	0.0404592	2.73223e-05
10097	1	100	9	500	0.0809475	0.0430137	0.0335302	0.00948345	0.0379338	0.959353	0.0456055	0.959625	0.045556	2.73333e-05
10098	1	100	8	500	0.0805224	0.0465668	0.0380036	0.0085632	0.0339556	0.956798	0.0491266	0.956928	0.0489139	2.75781e-05
10099	1	100	7	500	0.0874471	0.053921	0.0455394	0.00838154	0.0335262	0.949416	0.050015	0.949416	0.050015	2.71496e-05
10100	1	100	5	500	0.0820934	0.0478145	0.0392448	0.00856973	0.0342789	0.953568	0.0484557	0.953779	0.0485817	2.76674e-05
10101	1	100	12	500	0.0829875	0.0471623	0.0371438	0.0100185	0.0358252	0.959231	0.0460841	0.961113	0.0425499	2.74792e-05
