Generation	PopulationID	SampleSize	UniqueMutations	PopulationSize	totalLoad	RelzLoad	RelzLoadHomo	RelzLoadHetero	MskLoad	MeanFitness	SdFitness	MeanFitnessCached	SdFitnessCached	Heterozygosity	
10001	1	100	41	500	0.0353767	0.0115274	0.000895032	0.0106324	0.0238492	0.987661	0.020107	0.997559	0.0212601	2.13182e-05
10002	1	100	24	500	0.0357932	0.0136558	0.00192466	0.0117311	0.0221374	0.985126	0.0244551	0.997876	0.0252789	2.09816e-05
10003	1	100	19	500	0.0398401	0.0140398	0.00214655	0.0118933	0.0258003	0.987293	0.0215923	0.998679	0.0214579	2.11726e-05
10004	1	100	21	500	0.0462599	0.0158466	0.00310089	0.0127457	0.0304134	0.985217	0.0220549	0.995748	0.0215554	2.18896e-05
10005	1	100	17	500	0.0511607	0.016611	0.00453561	0.0120754	0.0345497	0.986153	0.0178659	0.993199	0.0172348	2.21166e-05
10006	1	100	16	500	0.0565688	0.0182673	0.00544313	0.0128242	0.0383015	0.98279	0.0389565	0.989458	0.0396371	2.27849e-05
10007	1	100	20	500	0.0400644	0.0140572	0.00253233	0.0115249	0.0260072	0.986981	0.020266	0.99752	0.0188214	2.30638e-05
10008	1	100	21	500	0.0412448	0.0147008	0.0026663	0.0120345	0.026544	0.983792	0.0259172	0.995327	0.0281245	2.32515e-05
10009	1	100	17	500	0.039678	0.0140868	0.00253185	0.011555	0.0255912	0.98741	0.0193215	0.998366	0.0174414	2.37299e-05
10010	1	100	15	500	0.0426306	0.013823	0.00328991	0.0105331	0.0288076	0.982059	0.0478289	0.988925	0.0474758	2.38464e-05
10011	1	100	18	500	0.0302518	0.00912555	0.00168866	0.00743689	0.0211263	0.992039	0.015047	0.996732	0.0131928	2.41044e-05
10012	1	100	16	500	0.0265966	0.00824635	0.00195487	0.00629148	0.0183502	0.991987	0.0167666	0.995652	0.0172027	2.38705e-05
10013	1	100	14	500	0.0243542	0.00788222	0.00282529	0.00505692	0.016472	0.993056	0.0165541	0.994939	0.0161923	2.29184e-05
10014	1	100	14	500	0.0397605	0.0153535	0.007852	0.00750155	0.0244069	0.985606	0.0274934	0.988473	0.0276114	2.38569e-05
10015	1	100	12	500	0.0387492	0.0177602	0.0116514	0.00610879	0.020989	0.981817	0.0342255	0.983552	0.0348726	2.33815e-05
10016	1	100	9	500	0.0357426	0.0159086	0.0107918	0.00511674	0.0198341	0.982342	0.0354735	0.982741	0.0356417	2.24498e-05
10017	1	100	8	500	0.025142	0.0091592	0.00516349	0.00399571	0.0159828	0.988679	0.0289661	0.988808	0.0289749	2.37766e-05
10018	1	100	10	500	0.0222276	0.0076777	0.00404021	0.00363749	0.0145499	0.993129	0.018118	0.993129	0.018118	2.29676e-05
10019	1	100	10	500	0.029949	0.0111028	0.00639119	0.00471156	0.0188462	0.992912	0.0125757	0.992912	0.0125757	2.27708e-05
10020	1	100	9	500	0.022119	0.00769595	0.00403656	0.00365939	0.0144231	0.990878	0.0247423	0.990985	0.0247812	2.29808e-05
10021	1	100	6	500	0.0202042	0.00594843	0.00236475	0.00358369	0.0142557	0.99239	0.0219913	0.992664	0.0220629	2.09325e-05
10022	1	100	9	500	0.0137264	0.00401629	0.00157698	0.00243931	0.00971014	0.993186	0.0223363	0.994041	0.02258	2.03318e-05
10023	1	100	6	500	0.014848	0.00477817	0.00178209	0.00299608	0.0100698	0.996253	0.00634688	0.997253	0.00678902	2.07477e-05
10024	1	100	6	500	0.0120247	0.00339106	0.00123266	0.0021584	0.0086336	0.996593	0.00724844	0.998442	0.00785212	2.16446e-05
10025	1	100	8	500	0.0142385	0.00467051	0.00133487	0.00333564	0.00956798	0.993053	0.0214687	0.995033	0.0220096	2.22183e-05
10026	1	100	6	500	0.0102355	0.00347162	0.00073912	0.0027325	0.00676389	0.995751	0.0147189	0.997901	0.0151762	1.9967e-05
10027	1	100	10	500	0.011328	0.00331119	0.000788553	0.00252264	0.0080168	0.995599	0.0165023	0.996645	0.0163886	1.97067e-05
10028	1	100	8	500	0.00983405	0.00281781	0.000754502	0.0020633	0.00701624	0.997643	0.0052354	0.998265	0.0050162	1.84626e-05
10029	1	100	6	500	0.0120399	0.00339793	0.00123744	0.00216048	0.00864194	0.997381	0.00544881	0.997381	0.00544881	1.91451e-05
10030	1	100	5	500	0.0120674	0.00335229	0.0011735	0.00217879	0.00871514	0.996352	0.0130218	0.996435	0.0122935	1.88549e-05
10031	1	100	9	500	0.012196	0.00341952	0.00122541	0.00219411	0.00877646	0.997494	0.00469719	0.997494	0.00469719	2.04811e-05
10032	1	100	7	500	0.0137879	0.00398349	0.00153238	0.00245111	0.00980443	0.995331	0.0166206	0.995415	0.0166441	2.19758e-05
10033	1	100	7	500	0.0148026	0.00442475	0.0018303	0.00259445	0.0103778	0.995346	0.0153319	0.995346	0.0153319	2.05157e-05
10034	1	100	6	500	0.0204284	0.00686979	0.00348014	0.00338965	0.0135586	0.992102	0.0224152	0.992384	0.0223663	1.99132e-05
10035	1	100	12	500	0.0132852	0.00387837	0.00141267	0.0024657	0.00940679	0.99675	0.00694281	0.997361	0.00695984	1.8886e-05
10036	1	100	10	500	0.014204	0.00432539	0.000793074	0.00353231	0.00987866	0.994681	0.0161372	0.996838	0.0166238	1.83874e-05
10037	1	100	9	500	0.0199564	0.00543712	0.000536	0.00490112	0.0145193	0.994914	0.0157114	0.997503	0.0163254	1.80574e-05
10038	1	100	9	500	0.00961737	0.00368763	0.0004521	0.00323553	0.00592974	0.9963	0.0107937	0.999896	0.0113948	1.67705e-05
10039	1	100	9	500	0.0433292	0.0115127	0.000995885	0.0105168	0.0318165	0.989222	0.0278064	0.994474	0.0270684	1.69445e-05
10040	1	100	9	500	0.0294851	0.00658887	0.000864818	0.00572405	0.0228962	0.991945	0.0261224	0.991945	0.0261224	1.85225e-05
10041	1	100	8	500	0.0461365	0.0103211	0.0013673	0.00895384	0.0358154	0.990693	0.0282986	0.990706	0.028303	1.75586e-05
10042	1	100	8	500	0.0343947	0.00762434	0.000931756	0.00669258	0.0267703	0.99115	0.0265126	0.991276	0.0265544	1.66221e-05
10043	1	100	9	500	0.0246268	0.00618518	0.00157478	0.0046104	0.0184416	0.990928	0.0242079	0.991225	0.024316	1.81192e-05
10044	1	100	10	500	0.029803	0.0065361	0.000719367	0.00581674	0.0232669	0.993793	0.0216277	0.993795	0.0216284	1.58169e-05
10045	1	100	6	500	0.0372708	0.00830554	0.00106421	0.00724133	0.0289653	0.992406	0.0275766	0.992406	0.0275766	1.59503e-05
10046	1	100	7	500	0.0670337	0.0160942	0.00335927	0.0127349	0.0509395	0.986598	0.0359864	0.986598	0.0359864	1.57809e-05
10047	1	100	11	500	0.0841518	0.0211293	0.00537367	0.0157556	0.0630225	0.983141	0.0402298	0.983165	0.0401676	1.54909e-05
10048	1	100	11	500	0.113126	0.0304442	0.00976328	0.020681	0.0826819	0.967739	0.124549	0.969676	0.106887	1.45812e-05
10049	1	100	11	500	0.134569	0.037846	0.0136653	0.0241807	0.0967226	0.95546	0.161764	0.95891	0.13743	1.46885e-05
10050	1	100	12	500	0.0990924	0.02571	0.0073644	0.0183456	0.0733824	0.972457	0.112365	0.974017	0.0966536	1.41255e-05
10051	1	100	9	500	0.0904591	0.0227403	0.00581055	0.0169297	0.0677188	0.981884	0.0413307	0.981887	0.0413317	1.10446e-05
10052	1	100	13	500	0.0657244	0.0153407	0.00268159	0.0126591	0.0503837	0.982903	0.0819244	0.983791	0.071048	1.07028e-05
10053	1	100	11	500	0.0713781	0.0170557	0.0034643	0.0135914	0.0543224	0.985648	0.0366498	0.985669	0.0366583	1.08726e-05
10054	1	100	13	500	0.0608779	0.0140177	0.00224615	0.0117716	0.0468601	0.987214	0.0342704	0.987371	0.0343282	9.847e-06
10055	1	100	11	500	0.0668001	0.0151444	0.00213257	0.0130119	0.0516556	0.986419	0.0337066	0.986963	0.033481	7.33332e-06
10056	1	100	13	500	0.0601865	0.0136998	0.00195988	0.0117399	0.0464867	0.987536	0.0287492	0.98783	0.028771	8.20131e-06
10057	1	100	12	500	0.0604303	0.0136821	0.00189102	0.011791	0.0467482	0.985383	0.0328828	0.985634	0.0328978	7.73653e-06
10058	1	100	10	500	0.0458064	0.0109336	0.00211568	0.00881789	0.0348728	0.990538	0.0278704	0.990757	0.0278458	8.49359e-06
10059	1	100	10	500	0.0229806	0.00556494	0.00109775	0.00446719	0.0174157	0.994283	0.019399	0.994539	0.0194537	9.43686e-06
10060	1	100	16	500	0.0122558	0.00309552	0.000697203	0.00239832	0.00916033	0.996941	0.00597635	0.997321	0.00604089	9.40255e-06
10061	1	100	10	500	0.00885735	0.00222263	0.000440064	0.00178257	0.00663472	0.997584	0.00773726	0.997995	0.00783191	9.34022e-06
10062	1	100	8	500	0.0129772	0.00359555	0.0011619	0.00243366	0.00938168	0.997057	0.00598491	0.997439	0.00609141	1.04418e-05
10063	1	100	9	500	0.0177809	0.00550422	0.00234952	0.0031547	0.0122766	0.995169	0.0120446	0.995356	0.0120958	1.07481e-05
10064	1	100	11	500	0.0151174	0.00446719	0.00152931	0.00293787	0.0106502	0.996095	0.00975911	0.996663	0.00994975	1.08327e-05
10065	1	100	8	500	0.0150996	0.00561882	0.00123188	0.00438694	0.00948081	0.994641	0.014381	0.998797	0.0152525	1.06591e-05
10066	1	100	10	500	0.0122136	0.00295356	0.000616169	0.00233739	0.00926006	0.996893	0.0108622	0.996939	0.0108752	1.12281e-05
10067	1	100	11	500	0.0170794	0.00496848	0.00183264	0.00313584	0.012111	0.996319	0.00626197	0.996836	0.00595142	1.09591e-05
10068	1	100	7	500	0.0235113	0.00900119	0.00421557	0.00478562	0.0145101	0.991323	0.0196788	0.993675	0.0204125	1.10134e-05
10069	1	100	8	500	0.0167288	0.00497001	0.00199457	0.00297545	0.0117588	0.995436	0.0115243	0.995899	0.0115159	1.08496e-05
10070	1	100	9	500	0.0156105	0.00452513	0.001714	0.00281113	0.0110854	0.996841	0.00450904	0.996923	0.00453643	1.06846e-05
10071	1	100	8	500	0.0138704	0.00395053	0.00142083	0.0025297	0.00991989	0.99716	0.00441852	0.997264	0.00443342	1.06759e-05
10072	1	100	4	500	0.0103913	0.00292429	0.000989514	0.00193477	0.00746698	0.997459	0.00576185	0.997798	0.00584366	1.04998e-05
10073	1	100	7	500	0.0145168	0.00415406	0.00150199	0.00265207	0.0103628	0.995156	0.0157556	0.995313	0.0157798	1.16479e-05
10074	1	100	5	500	0.0219021	0.00734285	0.00363783	0.00370502	0.0145593	0.993889	0.0140798	0.994149	0.01409	1.1053e-05
10075	1	100	6	500	0.0188595	0.00630496	0.0030983	0.00320666	0.0125545	0.993014	0.019522	0.993547	0.0190922	1.04907e-05
10076	1	100	7	500	0.0287658	0.0114422	0.00706845	0.00437371	0.0173237	0.989114	0.0241725	0.989203	0.0242074	1.03301e-05
10077	1	100	9	500	0.0293743	0.0105783	0.00581315	0.00476515	0.018796	0.986894	0.0287131	0.987035	0.0287687	1.11723e-05
10078	1	100	6	500	0.0346669	0.013679	0.00838626	0.00529275	0.0209879	0.988697	0.0233596	0.988792	0.0233903	1.15447e-05
10079	1	100	8	500	0.0287825	0.0102269	0.0054041	0.00482277	0.0185556	0.988618	0.0254551	0.988996	0.0256104	1.0898e-05
10080	1	100	11	500	0.0384759	0.0153105	0.00943274	0.0058778	0.0231654	0.986211	0.0263942	0.986399	0.0264602	1.16369e-05
10081	1	100	7	500	0.0557106	0.0234115	0.0152285	0.008183	0.032299	0.978423	0.0328696	0.978666	0.0329731	1.07981e-05
10082	1	100	9	500	0.0473254	0.0172369	0.00952573	0.00771112	0.0300885	0.981039	0.0314449	0.981612	0.031353	1.09661e-05
10083	1	100	6	500	0.0547567	0.0231545	0.0150968	0.00805767	0.0316022	0.979365	0.0311255	0.979742	0.031263	1.02983e-05
10084	1	100	7	500	0.0404216	0.0180848	0.012361	0.00572372	0.0223368	0.978654	0.0361193	0.978981	0.0362681	1.03908e-05
10085	1	100	6	500	0.0360613	0.0154314	0.0101525	0.00527896	0.0206299	0.982333	0.0336539	0.982611	0.0337806	1.06216e-05
10086	1	100	7	500	0.0532378	0.0218757	0.0139496	0.00792607	0.0313621	0.972263	0.0469374	0.97245	0.0470275	1.14638e-05
10087	1	100	8	500	0.0460989	0.0177521	0.0105537	0.00719832	0.0283469	0.982411	0.0294869	0.982704	0.0295824	1.26573e-05
10088	1	100	8	500	0.0448816	0.015744	0.00829823	0.00744573	0.0291376	0.985492	0.024958	0.985926	0.0251353	1.13886e-05
10089	1	100	7	500	0.037378	0.012595	0.00622974	0.00636526	0.024783	0.987105	0.0258692	0.987607	0.0260267	1.08272e-05
10090	1	100	6	500	0.0399594	0.0151841	0.00880846	0.00637563	0.0247753	0.98613	0.0266079	0.986701	0.0268419	1.03469e-05
10091	1	100	7	500	0.0338235	0.0141402	0.00902726	0.00511291	0.0196833	0.981802	0.0345292	0.982339	0.0345592	1.08203e-05
10092	1	100	5	500	0.0366891	0.0160944	0.0107665	0.00532794	0.0205946	0.980548	0.035183	0.981055	0.0354091	1.17962e-05
10093	1	100	6	500	0.0360445	0.0130727	0.00717475	0.00589794	0.0229718	0.987466	0.0249337	0.987837	0.0249801	1.15038e-05
10094	1	100	6	500	0.035645	0.0121583	0.00616027	0.00599798	0.0234868	0.985638	0.0291118	0.985929	0.0292224	1.12968e-05
10095	1	100	5	500	0.0347936	0.0120188	0.00622028	0.00579853	0.0227748	0.984773	0.0321728	0.985008	0.0322677	9.31711e-06
10096	1	100	11	500	0.0419242	0.0146303	0.0077388	0.0068915	0.0272939	0.984514	0.0277986	0.984801	0.0278679	7.94297e-06
10097	1	100	8	500	0.0426996	0.014838	0.00782117	0.00701686	0.0278616	0.985459	0.0263302	0.985563	0.026356	8.09996e-06
10098	1	100	5	500	0.0349954	0.0113192	0.005383	0.00593619	0.0236762	0.991386	0.015241	0.991421	0.0152564	6.84431e-06
10099	1	100	5	500	0.0245989	0.00783797	0.00361301	0.00422496	0.0167609	0.989634	0.020252	0.990167	0.0205161	7.16003e-06
10100	1	100	7	500	0.034557	0.0122766	0.00293223	0.00934436	0.0222804	0.986643	0.0254187	0.994551	0.0266434	6.79766e-06
10101	1	100	8	500	0.032371	0.01568	0.00457377	0.0111062	0.016691	0.982118	0.0301653	0.996615	0.034477	7.77311e-06
